iter,obj,aug_obj,return,X,Z,max_iter,neighbours,alpha,exp_return,n_port,k,move_strategy,seed,selection_strategy
0,0.12632857764362862,0.12632857764362862,0.005206585099,[0.       0.       0.       0.       0.       0.       0.       0.122652 0.046597 0.       0.       0.       0.       0.       0.       0.       0.       0.       0.683669 0.       0.       0.       0.133475 0.       0.       0.       0.       0.       0.       0.013606 0.      ],[0. 0. 0. 0. 0. 0. 0. 1. 1. 0. 0. 0. 0. 0. 0. 0. 0. 0. 1. 0. 0. 0. 1. 0. 0. 0. 0. 0. 0. 1. 0.],500,100,0.3,0.004,1,5,idID,59,random
1,0.10089408213248144,0.10089408213248144,0.0052275916989999996,[0.       0.       0.       0.       0.       0.       0.       0.093177 0.035399 0.       0.       0.       0.       0.       0.       0.       0.       0.       0.759688 0.       0.       0.       0.101399 0.       0.       0.       0.       0.       0.       0.010336 0.      ],[0. 0. 0. 0. 0. 0. 0. 1. 1. 0. 0. 0. 0. 0. 0. 0. 0. 0. 1. 0. 0. 0. 1. 0. 0. 0. 0. 0. 0. 1. 0.],500,100,0.3,0.004,1,5,idID,59,random
2,0.08892201801814183,0.08892201801814183,0.0052469994676,[0.        0.        0.        0.        0.        0.        0.        0.093177  0.035399  0.        0.        0.        0.        0.        0.        0.        0.        0.        0.7901077 0.        0.        0.        0.0709793 0.        0.        0.        0.        0.        0.        0.010336  0.       ],[0. 0. 0. 0. 0. 0. 0. 1. 1. 0. 0. 0. 0. 0. 0. 0. 0. 0. 1. 0. 0. 0. 1. 0. 0. 0. 0. 0. 0. 1. 0.],500,100,0.3,0.004,1,5,idID,59,random
3,0.04574599771258247,0.04574599771258247,0.004816336869600001,[0.        0.        0.        0.        0.        0.        0.        0.010336  0.035399  0.        0.        0.        0.        0.        0.        0.        0.        0.        0.7901077 0.        0.        0.        0.0709793 0.        0.        0.        0.        0.        0.        0.        0.       ],[0. 0. 0. 0. 0. 0. 0. 1. 1. 0. 0. 0. 0. 0. 0. 0. 0. 0. 1. 0. 0. 0. 1. 0. 0. 0. 0. 0. 0. 0. 0.],500,100,0.3,0.004,1,5,idID,59,random
4,0.03736584130090324,0.03736584130090324,0.00482992230762,[0.         0.         0.         0.         0.         0.         0.         0.010336   0.035399   0.         0.         0.         0.         0.         0.         0.         0.         0.         0.81140149 0.         0.         0.         0.04968551 0.         0.         0.         0.         0.         0.         0.         0.        ],[0. 0. 0. 0. 0. 0. 0. 1. 1. 0. 0. 0. 0. 0. 0. 0. 0. 0. 1. 0. 0. 0. 1. 0. 0. 0. 0. 0. 0. 0. 0.],500,100,0.3,0.004,1,5,idID,59,random
5,0.031218987007570247,0.031218987007570247,0.004839432114234001,[0.         0.         0.         0.         0.         0.         0.         0.010336   0.035399   0.         0.         0.         0.         0.         0.         0.         0.         0.         0.82630714 0.         0.         0.         0.03477986 0.         0.         0.         0.         0.         0.         0.         0.        ],[0. 0. 0. 0. 0. 0. 0. 1. 1. 0. 0. 0. 0. 0. 0. 0. 0. 0. 1. 0. 0. 0. 1. 0. 0. 0. 0. 0. 0. 0. 0.],500,100,0.3,0.004,1,5,idID,59,random
6,0.015620362181425446,0.015620362181425446,0.004674458316042001,[0.         0.         0.         0.         0.         0.         0.         0.         0.035399   0.         0.         0.         0.         0.         0.         0.         0.         0.         0.82630714 0.         0.         0.         0.010336   0.         0.         0.         0.         0.         0.         0.         0.        ],[0. 0. 0. 0. 0. 0. 0. 0. 1. 0. 0. 0. 0. 0. 0. 0. 0. 0. 1. 0. 0. 0. 1. 0. 0. 0. 0. 0. 0. 0. 0.],500,100,0.3,0.004,1,5,idID,59,random
7,0.00320807026756926,0.00320807026756926,0.004448010655042,[0.         0.         0.         0.         0.         0.         0.         0.         0.010336   0.         0.         0.         0.         0.         0.         0.         0.         0.         0.82630714 0.         0.         0.         0.         0.         0.         0.         0.         0.         0.         0.         0.        ],[0. 0. 0. 0. 0. 0. 0. 0. 1. 0. 0. 0. 0. 0. 0. 0. 0. 0. 1. 0. 0. 0. 0. 0. 0. 0. 0. 0. 0. 0. 0.],500,100,0.3,0.004,1,5,idID,59,random
8,0.0017397401111579204,0.0017397401111579204,0.004397850015042001,[0.         0.         0.         0.         0.         0.         0.         0.         0.         0.         0.         0.         0.         0.         0.         0.         0.         0.         0.82630714 0.         0.         0.         0.         0.         0.         0.         0.         0.01       0.         0.         0.        ],[0. 0. 0. 0. 0. 0. 0. 0. 0. 0. 0. 0. 0. 0. 0. 0. 0. 0. 1. 0. 0. 0. 0. 0. 0. 0. 0. 1. 0. 0. 0.],500,100,0.3,0.004,1,5,idID,59,random
9,0.0017397401111579204,0.0017397401111579204,0.004397850015042001,[0.         0.         0.         0.         0.         0.         0.         0.         0.         0.         0.         0.         0.         0.         0.         0.         0.         0.         0.82630714 0.         0.         0.         0.         0.         0.         0.         0.         0.01       0.         0.         0.        ],[0. 0. 0. 0. 0. 0. 0. 0. 0. 0. 0. 0. 0. 0. 0. 0. 0. 0. 1. 0. 0. 0. 0. 0. 0. 0. 0. 1. 0. 0. 0.],500,100,0.3,0.004,1,5,idID,59,random
10,0.0017397401111579204,0.0017397401111579204,0.004397850015042001,[0.         0.         0.         0.         0.         0.         0.         0.         0.         0.         0.         0.         0.         0.         0.         0.         0.         0.         0.82630714 0.         0.         0.         0.         0.         0.         0.         0.         0.01       0.         0.         0.        ],[0. 0. 0. 0. 0. 0. 0. 0. 0. 0. 0. 0. 0. 0. 0. 0. 0. 0. 1. 0. 0. 0. 0. 0. 0. 0. 0. 1. 0. 0. 0.],500,100,0.3,0.004,1,5,idID,59,random
11,0.0017397401111579204,0.0017397401111579204,0.004397850015042001,[0.         0.         0.         0.         0.         0.         0.         0.         0.         0.         0.         0.         0.         0.         0.         0.         0.         0.         0.82630714 0.         0.         0.         0.         0.         0.         0.         0.         0.01       0.         0.         0.        ],[0. 0. 0. 0. 0. 0. 0. 0. 0. 0. 0. 0. 0. 0. 0. 0. 0. 0. 1. 0. 0. 0. 0. 0. 0. 0. 0. 1. 0. 0. 0.],500,100,0.3,0.004,1,5,idID,59,random
12,0.0017397401111579204,0.0017397401111579204,0.004397850015042001,[0.         0.         0.         0.         0.         0.         0.         0.         0.         0.         0.         0.         0.         0.         0.         0.         0.         0.         0.82630714 0.         0.         0.         0.         0.         0.         0.         0.         0.01       0.         0.         0.        ],[0. 0. 0. 0. 0. 0. 0. 0. 0. 0. 0. 0. 0. 0. 0. 0. 0. 0. 1. 0. 0. 0. 0. 0. 0. 0. 0. 1. 0. 0. 0.],500,100,0.3,0.004,1,5,idID,59,random
13,0.0017397401111579204,0.0017397401111579204,0.004397850015042001,[0.         0.         0.         0.         0.         0.         0.         0.         0.         0.         0.         0.         0.         0.         0.         0.         0.         0.         0.82630714 0.         0.         0.         0.         0.         0.         0.         0.         0.01       0.         0.         0.        ],[0. 0. 0. 0. 0. 0. 0. 0. 0. 0. 0. 0. 0. 0. 0. 0. 0. 0. 1. 0. 0. 0. 0. 0. 0. 0. 0. 1. 0. 0. 0.],500,100,0.3,0.004,1,5,idID,59,random
14,0.0017397401111579204,0.0017397401111579204,0.004397850015042001,[0.         0.         0.         0.         0.         0.         0.         0.         0.         0.         0.         0.         0.         0.         0.         0.         0.         0.         0.82630714 0.         0.         0.         0.         0.         0.         0.         0.         0.01       0.         0.         0.        ],[0. 0. 0. 0. 0. 0. 0. 0. 0. 0. 0. 0. 0. 0. 0. 0. 0. 0. 1. 0. 0. 0. 0. 0. 0. 0. 0. 1. 0. 0. 0.],500,100,0.3,0.004,1,5,idID,59,random
15,0.0017397401111579204,0.0017397401111579204,0.004397850015042001,[0.         0.         0.         0.         0.         0.         0.         0.         0.         0.         0.         0.         0.         0.         0.         0.         0.         0.         0.82630714 0.         0.         0.         0.         0.         0.         0.         0.         0.01       0.         0.         0.        ],[0. 0. 0. 0. 0. 0. 0. 0. 0. 0. 0. 0. 0. 0. 0. 0. 0. 0. 1. 0. 0. 0. 0. 0. 0. 0. 0. 1. 0. 0. 0.],500,100,0.3,0.004,1,5,idID,59,random
16,0.0017397401111579204,0.0017397401111579204,0.004397850015042001,[0.         0.         0.         0.         0.         0.         0.         0.         0.         0.         0.         0.         0.         0.         0.         0.         0.         0.         0.82630714 0.         0.         0.         0.         0.         0.         0.         0.         0.01       0.         0.         0.        ],[0. 0. 0. 0. 0. 0. 0. 0. 0. 0. 0. 0. 0. 0. 0. 0. 0. 0. 1. 0. 0. 0. 0. 0. 0. 0. 0. 1. 0. 0. 0.],500,100,0.3,0.004,1,5,idID,59,random
17,0.0017397401111579204,0.0017397401111579204,0.004397850015042001,[0.         0.         0.         0.         0.         0.         0.         0.         0.         0.         0.         0.         0.         0.         0.         0.         0.         0.         0.82630714 0.         0.         0.         0.         0.         0.         0.         0.         0.01       0.         0.         0.        ],[0. 0. 0. 0. 0. 0. 0. 0. 0. 0. 0. 0. 0. 0. 0. 0. 0. 0. 1. 0. 0. 0. 0. 0. 0. 0. 0. 1. 0. 0. 0.],500,100,0.3,0.004,1,5,idID,59,random
18,0.0017397401111579204,0.0017397401111579204,0.004397850015042001,[0.         0.         0.         0.         0.         0.         0.         0.         0.         0.         0.         0.         0.         0.         0.         0.         0.         0.         0.82630714 0.         0.         0.         0.         0.         0.         0.         0.         0.01       0.         0.         0.        ],[0. 0. 0. 0. 0. 0. 0. 0. 0. 0. 0. 0. 0. 0. 0. 0. 0. 0. 1. 0. 0. 0. 0. 0. 0. 0. 0. 1. 0. 0. 0.],500,100,0.3,0.004,1,5,idID,59,random
19,0.0017397401111579204,0.0017397401111579204,0.004397850015042001,[0.         0.         0.         0.         0.         0.         0.         0.         0.         0.         0.         0.         0.         0.         0.         0.         0.         0.         0.82630714 0.         0.         0.         0.         0.         0.         0.         0.         0.01       0.         0.         0.        ],[0. 0. 0. 0. 0. 0. 0. 0. 0. 0. 0. 0. 0. 0. 0. 0. 0. 0. 1. 0. 0. 0. 0. 0. 0. 0. 0. 1. 0. 0. 0.],500,100,0.3,0.004,1,5,idID,59,random
20,0.0017397401111579204,0.0017397401111579204,0.004397850015042001,[0.         0.         0.         0.         0.         0.         0.         0.         0.         0.         0.         0.         0.         0.         0.         0.         0.         0.         0.82630714 0.         0.         0.         0.         0.         0.         0.         0.         0.01       0.         0.         0.        ],[0. 0. 0. 0. 0. 0. 0. 0. 0. 0. 0. 0. 0. 0. 0. 0. 0. 0. 1. 0. 0. 0. 0. 0. 0. 0. 0. 1. 0. 0. 0.],500,100,0.3,0.004,1,5,idID,59,random
21,0.0017397401111579204,0.0017397401111579204,0.004397850015042001,[0.         0.         0.         0.         0.         0.         0.         0.         0.         0.         0.         0.         0.         0.         0.         0.         0.         0.         0.82630714 0.         0.         0.         0.         0.         0.         0.         0.         0.01       0.         0.         0.        ],[0. 0. 0. 0. 0. 0. 0. 0. 0. 0. 0. 0. 0. 0. 0. 0. 0. 0. 1. 0. 0. 0. 0. 0. 0. 0. 0. 1. 0. 0. 0.],500,100,0.3,0.004,1,5,idID,59,random
22,0.0017397401111579204,0.0017397401111579204,0.004397850015042001,[0.         0.         0.         0.         0.         0.         0.         0.         0.         0.         0.         0.         0.         0.         0.         0.         0.         0.         0.82630714 0.         0.         0.         0.         0.         0.         0.         0.         0.01       0.         0.         0.        ],[0. 0. 0. 0. 0. 0. 0. 0. 0. 0. 0. 0. 0. 0. 0. 0. 0. 0. 1. 0. 0. 0. 0. 0. 0. 0. 0. 1. 0. 0. 0.],500,100,0.3,0.004,1,5,idID,59,random
23,0.0017397401111579204,0.0017397401111579204,0.004397850015042001,[0.         0.         0.         0.         0.         0.         0.         0.         0.         0.         0.         0.         0.         0.         0.         0.         0.         0.         0.82630714 0.         0.         0.         0.         0.         0.         0.         0.         0.01       0.         0.         0.        ],[0. 0. 0. 0. 0. 0. 0. 0. 0. 0. 0. 0. 0. 0. 0. 0. 0. 0. 1. 0. 0. 0. 0. 0. 0. 0. 0. 1. 0. 0. 0.],500,100,0.3,0.004,1,5,idID,59,random
24,0.0017397401111579204,0.0017397401111579204,0.004397850015042001,[0.         0.         0.         0.         0.         0.         0.         0.         0.         0.         0.         0.         0.         0.         0.         0.         0.         0.         0.82630714 0.         0.         0.         0.         0.         0.         0.         0.         0.01       0.         0.         0.        ],[0. 0. 0. 0. 0. 0. 0. 0. 0. 0. 0. 0. 0. 0. 0. 0. 0. 0. 1. 0. 0. 0. 0. 0. 0. 0. 0. 1. 0. 0. 0.],500,100,0.3,0.004,1,5,idID,59,random
25,0.0017397401111579204,0.0017397401111579204,0.004397850015042001,[0.         0.         0.         0.         0.         0.         0.         0.         0.         0.         0.         0.         0.         0.         0.         0.         0.         0.         0.82630714 0.         0.         0.         0.         0.         0.         0.         0.         0.01       0.         0.         0.        ],[0. 0. 0. 0. 0. 0. 0. 0. 0. 0. 0. 0. 0. 0. 0. 0. 0. 0. 1. 0. 0. 0. 0. 0. 0. 0. 0. 1. 0. 0. 0.],500,100,0.3,0.004,1,5,idID,59,random
26,0.0017397401111579204,0.0017397401111579204,0.004397850015042001,[0.         0.         0.         0.         0.         0.         0.         0.         0.         0.         0.         0.         0.         0.         0.         0.         0.         0.         0.82630714 0.         0.         0.         0.         0.         0.         0.         0.         0.01       0.         0.         0.        ],[0. 0. 0. 0. 0. 0. 0. 0. 0. 0. 0. 0. 0. 0. 0. 0. 0. 0. 1. 0. 0. 0. 0. 0. 0. 0. 0. 1. 0. 0. 0.],500,100,0.3,0.004,1,5,idID,59,random
27,0.0017397401111579204,0.0017397401111579204,0.004397850015042001,[0.         0.         0.         0.         0.         0.         0.         0.         0.         0.         0.         0.         0.         0.         0.         0.         0.         0.         0.82630714 0.         0.         0.         0.         0.         0.         0.         0.         0.01       0.         0.         0.        ],[0. 0. 0. 0. 0. 0. 0. 0. 0. 0. 0. 0. 0. 0. 0. 0. 0. 0. 1. 0. 0. 0. 0. 0. 0. 0. 0. 1. 0. 0. 0.],500,100,0.3,0.004,1,5,idID,59,random
28,0.0017397401111579204,0.0017397401111579204,0.004397850015042001,[0.         0.         0.         0.         0.         0.         0.         0.         0.         0.         0.         0.         0.         0.         0.         0.         0.         0.         0.82630714 0.         0.         0.         0.         0.         0.         0.         0.         0.01       0.         0.         0.        ],[0. 0. 0. 0. 0. 0. 0. 0. 0. 0. 0. 0. 0. 0. 0. 0. 0. 0. 1. 0. 0. 0. 0. 0. 0. 0. 0. 1. 0. 0. 0.],500,100,0.3,0.004,1,5,idID,59,random
29,0.0017397401111579204,0.0017397401111579204,0.004397850015042001,[0.         0.         0.         0.         0.         0.         0.         0.         0.         0.         0.         0.         0.         0.         0.         0.         0.         0.         0.82630714 0.         0.         0.         0.         0.         0.         0.         0.         0.01       0.         0.         0.        ],[0. 0. 0. 0. 0. 0. 0. 0. 0. 0. 0. 0. 0. 0. 0. 0. 0. 0. 1. 0. 0. 0. 0. 0. 0. 0. 0. 1. 0. 0. 0.],500,100,0.3,0.004,1,5,idID,59,random
30,0.0017397401111579204,0.0017397401111579204,0.004397850015042001,[0.         0.         0.         0.         0.         0.         0.         0.         0.         0.         0.         0.         0.         0.         0.         0.         0.         0.         0.82630714 0.         0.         0.         0.         0.         0.         0.         0.         0.01       0.         0.         0.        ],[0. 0. 0. 0. 0. 0. 0. 0. 0. 0. 0. 0. 0. 0. 0. 0. 0. 0. 1. 0. 0. 0. 0. 0. 0. 0. 0. 1. 0. 0. 0.],500,100,0.3,0.004,1,5,idID,59,random
31,0.0017397401111579204,0.0017397401111579204,0.004397850015042001,[0.         0.         0.         0.         0.         0.         0.         0.         0.         0.         0.         0.         0.         0.         0.         0.         0.         0.         0.82630714 0.         0.         0.         0.         0.         0.         0.         0.         0.01       0.         0.         0.        ],[0. 0. 0. 0. 0. 0. 0. 0. 0. 0. 0. 0. 0. 0. 0. 0. 0. 0. 1. 0. 0. 0. 0. 0. 0. 0. 0. 1. 0. 0. 0.],500,100,0.3,0.004,1,5,idID,59,random
32,0.0017397401111579204,0.0017397401111579204,0.004397850015042001,[0.         0.         0.         0.         0.         0.         0.         0.         0.         0.         0.         0.         0.         0.         0.         0.         0.         0.         0.82630714 0.         0.         0.         0.         0.         0.         0.         0.         0.01       0.         0.         0.        ],[0. 0. 0. 0. 0. 0. 0. 0. 0. 0. 0. 0. 0. 0. 0. 0. 0. 0. 1. 0. 0. 0. 0. 0. 0. 0. 0. 1. 0. 0. 0.],500,100,0.3,0.004,1,5,idID,59,random
33,0.0017397401111579204,0.0017397401111579204,0.004397850015042001,[0.         0.         0.         0.         0.         0.         0.         0.         0.         0.         0.         0.         0.         0.         0.         0.         0.         0.         0.82630714 0.         0.         0.         0.         0.         0.         0.         0.         0.01       0.         0.         0.        ],[0. 0. 0. 0. 0. 0. 0. 0. 0. 0. 0. 0. 0. 0. 0. 0. 0. 0. 1. 0. 0. 0. 0. 0. 0. 0. 0. 1. 0. 0. 0.],500,100,0.3,0.004,1,5,idID,59,random
34,0.0017397401111579204,0.0017397401111579204,0.004397850015042001,[0.         0.         0.         0.         0.         0.         0.         0.         0.         0.         0.         0.         0.         0.         0.         0.         0.         0.         0.82630714 0.         0.         0.         0.         0.         0.         0.         0.         0.01       0.         0.         0.        ],[0. 0. 0. 0. 0. 0. 0. 0. 0. 0. 0. 0. 0. 0. 0. 0. 0. 0. 1. 0. 0. 0. 0. 0. 0. 0. 0. 1. 0. 0. 0.],500,100,0.3,0.004,1,5,idID,59,random
35,0.0017397401111579204,0.0017397401111579204,0.004397850015042001,[0.         0.         0.         0.         0.         0.         0.         0.         0.         0.         0.         0.         0.         0.         0.         0.         0.         0.         0.82630714 0.         0.         0.         0.         0.         0.         0.         0.         0.01       0.         0.         0.        ],[0. 0. 0. 0. 0. 0. 0. 0. 0. 0. 0. 0. 0. 0. 0. 0. 0. 0. 1. 0. 0. 0. 0. 0. 0. 0. 0. 1. 0. 0. 0.],500,100,0.3,0.004,1,5,idID,59,random
36,0.0017397401111579204,0.0017397401111579204,0.004397850015042001,[0.         0.         0.         0.         0.         0.         0.         0.         0.         0.         0.         0.         0.         0.         0.         0.         0.         0.         0.82630714 0.         0.         0.         0.         0.         0.         0.         0.         0.01       0.         0.         0.        ],[0. 0. 0. 0. 0. 0. 0. 0. 0. 0. 0. 0. 0. 0. 0. 0. 0. 0. 1. 0. 0. 0. 0. 0. 0. 0. 0. 1. 0. 0. 0.],500,100,0.3,0.004,1,5,idID,59,random
37,0.0017397401111579204,0.0017397401111579204,0.004397850015042001,[0.         0.         0.         0.         0.         0.         0.         0.         0.         0.         0.         0.         0.         0.         0.         0.         0.         0.         0.82630714 0.         0.         0.         0.         0.         0.         0.         0.         0.01       0.         0.         0.        ],[0. 0. 0. 0. 0. 0. 0. 0. 0. 0. 0. 0. 0. 0. 0. 0. 0. 0. 1. 0. 0. 0. 0. 0. 0. 0. 0. 1. 0. 0. 0.],500,100,0.3,0.004,1,5,idID,59,random
38,0.0017397401111579204,0.0017397401111579204,0.004397850015042001,[0.         0.         0.         0.         0.         0.         0.         0.         0.         0.         0.         0.         0.         0.         0.         0.         0.         0.         0.82630714 0.         0.         0.         0.         0.         0.         0.         0.         0.01       0.         0.         0.        ],[0. 0. 0. 0. 0. 0. 0. 0. 0. 0. 0. 0. 0. 0. 0. 0. 0. 0. 1. 0. 0. 0. 0. 0. 0. 0. 0. 1. 0. 0. 0.],500,100,0.3,0.004,1,5,idID,59,random
39,0.0017397401111579204,0.0017397401111579204,0.004397850015042001,[0.         0.         0.         0.         0.         0.         0.         0.         0.         0.         0.         0.         0.         0.         0.         0.         0.         0.         0.82630714 0.         0.         0.         0.         0.         0.         0.         0.         0.01       0.         0.         0.        ],[0. 0. 0. 0. 0. 0. 0. 0. 0. 0. 0. 0. 0. 0. 0. 0. 0. 0. 1. 0. 0. 0. 0. 0. 0. 0. 0. 1. 0. 0. 0.],500,100,0.3,0.004,1,5,idID,59,random
40,0.0017397401111579204,0.0017397401111579204,0.004397850015042001,[0.         0.         0.         0.         0.         0.         0.         0.         0.         0.         0.         0.         0.         0.         0.         0.         0.         0.         0.82630714 0.         0.         0.         0.         0.         0.         0.         0.         0.01       0.         0.         0.        ],[0. 0. 0. 0. 0. 0. 0. 0. 0. 0. 0. 0. 0. 0. 0. 0. 0. 0. 1. 0. 0. 0. 0. 0. 0. 0. 0. 1. 0. 0. 0.],500,100,0.3,0.004,1,5,idID,59,random
41,0.0017397401111579204,0.0017397401111579204,0.004397850015042001,[0.         0.         0.         0.         0.         0.         0.         0.         0.         0.         0.         0.         0.         0.         0.         0.         0.         0.         0.82630714 0.         0.         0.         0.         0.         0.         0.         0.         0.01       0.         0.         0.        ],[0. 0. 0. 0. 0. 0. 0. 0. 0. 0. 0. 0. 0. 0. 0. 0. 0. 0. 1. 0. 0. 0. 0. 0. 0. 0. 0. 1. 0. 0. 0.],500,100,0.3,0.004,1,5,idID,59,random
42,0.0017397401111579204,0.0017397401111579204,0.004397850015042001,[0.         0.         0.         0.         0.         0.         0.         0.         0.         0.         0.         0.         0.         0.         0.         0.         0.         0.         0.82630714 0.         0.         0.         0.         0.         0.         0.         0.         0.01       0.         0.         0.        ],[0. 0. 0. 0. 0. 0. 0. 0. 0. 0. 0. 0. 0. 0. 0. 0. 0. 0. 1. 0. 0. 0. 0. 0. 0. 0. 0. 1. 0. 0. 0.],500,100,0.3,0.004,1,5,idID,59,random
43,0.0017397401111579204,0.0017397401111579204,0.004397850015042001,[0.         0.         0.         0.         0.         0.         0.         0.         0.         0.         0.         0.         0.         0.         0.         0.         0.         0.         0.82630714 0.         0.         0.         0.         0.         0.         0.         0.         0.01       0.         0.         0.        ],[0. 0. 0. 0. 0. 0. 0. 0. 0. 0. 0. 0. 0. 0. 0. 0. 0. 0. 1. 0. 0. 0. 0. 0. 0. 0. 0. 1. 0. 0. 0.],500,100,0.3,0.004,1,5,idID,59,random
44,0.0017397401111579204,0.0017397401111579204,0.004397850015042001,[0.         0.         0.         0.         0.         0.         0.         0.         0.         0.         0.         0.         0.         0.         0.         0.         0.         0.         0.82630714 0.         0.         0.         0.         0.         0.         0.         0.         0.01       0.         0.         0.        ],[0. 0. 0. 0. 0. 0. 0. 0. 0. 0. 0. 0. 0. 0. 0. 0. 0. 0. 1. 0. 0. 0. 0. 0. 0. 0. 0. 1. 0. 0. 0.],500,100,0.3,0.004,1,5,idID,59,random
45,0.0017397401111579204,0.0017397401111579204,0.004397850015042001,[0.         0.         0.         0.         0.         0.         0.         0.         0.         0.         0.         0.         0.         0.         0.         0.         0.         0.         0.82630714 0.         0.         0.         0.         0.         0.         0.         0.         0.01       0.         0.         0.        ],[0. 0. 0. 0. 0. 0. 0. 0. 0. 0. 0. 0. 0. 0. 0. 0. 0. 0. 1. 0. 0. 0. 0. 0. 0. 0. 0. 1. 0. 0. 0.],500,100,0.3,0.004,1,5,idID,59,random
46,0.0017397401111579204,0.0017397401111579204,0.004397850015042001,[0.         0.         0.         0.         0.         0.         0.         0.         0.         0.         0.         0.         0.         0.         0.         0.         0.         0.         0.82630714 0.         0.         0.         0.         0.         0.         0.         0.         0.01       0.         0.         0.        ],[0. 0. 0. 0. 0. 0. 0. 0. 0. 0. 0. 0. 0. 0. 0. 0. 0. 0. 1. 0. 0. 0. 0. 0. 0. 0. 0. 1. 0. 0. 0.],500,100,0.3,0.004,1,5,idID,59,random
47,0.0017397401111579204,0.0017397401111579204,0.004397850015042001,[0.         0.         0.         0.         0.         0.         0.         0.         0.         0.         0.         0.         0.         0.         0.         0.         0.         0.         0.82630714 0.         0.         0.         0.         0.         0.         0.         0.         0.01       0.         0.         0.        ],[0. 0. 0. 0. 0. 0. 0. 0. 0. 0. 0. 0. 0. 0. 0. 0. 0. 0. 1. 0. 0. 0. 0. 0. 0. 0. 0. 1. 0. 0. 0.],500,100,0.3,0.004,1,5,idID,59,random
48,0.0017397401111579204,0.0017397401111579204,0.004397850015042001,[0.         0.         0.         0.         0.         0.         0.         0.         0.         0.         0.         0.         0.         0.         0.         0.         0.         0.         0.82630714 0.         0.         0.         0.         0.         0.         0.         0.         0.01       0.         0.         0.        ],[0. 0. 0. 0. 0. 0. 0. 0. 0. 0. 0. 0. 0. 0. 0. 0. 0. 0. 1. 0. 0. 0. 0. 0. 0. 0. 0. 1. 0. 0. 0.],500,100,0.3,0.004,1,5,idID,59,random
49,0.0017397401111579204,0.0017397401111579204,0.004397850015042001,[0.         0.         0.         0.         0.         0.         0.         0.         0.         0.         0.         0.         0.         0.         0.         0.         0.         0.         0.82630714 0.         0.         0.         0.         0.         0.         0.         0.         0.01       0.         0.         0.        ],[0. 0. 0. 0. 0. 0. 0. 0. 0. 0. 0. 0. 0. 0. 0. 0. 0. 0. 1. 0. 0. 0. 0. 0. 0. 0. 0. 1. 0. 0. 0.],500,100,0.3,0.004,1,5,idID,59,random
50,0.0017397401111579204,0.0017397401111579204,0.004397850015042001,[0.         0.         0.         0.         0.         0.         0.         0.         0.         0.         0.         0.         0.         0.         0.         0.         0.         0.         0.82630714 0.         0.         0.         0.         0.         0.         0.         0.         0.01       0.         0.         0.        ],[0. 0. 0. 0. 0. 0. 0. 0. 0. 0. 0. 0. 0. 0. 0. 0. 0. 0. 1. 0. 0. 0. 0. 0. 0. 0. 0. 1. 0. 0. 0.],500,100,0.3,0.004,1,5,idID,59,random
51,0.0017397401111579204,0.0017397401111579204,0.004397850015042001,[0.         0.         0.         0.         0.         0.         0.         0.         0.         0.         0.         0.         0.         0.         0.         0.         0.         0.         0.82630714 0.         0.         0.         0.         0.         0.         0.         0.         0.01       0.         0.         0.        ],[0. 0. 0. 0. 0. 0. 0. 0. 0. 0. 0. 0. 0. 0. 0. 0. 0. 0. 1. 0. 0. 0. 0. 0. 0. 0. 0. 1. 0. 0. 0.],500,100,0.3,0.004,1,5,idID,59,random
52,0.0017397401111579204,0.0017397401111579204,0.004397850015042001,[0.         0.         0.         0.         0.         0.         0.         0.         0.         0.         0.         0.         0.         0.         0.         0.         0.         0.         0.82630714 0.         0.         0.         0.         0.         0.         0.         0.         0.01       0.         0.         0.        ],[0. 0. 0. 0. 0. 0. 0. 0. 0. 0. 0. 0. 0. 0. 0. 0. 0. 0. 1. 0. 0. 0. 0. 0. 0. 0. 0. 1. 0. 0. 0.],500,100,0.3,0.004,1,5,idID,59,random
53,0.0017397401111579204,0.0017397401111579204,0.004397850015042001,[0.         0.         0.         0.         0.         0.         0.         0.         0.         0.         0.         0.         0.         0.         0.         0.         0.         0.         0.82630714 0.         0.         0.         0.         0.         0.         0.         0.         0.01       0.         0.         0.        ],[0. 0. 0. 0. 0. 0. 0. 0. 0. 0. 0. 0. 0. 0. 0. 0. 0. 0. 1. 0. 0. 0. 0. 0. 0. 0. 0. 1. 0. 0. 0.],500,100,0.3,0.004,1,5,idID,59,random
54,0.0017397401111579204,0.0017397401111579204,0.004397850015042001,[0.         0.         0.         0.         0.         0.         0.         0.         0.         0.         0.         0.         0.         0.         0.         0.         0.         0.         0.82630714 0.         0.         0.         0.         0.         0.         0.         0.         0.01       0.         0.         0.        ],[0. 0. 0. 0. 0. 0. 0. 0. 0. 0. 0. 0. 0. 0. 0. 0. 0. 0. 1. 0. 0. 0. 0. 0. 0. 0. 0. 1. 0. 0. 0.],500,100,0.3,0.004,1,5,idID,59,random
55,0.0017397401111579204,0.0017397401111579204,0.004397850015042001,[0.         0.         0.         0.         0.         0.         0.         0.         0.         0.         0.         0.         0.         0.         0.         0.         0.         0.         0.82630714 0.         0.         0.         0.         0.         0.         0.         0.         0.01       0.         0.         0.        ],[0. 0. 0. 0. 0. 0. 0. 0. 0. 0. 0. 0. 0. 0. 0. 0. 0. 0. 1. 0. 0. 0. 0. 0. 0. 0. 0. 1. 0. 0. 0.],500,100,0.3,0.004,1,5,idID,59,random
56,0.0017397401111579204,0.0017397401111579204,0.004397850015042001,[0.         0.         0.         0.         0.         0.         0.         0.         0.         0.         0.         0.         0.         0.         0.         0.         0.         0.         0.82630714 0.         0.         0.         0.         0.         0.         0.         0.         0.01       0.         0.         0.        ],[0. 0. 0. 0. 0. 0. 0. 0. 0. 0. 0. 0. 0. 0. 0. 0. 0. 0. 1. 0. 0. 0. 0. 0. 0. 0. 0. 1. 0. 0. 0.],500,100,0.3,0.004,1,5,idID,59,random
57,0.0017397401111579204,0.0017397401111579204,0.004397850015042001,[0.         0.         0.         0.         0.         0.         0.         0.         0.         0.         0.         0.         0.         0.         0.         0.         0.         0.         0.82630714 0.         0.         0.         0.         0.         0.         0.         0.         0.01       0.         0.         0.        ],[0. 0. 0. 0. 0. 0. 0. 0. 0. 0. 0. 0. 0. 0. 0. 0. 0. 0. 1. 0. 0. 0. 0. 0. 0. 0. 0. 1. 0. 0. 0.],500,100,0.3,0.004,1,5,idID,59,random
58,0.0017397401111579204,0.0017397401111579204,0.004397850015042001,[0.         0.         0.         0.         0.         0.         0.         0.         0.         0.         0.         0.         0.         0.         0.         0.         0.         0.         0.82630714 0.         0.         0.         0.         0.         0.         0.         0.         0.01       0.         0.         0.        ],[0. 0. 0. 0. 0. 0. 0. 0. 0. 0. 0. 0. 0. 0. 0. 0. 0. 0. 1. 0. 0. 0. 0. 0. 0. 0. 0. 1. 0. 0. 0.],500,100,0.3,0.004,1,5,idID,59,random
59,0.0017397401111579204,0.0017397401111579204,0.004397850015042001,[0.         0.         0.         0.         0.         0.         0.         0.         0.         0.         0.         0.         0.         0.         0.         0.         0.         0.         0.82630714 0.         0.         0.         0.         0.         0.         0.         0.         0.01       0.         0.         0.        ],[0. 0. 0. 0. 0. 0. 0. 0. 0. 0. 0. 0. 0. 0. 0. 0. 0. 0. 1. 0. 0. 0. 0. 0. 0. 0. 0. 1. 0. 0. 0.],500,100,0.3,0.004,1,5,idID,59,random
60,0.0017397401111579204,0.0017397401111579204,0.004397850015042001,[0.         0.         0.         0.         0.         0.         0.         0.         0.         0.         0.         0.         0.         0.         0.         0.         0.         0.         0.82630714 0.         0.         0.         0.         0.         0.         0.         0.         0.01       0.         0.         0.        ],[0. 0. 0. 0. 0. 0. 0. 0. 0. 0. 0. 0. 0. 0. 0. 0. 0. 0. 1. 0. 0. 0. 0. 0. 0. 0. 0. 1. 0. 0. 0.],500,100,0.3,0.004,1,5,idID,59,random
61,0.0017397401111579204,0.0017397401111579204,0.004397850015042001,[0.         0.         0.         0.         0.         0.         0.         0.         0.         0.         0.         0.         0.         0.         0.         0.         0.         0.         0.82630714 0.         0.         0.         0.         0.         0.         0.         0.         0.01       0.         0.         0.        ],[0. 0. 0. 0. 0. 0. 0. 0. 0. 0. 0. 0. 0. 0. 0. 0. 0. 0. 1. 0. 0. 0. 0. 0. 0. 0. 0. 1. 0. 0. 0.],500,100,0.3,0.004,1,5,idID,59,random
62,0.0017397401111579204,0.0017397401111579204,0.004397850015042001,[0.         0.         0.         0.         0.         0.         0.         0.         0.         0.         0.         0.         0.         0.         0.         0.         0.         0.         0.82630714 0.         0.         0.         0.         0.         0.         0.         0.         0.01       0.         0.         0.        ],[0. 0. 0. 0. 0. 0. 0. 0. 0. 0. 0. 0. 0. 0. 0. 0. 0. 0. 1. 0. 0. 0. 0. 0. 0. 0. 0. 1. 0. 0. 0.],500,100,0.3,0.004,1,5,idID,59,random
63,0.0017397401111579204,0.0017397401111579204,0.004397850015042001,[0.         0.         0.         0.         0.         0.         0.         0.         0.         0.         0.         0.         0.         0.         0.         0.         0.         0.         0.82630714 0.         0.         0.         0.         0.         0.         0.         0.         0.01       0.         0.         0.        ],[0. 0. 0. 0. 0. 0. 0. 0. 0. 0. 0. 0. 0. 0. 0. 0. 0. 0. 1. 0. 0. 0. 0. 0. 0. 0. 0. 1. 0. 0. 0.],500,100,0.3,0.004,1,5,idID,59,random
64,0.0017397401111579204,0.0017397401111579204,0.004397850015042001,[0.         0.         0.         0.         0.         0.         0.         0.         0.         0.         0.         0.         0.         0.         0.         0.         0.         0.         0.82630714 0.         0.         0.         0.         0.         0.         0.         0.         0.01       0.         0.         0.        ],[0. 0. 0. 0. 0. 0. 0. 0. 0. 0. 0. 0. 0. 0. 0. 0. 0. 0. 1. 0. 0. 0. 0. 0. 0. 0. 0. 1. 0. 0. 0.],500,100,0.3,0.004,1,5,idID,59,random
65,0.0017397401111579204,0.0017397401111579204,0.004397850015042001,[0.         0.         0.         0.         0.         0.         0.         0.         0.         0.         0.         0.         0.         0.         0.         0.         0.         0.         0.82630714 0.         0.         0.         0.         0.         0.         0.         0.         0.01       0.         0.         0.        ],[0. 0. 0. 0. 0. 0. 0. 0. 0. 0. 0. 0. 0. 0. 0. 0. 0. 0. 1. 0. 0. 0. 0. 0. 0. 0. 0. 1. 0. 0. 0.],500,100,0.3,0.004,1,5,idID,59,random
66,0.0017397401111579204,0.0017397401111579204,0.004397850015042001,[0.         0.         0.         0.         0.         0.         0.         0.         0.         0.         0.         0.         0.         0.         0.         0.         0.         0.         0.82630714 0.         0.         0.         0.         0.         0.         0.         0.         0.01       0.         0.         0.        ],[0. 0. 0. 0. 0. 0. 0. 0. 0. 0. 0. 0. 0. 0. 0. 0. 0. 0. 1. 0. 0. 0. 0. 0. 0. 0. 0. 1. 0. 0. 0.],500,100,0.3,0.004,1,5,idID,59,random
67,0.0017397401111579204,0.0017397401111579204,0.004397850015042001,[0.         0.         0.         0.         0.         0.         0.         0.         0.         0.         0.         0.         0.         0.         0.         0.         0.         0.         0.82630714 0.         0.         0.         0.         0.         0.         0.         0.         0.01       0.         0.         0.        ],[0. 0. 0. 0. 0. 0. 0. 0. 0. 0. 0. 0. 0. 0. 0. 0. 0. 0. 1. 0. 0. 0. 0. 0. 0. 0. 0. 1. 0. 0. 0.],500,100,0.3,0.004,1,5,idID,59,random
68,0.0017397401111579204,0.0017397401111579204,0.004397850015042001,[0.         0.         0.         0.         0.         0.         0.         0.         0.         0.         0.         0.         0.         0.         0.         0.         0.         0.         0.82630714 0.         0.         0.         0.         0.         0.         0.         0.         0.01       0.         0.         0.        ],[0. 0. 0. 0. 0. 0. 0. 0. 0. 0. 0. 0. 0. 0. 0. 0. 0. 0. 1. 0. 0. 0. 0. 0. 0. 0. 0. 1. 0. 0. 0.],500,100,0.3,0.004,1,5,idID,59,random
69,0.0017397401111579204,0.0017397401111579204,0.004397850015042001,[0.         0.         0.         0.         0.         0.         0.         0.         0.         0.         0.         0.         0.         0.         0.         0.         0.         0.         0.82630714 0.         0.         0.         0.         0.         0.         0.         0.         0.01       0.         0.         0.        ],[0. 0. 0. 0. 0. 0. 0. 0. 0. 0. 0. 0. 0. 0. 0. 0. 0. 0. 1. 0. 0. 0. 0. 0. 0. 0. 0. 1. 0. 0. 0.],500,100,0.3,0.004,1,5,idID,59,random
70,0.0017397401111579204,0.0017397401111579204,0.004397850015042001,[0.         0.         0.         0.         0.         0.         0.         0.         0.         0.         0.         0.         0.         0.         0.         0.         0.         0.         0.82630714 0.         0.         0.         0.         0.         0.         0.         0.         0.01       0.         0.         0.        ],[0. 0. 0. 0. 0. 0. 0. 0. 0. 0. 0. 0. 0. 0. 0. 0. 0. 0. 1. 0. 0. 0. 0. 0. 0. 0. 0. 1. 0. 0. 0.],500,100,0.3,0.004,1,5,idID,59,random
71,0.0017397401111579204,0.0017397401111579204,0.004397850015042001,[0.         0.         0.         0.         0.         0.         0.         0.         0.         0.         0.         0.         0.         0.         0.         0.         0.         0.         0.82630714 0.         0.         0.         0.         0.         0.         0.         0.         0.01       0.         0.         0.        ],[0. 0. 0. 0. 0. 0. 0. 0. 0. 0. 0. 0. 0. 0. 0. 0. 0. 0. 1. 0. 0. 0. 0. 0. 0. 0. 0. 1. 0. 0. 0.],500,100,0.3,0.004,1,5,idID,59,random
72,0.0017397401111579204,0.0017397401111579204,0.004397850015042001,[0.         0.         0.         0.         0.         0.         0.         0.         0.         0.         0.         0.         0.         0.         0.         0.         0.         0.         0.82630714 0.         0.         0.         0.         0.         0.         0.         0.         0.01       0.         0.         0.        ],[0. 0. 0. 0. 0. 0. 0. 0. 0. 0. 0. 0. 0. 0. 0. 0. 0. 0. 1. 0. 0. 0. 0. 0. 0. 0. 0. 1. 0. 0. 0.],500,100,0.3,0.004,1,5,idID,59,random
73,0.0017397401111579204,0.0017397401111579204,0.004397850015042001,[0.         0.         0.         0.         0.         0.         0.         0.         0.         0.         0.         0.         0.         0.         0.         0.         0.         0.         0.82630714 0.         0.         0.         0.         0.         0.         0.         0.         0.01       0.         0.         0.        ],[0. 0. 0. 0. 0. 0. 0. 0. 0. 0. 0. 0. 0. 0. 0. 0. 0. 0. 1. 0. 0. 0. 0. 0. 0. 0. 0. 1. 0. 0. 0.],500,100,0.3,0.004,1,5,idID,59,random
74,0.0017397401111579204,0.0017397401111579204,0.004397850015042001,[0.         0.         0.         0.         0.         0.         0.         0.         0.         0.         0.         0.         0.         0.         0.         0.         0.         0.         0.82630714 0.         0.         0.         0.         0.         0.         0.         0.         0.01       0.         0.         0.        ],[0. 0. 0. 0. 0. 0. 0. 0. 0. 0. 0. 0. 0. 0. 0. 0. 0. 0. 1. 0. 0. 0. 0. 0. 0. 0. 0. 1. 0. 0. 0.],500,100,0.3,0.004,1,5,idID,59,random
75,0.0017397401111579204,0.0017397401111579204,0.004397850015042001,[0.         0.         0.         0.         0.         0.         0.         0.         0.         0.         0.         0.         0.         0.         0.         0.         0.         0.         0.82630714 0.         0.         0.         0.         0.         0.         0.         0.         0.01       0.         0.         0.        ],[0. 0. 0. 0. 0. 0. 0. 0. 0. 0. 0. 0. 0. 0. 0. 0. 0. 0. 1. 0. 0. 0. 0. 0. 0. 0. 0. 1. 0. 0. 0.],500,100,0.3,0.004,1,5,idID,59,random
76,0.0017397401111579204,0.0017397401111579204,0.004397850015042001,[0.         0.         0.         0.         0.         0.         0.         0.         0.         0.         0.         0.         0.         0.         0.         0.         0.         0.         0.82630714 0.         0.         0.         0.         0.         0.         0.         0.         0.01       0.         0.         0.        ],[0. 0. 0. 0. 0. 0. 0. 0. 0. 0. 0. 0. 0. 0. 0. 0. 0. 0. 1. 0. 0. 0. 0. 0. 0. 0. 0. 1. 0. 0. 0.],500,100,0.3,0.004,1,5,idID,59,random
77,0.0017397401111579204,0.0017397401111579204,0.004397850015042001,[0.         0.         0.         0.         0.         0.         0.         0.         0.         0.         0.         0.         0.         0.         0.         0.         0.         0.         0.82630714 0.         0.         0.         0.         0.         0.         0.         0.         0.01       0.         0.         0.        ],[0. 0. 0. 0. 0. 0. 0. 0. 0. 0. 0. 0. 0. 0. 0. 0. 0. 0. 1. 0. 0. 0. 0. 0. 0. 0. 0. 1. 0. 0. 0.],500,100,0.3,0.004,1,5,idID,59,random
78,0.0017397401111579204,0.0017397401111579204,0.004397850015042001,[0.         0.         0.         0.         0.         0.         0.         0.         0.         0.         0.         0.         0.         0.         0.         0.         0.         0.         0.82630714 0.         0.         0.         0.         0.         0.         0.         0.         0.01       0.         0.         0.        ],[0. 0. 0. 0. 0. 0. 0. 0. 0. 0. 0. 0. 0. 0. 0. 0. 0. 0. 1. 0. 0. 0. 0. 0. 0. 0. 0. 1. 0. 0. 0.],500,100,0.3,0.004,1,5,idID,59,random
79,0.0017397401111579204,0.0017397401111579204,0.004397850015042001,[0.         0.         0.         0.         0.         0.         0.         0.         0.         0.         0.         0.         0.         0.         0.         0.         0.         0.         0.82630714 0.         0.         0.         0.         0.         0.         0.         0.         0.01       0.         0.         0.        ],[0. 0. 0. 0. 0. 0. 0. 0. 0. 0. 0. 0. 0. 0. 0. 0. 0. 0. 1. 0. 0. 0. 0. 0. 0. 0. 0. 1. 0. 0. 0.],500,100,0.3,0.004,1,5,idID,59,random
80,0.0017397401111579204,0.0017397401111579204,0.004397850015042001,[0.         0.         0.         0.         0.         0.         0.         0.         0.         0.         0.         0.         0.         0.         0.         0.         0.         0.         0.82630714 0.         0.         0.         0.         0.         0.         0.         0.         0.01       0.         0.         0.        ],[0. 0. 0. 0. 0. 0. 0. 0. 0. 0. 0. 0. 0. 0. 0. 0. 0. 0. 1. 0. 0. 0. 0. 0. 0. 0. 0. 1. 0. 0. 0.],500,100,0.3,0.004,1,5,idID,59,random
81,0.0017397401111579204,0.0017397401111579204,0.004397850015042001,[0.         0.         0.         0.         0.         0.         0.         0.         0.         0.         0.         0.         0.         0.         0.         0.         0.         0.         0.82630714 0.         0.         0.         0.         0.         0.         0.         0.         0.01       0.         0.         0.        ],[0. 0. 0. 0. 0. 0. 0. 0. 0. 0. 0. 0. 0. 0. 0. 0. 0. 0. 1. 0. 0. 0. 0. 0. 0. 0. 0. 1. 0. 0. 0.],500,100,0.3,0.004,1,5,idID,59,random
82,0.0017397401111579204,0.0017397401111579204,0.004397850015042001,[0.         0.         0.         0.         0.         0.         0.         0.         0.         0.         0.         0.         0.         0.         0.         0.         0.         0.         0.82630714 0.         0.         0.         0.         0.         0.         0.         0.         0.01       0.         0.         0.        ],[0. 0. 0. 0. 0. 0. 0. 0. 0. 0. 0. 0. 0. 0. 0. 0. 0. 0. 1. 0. 0. 0. 0. 0. 0. 0. 0. 1. 0. 0. 0.],500,100,0.3,0.004,1,5,idID,59,random
83,0.0017397401111579204,0.0017397401111579204,0.004397850015042001,[0.         0.         0.         0.         0.         0.         0.         0.         0.         0.         0.         0.         0.         0.         0.         0.         0.         0.         0.82630714 0.         0.         0.         0.         0.         0.         0.         0.         0.01       0.         0.         0.        ],[0. 0. 0. 0. 0. 0. 0. 0. 0. 0. 0. 0. 0. 0. 0. 0. 0. 0. 1. 0. 0. 0. 0. 0. 0. 0. 0. 1. 0. 0. 0.],500,100,0.3,0.004,1,5,idID,59,random
84,0.0017397401111579204,0.0017397401111579204,0.004397850015042001,[0.         0.         0.         0.         0.         0.         0.         0.         0.         0.         0.         0.         0.         0.         0.         0.         0.         0.         0.82630714 0.         0.         0.         0.         0.         0.         0.         0.         0.01       0.         0.         0.        ],[0. 0. 0. 0. 0. 0. 0. 0. 0. 0. 0. 0. 0. 0. 0. 0. 0. 0. 1. 0. 0. 0. 0. 0. 0. 0. 0. 1. 0. 0. 0.],500,100,0.3,0.004,1,5,idID,59,random
85,0.0017397401111579204,0.0017397401111579204,0.004397850015042001,[0.         0.         0.         0.         0.         0.         0.         0.         0.         0.         0.         0.         0.         0.         0.         0.         0.         0.         0.82630714 0.         0.         0.         0.         0.         0.         0.         0.         0.01       0.         0.         0.        ],[0. 0. 0. 0. 0. 0. 0. 0. 0. 0. 0. 0. 0. 0. 0. 0. 0. 0. 1. 0. 0. 0. 0. 0. 0. 0. 0. 1. 0. 0. 0.],500,100,0.3,0.004,1,5,idID,59,random
86,0.0017397401111579204,0.0017397401111579204,0.004397850015042001,[0.         0.         0.         0.         0.         0.         0.         0.         0.         0.         0.         0.         0.         0.         0.         0.         0.         0.         0.82630714 0.         0.         0.         0.         0.         0.         0.         0.         0.01       0.         0.         0.        ],[0. 0. 0. 0. 0. 0. 0. 0. 0. 0. 0. 0. 0. 0. 0. 0. 0. 0. 1. 0. 0. 0. 0. 0. 0. 0. 0. 1. 0. 0. 0.],500,100,0.3,0.004,1,5,idID,59,random
87,0.0017397401111579204,0.0017397401111579204,0.004397850015042001,[0.         0.         0.         0.         0.         0.         0.         0.         0.         0.         0.         0.         0.         0.         0.         0.         0.         0.         0.82630714 0.         0.         0.         0.         0.         0.         0.         0.         0.01       0.         0.         0.        ],[0. 0. 0. 0. 0. 0. 0. 0. 0. 0. 0. 0. 0. 0. 0. 0. 0. 0. 1. 0. 0. 0. 0. 0. 0. 0. 0. 1. 0. 0. 0.],500,100,0.3,0.004,1,5,idID,59,random
88,0.0017397401111579204,0.0017397401111579204,0.004397850015042001,[0.         0.         0.         0.         0.         0.         0.         0.         0.         0.         0.         0.         0.         0.         0.         0.         0.         0.         0.82630714 0.         0.         0.         0.         0.         0.         0.         0.         0.01       0.         0.         0.        ],[0. 0. 0. 0. 0. 0. 0. 0. 0. 0. 0. 0. 0. 0. 0. 0. 0. 0. 1. 0. 0. 0. 0. 0. 0. 0. 0. 1. 0. 0. 0.],500,100,0.3,0.004,1,5,idID,59,random
89,0.0017397401111579204,0.0017397401111579204,0.004397850015042001,[0.         0.         0.         0.         0.         0.         0.         0.         0.         0.         0.         0.         0.         0.         0.         0.         0.         0.         0.82630714 0.         0.         0.         0.         0.         0.         0.         0.         0.01       0.         0.         0.        ],[0. 0. 0. 0. 0. 0. 0. 0. 0. 0. 0. 0. 0. 0. 0. 0. 0. 0. 1. 0. 0. 0. 0. 0. 0. 0. 0. 1. 0. 0. 0.],500,100,0.3,0.004,1,5,idID,59,random
90,0.0017397401111579204,0.0017397401111579204,0.004397850015042001,[0.         0.         0.         0.         0.         0.         0.         0.         0.         0.         0.         0.         0.         0.         0.         0.         0.         0.         0.82630714 0.         0.         0.         0.         0.         0.         0.         0.         0.01       0.         0.         0.        ],[0. 0. 0. 0. 0. 0. 0. 0. 0. 0. 0. 0. 0. 0. 0. 0. 0. 0. 1. 0. 0. 0. 0. 0. 0. 0. 0. 1. 0. 0. 0.],500,100,0.3,0.004,1,5,idID,59,random
91,0.0017397401111579204,0.0017397401111579204,0.004397850015042001,[0.         0.         0.         0.         0.         0.         0.         0.         0.         0.         0.         0.         0.         0.         0.         0.         0.         0.         0.82630714 0.         0.         0.         0.         0.         0.         0.         0.         0.01       0.         0.         0.        ],[0. 0. 0. 0. 0. 0. 0. 0. 0. 0. 0. 0. 0. 0. 0. 0. 0. 0. 1. 0. 0. 0. 0. 0. 0. 0. 0. 1. 0. 0. 0.],500,100,0.3,0.004,1,5,idID,59,random
92,0.0017397401111579204,0.0017397401111579204,0.004397850015042001,[0.         0.         0.         0.         0.         0.         0.         0.         0.         0.         0.         0.         0.         0.         0.         0.         0.         0.         0.82630714 0.         0.         0.         0.         0.         0.         0.         0.         0.01       0.         0.         0.        ],[0. 0. 0. 0. 0. 0. 0. 0. 0. 0. 0. 0. 0. 0. 0. 0. 0. 0. 1. 0. 0. 0. 0. 0. 0. 0. 0. 1. 0. 0. 0.],500,100,0.3,0.004,1,5,idID,59,random
93,0.0017397401111579204,0.0017397401111579204,0.004397850015042001,[0.         0.         0.         0.         0.         0.         0.         0.         0.         0.         0.         0.         0.         0.         0.         0.         0.         0.         0.82630714 0.         0.         0.         0.         0.         0.         0.         0.         0.01       0.         0.         0.        ],[0. 0. 0. 0. 0. 0. 0. 0. 0. 0. 0. 0. 0. 0. 0. 0. 0. 0. 1. 0. 0. 0. 0. 0. 0. 0. 0. 1. 0. 0. 0.],500,100,0.3,0.004,1,5,idID,59,random
94,0.0017397401111579204,0.0017397401111579204,0.004397850015042001,[0.         0.         0.         0.         0.         0.         0.         0.         0.         0.         0.         0.         0.         0.         0.         0.         0.         0.         0.82630714 0.         0.         0.         0.         0.         0.         0.         0.         0.01       0.         0.         0.        ],[0. 0. 0. 0. 0. 0. 0. 0. 0. 0. 0. 0. 0. 0. 0. 0. 0. 0. 1. 0. 0. 0. 0. 0. 0. 0. 0. 1. 0. 0. 0.],500,100,0.3,0.004,1,5,idID,59,random
95,0.0017397401111579204,0.0017397401111579204,0.004397850015042001,[0.         0.         0.         0.         0.         0.         0.         0.         0.         0.         0.         0.         0.         0.         0.         0.         0.         0.         0.82630714 0.         0.         0.         0.         0.         0.         0.         0.         0.01       0.         0.         0.        ],[0. 0. 0. 0. 0. 0. 0. 0. 0. 0. 0. 0. 0. 0. 0. 0. 0. 0. 1. 0. 0. 0. 0. 0. 0. 0. 0. 1. 0. 0. 0.],500,100,0.3,0.004,1,5,idID,59,random
96,0.0017397401111579204,0.0017397401111579204,0.004397850015042001,[0.         0.         0.         0.         0.         0.         0.         0.         0.         0.         0.         0.         0.         0.         0.         0.         0.         0.         0.82630714 0.         0.         0.         0.         0.         0.         0.         0.         0.01       0.         0.         0.        ],[0. 0. 0. 0. 0. 0. 0. 0. 0. 0. 0. 0. 0. 0. 0. 0. 0. 0. 1. 0. 0. 0. 0. 0. 0. 0. 0. 1. 0. 0. 0.],500,100,0.3,0.004,1,5,idID,59,random
97,0.0017397401111579204,0.0017397401111579204,0.004397850015042001,[0.         0.         0.         0.         0.         0.         0.         0.         0.         0.         0.         0.         0.         0.         0.         0.         0.         0.         0.82630714 0.         0.         0.         0.         0.         0.         0.         0.         0.01       0.         0.         0.        ],[0. 0. 0. 0. 0. 0. 0. 0. 0. 0. 0. 0. 0. 0. 0. 0. 0. 0. 1. 0. 0. 0. 0. 0. 0. 0. 0. 1. 0. 0. 0.],500,100,0.3,0.004,1,5,idID,59,random
98,0.0017397401111579204,0.0017397401111579204,0.004397850015042001,[0.         0.         0.         0.         0.         0.         0.         0.         0.         0.         0.         0.         0.         0.         0.         0.         0.         0.         0.82630714 0.         0.         0.         0.         0.         0.         0.         0.         0.01       0.         0.         0.        ],[0. 0. 0. 0. 0. 0. 0. 0. 0. 0. 0. 0. 0. 0. 0. 0. 0. 0. 1. 0. 0. 0. 0. 0. 0. 0. 0. 1. 0. 0. 0.],500,100,0.3,0.004,1,5,idID,59,random
99,0.0017397401111579204,0.0017397401111579204,0.004397850015042001,[0.         0.         0.         0.         0.         0.         0.         0.         0.         0.         0.         0.         0.         0.         0.         0.         0.         0.         0.82630714 0.         0.         0.         0.         0.         0.         0.         0.         0.01       0.         0.         0.        ],[0. 0. 0. 0. 0. 0. 0. 0. 0. 0. 0. 0. 0. 0. 0. 0. 0. 0. 1. 0. 0. 0. 0. 0. 0. 0. 0. 1. 0. 0. 0.],500,100,0.3,0.004,1,5,idID,59,random
100,0.0017397401111579204,0.0017397401111579204,0.004397850015042001,[0.         0.         0.         0.         0.         0.         0.         0.         0.         0.         0.         0.         0.         0.         0.         0.         0.         0.         0.82630714 0.         0.         0.         0.         0.         0.         0.         0.         0.01       0.         0.         0.        ],[0. 0. 0. 0. 0. 0. 0. 0. 0. 0. 0. 0. 0. 0. 0. 0. 0. 0. 1. 0. 0. 0. 0. 0. 0. 0. 0. 1. 0. 0. 0.],500,100,0.3,0.004,1,5,idID,59,random
101,0.0017397401111579204,0.0017397401111579204,0.004397850015042001,[0.         0.         0.         0.         0.         0.         0.         0.         0.         0.         0.         0.         0.         0.         0.         0.         0.         0.         0.82630714 0.         0.         0.         0.         0.         0.         0.         0.         0.01       0.         0.         0.        ],[0. 0. 0. 0. 0. 0. 0. 0. 0. 0. 0. 0. 0. 0. 0. 0. 0. 0. 1. 0. 0. 0. 0. 0. 0. 0. 0. 1. 0. 0. 0.],500,100,0.3,0.004,1,5,idID,59,random
102,0.0017397401111579204,0.0017397401111579204,0.004397850015042001,[0.         0.         0.         0.         0.         0.         0.         0.         0.         0.         0.         0.         0.         0.         0.         0.         0.         0.         0.82630714 0.         0.         0.         0.         0.         0.         0.         0.         0.01       0.         0.         0.        ],[0. 0. 0. 0. 0. 0. 0. 0. 0. 0. 0. 0. 0. 0. 0. 0. 0. 0. 1. 0. 0. 0. 0. 0. 0. 0. 0. 1. 0. 0. 0.],500,100,0.3,0.004,1,5,idID,59,random
103,0.0017397401111579204,0.0017397401111579204,0.004397850015042001,[0.         0.         0.         0.         0.         0.         0.         0.         0.         0.         0.         0.         0.         0.         0.         0.         0.         0.         0.82630714 0.         0.         0.         0.         0.         0.         0.         0.         0.01       0.         0.         0.        ],[0. 0. 0. 0. 0. 0. 0. 0. 0. 0. 0. 0. 0. 0. 0. 0. 0. 0. 1. 0. 0. 0. 0. 0. 0. 0. 0. 1. 0. 0. 0.],500,100,0.3,0.004,1,5,idID,59,random
104,0.0017397401111579204,0.0017397401111579204,0.004397850015042001,[0.         0.         0.         0.         0.         0.         0.         0.         0.         0.         0.         0.         0.         0.         0.         0.         0.         0.         0.82630714 0.         0.         0.         0.         0.         0.         0.         0.         0.01       0.         0.         0.        ],[0. 0. 0. 0. 0. 0. 0. 0. 0. 0. 0. 0. 0. 0. 0. 0. 0. 0. 1. 0. 0. 0. 0. 0. 0. 0. 0. 1. 0. 0. 0.],500,100,0.3,0.004,1,5,idID,59,random
105,0.0017397401111579204,0.0017397401111579204,0.004397850015042001,[0.         0.         0.         0.         0.         0.         0.         0.         0.         0.         0.         0.         0.         0.         0.         0.         0.         0.         0.82630714 0.         0.         0.         0.         0.         0.         0.         0.         0.01       0.         0.         0.        ],[0. 0. 0. 0. 0. 0. 0. 0. 0. 0. 0. 0. 0. 0. 0. 0. 0. 0. 1. 0. 0. 0. 0. 0. 0. 0. 0. 1. 0. 0. 0.],500,100,0.3,0.004,1,5,idID,59,random
106,0.0017397401111579204,0.0017397401111579204,0.004397850015042001,[0.         0.         0.         0.         0.         0.         0.         0.         0.         0.         0.         0.         0.         0.         0.         0.         0.         0.         0.82630714 0.         0.         0.         0.         0.         0.         0.         0.         0.01       0.         0.         0.        ],[0. 0. 0. 0. 0. 0. 0. 0. 0. 0. 0. 0. 0. 0. 0. 0. 0. 0. 1. 0. 0. 0. 0. 0. 0. 0. 0. 1. 0. 0. 0.],500,100,0.3,0.004,1,5,idID,59,random
107,0.0017397401111579204,0.0017397401111579204,0.004397850015042001,[0.         0.         0.         0.         0.         0.         0.         0.         0.         0.         0.         0.         0.         0.         0.         0.         0.         0.         0.82630714 0.         0.         0.         0.         0.         0.         0.         0.         0.01       0.         0.         0.        ],[0. 0. 0. 0. 0. 0. 0. 0. 0. 0. 0. 0. 0. 0. 0. 0. 0. 0. 1. 0. 0. 0. 0. 0. 0. 0. 0. 1. 0. 0. 0.],500,100,0.3,0.004,1,5,idID,59,random
108,0.0017397401111579204,0.0017397401111579204,0.004397850015042001,[0.         0.         0.         0.         0.         0.         0.         0.         0.         0.         0.         0.         0.         0.         0.         0.         0.         0.         0.82630714 0.         0.         0.         0.         0.         0.         0.         0.         0.01       0.         0.         0.        ],[0. 0. 0. 0. 0. 0. 0. 0. 0. 0. 0. 0. 0. 0. 0. 0. 0. 0. 1. 0. 0. 0. 0. 0. 0. 0. 0. 1. 0. 0. 0.],500,100,0.3,0.004,1,5,idID,59,random
109,0.0017397401111579204,0.0017397401111579204,0.004397850015042001,[0.         0.         0.         0.         0.         0.         0.         0.         0.         0.         0.         0.         0.         0.         0.         0.         0.         0.         0.82630714 0.         0.         0.         0.         0.         0.         0.         0.         0.01       0.         0.         0.        ],[0. 0. 0. 0. 0. 0. 0. 0. 0. 0. 0. 0. 0. 0. 0. 0. 0. 0. 1. 0. 0. 0. 0. 0. 0. 0. 0. 1. 0. 0. 0.],500,100,0.3,0.004,1,5,idID,59,random
110,0.0017397401111579204,0.0017397401111579204,0.004397850015042001,[0.         0.         0.         0.         0.         0.         0.         0.         0.         0.         0.         0.         0.         0.         0.         0.         0.         0.         0.82630714 0.         0.         0.         0.         0.         0.         0.         0.         0.01       0.         0.         0.        ],[0. 0. 0. 0. 0. 0. 0. 0. 0. 0. 0. 0. 0. 0. 0. 0. 0. 0. 1. 0. 0. 0. 0. 0. 0. 0. 0. 1. 0. 0. 0.],500,100,0.3,0.004,1,5,idID,59,random
111,0.0017397401111579204,0.0017397401111579204,0.004397850015042001,[0.         0.         0.         0.         0.         0.         0.         0.         0.         0.         0.         0.         0.         0.         0.         0.         0.         0.         0.82630714 0.         0.         0.         0.         0.         0.         0.         0.         0.01       0.         0.         0.        ],[0. 0. 0. 0. 0. 0. 0. 0. 0. 0. 0. 0. 0. 0. 0. 0. 0. 0. 1. 0. 0. 0. 0. 0. 0. 0. 0. 1. 0. 0. 0.],500,100,0.3,0.004,1,5,idID,59,random
112,0.0017397401111579204,0.0017397401111579204,0.004397850015042001,[0.         0.         0.         0.         0.         0.         0.         0.         0.         0.         0.         0.         0.         0.         0.         0.         0.         0.         0.82630714 0.         0.         0.         0.         0.         0.         0.         0.         0.01       0.         0.         0.        ],[0. 0. 0. 0. 0. 0. 0. 0. 0. 0. 0. 0. 0. 0. 0. 0. 0. 0. 1. 0. 0. 0. 0. 0. 0. 0. 0. 1. 0. 0. 0.],500,100,0.3,0.004,1,5,idID,59,random
113,0.0017397401111579204,0.0017397401111579204,0.004397850015042001,[0.         0.         0.         0.         0.         0.         0.         0.         0.         0.         0.         0.         0.         0.         0.         0.         0.         0.         0.82630714 0.         0.         0.         0.         0.         0.         0.         0.         0.01       0.         0.         0.        ],[0. 0. 0. 0. 0. 0. 0. 0. 0. 0. 0. 0. 0. 0. 0. 0. 0. 0. 1. 0. 0. 0. 0. 0. 0. 0. 0. 1. 0. 0. 0.],500,100,0.3,0.004,1,5,idID,59,random
114,0.0017397401111579204,0.0017397401111579204,0.004397850015042001,[0.         0.         0.         0.         0.         0.         0.         0.         0.         0.         0.         0.         0.         0.         0.         0.         0.         0.         0.82630714 0.         0.         0.         0.         0.         0.         0.         0.         0.01       0.         0.         0.        ],[0. 0. 0. 0. 0. 0. 0. 0. 0. 0. 0. 0. 0. 0. 0. 0. 0. 0. 1. 0. 0. 0. 0. 0. 0. 0. 0. 1. 0. 0. 0.],500,100,0.3,0.004,1,5,idID,59,random
115,0.0017397401111579204,0.0017397401111579204,0.004397850015042001,[0.         0.         0.         0.         0.         0.         0.         0.         0.         0.         0.         0.         0.         0.         0.         0.         0.         0.         0.82630714 0.         0.         0.         0.         0.         0.         0.         0.         0.01       0.         0.         0.        ],[0. 0. 0. 0. 0. 0. 0. 0. 0. 0. 0. 0. 0. 0. 0. 0. 0. 0. 1. 0. 0. 0. 0. 0. 0. 0. 0. 1. 0. 0. 0.],500,100,0.3,0.004,1,5,idID,59,random
116,0.0017397401111579204,0.0017397401111579204,0.004397850015042001,[0.         0.         0.         0.         0.         0.         0.         0.         0.         0.         0.         0.         0.         0.         0.         0.         0.         0.         0.82630714 0.         0.         0.         0.         0.         0.         0.         0.         0.01       0.         0.         0.        ],[0. 0. 0. 0. 0. 0. 0. 0. 0. 0. 0. 0. 0. 0. 0. 0. 0. 0. 1. 0. 0. 0. 0. 0. 0. 0. 0. 1. 0. 0. 0.],500,100,0.3,0.004,1,5,idID,59,random
117,0.0017397401111579204,0.0017397401111579204,0.004397850015042001,[0.         0.         0.         0.         0.         0.         0.         0.         0.         0.         0.         0.         0.         0.         0.         0.         0.         0.         0.82630714 0.         0.         0.         0.         0.         0.         0.         0.         0.01       0.         0.         0.        ],[0. 0. 0. 0. 0. 0. 0. 0. 0. 0. 0. 0. 0. 0. 0. 0. 0. 0. 1. 0. 0. 0. 0. 0. 0. 0. 0. 1. 0. 0. 0.],500,100,0.3,0.004,1,5,idID,59,random
118,0.0017397401111579204,0.0017397401111579204,0.004397850015042001,[0.         0.         0.         0.         0.         0.         0.         0.         0.         0.         0.         0.         0.         0.         0.         0.         0.         0.         0.82630714 0.         0.         0.         0.         0.         0.         0.         0.         0.01       0.         0.         0.        ],[0. 0. 0. 0. 0. 0. 0. 0. 0. 0. 0. 0. 0. 0. 0. 0. 0. 0. 1. 0. 0. 0. 0. 0. 0. 0. 0. 1. 0. 0. 0.],500,100,0.3,0.004,1,5,idID,59,random
119,0.0017397401111579204,0.0017397401111579204,0.004397850015042001,[0.         0.         0.         0.         0.         0.         0.         0.         0.         0.         0.         0.         0.         0.         0.         0.         0.         0.         0.82630714 0.         0.         0.         0.         0.         0.         0.         0.         0.01       0.         0.         0.        ],[0. 0. 0. 0. 0. 0. 0. 0. 0. 0. 0. 0. 0. 0. 0. 0. 0. 0. 1. 0. 0. 0. 0. 0. 0. 0. 0. 1. 0. 0. 0.],500,100,0.3,0.004,1,5,idID,59,random
120,0.0017397401111579204,0.0017397401111579204,0.004397850015042001,[0.         0.         0.         0.         0.         0.         0.         0.         0.         0.         0.         0.         0.         0.         0.         0.         0.         0.         0.82630714 0.         0.         0.         0.         0.         0.         0.         0.         0.01       0.         0.         0.        ],[0. 0. 0. 0. 0. 0. 0. 0. 0. 0. 0. 0. 0. 0. 0. 0. 0. 0. 1. 0. 0. 0. 0. 0. 0. 0. 0. 1. 0. 0. 0.],500,100,0.3,0.004,1,5,idID,59,random
121,0.0017397401111579204,0.0017397401111579204,0.004397850015042001,[0.         0.         0.         0.         0.         0.         0.         0.         0.         0.         0.         0.         0.         0.         0.         0.         0.         0.         0.82630714 0.         0.         0.         0.         0.         0.         0.         0.         0.01       0.         0.         0.        ],[0. 0. 0. 0. 0. 0. 0. 0. 0. 0. 0. 0. 0. 0. 0. 0. 0. 0. 1. 0. 0. 0. 0. 0. 0. 0. 0. 1. 0. 0. 0.],500,100,0.3,0.004,1,5,idID,59,random
122,0.0017397401111579204,0.0017397401111579204,0.004397850015042001,[0.         0.         0.         0.         0.         0.         0.         0.         0.         0.         0.         0.         0.         0.         0.         0.         0.         0.         0.82630714 0.         0.         0.         0.         0.         0.         0.         0.         0.01       0.         0.         0.        ],[0. 0. 0. 0. 0. 0. 0. 0. 0. 0. 0. 0. 0. 0. 0. 0. 0. 0. 1. 0. 0. 0. 0. 0. 0. 0. 0. 1. 0. 0. 0.],500,100,0.3,0.004,1,5,idID,59,random
123,0.0017397401111579204,0.0017397401111579204,0.004397850015042001,[0.         0.         0.         0.         0.         0.         0.         0.         0.         0.         0.         0.         0.         0.         0.         0.         0.         0.         0.82630714 0.         0.         0.         0.         0.         0.         0.         0.         0.01       0.         0.         0.        ],[0. 0. 0. 0. 0. 0. 0. 0. 0. 0. 0. 0. 0. 0. 0. 0. 0. 0. 1. 0. 0. 0. 0. 0. 0. 0. 0. 1. 0. 0. 0.],500,100,0.3,0.004,1,5,idID,59,random
124,0.0017397401111579204,0.0017397401111579204,0.004397850015042001,[0.         0.         0.         0.         0.         0.         0.         0.         0.         0.         0.         0.         0.         0.         0.         0.         0.         0.         0.82630714 0.         0.         0.         0.         0.         0.         0.         0.         0.01       0.         0.         0.        ],[0. 0. 0. 0. 0. 0. 0. 0. 0. 0. 0. 0. 0. 0. 0. 0. 0. 0. 1. 0. 0. 0. 0. 0. 0. 0. 0. 1. 0. 0. 0.],500,100,0.3,0.004,1,5,idID,59,random
125,0.0017397401111579204,0.0017397401111579204,0.004397850015042001,[0.         0.         0.         0.         0.         0.         0.         0.         0.         0.         0.         0.         0.         0.         0.         0.         0.         0.         0.82630714 0.         0.         0.         0.         0.         0.         0.         0.         0.01       0.         0.         0.        ],[0. 0. 0. 0. 0. 0. 0. 0. 0. 0. 0. 0. 0. 0. 0. 0. 0. 0. 1. 0. 0. 0. 0. 0. 0. 0. 0. 1. 0. 0. 0.],500,100,0.3,0.004,1,5,idID,59,random
126,0.0017397401111579204,0.0017397401111579204,0.004397850015042001,[0.         0.         0.         0.         0.         0.         0.         0.         0.         0.         0.         0.         0.         0.         0.         0.         0.         0.         0.82630714 0.         0.         0.         0.         0.         0.         0.         0.         0.01       0.         0.         0.        ],[0. 0. 0. 0. 0. 0. 0. 0. 0. 0. 0. 0. 0. 0. 0. 0. 0. 0. 1. 0. 0. 0. 0. 0. 0. 0. 0. 1. 0. 0. 0.],500,100,0.3,0.004,1,5,idID,59,random
127,0.0017397401111579204,0.0017397401111579204,0.004397850015042001,[0.         0.         0.         0.         0.         0.         0.         0.         0.         0.         0.         0.         0.         0.         0.         0.         0.         0.         0.82630714 0.         0.         0.         0.         0.         0.         0.         0.         0.01       0.         0.         0.        ],[0. 0. 0. 0. 0. 0. 0. 0. 0. 0. 0. 0. 0. 0. 0. 0. 0. 0. 1. 0. 0. 0. 0. 0. 0. 0. 0. 1. 0. 0. 0.],500,100,0.3,0.004,1,5,idID,59,random
128,0.0017397401111579204,0.0017397401111579204,0.004397850015042001,[0.         0.         0.         0.         0.         0.         0.         0.         0.         0.         0.         0.         0.         0.         0.         0.         0.         0.         0.82630714 0.         0.         0.         0.         0.         0.         0.         0.         0.01       0.         0.         0.        ],[0. 0. 0. 0. 0. 0. 0. 0. 0. 0. 0. 0. 0. 0. 0. 0. 0. 0. 1. 0. 0. 0. 0. 0. 0. 0. 0. 1. 0. 0. 0.],500,100,0.3,0.004,1,5,idID,59,random
129,0.0017397401111579204,0.0017397401111579204,0.004397850015042001,[0.         0.         0.         0.         0.         0.         0.         0.         0.         0.         0.         0.         0.         0.         0.         0.         0.         0.         0.82630714 0.         0.         0.         0.         0.         0.         0.         0.         0.01       0.         0.         0.        ],[0. 0. 0. 0. 0. 0. 0. 0. 0. 0. 0. 0. 0. 0. 0. 0. 0. 0. 1. 0. 0. 0. 0. 0. 0. 0. 0. 1. 0. 0. 0.],500,100,0.3,0.004,1,5,idID,59,random
130,0.0017397401111579204,0.0017397401111579204,0.004397850015042001,[0.         0.         0.         0.         0.         0.         0.         0.         0.         0.         0.         0.         0.         0.         0.         0.         0.         0.         0.82630714 0.         0.         0.         0.         0.         0.         0.         0.         0.01       0.         0.         0.        ],[0. 0. 0. 0. 0. 0. 0. 0. 0. 0. 0. 0. 0. 0. 0. 0. 0. 0. 1. 0. 0. 0. 0. 0. 0. 0. 0. 1. 0. 0. 0.],500,100,0.3,0.004,1,5,idID,59,random
131,0.0017397401111579204,0.0017397401111579204,0.004397850015042001,[0.         0.         0.         0.         0.         0.         0.         0.         0.         0.         0.         0.         0.         0.         0.         0.         0.         0.         0.82630714 0.         0.         0.         0.         0.         0.         0.         0.         0.01       0.         0.         0.        ],[0. 0. 0. 0. 0. 0. 0. 0. 0. 0. 0. 0. 0. 0. 0. 0. 0. 0. 1. 0. 0. 0. 0. 0. 0. 0. 0. 1. 0. 0. 0.],500,100,0.3,0.004,1,5,idID,59,random
132,0.0017397401111579204,0.0017397401111579204,0.004397850015042001,[0.         0.         0.         0.         0.         0.         0.         0.         0.         0.         0.         0.         0.         0.         0.         0.         0.         0.         0.82630714 0.         0.         0.         0.         0.         0.         0.         0.         0.01       0.         0.         0.        ],[0. 0. 0. 0. 0. 0. 0. 0. 0. 0. 0. 0. 0. 0. 0. 0. 0. 0. 1. 0. 0. 0. 0. 0. 0. 0. 0. 1. 0. 0. 0.],500,100,0.3,0.004,1,5,idID,59,random
133,0.0017397401111579204,0.0017397401111579204,0.004397850015042001,[0.         0.         0.         0.         0.         0.         0.         0.         0.         0.         0.         0.         0.         0.         0.         0.         0.         0.         0.82630714 0.         0.         0.         0.         0.         0.         0.         0.         0.01       0.         0.         0.        ],[0. 0. 0. 0. 0. 0. 0. 0. 0. 0. 0. 0. 0. 0. 0. 0. 0. 0. 1. 0. 0. 0. 0. 0. 0. 0. 0. 1. 0. 0. 0.],500,100,0.3,0.004,1,5,idID,59,random
134,0.0017397401111579204,0.0017397401111579204,0.004397850015042001,[0.         0.         0.         0.         0.         0.         0.         0.         0.         0.         0.         0.         0.         0.         0.         0.         0.         0.         0.82630714 0.         0.         0.         0.         0.         0.         0.         0.         0.01       0.         0.         0.        ],[0. 0. 0. 0. 0. 0. 0. 0. 0. 0. 0. 0. 0. 0. 0. 0. 0. 0. 1. 0. 0. 0. 0. 0. 0. 0. 0. 1. 0. 0. 0.],500,100,0.3,0.004,1,5,idID,59,random
135,0.0017397401111579204,0.0017397401111579204,0.004397850015042001,[0.         0.         0.         0.         0.         0.         0.         0.         0.         0.         0.         0.         0.         0.         0.         0.         0.         0.         0.82630714 0.         0.         0.         0.         0.         0.         0.         0.         0.01       0.         0.         0.        ],[0. 0. 0. 0. 0. 0. 0. 0. 0. 0. 0. 0. 0. 0. 0. 0. 0. 0. 1. 0. 0. 0. 0. 0. 0. 0. 0. 1. 0. 0. 0.],500,100,0.3,0.004,1,5,idID,59,random
136,0.0017397401111579204,0.0017397401111579204,0.004397850015042001,[0.         0.         0.         0.         0.         0.         0.         0.         0.         0.         0.         0.         0.         0.         0.         0.         0.         0.         0.82630714 0.         0.         0.         0.         0.         0.         0.         0.         0.01       0.         0.         0.        ],[0. 0. 0. 0. 0. 0. 0. 0. 0. 0. 0. 0. 0. 0. 0. 0. 0. 0. 1. 0. 0. 0. 0. 0. 0. 0. 0. 1. 0. 0. 0.],500,100,0.3,0.004,1,5,idID,59,random
137,0.0017397401111579204,0.0017397401111579204,0.004397850015042001,[0.         0.         0.         0.         0.         0.         0.         0.         0.         0.         0.         0.         0.         0.         0.         0.         0.         0.         0.82630714 0.         0.         0.         0.         0.         0.         0.         0.         0.01       0.         0.         0.        ],[0. 0. 0. 0. 0. 0. 0. 0. 0. 0. 0. 0. 0. 0. 0. 0. 0. 0. 1. 0. 0. 0. 0. 0. 0. 0. 0. 1. 0. 0. 0.],500,100,0.3,0.004,1,5,idID,59,random
138,0.0017397401111579204,0.0017397401111579204,0.004397850015042001,[0.         0.         0.         0.         0.         0.         0.         0.         0.         0.         0.         0.         0.         0.         0.         0.         0.         0.         0.82630714 0.         0.         0.         0.         0.         0.         0.         0.         0.01       0.         0.         0.        ],[0. 0. 0. 0. 0. 0. 0. 0. 0. 0. 0. 0. 0. 0. 0. 0. 0. 0. 1. 0. 0. 0. 0. 0. 0. 0. 0. 1. 0. 0. 0.],500,100,0.3,0.004,1,5,idID,59,random
139,0.0017397401111579204,0.0017397401111579204,0.004397850015042001,[0.         0.         0.         0.         0.         0.         0.         0.         0.         0.         0.         0.         0.         0.         0.         0.         0.         0.         0.82630714 0.         0.         0.         0.         0.         0.         0.         0.         0.01       0.         0.         0.        ],[0. 0. 0. 0. 0. 0. 0. 0. 0. 0. 0. 0. 0. 0. 0. 0. 0. 0. 1. 0. 0. 0. 0. 0. 0. 0. 0. 1. 0. 0. 0.],500,100,0.3,0.004,1,5,idID,59,random
140,0.0017397401111579204,0.0017397401111579204,0.004397850015042001,[0.         0.         0.         0.         0.         0.         0.         0.         0.         0.         0.         0.         0.         0.         0.         0.         0.         0.         0.82630714 0.         0.         0.         0.         0.         0.         0.         0.         0.01       0.         0.         0.        ],[0. 0. 0. 0. 0. 0. 0. 0. 0. 0. 0. 0. 0. 0. 0. 0. 0. 0. 1. 0. 0. 0. 0. 0. 0. 0. 0. 1. 0. 0. 0.],500,100,0.3,0.004,1,5,idID,59,random
141,0.0017397401111579204,0.0017397401111579204,0.004397850015042001,[0.         0.         0.         0.         0.         0.         0.         0.         0.         0.         0.         0.         0.         0.         0.         0.         0.         0.         0.82630714 0.         0.         0.         0.         0.         0.         0.         0.         0.01       0.         0.         0.        ],[0. 0. 0. 0. 0. 0. 0. 0. 0. 0. 0. 0. 0. 0. 0. 0. 0. 0. 1. 0. 0. 0. 0. 0. 0. 0. 0. 1. 0. 0. 0.],500,100,0.3,0.004,1,5,idID,59,random
142,0.0017397401111579204,0.0017397401111579204,0.004397850015042001,[0.         0.         0.         0.         0.         0.         0.         0.         0.         0.         0.         0.         0.         0.         0.         0.         0.         0.         0.82630714 0.         0.         0.         0.         0.         0.         0.         0.         0.01       0.         0.         0.        ],[0. 0. 0. 0. 0. 0. 0. 0. 0. 0. 0. 0. 0. 0. 0. 0. 0. 0. 1. 0. 0. 0. 0. 0. 0. 0. 0. 1. 0. 0. 0.],500,100,0.3,0.004,1,5,idID,59,random
143,0.0017397401111579204,0.0017397401111579204,0.004397850015042001,[0.         0.         0.         0.         0.         0.         0.         0.         0.         0.         0.         0.         0.         0.         0.         0.         0.         0.         0.82630714 0.         0.         0.         0.         0.         0.         0.         0.         0.01       0.         0.         0.        ],[0. 0. 0. 0. 0. 0. 0. 0. 0. 0. 0. 0. 0. 0. 0. 0. 0. 0. 1. 0. 0. 0. 0. 0. 0. 0. 0. 1. 0. 0. 0.],500,100,0.3,0.004,1,5,idID,59,random
144,0.0017397401111579204,0.0017397401111579204,0.004397850015042001,[0.         0.         0.         0.         0.         0.         0.         0.         0.         0.         0.         0.         0.         0.         0.         0.         0.         0.         0.82630714 0.         0.         0.         0.         0.         0.         0.         0.         0.01       0.         0.         0.        ],[0. 0. 0. 0. 0. 0. 0. 0. 0. 0. 0. 0. 0. 0. 0. 0. 0. 0. 1. 0. 0. 0. 0. 0. 0. 0. 0. 1. 0. 0. 0.],500,100,0.3,0.004,1,5,idID,59,random
145,0.0017397401111579204,0.0017397401111579204,0.004397850015042001,[0.         0.         0.         0.         0.         0.         0.         0.         0.         0.         0.         0.         0.         0.         0.         0.         0.         0.         0.82630714 0.         0.         0.         0.         0.         0.         0.         0.         0.01       0.         0.         0.        ],[0. 0. 0. 0. 0. 0. 0. 0. 0. 0. 0. 0. 0. 0. 0. 0. 0. 0. 1. 0. 0. 0. 0. 0. 0. 0. 0. 1. 0. 0. 0.],500,100,0.3,0.004,1,5,idID,59,random
146,0.0017397401111579204,0.0017397401111579204,0.004397850015042001,[0.         0.         0.         0.         0.         0.         0.         0.         0.         0.         0.         0.         0.         0.         0.         0.         0.         0.         0.82630714 0.         0.         0.         0.         0.         0.         0.         0.         0.01       0.         0.         0.        ],[0. 0. 0. 0. 0. 0. 0. 0. 0. 0. 0. 0. 0. 0. 0. 0. 0. 0. 1. 0. 0. 0. 0. 0. 0. 0. 0. 1. 0. 0. 0.],500,100,0.3,0.004,1,5,idID,59,random
147,0.0017397401111579204,0.0017397401111579204,0.004397850015042001,[0.         0.         0.         0.         0.         0.         0.         0.         0.         0.         0.         0.         0.         0.         0.         0.         0.         0.         0.82630714 0.         0.         0.         0.         0.         0.         0.         0.         0.01       0.         0.         0.        ],[0. 0. 0. 0. 0. 0. 0. 0. 0. 0. 0. 0. 0. 0. 0. 0. 0. 0. 1. 0. 0. 0. 0. 0. 0. 0. 0. 1. 0. 0. 0.],500,100,0.3,0.004,1,5,idID,59,random
148,0.0017397401111579204,0.0017397401111579204,0.004397850015042001,[0.         0.         0.         0.         0.         0.         0.         0.         0.         0.         0.         0.         0.         0.         0.         0.         0.         0.         0.82630714 0.         0.         0.         0.         0.         0.         0.         0.         0.01       0.         0.         0.        ],[0. 0. 0. 0. 0. 0. 0. 0. 0. 0. 0. 0. 0. 0. 0. 0. 0. 0. 1. 0. 0. 0. 0. 0. 0. 0. 0. 1. 0. 0. 0.],500,100,0.3,0.004,1,5,idID,59,random
149,0.0017397401111579204,0.0017397401111579204,0.004397850015042001,[0.         0.         0.         0.         0.         0.         0.         0.         0.         0.         0.         0.         0.         0.         0.         0.         0.         0.         0.82630714 0.         0.         0.         0.         0.         0.         0.         0.         0.01       0.         0.         0.        ],[0. 0. 0. 0. 0. 0. 0. 0. 0. 0. 0. 0. 0. 0. 0. 0. 0. 0. 1. 0. 0. 0. 0. 0. 0. 0. 0. 1. 0. 0. 0.],500,100,0.3,0.004,1,5,idID,59,random
150,0.0017397401111579204,0.0017397401111579204,0.004397850015042001,[0.         0.         0.         0.         0.         0.         0.         0.         0.         0.         0.         0.         0.         0.         0.         0.         0.         0.         0.82630714 0.         0.         0.         0.         0.         0.         0.         0.         0.01       0.         0.         0.        ],[0. 0. 0. 0. 0. 0. 0. 0. 0. 0. 0. 0. 0. 0. 0. 0. 0. 0. 1. 0. 0. 0. 0. 0. 0. 0. 0. 1. 0. 0. 0.],500,100,0.3,0.004,1,5,idID,59,random
151,0.0017397401111579204,0.0017397401111579204,0.004397850015042001,[0.         0.         0.         0.         0.         0.         0.         0.         0.         0.         0.         0.         0.         0.         0.         0.         0.         0.         0.82630714 0.         0.         0.         0.         0.         0.         0.         0.         0.01       0.         0.         0.        ],[0. 0. 0. 0. 0. 0. 0. 0. 0. 0. 0. 0. 0. 0. 0. 0. 0. 0. 1. 0. 0. 0. 0. 0. 0. 0. 0. 1. 0. 0. 0.],500,100,0.3,0.004,1,5,idID,59,random
152,0.0017397401111579204,0.0017397401111579204,0.004397850015042001,[0.         0.         0.         0.         0.         0.         0.         0.         0.         0.         0.         0.         0.         0.         0.         0.         0.         0.         0.82630714 0.         0.         0.         0.         0.         0.         0.         0.         0.01       0.         0.         0.        ],[0. 0. 0. 0. 0. 0. 0. 0. 0. 0. 0. 0. 0. 0. 0. 0. 0. 0. 1. 0. 0. 0. 0. 0. 0. 0. 0. 1. 0. 0. 0.],500,100,0.3,0.004,1,5,idID,59,random
153,0.0017397401111579204,0.0017397401111579204,0.004397850015042001,[0.         0.         0.         0.         0.         0.         0.         0.         0.         0.         0.         0.         0.         0.         0.         0.         0.         0.         0.82630714 0.         0.         0.         0.         0.         0.         0.         0.         0.01       0.         0.         0.        ],[0. 0. 0. 0. 0. 0. 0. 0. 0. 0. 0. 0. 0. 0. 0. 0. 0. 0. 1. 0. 0. 0. 0. 0. 0. 0. 0. 1. 0. 0. 0.],500,100,0.3,0.004,1,5,idID,59,random
154,0.0017397401111579204,0.0017397401111579204,0.004397850015042001,[0.         0.         0.         0.         0.         0.         0.         0.         0.         0.         0.         0.         0.         0.         0.         0.         0.         0.         0.82630714 0.         0.         0.         0.         0.         0.         0.         0.         0.01       0.         0.         0.        ],[0. 0. 0. 0. 0. 0. 0. 0. 0. 0. 0. 0. 0. 0. 0. 0. 0. 0. 1. 0. 0. 0. 0. 0. 0. 0. 0. 1. 0. 0. 0.],500,100,0.3,0.004,1,5,idID,59,random
155,0.0017397401111579204,0.0017397401111579204,0.004397850015042001,[0.         0.         0.         0.         0.         0.         0.         0.         0.         0.         0.         0.         0.         0.         0.         0.         0.         0.         0.82630714 0.         0.         0.         0.         0.         0.         0.         0.         0.01       0.         0.         0.        ],[0. 0. 0. 0. 0. 0. 0. 0. 0. 0. 0. 0. 0. 0. 0. 0. 0. 0. 1. 0. 0. 0. 0. 0. 0. 0. 0. 1. 0. 0. 0.],500,100,0.3,0.004,1,5,idID,59,random
156,0.0017397401111579204,0.0017397401111579204,0.004397850015042001,[0.         0.         0.         0.         0.         0.         0.         0.         0.         0.         0.         0.         0.         0.         0.         0.         0.         0.         0.82630714 0.         0.         0.         0.         0.         0.         0.         0.         0.01       0.         0.         0.        ],[0. 0. 0. 0. 0. 0. 0. 0. 0. 0. 0. 0. 0. 0. 0. 0. 0. 0. 1. 0. 0. 0. 0. 0. 0. 0. 0. 1. 0. 0. 0.],500,100,0.3,0.004,1,5,idID,59,random
157,0.0017397401111579204,0.0017397401111579204,0.004397850015042001,[0.         0.         0.         0.         0.         0.         0.         0.         0.         0.         0.         0.         0.         0.         0.         0.         0.         0.         0.82630714 0.         0.         0.         0.         0.         0.         0.         0.         0.01       0.         0.         0.        ],[0. 0. 0. 0. 0. 0. 0. 0. 0. 0. 0. 0. 0. 0. 0. 0. 0. 0. 1. 0. 0. 0. 0. 0. 0. 0. 0. 1. 0. 0. 0.],500,100,0.3,0.004,1,5,idID,59,random
158,0.0017397401111579204,0.0017397401111579204,0.004397850015042001,[0.         0.         0.         0.         0.         0.         0.         0.         0.         0.         0.         0.         0.         0.         0.         0.         0.         0.         0.82630714 0.         0.         0.         0.         0.         0.         0.         0.         0.01       0.         0.         0.        ],[0. 0. 0. 0. 0. 0. 0. 0. 0. 0. 0. 0. 0. 0. 0. 0. 0. 0. 1. 0. 0. 0. 0. 0. 0. 0. 0. 1. 0. 0. 0.],500,100,0.3,0.004,1,5,idID,59,random
159,0.0017397401111579204,0.0017397401111579204,0.004397850015042001,[0.         0.         0.         0.         0.         0.         0.         0.         0.         0.         0.         0.         0.         0.         0.         0.         0.         0.         0.82630714 0.         0.         0.         0.         0.         0.         0.         0.         0.01       0.         0.         0.        ],[0. 0. 0. 0. 0. 0. 0. 0. 0. 0. 0. 0. 0. 0. 0. 0. 0. 0. 1. 0. 0. 0. 0. 0. 0. 0. 0. 1. 0. 0. 0.],500,100,0.3,0.004,1,5,idID,59,random
160,0.0017397401111579204,0.0017397401111579204,0.004397850015042001,[0.         0.         0.         0.         0.         0.         0.         0.         0.         0.         0.         0.         0.         0.         0.         0.         0.         0.         0.82630714 0.         0.         0.         0.         0.         0.         0.         0.         0.01       0.         0.         0.        ],[0. 0. 0. 0. 0. 0. 0. 0. 0. 0. 0. 0. 0. 0. 0. 0. 0. 0. 1. 0. 0. 0. 0. 0. 0. 0. 0. 1. 0. 0. 0.],500,100,0.3,0.004,1,5,idID,59,random
161,0.0017397401111579204,0.0017397401111579204,0.004397850015042001,[0.         0.         0.         0.         0.         0.         0.         0.         0.         0.         0.         0.         0.         0.         0.         0.         0.         0.         0.82630714 0.         0.         0.         0.         0.         0.         0.         0.         0.01       0.         0.         0.        ],[0. 0. 0. 0. 0. 0. 0. 0. 0. 0. 0. 0. 0. 0. 0. 0. 0. 0. 1. 0. 0. 0. 0. 0. 0. 0. 0. 1. 0. 0. 0.],500,100,0.3,0.004,1,5,idID,59,random
162,0.0017397401111579204,0.0017397401111579204,0.004397850015042001,[0.         0.         0.         0.         0.         0.         0.         0.         0.         0.         0.         0.         0.         0.         0.         0.         0.         0.         0.82630714 0.         0.         0.         0.         0.         0.         0.         0.         0.01       0.         0.         0.        ],[0. 0. 0. 0. 0. 0. 0. 0. 0. 0. 0. 0. 0. 0. 0. 0. 0. 0. 1. 0. 0. 0. 0. 0. 0. 0. 0. 1. 0. 0. 0.],500,100,0.3,0.004,1,5,idID,59,random
163,0.0017397401111579204,0.0017397401111579204,0.004397850015042001,[0.         0.         0.         0.         0.         0.         0.         0.         0.         0.         0.         0.         0.         0.         0.         0.         0.         0.         0.82630714 0.         0.         0.         0.         0.         0.         0.         0.         0.01       0.         0.         0.        ],[0. 0. 0. 0. 0. 0. 0. 0. 0. 0. 0. 0. 0. 0. 0. 0. 0. 0. 1. 0. 0. 0. 0. 0. 0. 0. 0. 1. 0. 0. 0.],500,100,0.3,0.004,1,5,idID,59,random
164,0.0017397401111579204,0.0017397401111579204,0.004397850015042001,[0.         0.         0.         0.         0.         0.         0.         0.         0.         0.         0.         0.         0.         0.         0.         0.         0.         0.         0.82630714 0.         0.         0.         0.         0.         0.         0.         0.         0.01       0.         0.         0.        ],[0. 0. 0. 0. 0. 0. 0. 0. 0. 0. 0. 0. 0. 0. 0. 0. 0. 0. 1. 0. 0. 0. 0. 0. 0. 0. 0. 1. 0. 0. 0.],500,100,0.3,0.004,1,5,idID,59,random
165,0.0017397401111579204,0.0017397401111579204,0.004397850015042001,[0.         0.         0.         0.         0.         0.         0.         0.         0.         0.         0.         0.         0.         0.         0.         0.         0.         0.         0.82630714 0.         0.         0.         0.         0.         0.         0.         0.         0.01       0.         0.         0.        ],[0. 0. 0. 0. 0. 0. 0. 0. 0. 0. 0. 0. 0. 0. 0. 0. 0. 0. 1. 0. 0. 0. 0. 0. 0. 0. 0. 1. 0. 0. 0.],500,100,0.3,0.004,1,5,idID,59,random
166,0.0017397401111579204,0.0017397401111579204,0.004397850015042001,[0.         0.         0.         0.         0.         0.         0.         0.         0.         0.         0.         0.         0.         0.         0.         0.         0.         0.         0.82630714 0.         0.         0.         0.         0.         0.         0.         0.         0.01       0.         0.         0.        ],[0. 0. 0. 0. 0. 0. 0. 0. 0. 0. 0. 0. 0. 0. 0. 0. 0. 0. 1. 0. 0. 0. 0. 0. 0. 0. 0. 1. 0. 0. 0.],500,100,0.3,0.004,1,5,idID,59,random
167,0.0017397401111579204,0.0017397401111579204,0.004397850015042001,[0.         0.         0.         0.         0.         0.         0.         0.         0.         0.         0.         0.         0.         0.         0.         0.         0.         0.         0.82630714 0.         0.         0.         0.         0.         0.         0.         0.         0.01       0.         0.         0.        ],[0. 0. 0. 0. 0. 0. 0. 0. 0. 0. 0. 0. 0. 0. 0. 0. 0. 0. 1. 0. 0. 0. 0. 0. 0. 0. 0. 1. 0. 0. 0.],500,100,0.3,0.004,1,5,idID,59,random
168,0.0017397401111579204,0.0017397401111579204,0.004397850015042001,[0.         0.         0.         0.         0.         0.         0.         0.         0.         0.         0.         0.         0.         0.         0.         0.         0.         0.         0.82630714 0.         0.         0.         0.         0.         0.         0.         0.         0.01       0.         0.         0.        ],[0. 0. 0. 0. 0. 0. 0. 0. 0. 0. 0. 0. 0. 0. 0. 0. 0. 0. 1. 0. 0. 0. 0. 0. 0. 0. 0. 1. 0. 0. 0.],500,100,0.3,0.004,1,5,idID,59,random
169,0.0017397401111579204,0.0017397401111579204,0.004397850015042001,[0.         0.         0.         0.         0.         0.         0.         0.         0.         0.         0.         0.         0.         0.         0.         0.         0.         0.         0.82630714 0.         0.         0.         0.         0.         0.         0.         0.         0.01       0.         0.         0.        ],[0. 0. 0. 0. 0. 0. 0. 0. 0. 0. 0. 0. 0. 0. 0. 0. 0. 0. 1. 0. 0. 0. 0. 0. 0. 0. 0. 1. 0. 0. 0.],500,100,0.3,0.004,1,5,idID,59,random
170,0.0017397401111579204,0.0017397401111579204,0.004397850015042001,[0.         0.         0.         0.         0.         0.         0.         0.         0.         0.         0.         0.         0.         0.         0.         0.         0.         0.         0.82630714 0.         0.         0.         0.         0.         0.         0.         0.         0.01       0.         0.         0.        ],[0. 0. 0. 0. 0. 0. 0. 0. 0. 0. 0. 0. 0. 0. 0. 0. 0. 0. 1. 0. 0. 0. 0. 0. 0. 0. 0. 1. 0. 0. 0.],500,100,0.3,0.004,1,5,idID,59,random
171,0.0017397401111579204,0.0017397401111579204,0.004397850015042001,[0.         0.         0.         0.         0.         0.         0.         0.         0.         0.         0.         0.         0.         0.         0.         0.         0.         0.         0.82630714 0.         0.         0.         0.         0.         0.         0.         0.         0.01       0.         0.         0.        ],[0. 0. 0. 0. 0. 0. 0. 0. 0. 0. 0. 0. 0. 0. 0. 0. 0. 0. 1. 0. 0. 0. 0. 0. 0. 0. 0. 1. 0. 0. 0.],500,100,0.3,0.004,1,5,idID,59,random
172,0.0017397401111579204,0.0017397401111579204,0.004397850015042001,[0.         0.         0.         0.         0.         0.         0.         0.         0.         0.         0.         0.         0.         0.         0.         0.         0.         0.         0.82630714 0.         0.         0.         0.         0.         0.         0.         0.         0.01       0.         0.         0.        ],[0. 0. 0. 0. 0. 0. 0. 0. 0. 0. 0. 0. 0. 0. 0. 0. 0. 0. 1. 0. 0. 0. 0. 0. 0. 0. 0. 1. 0. 0. 0.],500,100,0.3,0.004,1,5,idID,59,random
173,0.0017397401111579204,0.0017397401111579204,0.004397850015042001,[0.         0.         0.         0.         0.         0.         0.         0.         0.         0.         0.         0.         0.         0.         0.         0.         0.         0.         0.82630714 0.         0.         0.         0.         0.         0.         0.         0.         0.01       0.         0.         0.        ],[0. 0. 0. 0. 0. 0. 0. 0. 0. 0. 0. 0. 0. 0. 0. 0. 0. 0. 1. 0. 0. 0. 0. 0. 0. 0. 0. 1. 0. 0. 0.],500,100,0.3,0.004,1,5,idID,59,random
174,0.0017397401111579204,0.0017397401111579204,0.004397850015042001,[0.         0.         0.         0.         0.         0.         0.         0.         0.         0.         0.         0.         0.         0.         0.         0.         0.         0.         0.82630714 0.         0.         0.         0.         0.         0.         0.         0.         0.01       0.         0.         0.        ],[0. 0. 0. 0. 0. 0. 0. 0. 0. 0. 0. 0. 0. 0. 0. 0. 0. 0. 1. 0. 0. 0. 0. 0. 0. 0. 0. 1. 0. 0. 0.],500,100,0.3,0.004,1,5,idID,59,random
175,0.0017397401111579204,0.0017397401111579204,0.004397850015042001,[0.         0.         0.         0.         0.         0.         0.         0.         0.         0.         0.         0.         0.         0.         0.         0.         0.         0.         0.82630714 0.         0.         0.         0.         0.         0.         0.         0.         0.01       0.         0.         0.        ],[0. 0. 0. 0. 0. 0. 0. 0. 0. 0. 0. 0. 0. 0. 0. 0. 0. 0. 1. 0. 0. 0. 0. 0. 0. 0. 0. 1. 0. 0. 0.],500,100,0.3,0.004,1,5,idID,59,random
176,0.0017397401111579204,0.0017397401111579204,0.004397850015042001,[0.         0.         0.         0.         0.         0.         0.         0.         0.         0.         0.         0.         0.         0.         0.         0.         0.         0.         0.82630714 0.         0.         0.         0.         0.         0.         0.         0.         0.01       0.         0.         0.        ],[0. 0. 0. 0. 0. 0. 0. 0. 0. 0. 0. 0. 0. 0. 0. 0. 0. 0. 1. 0. 0. 0. 0. 0. 0. 0. 0. 1. 0. 0. 0.],500,100,0.3,0.004,1,5,idID,59,random
177,0.0017397401111579204,0.0017397401111579204,0.004397850015042001,[0.         0.         0.         0.         0.         0.         0.         0.         0.         0.         0.         0.         0.         0.         0.         0.         0.         0.         0.82630714 0.         0.         0.         0.         0.         0.         0.         0.         0.01       0.         0.         0.        ],[0. 0. 0. 0. 0. 0. 0. 0. 0. 0. 0. 0. 0. 0. 0. 0. 0. 0. 1. 0. 0. 0. 0. 0. 0. 0. 0. 1. 0. 0. 0.],500,100,0.3,0.004,1,5,idID,59,random
178,0.0017397401111579204,0.0017397401111579204,0.004397850015042001,[0.         0.         0.         0.         0.         0.         0.         0.         0.         0.         0.         0.         0.         0.         0.         0.         0.         0.         0.82630714 0.         0.         0.         0.         0.         0.         0.         0.         0.01       0.         0.         0.        ],[0. 0. 0. 0. 0. 0. 0. 0. 0. 0. 0. 0. 0. 0. 0. 0. 0. 0. 1. 0. 0. 0. 0. 0. 0. 0. 0. 1. 0. 0. 0.],500,100,0.3,0.004,1,5,idID,59,random
179,0.0017397401111579204,0.0017397401111579204,0.004397850015042001,[0.         0.         0.         0.         0.         0.         0.         0.         0.         0.         0.         0.         0.         0.         0.         0.         0.         0.         0.82630714 0.         0.         0.         0.         0.         0.         0.         0.         0.01       0.         0.         0.        ],[0. 0. 0. 0. 0. 0. 0. 0. 0. 0. 0. 0. 0. 0. 0. 0. 0. 0. 1. 0. 0. 0. 0. 0. 0. 0. 0. 1. 0. 0. 0.],500,100,0.3,0.004,1,5,idID,59,random
180,0.0017397401111579204,0.0017397401111579204,0.004397850015042001,[0.         0.         0.         0.         0.         0.         0.         0.         0.         0.         0.         0.         0.         0.         0.         0.         0.         0.         0.82630714 0.         0.         0.         0.         0.         0.         0.         0.         0.01       0.         0.         0.        ],[0. 0. 0. 0. 0. 0. 0. 0. 0. 0. 0. 0. 0. 0. 0. 0. 0. 0. 1. 0. 0. 0. 0. 0. 0. 0. 0. 1. 0. 0. 0.],500,100,0.3,0.004,1,5,idID,59,random
181,0.0017397401111579204,0.0017397401111579204,0.004397850015042001,[0.         0.         0.         0.         0.         0.         0.         0.         0.         0.         0.         0.         0.         0.         0.         0.         0.         0.         0.82630714 0.         0.         0.         0.         0.         0.         0.         0.         0.01       0.         0.         0.        ],[0. 0. 0. 0. 0. 0. 0. 0. 0. 0. 0. 0. 0. 0. 0. 0. 0. 0. 1. 0. 0. 0. 0. 0. 0. 0. 0. 1. 0. 0. 0.],500,100,0.3,0.004,1,5,idID,59,random
182,0.0017397401111579204,0.0017397401111579204,0.004397850015042001,[0.         0.         0.         0.         0.         0.         0.         0.         0.         0.         0.         0.         0.         0.         0.         0.         0.         0.         0.82630714 0.         0.         0.         0.         0.         0.         0.         0.         0.01       0.         0.         0.        ],[0. 0. 0. 0. 0. 0. 0. 0. 0. 0. 0. 0. 0. 0. 0. 0. 0. 0. 1. 0. 0. 0. 0. 0. 0. 0. 0. 1. 0. 0. 0.],500,100,0.3,0.004,1,5,idID,59,random
183,0.0017397401111579204,0.0017397401111579204,0.004397850015042001,[0.         0.         0.         0.         0.         0.         0.         0.         0.         0.         0.         0.         0.         0.         0.         0.         0.         0.         0.82630714 0.         0.         0.         0.         0.         0.         0.         0.         0.01       0.         0.         0.        ],[0. 0. 0. 0. 0. 0. 0. 0. 0. 0. 0. 0. 0. 0. 0. 0. 0. 0. 1. 0. 0. 0. 0. 0. 0. 0. 0. 1. 0. 0. 0.],500,100,0.3,0.004,1,5,idID,59,random
184,0.0017397401111579204,0.0017397401111579204,0.004397850015042001,[0.         0.         0.         0.         0.         0.         0.         0.         0.         0.         0.         0.         0.         0.         0.         0.         0.         0.         0.82630714 0.         0.         0.         0.         0.         0.         0.         0.         0.01       0.         0.         0.        ],[0. 0. 0. 0. 0. 0. 0. 0. 0. 0. 0. 0. 0. 0. 0. 0. 0. 0. 1. 0. 0. 0. 0. 0. 0. 0. 0. 1. 0. 0. 0.],500,100,0.3,0.004,1,5,idID,59,random
185,0.0017397401111579204,0.0017397401111579204,0.004397850015042001,[0.         0.         0.         0.         0.         0.         0.         0.         0.         0.         0.         0.         0.         0.         0.         0.         0.         0.         0.82630714 0.         0.         0.         0.         0.         0.         0.         0.         0.01       0.         0.         0.        ],[0. 0. 0. 0. 0. 0. 0. 0. 0. 0. 0. 0. 0. 0. 0. 0. 0. 0. 1. 0. 0. 0. 0. 0. 0. 0. 0. 1. 0. 0. 0.],500,100,0.3,0.004,1,5,idID,59,random
186,0.0017397401111579204,0.0017397401111579204,0.004397850015042001,[0.         0.         0.         0.         0.         0.         0.         0.         0.         0.         0.         0.         0.         0.         0.         0.         0.         0.         0.82630714 0.         0.         0.         0.         0.         0.         0.         0.         0.01       0.         0.         0.        ],[0. 0. 0. 0. 0. 0. 0. 0. 0. 0. 0. 0. 0. 0. 0. 0. 0. 0. 1. 0. 0. 0. 0. 0. 0. 0. 0. 1. 0. 0. 0.],500,100,0.3,0.004,1,5,idID,59,random
187,0.0017397401111579204,0.0017397401111579204,0.004397850015042001,[0.         0.         0.         0.         0.         0.         0.         0.         0.         0.         0.         0.         0.         0.         0.         0.         0.         0.         0.82630714 0.         0.         0.         0.         0.         0.         0.         0.         0.01       0.         0.         0.        ],[0. 0. 0. 0. 0. 0. 0. 0. 0. 0. 0. 0. 0. 0. 0. 0. 0. 0. 1. 0. 0. 0. 0. 0. 0. 0. 0. 1. 0. 0. 0.],500,100,0.3,0.004,1,5,idID,59,random
188,0.0017397401111579204,0.0017397401111579204,0.004397850015042001,[0.         0.         0.         0.         0.         0.         0.         0.         0.         0.         0.         0.         0.         0.         0.         0.         0.         0.         0.82630714 0.         0.         0.         0.         0.         0.         0.         0.         0.01       0.         0.         0.        ],[0. 0. 0. 0. 0. 0. 0. 0. 0. 0. 0. 0. 0. 0. 0. 0. 0. 0. 1. 0. 0. 0. 0. 0. 0. 0. 0. 1. 0. 0. 0.],500,100,0.3,0.004,1,5,idID,59,random
189,0.0017397401111579204,0.0017397401111579204,0.004397850015042001,[0.         0.         0.         0.         0.         0.         0.         0.         0.         0.         0.         0.         0.         0.         0.         0.         0.         0.         0.82630714 0.         0.         0.         0.         0.         0.         0.         0.         0.01       0.         0.         0.        ],[0. 0. 0. 0. 0. 0. 0. 0. 0. 0. 0. 0. 0. 0. 0. 0. 0. 0. 1. 0. 0. 0. 0. 0. 0. 0. 0. 1. 0. 0. 0.],500,100,0.3,0.004,1,5,idID,59,random
190,0.0017397401111579204,0.0017397401111579204,0.004397850015042001,[0.         0.         0.         0.         0.         0.         0.         0.         0.         0.         0.         0.         0.         0.         0.         0.         0.         0.         0.82630714 0.         0.         0.         0.         0.         0.         0.         0.         0.01       0.         0.         0.        ],[0. 0. 0. 0. 0. 0. 0. 0. 0. 0. 0. 0. 0. 0. 0. 0. 0. 0. 1. 0. 0. 0. 0. 0. 0. 0. 0. 1. 0. 0. 0.],500,100,0.3,0.004,1,5,idID,59,random
191,0.0017397401111579204,0.0017397401111579204,0.004397850015042001,[0.         0.         0.         0.         0.         0.         0.         0.         0.         0.         0.         0.         0.         0.         0.         0.         0.         0.         0.82630714 0.         0.         0.         0.         0.         0.         0.         0.         0.01       0.         0.         0.        ],[0. 0. 0. 0. 0. 0. 0. 0. 0. 0. 0. 0. 0. 0. 0. 0. 0. 0. 1. 0. 0. 0. 0. 0. 0. 0. 0. 1. 0. 0. 0.],500,100,0.3,0.004,1,5,idID,59,random
192,0.0017397401111579204,0.0017397401111579204,0.004397850015042001,[0.         0.         0.         0.         0.         0.         0.         0.         0.         0.         0.         0.         0.         0.         0.         0.         0.         0.         0.82630714 0.         0.         0.         0.         0.         0.         0.         0.         0.01       0.         0.         0.        ],[0. 0. 0. 0. 0. 0. 0. 0. 0. 0. 0. 0. 0. 0. 0. 0. 0. 0. 1. 0. 0. 0. 0. 0. 0. 0. 0. 1. 0. 0. 0.],500,100,0.3,0.004,1,5,idID,59,random
193,0.0017397401111579204,0.0017397401111579204,0.004397850015042001,[0.         0.         0.         0.         0.         0.         0.         0.         0.         0.         0.         0.         0.         0.         0.         0.         0.         0.         0.82630714 0.         0.         0.         0.         0.         0.         0.         0.         0.01       0.         0.         0.        ],[0. 0. 0. 0. 0. 0. 0. 0. 0. 0. 0. 0. 0. 0. 0. 0. 0. 0. 1. 0. 0. 0. 0. 0. 0. 0. 0. 1. 0. 0. 0.],500,100,0.3,0.004,1,5,idID,59,random
194,0.0017397401111579204,0.0017397401111579204,0.004397850015042001,[0.         0.         0.         0.         0.         0.         0.         0.         0.         0.         0.         0.         0.         0.         0.         0.         0.         0.         0.82630714 0.         0.         0.         0.         0.         0.         0.         0.         0.01       0.         0.         0.        ],[0. 0. 0. 0. 0. 0. 0. 0. 0. 0. 0. 0. 0. 0. 0. 0. 0. 0. 1. 0. 0. 0. 0. 0. 0. 0. 0. 1. 0. 0. 0.],500,100,0.3,0.004,1,5,idID,59,random
195,0.0017397401111579204,0.0017397401111579204,0.004397850015042001,[0.         0.         0.         0.         0.         0.         0.         0.         0.         0.         0.         0.         0.         0.         0.         0.         0.         0.         0.82630714 0.         0.         0.         0.         0.         0.         0.         0.         0.01       0.         0.         0.        ],[0. 0. 0. 0. 0. 0. 0. 0. 0. 0. 0. 0. 0. 0. 0. 0. 0. 0. 1. 0. 0. 0. 0. 0. 0. 0. 0. 1. 0. 0. 0.],500,100,0.3,0.004,1,5,idID,59,random
196,0.0017397401111579204,0.0017397401111579204,0.004397850015042001,[0.         0.         0.         0.         0.         0.         0.         0.         0.         0.         0.         0.         0.         0.         0.         0.         0.         0.         0.82630714 0.         0.         0.         0.         0.         0.         0.         0.         0.01       0.         0.         0.        ],[0. 0. 0. 0. 0. 0. 0. 0. 0. 0. 0. 0. 0. 0. 0. 0. 0. 0. 1. 0. 0. 0. 0. 0. 0. 0. 0. 1. 0. 0. 0.],500,100,0.3,0.004,1,5,idID,59,random
197,0.0017397401111579204,0.0017397401111579204,0.004397850015042001,[0.         0.         0.         0.         0.         0.         0.         0.         0.         0.         0.         0.         0.         0.         0.         0.         0.         0.         0.82630714 0.         0.         0.         0.         0.         0.         0.         0.         0.01       0.         0.         0.        ],[0. 0. 0. 0. 0. 0. 0. 0. 0. 0. 0. 0. 0. 0. 0. 0. 0. 0. 1. 0. 0. 0. 0. 0. 0. 0. 0. 1. 0. 0. 0.],500,100,0.3,0.004,1,5,idID,59,random
198,0.0017397401111579204,0.0017397401111579204,0.004397850015042001,[0.         0.         0.         0.         0.         0.         0.         0.         0.         0.         0.         0.         0.         0.         0.         0.         0.         0.         0.82630714 0.         0.         0.         0.         0.         0.         0.         0.         0.01       0.         0.         0.        ],[0. 0. 0. 0. 0. 0. 0. 0. 0. 0. 0. 0. 0. 0. 0. 0. 0. 0. 1. 0. 0. 0. 0. 0. 0. 0. 0. 1. 0. 0. 0.],500,100,0.3,0.004,1,5,idID,59,random
199,0.0017397401111579204,0.0017397401111579204,0.004397850015042001,[0.         0.         0.         0.         0.         0.         0.         0.         0.         0.         0.         0.         0.         0.         0.         0.         0.         0.         0.82630714 0.         0.         0.         0.         0.         0.         0.         0.         0.01       0.         0.         0.        ],[0. 0. 0. 0. 0. 0. 0. 0. 0. 0. 0. 0. 0. 0. 0. 0. 0. 0. 1. 0. 0. 0. 0. 0. 0. 0. 0. 1. 0. 0. 0.],500,100,0.3,0.004,1,5,idID,59,random
200,0.0017397401111579204,0.0017397401111579204,0.004397850015042001,[0.         0.         0.         0.         0.         0.         0.         0.         0.         0.         0.         0.         0.         0.         0.         0.         0.         0.         0.82630714 0.         0.         0.         0.         0.         0.         0.         0.         0.01       0.         0.         0.        ],[0. 0. 0. 0. 0. 0. 0. 0. 0. 0. 0. 0. 0. 0. 0. 0. 0. 0. 1. 0. 0. 0. 0. 0. 0. 0. 0. 1. 0. 0. 0.],500,100,0.3,0.004,1,5,idID,59,random
201,0.0017397401111579204,0.0017397401111579204,0.004397850015042001,[0.         0.         0.         0.         0.         0.         0.         0.         0.         0.         0.         0.         0.         0.         0.         0.         0.         0.         0.82630714 0.         0.         0.         0.         0.         0.         0.         0.         0.01       0.         0.         0.        ],[0. 0. 0. 0. 0. 0. 0. 0. 0. 0. 0. 0. 0. 0. 0. 0. 0. 0. 1. 0. 0. 0. 0. 0. 0. 0. 0. 1. 0. 0. 0.],500,100,0.3,0.004,1,5,idID,59,random
202,0.0017397401111579204,0.0017397401111579204,0.004397850015042001,[0.         0.         0.         0.         0.         0.         0.         0.         0.         0.         0.         0.         0.         0.         0.         0.         0.         0.         0.82630714 0.         0.         0.         0.         0.         0.         0.         0.         0.01       0.         0.         0.        ],[0. 0. 0. 0. 0. 0. 0. 0. 0. 0. 0. 0. 0. 0. 0. 0. 0. 0. 1. 0. 0. 0. 0. 0. 0. 0. 0. 1. 0. 0. 0.],500,100,0.3,0.004,1,5,idID,59,random
203,0.0017397401111579204,0.0017397401111579204,0.004397850015042001,[0.         0.         0.         0.         0.         0.         0.         0.         0.         0.         0.         0.         0.         0.         0.         0.         0.         0.         0.82630714 0.         0.         0.         0.         0.         0.         0.         0.         0.01       0.         0.         0.        ],[0. 0. 0. 0. 0. 0. 0. 0. 0. 0. 0. 0. 0. 0. 0. 0. 0. 0. 1. 0. 0. 0. 0. 0. 0. 0. 0. 1. 0. 0. 0.],500,100,0.3,0.004,1,5,idID,59,random
204,0.0017397401111579204,0.0017397401111579204,0.004397850015042001,[0.         0.         0.         0.         0.         0.         0.         0.         0.         0.         0.         0.         0.         0.         0.         0.         0.         0.         0.82630714 0.         0.         0.         0.         0.         0.         0.         0.         0.01       0.         0.         0.        ],[0. 0. 0. 0. 0. 0. 0. 0. 0. 0. 0. 0. 0. 0. 0. 0. 0. 0. 1. 0. 0. 0. 0. 0. 0. 0. 0. 1. 0. 0. 0.],500,100,0.3,0.004,1,5,idID,59,random
205,0.0017397401111579204,0.0017397401111579204,0.004397850015042001,[0.         0.         0.         0.         0.         0.         0.         0.         0.         0.         0.         0.         0.         0.         0.         0.         0.         0.         0.82630714 0.         0.         0.         0.         0.         0.         0.         0.         0.01       0.         0.         0.        ],[0. 0. 0. 0. 0. 0. 0. 0. 0. 0. 0. 0. 0. 0. 0. 0. 0. 0. 1. 0. 0. 0. 0. 0. 0. 0. 0. 1. 0. 0. 0.],500,100,0.3,0.004,1,5,idID,59,random
206,0.0017397401111579204,0.0017397401111579204,0.004397850015042001,[0.         0.         0.         0.         0.         0.         0.         0.         0.         0.         0.         0.         0.         0.         0.         0.         0.         0.         0.82630714 0.         0.         0.         0.         0.         0.         0.         0.         0.01       0.         0.         0.        ],[0. 0. 0. 0. 0. 0. 0. 0. 0. 0. 0. 0. 0. 0. 0. 0. 0. 0. 1. 0. 0. 0. 0. 0. 0. 0. 0. 1. 0. 0. 0.],500,100,0.3,0.004,1,5,idID,59,random
207,0.0017397401111579204,0.0017397401111579204,0.004397850015042001,[0.         0.         0.         0.         0.         0.         0.         0.         0.         0.         0.         0.         0.         0.         0.         0.         0.         0.         0.82630714 0.         0.         0.         0.         0.         0.         0.         0.         0.01       0.         0.         0.        ],[0. 0. 0. 0. 0. 0. 0. 0. 0. 0. 0. 0. 0. 0. 0. 0. 0. 0. 1. 0. 0. 0. 0. 0. 0. 0. 0. 1. 0. 0. 0.],500,100,0.3,0.004,1,5,idID,59,random
208,0.0017397401111579204,0.0017397401111579204,0.004397850015042001,[0.         0.         0.         0.         0.         0.         0.         0.         0.         0.         0.         0.         0.         0.         0.         0.         0.         0.         0.82630714 0.         0.         0.         0.         0.         0.         0.         0.         0.01       0.         0.         0.        ],[0. 0. 0. 0. 0. 0. 0. 0. 0. 0. 0. 0. 0. 0. 0. 0. 0. 0. 1. 0. 0. 0. 0. 0. 0. 0. 0. 1. 0. 0. 0.],500,100,0.3,0.004,1,5,idID,59,random
209,0.0017397401111579204,0.0017397401111579204,0.004397850015042001,[0.         0.         0.         0.         0.         0.         0.         0.         0.         0.         0.         0.         0.         0.         0.         0.         0.         0.         0.82630714 0.         0.         0.         0.         0.         0.         0.         0.         0.01       0.         0.         0.        ],[0. 0. 0. 0. 0. 0. 0. 0. 0. 0. 0. 0. 0. 0. 0. 0. 0. 0. 1. 0. 0. 0. 0. 0. 0. 0. 0. 1. 0. 0. 0.],500,100,0.3,0.004,1,5,idID,59,random
210,0.0017397401111579204,0.0017397401111579204,0.004397850015042001,[0.         0.         0.         0.         0.         0.         0.         0.         0.         0.         0.         0.         0.         0.         0.         0.         0.         0.         0.82630714 0.         0.         0.         0.         0.         0.         0.         0.         0.01       0.         0.         0.        ],[0. 0. 0. 0. 0. 0. 0. 0. 0. 0. 0. 0. 0. 0. 0. 0. 0. 0. 1. 0. 0. 0. 0. 0. 0. 0. 0. 1. 0. 0. 0.],500,100,0.3,0.004,1,5,idID,59,random
211,0.0017397401111579204,0.0017397401111579204,0.004397850015042001,[0.         0.         0.         0.         0.         0.         0.         0.         0.         0.         0.         0.         0.         0.         0.         0.         0.         0.         0.82630714 0.         0.         0.         0.         0.         0.         0.         0.         0.01       0.         0.         0.        ],[0. 0. 0. 0. 0. 0. 0. 0. 0. 0. 0. 0. 0. 0. 0. 0. 0. 0. 1. 0. 0. 0. 0. 0. 0. 0. 0. 1. 0. 0. 0.],500,100,0.3,0.004,1,5,idID,59,random
212,0.0017397401111579204,0.0017397401111579204,0.004397850015042001,[0.         0.         0.         0.         0.         0.         0.         0.         0.         0.         0.         0.         0.         0.         0.         0.         0.         0.         0.82630714 0.         0.         0.         0.         0.         0.         0.         0.         0.01       0.         0.         0.        ],[0. 0. 0. 0. 0. 0. 0. 0. 0. 0. 0. 0. 0. 0. 0. 0. 0. 0. 1. 0. 0. 0. 0. 0. 0. 0. 0. 1. 0. 0. 0.],500,100,0.3,0.004,1,5,idID,59,random
213,0.0017397401111579204,0.0017397401111579204,0.004397850015042001,[0.         0.         0.         0.         0.         0.         0.         0.         0.         0.         0.         0.         0.         0.         0.         0.         0.         0.         0.82630714 0.         0.         0.         0.         0.         0.         0.         0.         0.01       0.         0.         0.        ],[0. 0. 0. 0. 0. 0. 0. 0. 0. 0. 0. 0. 0. 0. 0. 0. 0. 0. 1. 0. 0. 0. 0. 0. 0. 0. 0. 1. 0. 0. 0.],500,100,0.3,0.004,1,5,idID,59,random
214,0.0017397401111579204,0.0017397401111579204,0.004397850015042001,[0.         0.         0.         0.         0.         0.         0.         0.         0.         0.         0.         0.         0.         0.         0.         0.         0.         0.         0.82630714 0.         0.         0.         0.         0.         0.         0.         0.         0.01       0.         0.         0.        ],[0. 0. 0. 0. 0. 0. 0. 0. 0. 0. 0. 0. 0. 0. 0. 0. 0. 0. 1. 0. 0. 0. 0. 0. 0. 0. 0. 1. 0. 0. 0.],500,100,0.3,0.004,1,5,idID,59,random
215,0.0017397401111579204,0.0017397401111579204,0.004397850015042001,[0.         0.         0.         0.         0.         0.         0.         0.         0.         0.         0.         0.         0.         0.         0.         0.         0.         0.         0.82630714 0.         0.         0.         0.         0.         0.         0.         0.         0.01       0.         0.         0.        ],[0. 0. 0. 0. 0. 0. 0. 0. 0. 0. 0. 0. 0. 0. 0. 0. 0. 0. 1. 0. 0. 0. 0. 0. 0. 0. 0. 1. 0. 0. 0.],500,100,0.3,0.004,1,5,idID,59,random
216,0.0017397401111579204,0.0017397401111579204,0.004397850015042001,[0.         0.         0.         0.         0.         0.         0.         0.         0.         0.         0.         0.         0.         0.         0.         0.         0.         0.         0.82630714 0.         0.         0.         0.         0.         0.         0.         0.         0.01       0.         0.         0.        ],[0. 0. 0. 0. 0. 0. 0. 0. 0. 0. 0. 0. 0. 0. 0. 0. 0. 0. 1. 0. 0. 0. 0. 0. 0. 0. 0. 1. 0. 0. 0.],500,100,0.3,0.004,1,5,idID,59,random
217,0.0017397401111579204,0.0017397401111579204,0.004397850015042001,[0.         0.         0.         0.         0.         0.         0.         0.         0.         0.         0.         0.         0.         0.         0.         0.         0.         0.         0.82630714 0.         0.         0.         0.         0.         0.         0.         0.         0.01       0.         0.         0.        ],[0. 0. 0. 0. 0. 0. 0. 0. 0. 0. 0. 0. 0. 0. 0. 0. 0. 0. 1. 0. 0. 0. 0. 0. 0. 0. 0. 1. 0. 0. 0.],500,100,0.3,0.004,1,5,idID,59,random
218,0.0017397401111579204,0.0017397401111579204,0.004397850015042001,[0.         0.         0.         0.         0.         0.         0.         0.         0.         0.         0.         0.         0.         0.         0.         0.         0.         0.         0.82630714 0.         0.         0.         0.         0.         0.         0.         0.         0.01       0.         0.         0.        ],[0. 0. 0. 0. 0. 0. 0. 0. 0. 0. 0. 0. 0. 0. 0. 0. 0. 0. 1. 0. 0. 0. 0. 0. 0. 0. 0. 1. 0. 0. 0.],500,100,0.3,0.004,1,5,idID,59,random
219,0.0017397401111579204,0.0017397401111579204,0.004397850015042001,[0.         0.         0.         0.         0.         0.         0.         0.         0.         0.         0.         0.         0.         0.         0.         0.         0.         0.         0.82630714 0.         0.         0.         0.         0.         0.         0.         0.         0.01       0.         0.         0.        ],[0. 0. 0. 0. 0. 0. 0. 0. 0. 0. 0. 0. 0. 0. 0. 0. 0. 0. 1. 0. 0. 0. 0. 0. 0. 0. 0. 1. 0. 0. 0.],500,100,0.3,0.004,1,5,idID,59,random
220,0.0017397401111579204,0.0017397401111579204,0.004397850015042001,[0.         0.         0.         0.         0.         0.         0.         0.         0.         0.         0.         0.         0.         0.         0.         0.         0.         0.         0.82630714 0.         0.         0.         0.         0.         0.         0.         0.         0.01       0.         0.         0.        ],[0. 0. 0. 0. 0. 0. 0. 0. 0. 0. 0. 0. 0. 0. 0. 0. 0. 0. 1. 0. 0. 0. 0. 0. 0. 0. 0. 1. 0. 0. 0.],500,100,0.3,0.004,1,5,idID,59,random
221,0.0017397401111579204,0.0017397401111579204,0.004397850015042001,[0.         0.         0.         0.         0.         0.         0.         0.         0.         0.         0.         0.         0.         0.         0.         0.         0.         0.         0.82630714 0.         0.         0.         0.         0.         0.         0.         0.         0.01       0.         0.         0.        ],[0. 0. 0. 0. 0. 0. 0. 0. 0. 0. 0. 0. 0. 0. 0. 0. 0. 0. 1. 0. 0. 0. 0. 0. 0. 0. 0. 1. 0. 0. 0.],500,100,0.3,0.004,1,5,idID,59,random
222,0.0017397401111579204,0.0017397401111579204,0.004397850015042001,[0.         0.         0.         0.         0.         0.         0.         0.         0.         0.         0.         0.         0.         0.         0.         0.         0.         0.         0.82630714 0.         0.         0.         0.         0.         0.         0.         0.         0.01       0.         0.         0.        ],[0. 0. 0. 0. 0. 0. 0. 0. 0. 0. 0. 0. 0. 0. 0. 0. 0. 0. 1. 0. 0. 0. 0. 0. 0. 0. 0. 1. 0. 0. 0.],500,100,0.3,0.004,1,5,idID,59,random
223,0.0017397401111579204,0.0017397401111579204,0.004397850015042001,[0.         0.         0.         0.         0.         0.         0.         0.         0.         0.         0.         0.         0.         0.         0.         0.         0.         0.         0.82630714 0.         0.         0.         0.         0.         0.         0.         0.         0.01       0.         0.         0.        ],[0. 0. 0. 0. 0. 0. 0. 0. 0. 0. 0. 0. 0. 0. 0. 0. 0. 0. 1. 0. 0. 0. 0. 0. 0. 0. 0. 1. 0. 0. 0.],500,100,0.3,0.004,1,5,idID,59,random
224,0.0017397401111579204,0.0017397401111579204,0.004397850015042001,[0.         0.         0.         0.         0.         0.         0.         0.         0.         0.         0.         0.         0.         0.         0.         0.         0.         0.         0.82630714 0.         0.         0.         0.         0.         0.         0.         0.         0.01       0.         0.         0.        ],[0. 0. 0. 0. 0. 0. 0. 0. 0. 0. 0. 0. 0. 0. 0. 0. 0. 0. 1. 0. 0. 0. 0. 0. 0. 0. 0. 1. 0. 0. 0.],500,100,0.3,0.004,1,5,idID,59,random
225,0.0017397401111579204,0.0017397401111579204,0.004397850015042001,[0.         0.         0.         0.         0.         0.         0.         0.         0.         0.         0.         0.         0.         0.         0.         0.         0.         0.         0.82630714 0.         0.         0.         0.         0.         0.         0.         0.         0.01       0.         0.         0.        ],[0. 0. 0. 0. 0. 0. 0. 0. 0. 0. 0. 0. 0. 0. 0. 0. 0. 0. 1. 0. 0. 0. 0. 0. 0. 0. 0. 1. 0. 0. 0.],500,100,0.3,0.004,1,5,idID,59,random
226,0.0017397401111579204,0.0017397401111579204,0.004397850015042001,[0.         0.         0.         0.         0.         0.         0.         0.         0.         0.         0.         0.         0.         0.         0.         0.         0.         0.         0.82630714 0.         0.         0.         0.         0.         0.         0.         0.         0.01       0.         0.         0.        ],[0. 0. 0. 0. 0. 0. 0. 0. 0. 0. 0. 0. 0. 0. 0. 0. 0. 0. 1. 0. 0. 0. 0. 0. 0. 0. 0. 1. 0. 0. 0.],500,100,0.3,0.004,1,5,idID,59,random
227,0.0017397401111579204,0.0017397401111579204,0.004397850015042001,[0.         0.         0.         0.         0.         0.         0.         0.         0.         0.         0.         0.         0.         0.         0.         0.         0.         0.         0.82630714 0.         0.         0.         0.         0.         0.         0.         0.         0.01       0.         0.         0.        ],[0. 0. 0. 0. 0. 0. 0. 0. 0. 0. 0. 0. 0. 0. 0. 0. 0. 0. 1. 0. 0. 0. 0. 0. 0. 0. 0. 1. 0. 0. 0.],500,100,0.3,0.004,1,5,idID,59,random
228,0.0017397401111579204,0.0017397401111579204,0.004397850015042001,[0.         0.         0.         0.         0.         0.         0.         0.         0.         0.         0.         0.         0.         0.         0.         0.         0.         0.         0.82630714 0.         0.         0.         0.         0.         0.         0.         0.         0.01       0.         0.         0.        ],[0. 0. 0. 0. 0. 0. 0. 0. 0. 0. 0. 0. 0. 0. 0. 0. 0. 0. 1. 0. 0. 0. 0. 0. 0. 0. 0. 1. 0. 0. 0.],500,100,0.3,0.004,1,5,idID,59,random
229,0.0017397401111579204,0.0017397401111579204,0.004397850015042001,[0.         0.         0.         0.         0.         0.         0.         0.         0.         0.         0.         0.         0.         0.         0.         0.         0.         0.         0.82630714 0.         0.         0.         0.         0.         0.         0.         0.         0.01       0.         0.         0.        ],[0. 0. 0. 0. 0. 0. 0. 0. 0. 0. 0. 0. 0. 0. 0. 0. 0. 0. 1. 0. 0. 0. 0. 0. 0. 0. 0. 1. 0. 0. 0.],500,100,0.3,0.004,1,5,idID,59,random
230,0.0017397401111579204,0.0017397401111579204,0.004397850015042001,[0.         0.         0.         0.         0.         0.         0.         0.         0.         0.         0.         0.         0.         0.         0.         0.         0.         0.         0.82630714 0.         0.         0.         0.         0.         0.         0.         0.         0.01       0.         0.         0.        ],[0. 0. 0. 0. 0. 0. 0. 0. 0. 0. 0. 0. 0. 0. 0. 0. 0. 0. 1. 0. 0. 0. 0. 0. 0. 0. 0. 1. 0. 0. 0.],500,100,0.3,0.004,1,5,idID,59,random
231,0.0017397401111579204,0.0017397401111579204,0.004397850015042001,[0.         0.         0.         0.         0.         0.         0.         0.         0.         0.         0.         0.         0.         0.         0.         0.         0.         0.         0.82630714 0.         0.         0.         0.         0.         0.         0.         0.         0.01       0.         0.         0.        ],[0. 0. 0. 0. 0. 0. 0. 0. 0. 0. 0. 0. 0. 0. 0. 0. 0. 0. 1. 0. 0. 0. 0. 0. 0. 0. 0. 1. 0. 0. 0.],500,100,0.3,0.004,1,5,idID,59,random
232,0.0017397401111579204,0.0017397401111579204,0.004397850015042001,[0.         0.         0.         0.         0.         0.         0.         0.         0.         0.         0.         0.         0.         0.         0.         0.         0.         0.         0.82630714 0.         0.         0.         0.         0.         0.         0.         0.         0.01       0.         0.         0.        ],[0. 0. 0. 0. 0. 0. 0. 0. 0. 0. 0. 0. 0. 0. 0. 0. 0. 0. 1. 0. 0. 0. 0. 0. 0. 0. 0. 1. 0. 0. 0.],500,100,0.3,0.004,1,5,idID,59,random
233,0.0017397401111579204,0.0017397401111579204,0.004397850015042001,[0.         0.         0.         0.         0.         0.         0.         0.         0.         0.         0.         0.         0.         0.         0.         0.         0.         0.         0.82630714 0.         0.         0.         0.         0.         0.         0.         0.         0.01       0.         0.         0.        ],[0. 0. 0. 0. 0. 0. 0. 0. 0. 0. 0. 0. 0. 0. 0. 0. 0. 0. 1. 0. 0. 0. 0. 0. 0. 0. 0. 1. 0. 0. 0.],500,100,0.3,0.004,1,5,idID,59,random
234,0.0017397401111579204,0.0017397401111579204,0.004397850015042001,[0.         0.         0.         0.         0.         0.         0.         0.         0.         0.         0.         0.         0.         0.         0.         0.         0.         0.         0.82630714 0.         0.         0.         0.         0.         0.         0.         0.         0.01       0.         0.         0.        ],[0. 0. 0. 0. 0. 0. 0. 0. 0. 0. 0. 0. 0. 0. 0. 0. 0. 0. 1. 0. 0. 0. 0. 0. 0. 0. 0. 1. 0. 0. 0.],500,100,0.3,0.004,1,5,idID,59,random
235,0.0017397401111579204,0.0017397401111579204,0.004397850015042001,[0.         0.         0.         0.         0.         0.         0.         0.         0.         0.         0.         0.         0.         0.         0.         0.         0.         0.         0.82630714 0.         0.         0.         0.         0.         0.         0.         0.         0.01       0.         0.         0.        ],[0. 0. 0. 0. 0. 0. 0. 0. 0. 0. 0. 0. 0. 0. 0. 0. 0. 0. 1. 0. 0. 0. 0. 0. 0. 0. 0. 1. 0. 0. 0.],500,100,0.3,0.004,1,5,idID,59,random
236,0.0017397401111579204,0.0017397401111579204,0.004397850015042001,[0.         0.         0.         0.         0.         0.         0.         0.         0.         0.         0.         0.         0.         0.         0.         0.         0.         0.         0.82630714 0.         0.         0.         0.         0.         0.         0.         0.         0.01       0.         0.         0.        ],[0. 0. 0. 0. 0. 0. 0. 0. 0. 0. 0. 0. 0. 0. 0. 0. 0. 0. 1. 0. 0. 0. 0. 0. 0. 0. 0. 1. 0. 0. 0.],500,100,0.3,0.004,1,5,idID,59,random
237,0.0017397401111579204,0.0017397401111579204,0.004397850015042001,[0.         0.         0.         0.         0.         0.         0.         0.         0.         0.         0.         0.         0.         0.         0.         0.         0.         0.         0.82630714 0.         0.         0.         0.         0.         0.         0.         0.         0.01       0.         0.         0.        ],[0. 0. 0. 0. 0. 0. 0. 0. 0. 0. 0. 0. 0. 0. 0. 0. 0. 0. 1. 0. 0. 0. 0. 0. 0. 0. 0. 1. 0. 0. 0.],500,100,0.3,0.004,1,5,idID,59,random
238,0.0017397401111579204,0.0017397401111579204,0.004397850015042001,[0.         0.         0.         0.         0.         0.         0.         0.         0.         0.         0.         0.         0.         0.         0.         0.         0.         0.         0.82630714 0.         0.         0.         0.         0.         0.         0.         0.         0.01       0.         0.         0.        ],[0. 0. 0. 0. 0. 0. 0. 0. 0. 0. 0. 0. 0. 0. 0. 0. 0. 0. 1. 0. 0. 0. 0. 0. 0. 0. 0. 1. 0. 0. 0.],500,100,0.3,0.004,1,5,idID,59,random
239,0.0017397401111579204,0.0017397401111579204,0.004397850015042001,[0.         0.         0.         0.         0.         0.         0.         0.         0.         0.         0.         0.         0.         0.         0.         0.         0.         0.         0.82630714 0.         0.         0.         0.         0.         0.         0.         0.         0.01       0.         0.         0.        ],[0. 0. 0. 0. 0. 0. 0. 0. 0. 0. 0. 0. 0. 0. 0. 0. 0. 0. 1. 0. 0. 0. 0. 0. 0. 0. 0. 1. 0. 0. 0.],500,100,0.3,0.004,1,5,idID,59,random
240,0.0017397401111579204,0.0017397401111579204,0.004397850015042001,[0.         0.         0.         0.         0.         0.         0.         0.         0.         0.         0.         0.         0.         0.         0.         0.         0.         0.         0.82630714 0.         0.         0.         0.         0.         0.         0.         0.         0.01       0.         0.         0.        ],[0. 0. 0. 0. 0. 0. 0. 0. 0. 0. 0. 0. 0. 0. 0. 0. 0. 0. 1. 0. 0. 0. 0. 0. 0. 0. 0. 1. 0. 0. 0.],500,100,0.3,0.004,1,5,idID,59,random
241,0.0017397401111579204,0.0017397401111579204,0.004397850015042001,[0.         0.         0.         0.         0.         0.         0.         0.         0.         0.         0.         0.         0.         0.         0.         0.         0.         0.         0.82630714 0.         0.         0.         0.         0.         0.         0.         0.         0.01       0.         0.         0.        ],[0. 0. 0. 0. 0. 0. 0. 0. 0. 0. 0. 0. 0. 0. 0. 0. 0. 0. 1. 0. 0. 0. 0. 0. 0. 0. 0. 1. 0. 0. 0.],500,100,0.3,0.004,1,5,idID,59,random
242,0.0017397401111579204,0.0017397401111579204,0.004397850015042001,[0.         0.         0.         0.         0.         0.         0.         0.         0.         0.         0.         0.         0.         0.         0.         0.         0.         0.         0.82630714 0.         0.         0.         0.         0.         0.         0.         0.         0.01       0.         0.         0.        ],[0. 0. 0. 0. 0. 0. 0. 0. 0. 0. 0. 0. 0. 0. 0. 0. 0. 0. 1. 0. 0. 0. 0. 0. 0. 0. 0. 1. 0. 0. 0.],500,100,0.3,0.004,1,5,idID,59,random
243,0.0017397401111579204,0.0017397401111579204,0.004397850015042001,[0.         0.         0.         0.         0.         0.         0.         0.         0.         0.         0.         0.         0.         0.         0.         0.         0.         0.         0.82630714 0.         0.         0.         0.         0.         0.         0.         0.         0.01       0.         0.         0.        ],[0. 0. 0. 0. 0. 0. 0. 0. 0. 0. 0. 0. 0. 0. 0. 0. 0. 0. 1. 0. 0. 0. 0. 0. 0. 0. 0. 1. 0. 0. 0.],500,100,0.3,0.004,1,5,idID,59,random
244,0.0017397401111579204,0.0017397401111579204,0.004397850015042001,[0.         0.         0.         0.         0.         0.         0.         0.         0.         0.         0.         0.         0.         0.         0.         0.         0.         0.         0.82630714 0.         0.         0.         0.         0.         0.         0.         0.         0.01       0.         0.         0.        ],[0. 0. 0. 0. 0. 0. 0. 0. 0. 0. 0. 0. 0. 0. 0. 0. 0. 0. 1. 0. 0. 0. 0. 0. 0. 0. 0. 1. 0. 0. 0.],500,100,0.3,0.004,1,5,idID,59,random
245,0.0017397401111579204,0.0017397401111579204,0.004397850015042001,[0.         0.         0.         0.         0.         0.         0.         0.         0.         0.         0.         0.         0.         0.         0.         0.         0.         0.         0.82630714 0.         0.         0.         0.         0.         0.         0.         0.         0.01       0.         0.         0.        ],[0. 0. 0. 0. 0. 0. 0. 0. 0. 0. 0. 0. 0. 0. 0. 0. 0. 0. 1. 0. 0. 0. 0. 0. 0. 0. 0. 1. 0. 0. 0.],500,100,0.3,0.004,1,5,idID,59,random
246,0.0017397401111579204,0.0017397401111579204,0.004397850015042001,[0.         0.         0.         0.         0.         0.         0.         0.         0.         0.         0.         0.         0.         0.         0.         0.         0.         0.         0.82630714 0.         0.         0.         0.         0.         0.         0.         0.         0.01       0.         0.         0.        ],[0. 0. 0. 0. 0. 0. 0. 0. 0. 0. 0. 0. 0. 0. 0. 0. 0. 0. 1. 0. 0. 0. 0. 0. 0. 0. 0. 1. 0. 0. 0.],500,100,0.3,0.004,1,5,idID,59,random
247,0.0017397401111579204,0.0017397401111579204,0.004397850015042001,[0.         0.         0.         0.         0.         0.         0.         0.         0.         0.         0.         0.         0.         0.         0.         0.         0.         0.         0.82630714 0.         0.         0.         0.         0.         0.         0.         0.         0.01       0.         0.         0.        ],[0. 0. 0. 0. 0. 0. 0. 0. 0. 0. 0. 0. 0. 0. 0. 0. 0. 0. 1. 0. 0. 0. 0. 0. 0. 0. 0. 1. 0. 0. 0.],500,100,0.3,0.004,1,5,idID,59,random
248,0.0017397401111579204,0.0017397401111579204,0.004397850015042001,[0.         0.         0.         0.         0.         0.         0.         0.         0.         0.         0.         0.         0.         0.         0.         0.         0.         0.         0.82630714 0.         0.         0.         0.         0.         0.         0.         0.         0.01       0.         0.         0.        ],[0. 0. 0. 0. 0. 0. 0. 0. 0. 0. 0. 0. 0. 0. 0. 0. 0. 0. 1. 0. 0. 0. 0. 0. 0. 0. 0. 1. 0. 0. 0.],500,100,0.3,0.004,1,5,idID,59,random
249,0.0017397401111579204,0.0017397401111579204,0.004397850015042001,[0.         0.         0.         0.         0.         0.         0.         0.         0.         0.         0.         0.         0.         0.         0.         0.         0.         0.         0.82630714 0.         0.         0.         0.         0.         0.         0.         0.         0.01       0.         0.         0.        ],[0. 0. 0. 0. 0. 0. 0. 0. 0. 0. 0. 0. 0. 0. 0. 0. 0. 0. 1. 0. 0. 0. 0. 0. 0. 0. 0. 1. 0. 0. 0.],500,100,0.3,0.004,1,5,idID,59,random
250,0.0017397401111579204,0.0017397401111579204,0.004397850015042001,[0.         0.         0.         0.         0.         0.         0.         0.         0.         0.         0.         0.         0.         0.         0.         0.         0.         0.         0.82630714 0.         0.         0.         0.         0.         0.         0.         0.         0.01       0.         0.         0.        ],[0. 0. 0. 0. 0. 0. 0. 0. 0. 0. 0. 0. 0. 0. 0. 0. 0. 0. 1. 0. 0. 0. 0. 0. 0. 0. 0. 1. 0. 0. 0.],500,100,0.3,0.004,1,5,idID,59,random
251,0.0017397401111579204,0.0017397401111579204,0.004397850015042001,[0.         0.         0.         0.         0.         0.         0.         0.         0.         0.         0.         0.         0.         0.         0.         0.         0.         0.         0.82630714 0.         0.         0.         0.         0.         0.         0.         0.         0.01       0.         0.         0.        ],[0. 0. 0. 0. 0. 0. 0. 0. 0. 0. 0. 0. 0. 0. 0. 0. 0. 0. 1. 0. 0. 0. 0. 0. 0. 0. 0. 1. 0. 0. 0.],500,100,0.3,0.004,1,5,idID,59,random
252,0.0017397401111579204,0.0017397401111579204,0.004397850015042001,[0.         0.         0.         0.         0.         0.         0.         0.         0.         0.         0.         0.         0.         0.         0.         0.         0.         0.         0.82630714 0.         0.         0.         0.         0.         0.         0.         0.         0.01       0.         0.         0.        ],[0. 0. 0. 0. 0. 0. 0. 0. 0. 0. 0. 0. 0. 0. 0. 0. 0. 0. 1. 0. 0. 0. 0. 0. 0. 0. 0. 1. 0. 0. 0.],500,100,0.3,0.004,1,5,idID,59,random
253,0.0017397401111579204,0.0017397401111579204,0.004397850015042001,[0.         0.         0.         0.         0.         0.         0.         0.         0.         0.         0.         0.         0.         0.         0.         0.         0.         0.         0.82630714 0.         0.         0.         0.         0.         0.         0.         0.         0.01       0.         0.         0.        ],[0. 0. 0. 0. 0. 0. 0. 0. 0. 0. 0. 0. 0. 0. 0. 0. 0. 0. 1. 0. 0. 0. 0. 0. 0. 0. 0. 1. 0. 0. 0.],500,100,0.3,0.004,1,5,idID,59,random
254,0.0017397401111579204,0.0017397401111579204,0.004397850015042001,[0.         0.         0.         0.         0.         0.         0.         0.         0.         0.         0.         0.         0.         0.         0.         0.         0.         0.         0.82630714 0.         0.         0.         0.         0.         0.         0.         0.         0.01       0.         0.         0.        ],[0. 0. 0. 0. 0. 0. 0. 0. 0. 0. 0. 0. 0. 0. 0. 0. 0. 0. 1. 0. 0. 0. 0. 0. 0. 0. 0. 1. 0. 0. 0.],500,100,0.3,0.004,1,5,idID,59,random
255,0.0017397401111579204,0.0017397401111579204,0.004397850015042001,[0.         0.         0.         0.         0.         0.         0.         0.         0.         0.         0.         0.         0.         0.         0.         0.         0.         0.         0.82630714 0.         0.         0.         0.         0.         0.         0.         0.         0.01       0.         0.         0.        ],[0. 0. 0. 0. 0. 0. 0. 0. 0. 0. 0. 0. 0. 0. 0. 0. 0. 0. 1. 0. 0. 0. 0. 0. 0. 0. 0. 1. 0. 0. 0.],500,100,0.3,0.004,1,5,idID,59,random
256,0.0017397401111579204,0.0017397401111579204,0.004397850015042001,[0.         0.         0.         0.         0.         0.         0.         0.         0.         0.         0.         0.         0.         0.         0.         0.         0.         0.         0.82630714 0.         0.         0.         0.         0.         0.         0.         0.         0.01       0.         0.         0.        ],[0. 0. 0. 0. 0. 0. 0. 0. 0. 0. 0. 0. 0. 0. 0. 0. 0. 0. 1. 0. 0. 0. 0. 0. 0. 0. 0. 1. 0. 0. 0.],500,100,0.3,0.004,1,5,idID,59,random
257,0.0017397401111579204,0.0017397401111579204,0.004397850015042001,[0.         0.         0.         0.         0.         0.         0.         0.         0.         0.         0.         0.         0.         0.         0.         0.         0.         0.         0.82630714 0.         0.         0.         0.         0.         0.         0.         0.         0.01       0.         0.         0.        ],[0. 0. 0. 0. 0. 0. 0. 0. 0. 0. 0. 0. 0. 0. 0. 0. 0. 0. 1. 0. 0. 0. 0. 0. 0. 0. 0. 1. 0. 0. 0.],500,100,0.3,0.004,1,5,idID,59,random
258,0.0017397401111579204,0.0017397401111579204,0.004397850015042001,[0.         0.         0.         0.         0.         0.         0.         0.         0.         0.         0.         0.         0.         0.         0.         0.         0.         0.         0.82630714 0.         0.         0.         0.         0.         0.         0.         0.         0.01       0.         0.         0.        ],[0. 0. 0. 0. 0. 0. 0. 0. 0. 0. 0. 0. 0. 0. 0. 0. 0. 0. 1. 0. 0. 0. 0. 0. 0. 0. 0. 1. 0. 0. 0.],500,100,0.3,0.004,1,5,idID,59,random
259,0.0017397401111579204,0.0017397401111579204,0.004397850015042001,[0.         0.         0.         0.         0.         0.         0.         0.         0.         0.         0.         0.         0.         0.         0.         0.         0.         0.         0.82630714 0.         0.         0.         0.         0.         0.         0.         0.         0.01       0.         0.         0.        ],[0. 0. 0. 0. 0. 0. 0. 0. 0. 0. 0. 0. 0. 0. 0. 0. 0. 0. 1. 0. 0. 0. 0. 0. 0. 0. 0. 1. 0. 0. 0.],500,100,0.3,0.004,1,5,idID,59,random
260,0.0017397401111579204,0.0017397401111579204,0.004397850015042001,[0.         0.         0.         0.         0.         0.         0.         0.         0.         0.         0.         0.         0.         0.         0.         0.         0.         0.         0.82630714 0.         0.         0.         0.         0.         0.         0.         0.         0.01       0.         0.         0.        ],[0. 0. 0. 0. 0. 0. 0. 0. 0. 0. 0. 0. 0. 0. 0. 0. 0. 0. 1. 0. 0. 0. 0. 0. 0. 0. 0. 1. 0. 0. 0.],500,100,0.3,0.004,1,5,idID,59,random
261,0.0017397401111579204,0.0017397401111579204,0.004397850015042001,[0.         0.         0.         0.         0.         0.         0.         0.         0.         0.         0.         0.         0.         0.         0.         0.         0.         0.         0.82630714 0.         0.         0.         0.         0.         0.         0.         0.         0.01       0.         0.         0.        ],[0. 0. 0. 0. 0. 0. 0. 0. 0. 0. 0. 0. 0. 0. 0. 0. 0. 0. 1. 0. 0. 0. 0. 0. 0. 0. 0. 1. 0. 0. 0.],500,100,0.3,0.004,1,5,idID,59,random
262,0.0017397401111579204,0.0017397401111579204,0.004397850015042001,[0.         0.         0.         0.         0.         0.         0.         0.         0.         0.         0.         0.         0.         0.         0.         0.         0.         0.         0.82630714 0.         0.         0.         0.         0.         0.         0.         0.         0.01       0.         0.         0.        ],[0. 0. 0. 0. 0. 0. 0. 0. 0. 0. 0. 0. 0. 0. 0. 0. 0. 0. 1. 0. 0. 0. 0. 0. 0. 0. 0. 1. 0. 0. 0.],500,100,0.3,0.004,1,5,idID,59,random
263,0.0017397401111579204,0.0017397401111579204,0.004397850015042001,[0.         0.         0.         0.         0.         0.         0.         0.         0.         0.         0.         0.         0.         0.         0.         0.         0.         0.         0.82630714 0.         0.         0.         0.         0.         0.         0.         0.         0.01       0.         0.         0.        ],[0. 0. 0. 0. 0. 0. 0. 0. 0. 0. 0. 0. 0. 0. 0. 0. 0. 0. 1. 0. 0. 0. 0. 0. 0. 0. 0. 1. 0. 0. 0.],500,100,0.3,0.004,1,5,idID,59,random
264,0.0017397401111579204,0.0017397401111579204,0.004397850015042001,[0.         0.         0.         0.         0.         0.         0.         0.         0.         0.         0.         0.         0.         0.         0.         0.         0.         0.         0.82630714 0.         0.         0.         0.         0.         0.         0.         0.         0.01       0.         0.         0.        ],[0. 0. 0. 0. 0. 0. 0. 0. 0. 0. 0. 0. 0. 0. 0. 0. 0. 0. 1. 0. 0. 0. 0. 0. 0. 0. 0. 1. 0. 0. 0.],500,100,0.3,0.004,1,5,idID,59,random
265,0.0017397401111579204,0.0017397401111579204,0.004397850015042001,[0.         0.         0.         0.         0.         0.         0.         0.         0.         0.         0.         0.         0.         0.         0.         0.         0.         0.         0.82630714 0.         0.         0.         0.         0.         0.         0.         0.         0.01       0.         0.         0.        ],[0. 0. 0. 0. 0. 0. 0. 0. 0. 0. 0. 0. 0. 0. 0. 0. 0. 0. 1. 0. 0. 0. 0. 0. 0. 0. 0. 1. 0. 0. 0.],500,100,0.3,0.004,1,5,idID,59,random
266,0.0017397401111579204,0.0017397401111579204,0.004397850015042001,[0.         0.         0.         0.         0.         0.         0.         0.         0.         0.         0.         0.         0.         0.         0.         0.         0.         0.         0.82630714 0.         0.         0.         0.         0.         0.         0.         0.         0.01       0.         0.         0.        ],[0. 0. 0. 0. 0. 0. 0. 0. 0. 0. 0. 0. 0. 0. 0. 0. 0. 0. 1. 0. 0. 0. 0. 0. 0. 0. 0. 1. 0. 0. 0.],500,100,0.3,0.004,1,5,idID,59,random
267,0.0017397401111579204,0.0017397401111579204,0.004397850015042001,[0.         0.         0.         0.         0.         0.         0.         0.         0.         0.         0.         0.         0.         0.         0.         0.         0.         0.         0.82630714 0.         0.         0.         0.         0.         0.         0.         0.         0.01       0.         0.         0.        ],[0. 0. 0. 0. 0. 0. 0. 0. 0. 0. 0. 0. 0. 0. 0. 0. 0. 0. 1. 0. 0. 0. 0. 0. 0. 0. 0. 1. 0. 0. 0.],500,100,0.3,0.004,1,5,idID,59,random
268,0.0017397401111579204,0.0017397401111579204,0.004397850015042001,[0.         0.         0.         0.         0.         0.         0.         0.         0.         0.         0.         0.         0.         0.         0.         0.         0.         0.         0.82630714 0.         0.         0.         0.         0.         0.         0.         0.         0.01       0.         0.         0.        ],[0. 0. 0. 0. 0. 0. 0. 0. 0. 0. 0. 0. 0. 0. 0. 0. 0. 0. 1. 0. 0. 0. 0. 0. 0. 0. 0. 1. 0. 0. 0.],500,100,0.3,0.004,1,5,idID,59,random
269,0.0017397401111579204,0.0017397401111579204,0.004397850015042001,[0.         0.         0.         0.         0.         0.         0.         0.         0.         0.         0.         0.         0.         0.         0.         0.         0.         0.         0.82630714 0.         0.         0.         0.         0.         0.         0.         0.         0.01       0.         0.         0.        ],[0. 0. 0. 0. 0. 0. 0. 0. 0. 0. 0. 0. 0. 0. 0. 0. 0. 0. 1. 0. 0. 0. 0. 0. 0. 0. 0. 1. 0. 0. 0.],500,100,0.3,0.004,1,5,idID,59,random
270,0.0017397401111579204,0.0017397401111579204,0.004397850015042001,[0.         0.         0.         0.         0.         0.         0.         0.         0.         0.         0.         0.         0.         0.         0.         0.         0.         0.         0.82630714 0.         0.         0.         0.         0.         0.         0.         0.         0.01       0.         0.         0.        ],[0. 0. 0. 0. 0. 0. 0. 0. 0. 0. 0. 0. 0. 0. 0. 0. 0. 0. 1. 0. 0. 0. 0. 0. 0. 0. 0. 1. 0. 0. 0.],500,100,0.3,0.004,1,5,idID,59,random
271,0.0017397401111579204,0.0017397401111579204,0.004397850015042001,[0.         0.         0.         0.         0.         0.         0.         0.         0.         0.         0.         0.         0.         0.         0.         0.         0.         0.         0.82630714 0.         0.         0.         0.         0.         0.         0.         0.         0.01       0.         0.         0.        ],[0. 0. 0. 0. 0. 0. 0. 0. 0. 0. 0. 0. 0. 0. 0. 0. 0. 0. 1. 0. 0. 0. 0. 0. 0. 0. 0. 1. 0. 0. 0.],500,100,0.3,0.004,1,5,idID,59,random
272,0.0017397401111579204,0.0017397401111579204,0.004397850015042001,[0.         0.         0.         0.         0.         0.         0.         0.         0.         0.         0.         0.         0.         0.         0.         0.         0.         0.         0.82630714 0.         0.         0.         0.         0.         0.         0.         0.         0.01       0.         0.         0.        ],[0. 0. 0. 0. 0. 0. 0. 0. 0. 0. 0. 0. 0. 0. 0. 0. 0. 0. 1. 0. 0. 0. 0. 0. 0. 0. 0. 1. 0. 0. 0.],500,100,0.3,0.004,1,5,idID,59,random
273,0.0017397401111579204,0.0017397401111579204,0.004397850015042001,[0.         0.         0.         0.         0.         0.         0.         0.         0.         0.         0.         0.         0.         0.         0.         0.         0.         0.         0.82630714 0.         0.         0.         0.         0.         0.         0.         0.         0.01       0.         0.         0.        ],[0. 0. 0. 0. 0. 0. 0. 0. 0. 0. 0. 0. 0. 0. 0. 0. 0. 0. 1. 0. 0. 0. 0. 0. 0. 0. 0. 1. 0. 0. 0.],500,100,0.3,0.004,1,5,idID,59,random
274,0.0017397401111579204,0.0017397401111579204,0.004397850015042001,[0.         0.         0.         0.         0.         0.         0.         0.         0.         0.         0.         0.         0.         0.         0.         0.         0.         0.         0.82630714 0.         0.         0.         0.         0.         0.         0.         0.         0.01       0.         0.         0.        ],[0. 0. 0. 0. 0. 0. 0. 0. 0. 0. 0. 0. 0. 0. 0. 0. 0. 0. 1. 0. 0. 0. 0. 0. 0. 0. 0. 1. 0. 0. 0.],500,100,0.3,0.004,1,5,idID,59,random
275,0.0017397401111579204,0.0017397401111579204,0.004397850015042001,[0.         0.         0.         0.         0.         0.         0.         0.         0.         0.         0.         0.         0.         0.         0.         0.         0.         0.         0.82630714 0.         0.         0.         0.         0.         0.         0.         0.         0.01       0.         0.         0.        ],[0. 0. 0. 0. 0. 0. 0. 0. 0. 0. 0. 0. 0. 0. 0. 0. 0. 0. 1. 0. 0. 0. 0. 0. 0. 0. 0. 1. 0. 0. 0.],500,100,0.3,0.004,1,5,idID,59,random
276,0.0017397401111579204,0.0017397401111579204,0.004397850015042001,[0.         0.         0.         0.         0.         0.         0.         0.         0.         0.         0.         0.         0.         0.         0.         0.         0.         0.         0.82630714 0.         0.         0.         0.         0.         0.         0.         0.         0.01       0.         0.         0.        ],[0. 0. 0. 0. 0. 0. 0. 0. 0. 0. 0. 0. 0. 0. 0. 0. 0. 0. 1. 0. 0. 0. 0. 0. 0. 0. 0. 1. 0. 0. 0.],500,100,0.3,0.004,1,5,idID,59,random
277,0.0017397401111579204,0.0017397401111579204,0.004397850015042001,[0.         0.         0.         0.         0.         0.         0.         0.         0.         0.         0.         0.         0.         0.         0.         0.         0.         0.         0.82630714 0.         0.         0.         0.         0.         0.         0.         0.         0.01       0.         0.         0.        ],[0. 0. 0. 0. 0. 0. 0. 0. 0. 0. 0. 0. 0. 0. 0. 0. 0. 0. 1. 0. 0. 0. 0. 0. 0. 0. 0. 1. 0. 0. 0.],500,100,0.3,0.004,1,5,idID,59,random
278,0.0017397401111579204,0.0017397401111579204,0.004397850015042001,[0.         0.         0.         0.         0.         0.         0.         0.         0.         0.         0.         0.         0.         0.         0.         0.         0.         0.         0.82630714 0.         0.         0.         0.         0.         0.         0.         0.         0.01       0.         0.         0.        ],[0. 0. 0. 0. 0. 0. 0. 0. 0. 0. 0. 0. 0. 0. 0. 0. 0. 0. 1. 0. 0. 0. 0. 0. 0. 0. 0. 1. 0. 0. 0.],500,100,0.3,0.004,1,5,idID,59,random
279,0.0017397401111579204,0.0017397401111579204,0.004397850015042001,[0.         0.         0.         0.         0.         0.         0.         0.         0.         0.         0.         0.         0.         0.         0.         0.         0.         0.         0.82630714 0.         0.         0.         0.         0.         0.         0.         0.         0.01       0.         0.         0.        ],[0. 0. 0. 0. 0. 0. 0. 0. 0. 0. 0. 0. 0. 0. 0. 0. 0. 0. 1. 0. 0. 0. 0. 0. 0. 0. 0. 1. 0. 0. 0.],500,100,0.3,0.004,1,5,idID,59,random
280,0.0017397401111579204,0.0017397401111579204,0.004397850015042001,[0.         0.         0.         0.         0.         0.         0.         0.         0.         0.         0.         0.         0.         0.         0.         0.         0.         0.         0.82630714 0.         0.         0.         0.         0.         0.         0.         0.         0.01       0.         0.         0.        ],[0. 0. 0. 0. 0. 0. 0. 0. 0. 0. 0. 0. 0. 0. 0. 0. 0. 0. 1. 0. 0. 0. 0. 0. 0. 0. 0. 1. 0. 0. 0.],500,100,0.3,0.004,1,5,idID,59,random
281,0.0017397401111579204,0.0017397401111579204,0.004397850015042001,[0.         0.         0.         0.         0.         0.         0.         0.         0.         0.         0.         0.         0.         0.         0.         0.         0.         0.         0.82630714 0.         0.         0.         0.         0.         0.         0.         0.         0.01       0.         0.         0.        ],[0. 0. 0. 0. 0. 0. 0. 0. 0. 0. 0. 0. 0. 0. 0. 0. 0. 0. 1. 0. 0. 0. 0. 0. 0. 0. 0. 1. 0. 0. 0.],500,100,0.3,0.004,1,5,idID,59,random
282,0.0017397401111579204,0.0017397401111579204,0.004397850015042001,[0.         0.         0.         0.         0.         0.         0.         0.         0.         0.         0.         0.         0.         0.         0.         0.         0.         0.         0.82630714 0.         0.         0.         0.         0.         0.         0.         0.         0.01       0.         0.         0.        ],[0. 0. 0. 0. 0. 0. 0. 0. 0. 0. 0. 0. 0. 0. 0. 0. 0. 0. 1. 0. 0. 0. 0. 0. 0. 0. 0. 1. 0. 0. 0.],500,100,0.3,0.004,1,5,idID,59,random
283,0.0017397401111579204,0.0017397401111579204,0.004397850015042001,[0.         0.         0.         0.         0.         0.         0.         0.         0.         0.         0.         0.         0.         0.         0.         0.         0.         0.         0.82630714 0.         0.         0.         0.         0.         0.         0.         0.         0.01       0.         0.         0.        ],[0. 0. 0. 0. 0. 0. 0. 0. 0. 0. 0. 0. 0. 0. 0. 0. 0. 0. 1. 0. 0. 0. 0. 0. 0. 0. 0. 1. 0. 0. 0.],500,100,0.3,0.004,1,5,idID,59,random
284,0.0017397401111579204,0.0017397401111579204,0.004397850015042001,[0.         0.         0.         0.         0.         0.         0.         0.         0.         0.         0.         0.         0.         0.         0.         0.         0.         0.         0.82630714 0.         0.         0.         0.         0.         0.         0.         0.         0.01       0.         0.         0.        ],[0. 0. 0. 0. 0. 0. 0. 0. 0. 0. 0. 0. 0. 0. 0. 0. 0. 0. 1. 0. 0. 0. 0. 0. 0. 0. 0. 1. 0. 0. 0.],500,100,0.3,0.004,1,5,idID,59,random
285,0.0017397401111579204,0.0017397401111579204,0.004397850015042001,[0.         0.         0.         0.         0.         0.         0.         0.         0.         0.         0.         0.         0.         0.         0.         0.         0.         0.         0.82630714 0.         0.         0.         0.         0.         0.         0.         0.         0.01       0.         0.         0.        ],[0. 0. 0. 0. 0. 0. 0. 0. 0. 0. 0. 0. 0. 0. 0. 0. 0. 0. 1. 0. 0. 0. 0. 0. 0. 0. 0. 1. 0. 0. 0.],500,100,0.3,0.004,1,5,idID,59,random
286,0.0017397401111579204,0.0017397401111579204,0.004397850015042001,[0.         0.         0.         0.         0.         0.         0.         0.         0.         0.         0.         0.         0.         0.         0.         0.         0.         0.         0.82630714 0.         0.         0.         0.         0.         0.         0.         0.         0.01       0.         0.         0.        ],[0. 0. 0. 0. 0. 0. 0. 0. 0. 0. 0. 0. 0. 0. 0. 0. 0. 0. 1. 0. 0. 0. 0. 0. 0. 0. 0. 1. 0. 0. 0.],500,100,0.3,0.004,1,5,idID,59,random
287,0.0017397401111579204,0.0017397401111579204,0.004397850015042001,[0.         0.         0.         0.         0.         0.         0.         0.         0.         0.         0.         0.         0.         0.         0.         0.         0.         0.         0.82630714 0.         0.         0.         0.         0.         0.         0.         0.         0.01       0.         0.         0.        ],[0. 0. 0. 0. 0. 0. 0. 0. 0. 0. 0. 0. 0. 0. 0. 0. 0. 0. 1. 0. 0. 0. 0. 0. 0. 0. 0. 1. 0. 0. 0.],500,100,0.3,0.004,1,5,idID,59,random
288,0.0017397401111579204,0.0017397401111579204,0.004397850015042001,[0.         0.         0.         0.         0.         0.         0.         0.         0.         0.         0.         0.         0.         0.         0.         0.         0.         0.         0.82630714 0.         0.         0.         0.         0.         0.         0.         0.         0.01       0.         0.         0.        ],[0. 0. 0. 0. 0. 0. 0. 0. 0. 0. 0. 0. 0. 0. 0. 0. 0. 0. 1. 0. 0. 0. 0. 0. 0. 0. 0. 1. 0. 0. 0.],500,100,0.3,0.004,1,5,idID,59,random
289,0.0017397401111579204,0.0017397401111579204,0.004397850015042001,[0.         0.         0.         0.         0.         0.         0.         0.         0.         0.         0.         0.         0.         0.         0.         0.         0.         0.         0.82630714 0.         0.         0.         0.         0.         0.         0.         0.         0.01       0.         0.         0.        ],[0. 0. 0. 0. 0. 0. 0. 0. 0. 0. 0. 0. 0. 0. 0. 0. 0. 0. 1. 0. 0. 0. 0. 0. 0. 0. 0. 1. 0. 0. 0.],500,100,0.3,0.004,1,5,idID,59,random
290,0.0017397401111579204,0.0017397401111579204,0.004397850015042001,[0.         0.         0.         0.         0.         0.         0.         0.         0.         0.         0.         0.         0.         0.         0.         0.         0.         0.         0.82630714 0.         0.         0.         0.         0.         0.         0.         0.         0.01       0.         0.         0.        ],[0. 0. 0. 0. 0. 0. 0. 0. 0. 0. 0. 0. 0. 0. 0. 0. 0. 0. 1. 0. 0. 0. 0. 0. 0. 0. 0. 1. 0. 0. 0.],500,100,0.3,0.004,1,5,idID,59,random
291,0.0017397401111579204,0.0017397401111579204,0.004397850015042001,[0.         0.         0.         0.         0.         0.         0.         0.         0.         0.         0.         0.         0.         0.         0.         0.         0.         0.         0.82630714 0.         0.         0.         0.         0.         0.         0.         0.         0.01       0.         0.         0.        ],[0. 0. 0. 0. 0. 0. 0. 0. 0. 0. 0. 0. 0. 0. 0. 0. 0. 0. 1. 0. 0. 0. 0. 0. 0. 0. 0. 1. 0. 0. 0.],500,100,0.3,0.004,1,5,idID,59,random
292,0.0017397401111579204,0.0017397401111579204,0.004397850015042001,[0.         0.         0.         0.         0.         0.         0.         0.         0.         0.         0.         0.         0.         0.         0.         0.         0.         0.         0.82630714 0.         0.         0.         0.         0.         0.         0.         0.         0.01       0.         0.         0.        ],[0. 0. 0. 0. 0. 0. 0. 0. 0. 0. 0. 0. 0. 0. 0. 0. 0. 0. 1. 0. 0. 0. 0. 0. 0. 0. 0. 1. 0. 0. 0.],500,100,0.3,0.004,1,5,idID,59,random
293,0.0017397401111579204,0.0017397401111579204,0.004397850015042001,[0.         0.         0.         0.         0.         0.         0.         0.         0.         0.         0.         0.         0.         0.         0.         0.         0.         0.         0.82630714 0.         0.         0.         0.         0.         0.         0.         0.         0.01       0.         0.         0.        ],[0. 0. 0. 0. 0. 0. 0. 0. 0. 0. 0. 0. 0. 0. 0. 0. 0. 0. 1. 0. 0. 0. 0. 0. 0. 0. 0. 1. 0. 0. 0.],500,100,0.3,0.004,1,5,idID,59,random
294,0.0017397401111579204,0.0017397401111579204,0.004397850015042001,[0.         0.         0.         0.         0.         0.         0.         0.         0.         0.         0.         0.         0.         0.         0.         0.         0.         0.         0.82630714 0.         0.         0.         0.         0.         0.         0.         0.         0.01       0.         0.         0.        ],[0. 0. 0. 0. 0. 0. 0. 0. 0. 0. 0. 0. 0. 0. 0. 0. 0. 0. 1. 0. 0. 0. 0. 0. 0. 0. 0. 1. 0. 0. 0.],500,100,0.3,0.004,1,5,idID,59,random
295,0.0017397401111579204,0.0017397401111579204,0.004397850015042001,[0.         0.         0.         0.         0.         0.         0.         0.         0.         0.         0.         0.         0.         0.         0.         0.         0.         0.         0.82630714 0.         0.         0.         0.         0.         0.         0.         0.         0.01       0.         0.         0.        ],[0. 0. 0. 0. 0. 0. 0. 0. 0. 0. 0. 0. 0. 0. 0. 0. 0. 0. 1. 0. 0. 0. 0. 0. 0. 0. 0. 1. 0. 0. 0.],500,100,0.3,0.004,1,5,idID,59,random
296,0.0017397401111579204,0.0017397401111579204,0.004397850015042001,[0.         0.         0.         0.         0.         0.         0.         0.         0.         0.         0.         0.         0.         0.         0.         0.         0.         0.         0.82630714 0.         0.         0.         0.         0.         0.         0.         0.         0.01       0.         0.         0.        ],[0. 0. 0. 0. 0. 0. 0. 0. 0. 0. 0. 0. 0. 0. 0. 0. 0. 0. 1. 0. 0. 0. 0. 0. 0. 0. 0. 1. 0. 0. 0.],500,100,0.3,0.004,1,5,idID,59,random
297,0.0017397401111579204,0.0017397401111579204,0.004397850015042001,[0.         0.         0.         0.         0.         0.         0.         0.         0.         0.         0.         0.         0.         0.         0.         0.         0.         0.         0.82630714 0.         0.         0.         0.         0.         0.         0.         0.         0.01       0.         0.         0.        ],[0. 0. 0. 0. 0. 0. 0. 0. 0. 0. 0. 0. 0. 0. 0. 0. 0. 0. 1. 0. 0. 0. 0. 0. 0. 0. 0. 1. 0. 0. 0.],500,100,0.3,0.004,1,5,idID,59,random
298,0.0017397401111579204,0.0017397401111579204,0.004397850015042001,[0.         0.         0.         0.         0.         0.         0.         0.         0.         0.         0.         0.         0.         0.         0.         0.         0.         0.         0.82630714 0.         0.         0.         0.         0.         0.         0.         0.         0.01       0.         0.         0.        ],[0. 0. 0. 0. 0. 0. 0. 0. 0. 0. 0. 0. 0. 0. 0. 0. 0. 0. 1. 0. 0. 0. 0. 0. 0. 0. 0. 1. 0. 0. 0.],500,100,0.3,0.004,1,5,idID,59,random
299,0.0017397401111579204,0.0017397401111579204,0.004397850015042001,[0.         0.         0.         0.         0.         0.         0.         0.         0.         0.         0.         0.         0.         0.         0.         0.         0.         0.         0.82630714 0.         0.         0.         0.         0.         0.         0.         0.         0.01       0.         0.         0.        ],[0. 0. 0. 0. 0. 0. 0. 0. 0. 0. 0. 0. 0. 0. 0. 0. 0. 0. 1. 0. 0. 0. 0. 0. 0. 0. 0. 1. 0. 0. 0.],500,100,0.3,0.004,1,5,idID,59,random
300,0.0017397401111579204,0.0017397401111579204,0.004397850015042001,[0.         0.         0.         0.         0.         0.         0.         0.         0.         0.         0.         0.         0.         0.         0.         0.         0.         0.         0.82630714 0.         0.         0.         0.         0.         0.         0.         0.         0.01       0.         0.         0.        ],[0. 0. 0. 0. 0. 0. 0. 0. 0. 0. 0. 0. 0. 0. 0. 0. 0. 0. 1. 0. 0. 0. 0. 0. 0. 0. 0. 1. 0. 0. 0.],500,100,0.3,0.004,1,5,idID,59,random
301,0.0017397401111579204,0.0017397401111579204,0.004397850015042001,[0.         0.         0.         0.         0.         0.         0.         0.         0.         0.         0.         0.         0.         0.         0.         0.         0.         0.         0.82630714 0.         0.         0.         0.         0.         0.         0.         0.         0.01       0.         0.         0.        ],[0. 0. 0. 0. 0. 0. 0. 0. 0. 0. 0. 0. 0. 0. 0. 0. 0. 0. 1. 0. 0. 0. 0. 0. 0. 0. 0. 1. 0. 0. 0.],500,100,0.3,0.004,1,5,idID,59,random
302,0.0017397401111579204,0.0017397401111579204,0.004397850015042001,[0.         0.         0.         0.         0.         0.         0.         0.         0.         0.         0.         0.         0.         0.         0.         0.         0.         0.         0.82630714 0.         0.         0.         0.         0.         0.         0.         0.         0.01       0.         0.         0.        ],[0. 0. 0. 0. 0. 0. 0. 0. 0. 0. 0. 0. 0. 0. 0. 0. 0. 0. 1. 0. 0. 0. 0. 0. 0. 0. 0. 1. 0. 0. 0.],500,100,0.3,0.004,1,5,idID,59,random
303,0.0017397401111579204,0.0017397401111579204,0.004397850015042001,[0.         0.         0.         0.         0.         0.         0.         0.         0.         0.         0.         0.         0.         0.         0.         0.         0.         0.         0.82630714 0.         0.         0.         0.         0.         0.         0.         0.         0.01       0.         0.         0.        ],[0. 0. 0. 0. 0. 0. 0. 0. 0. 0. 0. 0. 0. 0. 0. 0. 0. 0. 1. 0. 0. 0. 0. 0. 0. 0. 0. 1. 0. 0. 0.],500,100,0.3,0.004,1,5,idID,59,random
304,0.0017397401111579204,0.0017397401111579204,0.004397850015042001,[0.         0.         0.         0.         0.         0.         0.         0.         0.         0.         0.         0.         0.         0.         0.         0.         0.         0.         0.82630714 0.         0.         0.         0.         0.         0.         0.         0.         0.01       0.         0.         0.        ],[0. 0. 0. 0. 0. 0. 0. 0. 0. 0. 0. 0. 0. 0. 0. 0. 0. 0. 1. 0. 0. 0. 0. 0. 0. 0. 0. 1. 0. 0. 0.],500,100,0.3,0.004,1,5,idID,59,random
305,0.0017397401111579204,0.0017397401111579204,0.004397850015042001,[0.         0.         0.         0.         0.         0.         0.         0.         0.         0.         0.         0.         0.         0.         0.         0.         0.         0.         0.82630714 0.         0.         0.         0.         0.         0.         0.         0.         0.01       0.         0.         0.        ],[0. 0. 0. 0. 0. 0. 0. 0. 0. 0. 0. 0. 0. 0. 0. 0. 0. 0. 1. 0. 0. 0. 0. 0. 0. 0. 0. 1. 0. 0. 0.],500,100,0.3,0.004,1,5,idID,59,random
306,0.0017397401111579204,0.0017397401111579204,0.004397850015042001,[0.         0.         0.         0.         0.         0.         0.         0.         0.         0.         0.         0.         0.         0.         0.         0.         0.         0.         0.82630714 0.         0.         0.         0.         0.         0.         0.         0.         0.01       0.         0.         0.        ],[0. 0. 0. 0. 0. 0. 0. 0. 0. 0. 0. 0. 0. 0. 0. 0. 0. 0. 1. 0. 0. 0. 0. 0. 0. 0. 0. 1. 0. 0. 0.],500,100,0.3,0.004,1,5,idID,59,random
307,0.0017397401111579204,0.0017397401111579204,0.004397850015042001,[0.         0.         0.         0.         0.         0.         0.         0.         0.         0.         0.         0.         0.         0.         0.         0.         0.         0.         0.82630714 0.         0.         0.         0.         0.         0.         0.         0.         0.01       0.         0.         0.        ],[0. 0. 0. 0. 0. 0. 0. 0. 0. 0. 0. 0. 0. 0. 0. 0. 0. 0. 1. 0. 0. 0. 0. 0. 0. 0. 0. 1. 0. 0. 0.],500,100,0.3,0.004,1,5,idID,59,random
308,0.0017397401111579204,0.0017397401111579204,0.004397850015042001,[0.         0.         0.         0.         0.         0.         0.         0.         0.         0.         0.         0.         0.         0.         0.         0.         0.         0.         0.82630714 0.         0.         0.         0.         0.         0.         0.         0.         0.01       0.         0.         0.        ],[0. 0. 0. 0. 0. 0. 0. 0. 0. 0. 0. 0. 0. 0. 0. 0. 0. 0. 1. 0. 0. 0. 0. 0. 0. 0. 0. 1. 0. 0. 0.],500,100,0.3,0.004,1,5,idID,59,random
309,0.0017397401111579204,0.0017397401111579204,0.004397850015042001,[0.         0.         0.         0.         0.         0.         0.         0.         0.         0.         0.         0.         0.         0.         0.         0.         0.         0.         0.82630714 0.         0.         0.         0.         0.         0.         0.         0.         0.01       0.         0.         0.        ],[0. 0. 0. 0. 0. 0. 0. 0. 0. 0. 0. 0. 0. 0. 0. 0. 0. 0. 1. 0. 0. 0. 0. 0. 0. 0. 0. 1. 0. 0. 0.],500,100,0.3,0.004,1,5,idID,59,random
310,0.0017397401111579204,0.0017397401111579204,0.004397850015042001,[0.         0.         0.         0.         0.         0.         0.         0.         0.         0.         0.         0.         0.         0.         0.         0.         0.         0.         0.82630714 0.         0.         0.         0.         0.         0.         0.         0.         0.01       0.         0.         0.        ],[0. 0. 0. 0. 0. 0. 0. 0. 0. 0. 0. 0. 0. 0. 0. 0. 0. 0. 1. 0. 0. 0. 0. 0. 0. 0. 0. 1. 0. 0. 0.],500,100,0.3,0.004,1,5,idID,59,random
311,0.0017397401111579204,0.0017397401111579204,0.004397850015042001,[0.         0.         0.         0.         0.         0.         0.         0.         0.         0.         0.         0.         0.         0.         0.         0.         0.         0.         0.82630714 0.         0.         0.         0.         0.         0.         0.         0.         0.01       0.         0.         0.        ],[0. 0. 0. 0. 0. 0. 0. 0. 0. 0. 0. 0. 0. 0. 0. 0. 0. 0. 1. 0. 0. 0. 0. 0. 0. 0. 0. 1. 0. 0. 0.],500,100,0.3,0.004,1,5,idID,59,random
312,0.0017397401111579204,0.0017397401111579204,0.004397850015042001,[0.         0.         0.         0.         0.         0.         0.         0.         0.         0.         0.         0.         0.         0.         0.         0.         0.         0.         0.82630714 0.         0.         0.         0.         0.         0.         0.         0.         0.01       0.         0.         0.        ],[0. 0. 0. 0. 0. 0. 0. 0. 0. 0. 0. 0. 0. 0. 0. 0. 0. 0. 1. 0. 0. 0. 0. 0. 0. 0. 0. 1. 0. 0. 0.],500,100,0.3,0.004,1,5,idID,59,random
313,0.0017397401111579204,0.0017397401111579204,0.004397850015042001,[0.         0.         0.         0.         0.         0.         0.         0.         0.         0.         0.         0.         0.         0.         0.         0.         0.         0.         0.82630714 0.         0.         0.         0.         0.         0.         0.         0.         0.01       0.         0.         0.        ],[0. 0. 0. 0. 0. 0. 0. 0. 0. 0. 0. 0. 0. 0. 0. 0. 0. 0. 1. 0. 0. 0. 0. 0. 0. 0. 0. 1. 0. 0. 0.],500,100,0.3,0.004,1,5,idID,59,random
314,0.0017397401111579204,0.0017397401111579204,0.004397850015042001,[0.         0.         0.         0.         0.         0.         0.         0.         0.         0.         0.         0.         0.         0.         0.         0.         0.         0.         0.82630714 0.         0.         0.         0.         0.         0.         0.         0.         0.01       0.         0.         0.        ],[0. 0. 0. 0. 0. 0. 0. 0. 0. 0. 0. 0. 0. 0. 0. 0. 0. 0. 1. 0. 0. 0. 0. 0. 0. 0. 0. 1. 0. 0. 0.],500,100,0.3,0.004,1,5,idID,59,random
315,0.0017397401111579204,0.0017397401111579204,0.004397850015042001,[0.         0.         0.         0.         0.         0.         0.         0.         0.         0.         0.         0.         0.         0.         0.         0.         0.         0.         0.82630714 0.         0.         0.         0.         0.         0.         0.         0.         0.01       0.         0.         0.        ],[0. 0. 0. 0. 0. 0. 0. 0. 0. 0. 0. 0. 0. 0. 0. 0. 0. 0. 1. 0. 0. 0. 0. 0. 0. 0. 0. 1. 0. 0. 0.],500,100,0.3,0.004,1,5,idID,59,random
316,0.0017397401111579204,0.0017397401111579204,0.004397850015042001,[0.         0.         0.         0.         0.         0.         0.         0.         0.         0.         0.         0.         0.         0.         0.         0.         0.         0.         0.82630714 0.         0.         0.         0.         0.         0.         0.         0.         0.01       0.         0.         0.        ],[0. 0. 0. 0. 0. 0. 0. 0. 0. 0. 0. 0. 0. 0. 0. 0. 0. 0. 1. 0. 0. 0. 0. 0. 0. 0. 0. 1. 0. 0. 0.],500,100,0.3,0.004,1,5,idID,59,random
317,0.0017397401111579204,0.0017397401111579204,0.004397850015042001,[0.         0.         0.         0.         0.         0.         0.         0.         0.         0.         0.         0.         0.         0.         0.         0.         0.         0.         0.82630714 0.         0.         0.         0.         0.         0.         0.         0.         0.01       0.         0.         0.        ],[0. 0. 0. 0. 0. 0. 0. 0. 0. 0. 0. 0. 0. 0. 0. 0. 0. 0. 1. 0. 0. 0. 0. 0. 0. 0. 0. 1. 0. 0. 0.],500,100,0.3,0.004,1,5,idID,59,random
318,0.0017397401111579204,0.0017397401111579204,0.004397850015042001,[0.         0.         0.         0.         0.         0.         0.         0.         0.         0.         0.         0.         0.         0.         0.         0.         0.         0.         0.82630714 0.         0.         0.         0.         0.         0.         0.         0.         0.01       0.         0.         0.        ],[0. 0. 0. 0. 0. 0. 0. 0. 0. 0. 0. 0. 0. 0. 0. 0. 0. 0. 1. 0. 0. 0. 0. 0. 0. 0. 0. 1. 0. 0. 0.],500,100,0.3,0.004,1,5,idID,59,random
319,0.0017397401111579204,0.0017397401111579204,0.004397850015042001,[0.         0.         0.         0.         0.         0.         0.         0.         0.         0.         0.         0.         0.         0.         0.         0.         0.         0.         0.82630714 0.         0.         0.         0.         0.         0.         0.         0.         0.01       0.         0.         0.        ],[0. 0. 0. 0. 0. 0. 0. 0. 0. 0. 0. 0. 0. 0. 0. 0. 0. 0. 1. 0. 0. 0. 0. 0. 0. 0. 0. 1. 0. 0. 0.],500,100,0.3,0.004,1,5,idID,59,random
320,0.0017397401111579204,0.0017397401111579204,0.004397850015042001,[0.         0.         0.         0.         0.         0.         0.         0.         0.         0.         0.         0.         0.         0.         0.         0.         0.         0.         0.82630714 0.         0.         0.         0.         0.         0.         0.         0.         0.01       0.         0.         0.        ],[0. 0. 0. 0. 0. 0. 0. 0. 0. 0. 0. 0. 0. 0. 0. 0. 0. 0. 1. 0. 0. 0. 0. 0. 0. 0. 0. 1. 0. 0. 0.],500,100,0.3,0.004,1,5,idID,59,random
321,0.0017397401111579204,0.0017397401111579204,0.004397850015042001,[0.         0.         0.         0.         0.         0.         0.         0.         0.         0.         0.         0.         0.         0.         0.         0.         0.         0.         0.82630714 0.         0.         0.         0.         0.         0.         0.         0.         0.01       0.         0.         0.        ],[0. 0. 0. 0. 0. 0. 0. 0. 0. 0. 0. 0. 0. 0. 0. 0. 0. 0. 1. 0. 0. 0. 0. 0. 0. 0. 0. 1. 0. 0. 0.],500,100,0.3,0.004,1,5,idID,59,random
322,0.0017397401111579204,0.0017397401111579204,0.004397850015042001,[0.         0.         0.         0.         0.         0.         0.         0.         0.         0.         0.         0.         0.         0.         0.         0.         0.         0.         0.82630714 0.         0.         0.         0.         0.         0.         0.         0.         0.01       0.         0.         0.        ],[0. 0. 0. 0. 0. 0. 0. 0. 0. 0. 0. 0. 0. 0. 0. 0. 0. 0. 1. 0. 0. 0. 0. 0. 0. 0. 0. 1. 0. 0. 0.],500,100,0.3,0.004,1,5,idID,59,random
323,0.0017397401111579204,0.0017397401111579204,0.004397850015042001,[0.         0.         0.         0.         0.         0.         0.         0.         0.         0.         0.         0.         0.         0.         0.         0.         0.         0.         0.82630714 0.         0.         0.         0.         0.         0.         0.         0.         0.01       0.         0.         0.        ],[0. 0. 0. 0. 0. 0. 0. 0. 0. 0. 0. 0. 0. 0. 0. 0. 0. 0. 1. 0. 0. 0. 0. 0. 0. 0. 0. 1. 0. 0. 0.],500,100,0.3,0.004,1,5,idID,59,random
324,0.0017397401111579204,0.0017397401111579204,0.004397850015042001,[0.         0.         0.         0.         0.         0.         0.         0.         0.         0.         0.         0.         0.         0.         0.         0.         0.         0.         0.82630714 0.         0.         0.         0.         0.         0.         0.         0.         0.01       0.         0.         0.        ],[0. 0. 0. 0. 0. 0. 0. 0. 0. 0. 0. 0. 0. 0. 0. 0. 0. 0. 1. 0. 0. 0. 0. 0. 0. 0. 0. 1. 0. 0. 0.],500,100,0.3,0.004,1,5,idID,59,random
325,0.0017397401111579204,0.0017397401111579204,0.004397850015042001,[0.         0.         0.         0.         0.         0.         0.         0.         0.         0.         0.         0.         0.         0.         0.         0.         0.         0.         0.82630714 0.         0.         0.         0.         0.         0.         0.         0.         0.01       0.         0.         0.        ],[0. 0. 0. 0. 0. 0. 0. 0. 0. 0. 0. 0. 0. 0. 0. 0. 0. 0. 1. 0. 0. 0. 0. 0. 0. 0. 0. 1. 0. 0. 0.],500,100,0.3,0.004,1,5,idID,59,random
326,0.0017397401111579204,0.0017397401111579204,0.004397850015042001,[0.         0.         0.         0.         0.         0.         0.         0.         0.         0.         0.         0.         0.         0.         0.         0.         0.         0.         0.82630714 0.         0.         0.         0.         0.         0.         0.         0.         0.01       0.         0.         0.        ],[0. 0. 0. 0. 0. 0. 0. 0. 0. 0. 0. 0. 0. 0. 0. 0. 0. 0. 1. 0. 0. 0. 0. 0. 0. 0. 0. 1. 0. 0. 0.],500,100,0.3,0.004,1,5,idID,59,random
327,0.0017397401111579204,0.0017397401111579204,0.004397850015042001,[0.         0.         0.         0.         0.         0.         0.         0.         0.         0.         0.         0.         0.         0.         0.         0.         0.         0.         0.82630714 0.         0.         0.         0.         0.         0.         0.         0.         0.01       0.         0.         0.        ],[0. 0. 0. 0. 0. 0. 0. 0. 0. 0. 0. 0. 0. 0. 0. 0. 0. 0. 1. 0. 0. 0. 0. 0. 0. 0. 0. 1. 0. 0. 0.],500,100,0.3,0.004,1,5,idID,59,random
328,0.0017397401111579204,0.0017397401111579204,0.004397850015042001,[0.         0.         0.         0.         0.         0.         0.         0.         0.         0.         0.         0.         0.         0.         0.         0.         0.         0.         0.82630714 0.         0.         0.         0.         0.         0.         0.         0.         0.01       0.         0.         0.        ],[0. 0. 0. 0. 0. 0. 0. 0. 0. 0. 0. 0. 0. 0. 0. 0. 0. 0. 1. 0. 0. 0. 0. 0. 0. 0. 0. 1. 0. 0. 0.],500,100,0.3,0.004,1,5,idID,59,random
329,0.0017397401111579204,0.0017397401111579204,0.004397850015042001,[0.         0.         0.         0.         0.         0.         0.         0.         0.         0.         0.         0.         0.         0.         0.         0.         0.         0.         0.82630714 0.         0.         0.         0.         0.         0.         0.         0.         0.01       0.         0.         0.        ],[0. 0. 0. 0. 0. 0. 0. 0. 0. 0. 0. 0. 0. 0. 0. 0. 0. 0. 1. 0. 0. 0. 0. 0. 0. 0. 0. 1. 0. 0. 0.],500,100,0.3,0.004,1,5,idID,59,random
330,0.0017397401111579204,0.0017397401111579204,0.004397850015042001,[0.         0.         0.         0.         0.         0.         0.         0.         0.         0.         0.         0.         0.         0.         0.         0.         0.         0.         0.82630714 0.         0.         0.         0.         0.         0.         0.         0.         0.01       0.         0.         0.        ],[0. 0. 0. 0. 0. 0. 0. 0. 0. 0. 0. 0. 0. 0. 0. 0. 0. 0. 1. 0. 0. 0. 0. 0. 0. 0. 0. 1. 0. 0. 0.],500,100,0.3,0.004,1,5,idID,59,random
331,0.0017397401111579204,0.0017397401111579204,0.004397850015042001,[0.         0.         0.         0.         0.         0.         0.         0.         0.         0.         0.         0.         0.         0.         0.         0.         0.         0.         0.82630714 0.         0.         0.         0.         0.         0.         0.         0.         0.01       0.         0.         0.        ],[0. 0. 0. 0. 0. 0. 0. 0. 0. 0. 0. 0. 0. 0. 0. 0. 0. 0. 1. 0. 0. 0. 0. 0. 0. 0. 0. 1. 0. 0. 0.],500,100,0.3,0.004,1,5,idID,59,random
332,0.0017397401111579204,0.0017397401111579204,0.004397850015042001,[0.         0.         0.         0.         0.         0.         0.         0.         0.         0.         0.         0.         0.         0.         0.         0.         0.         0.         0.82630714 0.         0.         0.         0.         0.         0.         0.         0.         0.01       0.         0.         0.        ],[0. 0. 0. 0. 0. 0. 0. 0. 0. 0. 0. 0. 0. 0. 0. 0. 0. 0. 1. 0. 0. 0. 0. 0. 0. 0. 0. 1. 0. 0. 0.],500,100,0.3,0.004,1,5,idID,59,random
333,0.0017397401111579204,0.0017397401111579204,0.004397850015042001,[0.         0.         0.         0.         0.         0.         0.         0.         0.         0.         0.         0.         0.         0.         0.         0.         0.         0.         0.82630714 0.         0.         0.         0.         0.         0.         0.         0.         0.01       0.         0.         0.        ],[0. 0. 0. 0. 0. 0. 0. 0. 0. 0. 0. 0. 0. 0. 0. 0. 0. 0. 1. 0. 0. 0. 0. 0. 0. 0. 0. 1. 0. 0. 0.],500,100,0.3,0.004,1,5,idID,59,random
334,0.0017397401111579204,0.0017397401111579204,0.004397850015042001,[0.         0.         0.         0.         0.         0.         0.         0.         0.         0.         0.         0.         0.         0.         0.         0.         0.         0.         0.82630714 0.         0.         0.         0.         0.         0.         0.         0.         0.01       0.         0.         0.        ],[0. 0. 0. 0. 0. 0. 0. 0. 0. 0. 0. 0. 0. 0. 0. 0. 0. 0. 1. 0. 0. 0. 0. 0. 0. 0. 0. 1. 0. 0. 0.],500,100,0.3,0.004,1,5,idID,59,random
335,0.0017397401111579204,0.0017397401111579204,0.004397850015042001,[0.         0.         0.         0.         0.         0.         0.         0.         0.         0.         0.         0.         0.         0.         0.         0.         0.         0.         0.82630714 0.         0.         0.         0.         0.         0.         0.         0.         0.01       0.         0.         0.        ],[0. 0. 0. 0. 0. 0. 0. 0. 0. 0. 0. 0. 0. 0. 0. 0. 0. 0. 1. 0. 0. 0. 0. 0. 0. 0. 0. 1. 0. 0. 0.],500,100,0.3,0.004,1,5,idID,59,random
336,0.0017397401111579204,0.0017397401111579204,0.004397850015042001,[0.         0.         0.         0.         0.         0.         0.         0.         0.         0.         0.         0.         0.         0.         0.         0.         0.         0.         0.82630714 0.         0.         0.         0.         0.         0.         0.         0.         0.01       0.         0.         0.        ],[0. 0. 0. 0. 0. 0. 0. 0. 0. 0. 0. 0. 0. 0. 0. 0. 0. 0. 1. 0. 0. 0. 0. 0. 0. 0. 0. 1. 0. 0. 0.],500,100,0.3,0.004,1,5,idID,59,random
337,0.0017397401111579204,0.0017397401111579204,0.004397850015042001,[0.         0.         0.         0.         0.         0.         0.         0.         0.         0.         0.         0.         0.         0.         0.         0.         0.         0.         0.82630714 0.         0.         0.         0.         0.         0.         0.         0.         0.01       0.         0.         0.        ],[0. 0. 0. 0. 0. 0. 0. 0. 0. 0. 0. 0. 0. 0. 0. 0. 0. 0. 1. 0. 0. 0. 0. 0. 0. 0. 0. 1. 0. 0. 0.],500,100,0.3,0.004,1,5,idID,59,random
338,0.0017397401111579204,0.0017397401111579204,0.004397850015042001,[0.         0.         0.         0.         0.         0.         0.         0.         0.         0.         0.         0.         0.         0.         0.         0.         0.         0.         0.82630714 0.         0.         0.         0.         0.         0.         0.         0.         0.01       0.         0.         0.        ],[0. 0. 0. 0. 0. 0. 0. 0. 0. 0. 0. 0. 0. 0. 0. 0. 0. 0. 1. 0. 0. 0. 0. 0. 0. 0. 0. 1. 0. 0. 0.],500,100,0.3,0.004,1,5,idID,59,random
339,0.0017397401111579204,0.0017397401111579204,0.004397850015042001,[0.         0.         0.         0.         0.         0.         0.         0.         0.         0.         0.         0.         0.         0.         0.         0.         0.         0.         0.82630714 0.         0.         0.         0.         0.         0.         0.         0.         0.01       0.         0.         0.        ],[0. 0. 0. 0. 0. 0. 0. 0. 0. 0. 0. 0. 0. 0. 0. 0. 0. 0. 1. 0. 0. 0. 0. 0. 0. 0. 0. 1. 0. 0. 0.],500,100,0.3,0.004,1,5,idID,59,random
340,0.0017397401111579204,0.0017397401111579204,0.004397850015042001,[0.         0.         0.         0.         0.         0.         0.         0.         0.         0.         0.         0.         0.         0.         0.         0.         0.         0.         0.82630714 0.         0.         0.         0.         0.         0.         0.         0.         0.01       0.         0.         0.        ],[0. 0. 0. 0. 0. 0. 0. 0. 0. 0. 0. 0. 0. 0. 0. 0. 0. 0. 1. 0. 0. 0. 0. 0. 0. 0. 0. 1. 0. 0. 0.],500,100,0.3,0.004,1,5,idID,59,random
341,0.0017397401111579204,0.0017397401111579204,0.004397850015042001,[0.         0.         0.         0.         0.         0.         0.         0.         0.         0.         0.         0.         0.         0.         0.         0.         0.         0.         0.82630714 0.         0.         0.         0.         0.         0.         0.         0.         0.01       0.         0.         0.        ],[0. 0. 0. 0. 0. 0. 0. 0. 0. 0. 0. 0. 0. 0. 0. 0. 0. 0. 1. 0. 0. 0. 0. 0. 0. 0. 0. 1. 0. 0. 0.],500,100,0.3,0.004,1,5,idID,59,random
342,0.0017397401111579204,0.0017397401111579204,0.004397850015042001,[0.         0.         0.         0.         0.         0.         0.         0.         0.         0.         0.         0.         0.         0.         0.         0.         0.         0.         0.82630714 0.         0.         0.         0.         0.         0.         0.         0.         0.01       0.         0.         0.        ],[0. 0. 0. 0. 0. 0. 0. 0. 0. 0. 0. 0. 0. 0. 0. 0. 0. 0. 1. 0. 0. 0. 0. 0. 0. 0. 0. 1. 0. 0. 0.],500,100,0.3,0.004,1,5,idID,59,random
343,0.0017397401111579204,0.0017397401111579204,0.004397850015042001,[0.         0.         0.         0.         0.         0.         0.         0.         0.         0.         0.         0.         0.         0.         0.         0.         0.         0.         0.82630714 0.         0.         0.         0.         0.         0.         0.         0.         0.01       0.         0.         0.        ],[0. 0. 0. 0. 0. 0. 0. 0. 0. 0. 0. 0. 0. 0. 0. 0. 0. 0. 1. 0. 0. 0. 0. 0. 0. 0. 0. 1. 0. 0. 0.],500,100,0.3,0.004,1,5,idID,59,random
344,0.0017397401111579204,0.0017397401111579204,0.004397850015042001,[0.         0.         0.         0.         0.         0.         0.         0.         0.         0.         0.         0.         0.         0.         0.         0.         0.         0.         0.82630714 0.         0.         0.         0.         0.         0.         0.         0.         0.01       0.         0.         0.        ],[0. 0. 0. 0. 0. 0. 0. 0. 0. 0. 0. 0. 0. 0. 0. 0. 0. 0. 1. 0. 0. 0. 0. 0. 0. 0. 0. 1. 0. 0. 0.],500,100,0.3,0.004,1,5,idID,59,random
345,0.0017397401111579204,0.0017397401111579204,0.004397850015042001,[0.         0.         0.         0.         0.         0.         0.         0.         0.         0.         0.         0.         0.         0.         0.         0.         0.         0.         0.82630714 0.         0.         0.         0.         0.         0.         0.         0.         0.01       0.         0.         0.        ],[0. 0. 0. 0. 0. 0. 0. 0. 0. 0. 0. 0. 0. 0. 0. 0. 0. 0. 1. 0. 0. 0. 0. 0. 0. 0. 0. 1. 0. 0. 0.],500,100,0.3,0.004,1,5,idID,59,random
346,0.0017397401111579204,0.0017397401111579204,0.004397850015042001,[0.         0.         0.         0.         0.         0.         0.         0.         0.         0.         0.         0.         0.         0.         0.         0.         0.         0.         0.82630714 0.         0.         0.         0.         0.         0.         0.         0.         0.01       0.         0.         0.        ],[0. 0. 0. 0. 0. 0. 0. 0. 0. 0. 0. 0. 0. 0. 0. 0. 0. 0. 1. 0. 0. 0. 0. 0. 0. 0. 0. 1. 0. 0. 0.],500,100,0.3,0.004,1,5,idID,59,random
347,0.0017397401111579204,0.0017397401111579204,0.004397850015042001,[0.         0.         0.         0.         0.         0.         0.         0.         0.         0.         0.         0.         0.         0.         0.         0.         0.         0.         0.82630714 0.         0.         0.         0.         0.         0.         0.         0.         0.01       0.         0.         0.        ],[0. 0. 0. 0. 0. 0. 0. 0. 0. 0. 0. 0. 0. 0. 0. 0. 0. 0. 1. 0. 0. 0. 0. 0. 0. 0. 0. 1. 0. 0. 0.],500,100,0.3,0.004,1,5,idID,59,random
348,0.0017397401111579204,0.0017397401111579204,0.004397850015042001,[0.         0.         0.         0.         0.         0.         0.         0.         0.         0.         0.         0.         0.         0.         0.         0.         0.         0.         0.82630714 0.         0.         0.         0.         0.         0.         0.         0.         0.01       0.         0.         0.        ],[0. 0. 0. 0. 0. 0. 0. 0. 0. 0. 0. 0. 0. 0. 0. 0. 0. 0. 1. 0. 0. 0. 0. 0. 0. 0. 0. 1. 0. 0. 0.],500,100,0.3,0.004,1,5,idID,59,random
349,0.0017397401111579204,0.0017397401111579204,0.004397850015042001,[0.         0.         0.         0.         0.         0.         0.         0.         0.         0.         0.         0.         0.         0.         0.         0.         0.         0.         0.82630714 0.         0.         0.         0.         0.         0.         0.         0.         0.01       0.         0.         0.        ],[0. 0. 0. 0. 0. 0. 0. 0. 0. 0. 0. 0. 0. 0. 0. 0. 0. 0. 1. 0. 0. 0. 0. 0. 0. 0. 0. 1. 0. 0. 0.],500,100,0.3,0.004,1,5,idID,59,random
350,0.0017397401111579204,0.0017397401111579204,0.004397850015042001,[0.         0.         0.         0.         0.         0.         0.         0.         0.         0.         0.         0.         0.         0.         0.         0.         0.         0.         0.82630714 0.         0.         0.         0.         0.         0.         0.         0.         0.01       0.         0.         0.        ],[0. 0. 0. 0. 0. 0. 0. 0. 0. 0. 0. 0. 0. 0. 0. 0. 0. 0. 1. 0. 0. 0. 0. 0. 0. 0. 0. 1. 0. 0. 0.],500,100,0.3,0.004,1,5,idID,59,random
351,0.0017397401111579204,0.0017397401111579204,0.004397850015042001,[0.         0.         0.         0.         0.         0.         0.         0.         0.         0.         0.         0.         0.         0.         0.         0.         0.         0.         0.82630714 0.         0.         0.         0.         0.         0.         0.         0.         0.01       0.         0.         0.        ],[0. 0. 0. 0. 0. 0. 0. 0. 0. 0. 0. 0. 0. 0. 0. 0. 0. 0. 1. 0. 0. 0. 0. 0. 0. 0. 0. 1. 0. 0. 0.],500,100,0.3,0.004,1,5,idID,59,random
352,0.0017397401111579204,0.0017397401111579204,0.004397850015042001,[0.         0.         0.         0.         0.         0.         0.         0.         0.         0.         0.         0.         0.         0.         0.         0.         0.         0.         0.82630714 0.         0.         0.         0.         0.         0.         0.         0.         0.01       0.         0.         0.        ],[0. 0. 0. 0. 0. 0. 0. 0. 0. 0. 0. 0. 0. 0. 0. 0. 0. 0. 1. 0. 0. 0. 0. 0. 0. 0. 0. 1. 0. 0. 0.],500,100,0.3,0.004,1,5,idID,59,random
353,0.0017397401111579204,0.0017397401111579204,0.004397850015042001,[0.         0.         0.         0.         0.         0.         0.         0.         0.         0.         0.         0.         0.         0.         0.         0.         0.         0.         0.82630714 0.         0.         0.         0.         0.         0.         0.         0.         0.01       0.         0.         0.        ],[0. 0. 0. 0. 0. 0. 0. 0. 0. 0. 0. 0. 0. 0. 0. 0. 0. 0. 1. 0. 0. 0. 0. 0. 0. 0. 0. 1. 0. 0. 0.],500,100,0.3,0.004,1,5,idID,59,random
354,0.0017397401111579204,0.0017397401111579204,0.004397850015042001,[0.         0.         0.         0.         0.         0.         0.         0.         0.         0.         0.         0.         0.         0.         0.         0.         0.         0.         0.82630714 0.         0.         0.         0.         0.         0.         0.         0.         0.01       0.         0.         0.        ],[0. 0. 0. 0. 0. 0. 0. 0. 0. 0. 0. 0. 0. 0. 0. 0. 0. 0. 1. 0. 0. 0. 0. 0. 0. 0. 0. 1. 0. 0. 0.],500,100,0.3,0.004,1,5,idID,59,random
355,0.0017397401111579204,0.0017397401111579204,0.004397850015042001,[0.         0.         0.         0.         0.         0.         0.         0.         0.         0.         0.         0.         0.         0.         0.         0.         0.         0.         0.82630714 0.         0.         0.         0.         0.         0.         0.         0.         0.01       0.         0.         0.        ],[0. 0. 0. 0. 0. 0. 0. 0. 0. 0. 0. 0. 0. 0. 0. 0. 0. 0. 1. 0. 0. 0. 0. 0. 0. 0. 0. 1. 0. 0. 0.],500,100,0.3,0.004,1,5,idID,59,random
356,0.0017397401111579204,0.0017397401111579204,0.004397850015042001,[0.         0.         0.         0.         0.         0.         0.         0.         0.         0.         0.         0.         0.         0.         0.         0.         0.         0.         0.82630714 0.         0.         0.         0.         0.         0.         0.         0.         0.01       0.         0.         0.        ],[0. 0. 0. 0. 0. 0. 0. 0. 0. 0. 0. 0. 0. 0. 0. 0. 0. 0. 1. 0. 0. 0. 0. 0. 0. 0. 0. 1. 0. 0. 0.],500,100,0.3,0.004,1,5,idID,59,random
357,0.0017397401111579204,0.0017397401111579204,0.004397850015042001,[0.         0.         0.         0.         0.         0.         0.         0.         0.         0.         0.         0.         0.         0.         0.         0.         0.         0.         0.82630714 0.         0.         0.         0.         0.         0.         0.         0.         0.01       0.         0.         0.        ],[0. 0. 0. 0. 0. 0. 0. 0. 0. 0. 0. 0. 0. 0. 0. 0. 0. 0. 1. 0. 0. 0. 0. 0. 0. 0. 0. 1. 0. 0. 0.],500,100,0.3,0.004,1,5,idID,59,random
358,0.0017397401111579204,0.0017397401111579204,0.004397850015042001,[0.         0.         0.         0.         0.         0.         0.         0.         0.         0.         0.         0.         0.         0.         0.         0.         0.         0.         0.82630714 0.         0.         0.         0.         0.         0.         0.         0.         0.01       0.         0.         0.        ],[0. 0. 0. 0. 0. 0. 0. 0. 0. 0. 0. 0. 0. 0. 0. 0. 0. 0. 1. 0. 0. 0. 0. 0. 0. 0. 0. 1. 0. 0. 0.],500,100,0.3,0.004,1,5,idID,59,random
359,0.0017397401111579204,0.0017397401111579204,0.004397850015042001,[0.         0.         0.         0.         0.         0.         0.         0.         0.         0.         0.         0.         0.         0.         0.         0.         0.         0.         0.82630714 0.         0.         0.         0.         0.         0.         0.         0.         0.01       0.         0.         0.        ],[0. 0. 0. 0. 0. 0. 0. 0. 0. 0. 0. 0. 0. 0. 0. 0. 0. 0. 1. 0. 0. 0. 0. 0. 0. 0. 0. 1. 0. 0. 0.],500,100,0.3,0.004,1,5,idID,59,random
360,0.0017397401111579204,0.0017397401111579204,0.004397850015042001,[0.         0.         0.         0.         0.         0.         0.         0.         0.         0.         0.         0.         0.         0.         0.         0.         0.         0.         0.82630714 0.         0.         0.         0.         0.         0.         0.         0.         0.01       0.         0.         0.        ],[0. 0. 0. 0. 0. 0. 0. 0. 0. 0. 0. 0. 0. 0. 0. 0. 0. 0. 1. 0. 0. 0. 0. 0. 0. 0. 0. 1. 0. 0. 0.],500,100,0.3,0.004,1,5,idID,59,random
361,0.0017397401111579204,0.0017397401111579204,0.004397850015042001,[0.         0.         0.         0.         0.         0.         0.         0.         0.         0.         0.         0.         0.         0.         0.         0.         0.         0.         0.82630714 0.         0.         0.         0.         0.         0.         0.         0.         0.01       0.         0.         0.        ],[0. 0. 0. 0. 0. 0. 0. 0. 0. 0. 0. 0. 0. 0. 0. 0. 0. 0. 1. 0. 0. 0. 0. 0. 0. 0. 0. 1. 0. 0. 0.],500,100,0.3,0.004,1,5,idID,59,random
362,0.0017397401111579204,0.0017397401111579204,0.004397850015042001,[0.         0.         0.         0.         0.         0.         0.         0.         0.         0.         0.         0.         0.         0.         0.         0.         0.         0.         0.82630714 0.         0.         0.         0.         0.         0.         0.         0.         0.01       0.         0.         0.        ],[0. 0. 0. 0. 0. 0. 0. 0. 0. 0. 0. 0. 0. 0. 0. 0. 0. 0. 1. 0. 0. 0. 0. 0. 0. 0. 0. 1. 0. 0. 0.],500,100,0.3,0.004,1,5,idID,59,random
363,0.0017397401111579204,0.0017397401111579204,0.004397850015042001,[0.         0.         0.         0.         0.         0.         0.         0.         0.         0.         0.         0.         0.         0.         0.         0.         0.         0.         0.82630714 0.         0.         0.         0.         0.         0.         0.         0.         0.01       0.         0.         0.        ],[0. 0. 0. 0. 0. 0. 0. 0. 0. 0. 0. 0. 0. 0. 0. 0. 0. 0. 1. 0. 0. 0. 0. 0. 0. 0. 0. 1. 0. 0. 0.],500,100,0.3,0.004,1,5,idID,59,random
364,0.0017397401111579204,0.0017397401111579204,0.004397850015042001,[0.         0.         0.         0.         0.         0.         0.         0.         0.         0.         0.         0.         0.         0.         0.         0.         0.         0.         0.82630714 0.         0.         0.         0.         0.         0.         0.         0.         0.01       0.         0.         0.        ],[0. 0. 0. 0. 0. 0. 0. 0. 0. 0. 0. 0. 0. 0. 0. 0. 0. 0. 1. 0. 0. 0. 0. 0. 0. 0. 0. 1. 0. 0. 0.],500,100,0.3,0.004,1,5,idID,59,random
365,0.0017397401111579204,0.0017397401111579204,0.004397850015042001,[0.         0.         0.         0.         0.         0.         0.         0.         0.         0.         0.         0.         0.         0.         0.         0.         0.         0.         0.82630714 0.         0.         0.         0.         0.         0.         0.         0.         0.01       0.         0.         0.        ],[0. 0. 0. 0. 0. 0. 0. 0. 0. 0. 0. 0. 0. 0. 0. 0. 0. 0. 1. 0. 0. 0. 0. 0. 0. 0. 0. 1. 0. 0. 0.],500,100,0.3,0.004,1,5,idID,59,random
366,0.0017397401111579204,0.0017397401111579204,0.004397850015042001,[0.         0.         0.         0.         0.         0.         0.         0.         0.         0.         0.         0.         0.         0.         0.         0.         0.         0.         0.82630714 0.         0.         0.         0.         0.         0.         0.         0.         0.01       0.         0.         0.        ],[0. 0. 0. 0. 0. 0. 0. 0. 0. 0. 0. 0. 0. 0. 0. 0. 0. 0. 1. 0. 0. 0. 0. 0. 0. 0. 0. 1. 0. 0. 0.],500,100,0.3,0.004,1,5,idID,59,random
367,0.0017397401111579204,0.0017397401111579204,0.004397850015042001,[0.         0.         0.         0.         0.         0.         0.         0.         0.         0.         0.         0.         0.         0.         0.         0.         0.         0.         0.82630714 0.         0.         0.         0.         0.         0.         0.         0.         0.01       0.         0.         0.        ],[0. 0. 0. 0. 0. 0. 0. 0. 0. 0. 0. 0. 0. 0. 0. 0. 0. 0. 1. 0. 0. 0. 0. 0. 0. 0. 0. 1. 0. 0. 0.],500,100,0.3,0.004,1,5,idID,59,random
368,0.0017397401111579204,0.0017397401111579204,0.004397850015042001,[0.         0.         0.         0.         0.         0.         0.         0.         0.         0.         0.         0.         0.         0.         0.         0.         0.         0.         0.82630714 0.         0.         0.         0.         0.         0.         0.         0.         0.01       0.         0.         0.        ],[0. 0. 0. 0. 0. 0. 0. 0. 0. 0. 0. 0. 0. 0. 0. 0. 0. 0. 1. 0. 0. 0. 0. 0. 0. 0. 0. 1. 0. 0. 0.],500,100,0.3,0.004,1,5,idID,59,random
369,0.0017397401111579204,0.0017397401111579204,0.004397850015042001,[0.         0.         0.         0.         0.         0.         0.         0.         0.         0.         0.         0.         0.         0.         0.         0.         0.         0.         0.82630714 0.         0.         0.         0.         0.         0.         0.         0.         0.01       0.         0.         0.        ],[0. 0. 0. 0. 0. 0. 0. 0. 0. 0. 0. 0. 0. 0. 0. 0. 0. 0. 1. 0. 0. 0. 0. 0. 0. 0. 0. 1. 0. 0. 0.],500,100,0.3,0.004,1,5,idID,59,random
370,0.0017397401111579204,0.0017397401111579204,0.004397850015042001,[0.         0.         0.         0.         0.         0.         0.         0.         0.         0.         0.         0.         0.         0.         0.         0.         0.         0.         0.82630714 0.         0.         0.         0.         0.         0.         0.         0.         0.01       0.         0.         0.        ],[0. 0. 0. 0. 0. 0. 0. 0. 0. 0. 0. 0. 0. 0. 0. 0. 0. 0. 1. 0. 0. 0. 0. 0. 0. 0. 0. 1. 0. 0. 0.],500,100,0.3,0.004,1,5,idID,59,random
371,0.0017397401111579204,0.0017397401111579204,0.004397850015042001,[0.         0.         0.         0.         0.         0.         0.         0.         0.         0.         0.         0.         0.         0.         0.         0.         0.         0.         0.82630714 0.         0.         0.         0.         0.         0.         0.         0.         0.01       0.         0.         0.        ],[0. 0. 0. 0. 0. 0. 0. 0. 0. 0. 0. 0. 0. 0. 0. 0. 0. 0. 1. 0. 0. 0. 0. 0. 0. 0. 0. 1. 0. 0. 0.],500,100,0.3,0.004,1,5,idID,59,random
372,0.0017397401111579204,0.0017397401111579204,0.004397850015042001,[0.         0.         0.         0.         0.         0.         0.         0.         0.         0.         0.         0.         0.         0.         0.         0.         0.         0.         0.82630714 0.         0.         0.         0.         0.         0.         0.         0.         0.01       0.         0.         0.        ],[0. 0. 0. 0. 0. 0. 0. 0. 0. 0. 0. 0. 0. 0. 0. 0. 0. 0. 1. 0. 0. 0. 0. 0. 0. 0. 0. 1. 0. 0. 0.],500,100,0.3,0.004,1,5,idID,59,random
373,0.0017397401111579204,0.0017397401111579204,0.004397850015042001,[0.         0.         0.         0.         0.         0.         0.         0.         0.         0.         0.         0.         0.         0.         0.         0.         0.         0.         0.82630714 0.         0.         0.         0.         0.         0.         0.         0.         0.01       0.         0.         0.        ],[0. 0. 0. 0. 0. 0. 0. 0. 0. 0. 0. 0. 0. 0. 0. 0. 0. 0. 1. 0. 0. 0. 0. 0. 0. 0. 0. 1. 0. 0. 0.],500,100,0.3,0.004,1,5,idID,59,random
374,0.0017397401111579204,0.0017397401111579204,0.004397850015042001,[0.         0.         0.         0.         0.         0.         0.         0.         0.         0.         0.         0.         0.         0.         0.         0.         0.         0.         0.82630714 0.         0.         0.         0.         0.         0.         0.         0.         0.01       0.         0.         0.        ],[0. 0. 0. 0. 0. 0. 0. 0. 0. 0. 0. 0. 0. 0. 0. 0. 0. 0. 1. 0. 0. 0. 0. 0. 0. 0. 0. 1. 0. 0. 0.],500,100,0.3,0.004,1,5,idID,59,random
375,0.0017397401111579204,0.0017397401111579204,0.004397850015042001,[0.         0.         0.         0.         0.         0.         0.         0.         0.         0.         0.         0.         0.         0.         0.         0.         0.         0.         0.82630714 0.         0.         0.         0.         0.         0.         0.         0.         0.01       0.         0.         0.        ],[0. 0. 0. 0. 0. 0. 0. 0. 0. 0. 0. 0. 0. 0. 0. 0. 0. 0. 1. 0. 0. 0. 0. 0. 0. 0. 0. 1. 0. 0. 0.],500,100,0.3,0.004,1,5,idID,59,random
376,0.0017397401111579204,0.0017397401111579204,0.004397850015042001,[0.         0.         0.         0.         0.         0.         0.         0.         0.         0.         0.         0.         0.         0.         0.         0.         0.         0.         0.82630714 0.         0.         0.         0.         0.         0.         0.         0.         0.01       0.         0.         0.        ],[0. 0. 0. 0. 0. 0. 0. 0. 0. 0. 0. 0. 0. 0. 0. 0. 0. 0. 1. 0. 0. 0. 0. 0. 0. 0. 0. 1. 0. 0. 0.],500,100,0.3,0.004,1,5,idID,59,random
377,0.0017397401111579204,0.0017397401111579204,0.004397850015042001,[0.         0.         0.         0.         0.         0.         0.         0.         0.         0.         0.         0.         0.         0.         0.         0.         0.         0.         0.82630714 0.         0.         0.         0.         0.         0.         0.         0.         0.01       0.         0.         0.        ],[0. 0. 0. 0. 0. 0. 0. 0. 0. 0. 0. 0. 0. 0. 0. 0. 0. 0. 1. 0. 0. 0. 0. 0. 0. 0. 0. 1. 0. 0. 0.],500,100,0.3,0.004,1,5,idID,59,random
378,0.0017397401111579204,0.0017397401111579204,0.004397850015042001,[0.         0.         0.         0.         0.         0.         0.         0.         0.         0.         0.         0.         0.         0.         0.         0.         0.         0.         0.82630714 0.         0.         0.         0.         0.         0.         0.         0.         0.01       0.         0.         0.        ],[0. 0. 0. 0. 0. 0. 0. 0. 0. 0. 0. 0. 0. 0. 0. 0. 0. 0. 1. 0. 0. 0. 0. 0. 0. 0. 0. 1. 0. 0. 0.],500,100,0.3,0.004,1,5,idID,59,random
379,0.0017397401111579204,0.0017397401111579204,0.004397850015042001,[0.         0.         0.         0.         0.         0.         0.         0.         0.         0.         0.         0.         0.         0.         0.         0.         0.         0.         0.82630714 0.         0.         0.         0.         0.         0.         0.         0.         0.01       0.         0.         0.        ],[0. 0. 0. 0. 0. 0. 0. 0. 0. 0. 0. 0. 0. 0. 0. 0. 0. 0. 1. 0. 0. 0. 0. 0. 0. 0. 0. 1. 0. 0. 0.],500,100,0.3,0.004,1,5,idID,59,random
380,0.0017397401111579204,0.0017397401111579204,0.004397850015042001,[0.         0.         0.         0.         0.         0.         0.         0.         0.         0.         0.         0.         0.         0.         0.         0.         0.         0.         0.82630714 0.         0.         0.         0.         0.         0.         0.         0.         0.01       0.         0.         0.        ],[0. 0. 0. 0. 0. 0. 0. 0. 0. 0. 0. 0. 0. 0. 0. 0. 0. 0. 1. 0. 0. 0. 0. 0. 0. 0. 0. 1. 0. 0. 0.],500,100,0.3,0.004,1,5,idID,59,random
381,0.0017397401111579204,0.0017397401111579204,0.004397850015042001,[0.         0.         0.         0.         0.         0.         0.         0.         0.         0.         0.         0.         0.         0.         0.         0.         0.         0.         0.82630714 0.         0.         0.         0.         0.         0.         0.         0.         0.01       0.         0.         0.        ],[0. 0. 0. 0. 0. 0. 0. 0. 0. 0. 0. 0. 0. 0. 0. 0. 0. 0. 1. 0. 0. 0. 0. 0. 0. 0. 0. 1. 0. 0. 0.],500,100,0.3,0.004,1,5,idID,59,random
382,0.0017397401111579204,0.0017397401111579204,0.004397850015042001,[0.         0.         0.         0.         0.         0.         0.         0.         0.         0.         0.         0.         0.         0.         0.         0.         0.         0.         0.82630714 0.         0.         0.         0.         0.         0.         0.         0.         0.01       0.         0.         0.        ],[0. 0. 0. 0. 0. 0. 0. 0. 0. 0. 0. 0. 0. 0. 0. 0. 0. 0. 1. 0. 0. 0. 0. 0. 0. 0. 0. 1. 0. 0. 0.],500,100,0.3,0.004,1,5,idID,59,random
383,0.0017397401111579204,0.0017397401111579204,0.004397850015042001,[0.         0.         0.         0.         0.         0.         0.         0.         0.         0.         0.         0.         0.         0.         0.         0.         0.         0.         0.82630714 0.         0.         0.         0.         0.         0.         0.         0.         0.01       0.         0.         0.        ],[0. 0. 0. 0. 0. 0. 0. 0. 0. 0. 0. 0. 0. 0. 0. 0. 0. 0. 1. 0. 0. 0. 0. 0. 0. 0. 0. 1. 0. 0. 0.],500,100,0.3,0.004,1,5,idID,59,random
384,0.0017397401111579204,0.0017397401111579204,0.004397850015042001,[0.         0.         0.         0.         0.         0.         0.         0.         0.         0.         0.         0.         0.         0.         0.         0.         0.         0.         0.82630714 0.         0.         0.         0.         0.         0.         0.         0.         0.01       0.         0.         0.        ],[0. 0. 0. 0. 0. 0. 0. 0. 0. 0. 0. 0. 0. 0. 0. 0. 0. 0. 1. 0. 0. 0. 0. 0. 0. 0. 0. 1. 0. 0. 0.],500,100,0.3,0.004,1,5,idID,59,random
385,0.0017397401111579204,0.0017397401111579204,0.004397850015042001,[0.         0.         0.         0.         0.         0.         0.         0.         0.         0.         0.         0.         0.         0.         0.         0.         0.         0.         0.82630714 0.         0.         0.         0.         0.         0.         0.         0.         0.01       0.         0.         0.        ],[0. 0. 0. 0. 0. 0. 0. 0. 0. 0. 0. 0. 0. 0. 0. 0. 0. 0. 1. 0. 0. 0. 0. 0. 0. 0. 0. 1. 0. 0. 0.],500,100,0.3,0.004,1,5,idID,59,random
386,0.0017397401111579204,0.0017397401111579204,0.004397850015042001,[0.         0.         0.         0.         0.         0.         0.         0.         0.         0.         0.         0.         0.         0.         0.         0.         0.         0.         0.82630714 0.         0.         0.         0.         0.         0.         0.         0.         0.01       0.         0.         0.        ],[0. 0. 0. 0. 0. 0. 0. 0. 0. 0. 0. 0. 0. 0. 0. 0. 0. 0. 1. 0. 0. 0. 0. 0. 0. 0. 0. 1. 0. 0. 0.],500,100,0.3,0.004,1,5,idID,59,random
387,0.0017397401111579204,0.0017397401111579204,0.004397850015042001,[0.         0.         0.         0.         0.         0.         0.         0.         0.         0.         0.         0.         0.         0.         0.         0.         0.         0.         0.82630714 0.         0.         0.         0.         0.         0.         0.         0.         0.01       0.         0.         0.        ],[0. 0. 0. 0. 0. 0. 0. 0. 0. 0. 0. 0. 0. 0. 0. 0. 0. 0. 1. 0. 0. 0. 0. 0. 0. 0. 0. 1. 0. 0. 0.],500,100,0.3,0.004,1,5,idID,59,random
388,0.0017397401111579204,0.0017397401111579204,0.004397850015042001,[0.         0.         0.         0.         0.         0.         0.         0.         0.         0.         0.         0.         0.         0.         0.         0.         0.         0.         0.82630714 0.         0.         0.         0.         0.         0.         0.         0.         0.01       0.         0.         0.        ],[0. 0. 0. 0. 0. 0. 0. 0. 0. 0. 0. 0. 0. 0. 0. 0. 0. 0. 1. 0. 0. 0. 0. 0. 0. 0. 0. 1. 0. 0. 0.],500,100,0.3,0.004,1,5,idID,59,random
389,0.0017397401111579204,0.0017397401111579204,0.004397850015042001,[0.         0.         0.         0.         0.         0.         0.         0.         0.         0.         0.         0.         0.         0.         0.         0.         0.         0.         0.82630714 0.         0.         0.         0.         0.         0.         0.         0.         0.01       0.         0.         0.        ],[0. 0. 0. 0. 0. 0. 0. 0. 0. 0. 0. 0. 0. 0. 0. 0. 0. 0. 1. 0. 0. 0. 0. 0. 0. 0. 0. 1. 0. 0. 0.],500,100,0.3,0.004,1,5,idID,59,random
390,0.0017397401111579204,0.0017397401111579204,0.004397850015042001,[0.         0.         0.         0.         0.         0.         0.         0.         0.         0.         0.         0.         0.         0.         0.         0.         0.         0.         0.82630714 0.         0.         0.         0.         0.         0.         0.         0.         0.01       0.         0.         0.        ],[0. 0. 0. 0. 0. 0. 0. 0. 0. 0. 0. 0. 0. 0. 0. 0. 0. 0. 1. 0. 0. 0. 0. 0. 0. 0. 0. 1. 0. 0. 0.],500,100,0.3,0.004,1,5,idID,59,random
391,0.0017397401111579204,0.0017397401111579204,0.004397850015042001,[0.         0.         0.         0.         0.         0.         0.         0.         0.         0.         0.         0.         0.         0.         0.         0.         0.         0.         0.82630714 0.         0.         0.         0.         0.         0.         0.         0.         0.01       0.         0.         0.        ],[0. 0. 0. 0. 0. 0. 0. 0. 0. 0. 0. 0. 0. 0. 0. 0. 0. 0. 1. 0. 0. 0. 0. 0. 0. 0. 0. 1. 0. 0. 0.],500,100,0.3,0.004,1,5,idID,59,random
392,0.0017397401111579204,0.0017397401111579204,0.004397850015042001,[0.         0.         0.         0.         0.         0.         0.         0.         0.         0.         0.         0.         0.         0.         0.         0.         0.         0.         0.82630714 0.         0.         0.         0.         0.         0.         0.         0.         0.01       0.         0.         0.        ],[0. 0. 0. 0. 0. 0. 0. 0. 0. 0. 0. 0. 0. 0. 0. 0. 0. 0. 1. 0. 0. 0. 0. 0. 0. 0. 0. 1. 0. 0. 0.],500,100,0.3,0.004,1,5,idID,59,random
393,0.0017397401111579204,0.0017397401111579204,0.004397850015042001,[0.         0.         0.         0.         0.         0.         0.         0.         0.         0.         0.         0.         0.         0.         0.         0.         0.         0.         0.82630714 0.         0.         0.         0.         0.         0.         0.         0.         0.01       0.         0.         0.        ],[0. 0. 0. 0. 0. 0. 0. 0. 0. 0. 0. 0. 0. 0. 0. 0. 0. 0. 1. 0. 0. 0. 0. 0. 0. 0. 0. 1. 0. 0. 0.],500,100,0.3,0.004,1,5,idID,59,random
394,0.0017397401111579204,0.0017397401111579204,0.004397850015042001,[0.         0.         0.         0.         0.         0.         0.         0.         0.         0.         0.         0.         0.         0.         0.         0.         0.         0.         0.82630714 0.         0.         0.         0.         0.         0.         0.         0.         0.01       0.         0.         0.        ],[0. 0. 0. 0. 0. 0. 0. 0. 0. 0. 0. 0. 0. 0. 0. 0. 0. 0. 1. 0. 0. 0. 0. 0. 0. 0. 0. 1. 0. 0. 0.],500,100,0.3,0.004,1,5,idID,59,random
395,0.0017397401111579204,0.0017397401111579204,0.004397850015042001,[0.         0.         0.         0.         0.         0.         0.         0.         0.         0.         0.         0.         0.         0.         0.         0.         0.         0.         0.82630714 0.         0.         0.         0.         0.         0.         0.         0.         0.01       0.         0.         0.        ],[0. 0. 0. 0. 0. 0. 0. 0. 0. 0. 0. 0. 0. 0. 0. 0. 0. 0. 1. 0. 0. 0. 0. 0. 0. 0. 0. 1. 0. 0. 0.],500,100,0.3,0.004,1,5,idID,59,random
396,0.0017397401111579204,0.0017397401111579204,0.004397850015042001,[0.         0.         0.         0.         0.         0.         0.         0.         0.         0.         0.         0.         0.         0.         0.         0.         0.         0.         0.82630714 0.         0.         0.         0.         0.         0.         0.         0.         0.01       0.         0.         0.        ],[0. 0. 0. 0. 0. 0. 0. 0. 0. 0. 0. 0. 0. 0. 0. 0. 0. 0. 1. 0. 0. 0. 0. 0. 0. 0. 0. 1. 0. 0. 0.],500,100,0.3,0.004,1,5,idID,59,random
397,0.0017397401111579204,0.0017397401111579204,0.004397850015042001,[0.         0.         0.         0.         0.         0.         0.         0.         0.         0.         0.         0.         0.         0.         0.         0.         0.         0.         0.82630714 0.         0.         0.         0.         0.         0.         0.         0.         0.01       0.         0.         0.        ],[0. 0. 0. 0. 0. 0. 0. 0. 0. 0. 0. 0. 0. 0. 0. 0. 0. 0. 1. 0. 0. 0. 0. 0. 0. 0. 0. 1. 0. 0. 0.],500,100,0.3,0.004,1,5,idID,59,random
398,0.0017397401111579204,0.0017397401111579204,0.004397850015042001,[0.         0.         0.         0.         0.         0.         0.         0.         0.         0.         0.         0.         0.         0.         0.         0.         0.         0.         0.82630714 0.         0.         0.         0.         0.         0.         0.         0.         0.01       0.         0.         0.        ],[0. 0. 0. 0. 0. 0. 0. 0. 0. 0. 0. 0. 0. 0. 0. 0. 0. 0. 1. 0. 0. 0. 0. 0. 0. 0. 0. 1. 0. 0. 0.],500,100,0.3,0.004,1,5,idID,59,random
399,0.0017397401111579204,0.0017397401111579204,0.004397850015042001,[0.         0.         0.         0.         0.         0.         0.         0.         0.         0.         0.         0.         0.         0.         0.         0.         0.         0.         0.82630714 0.         0.         0.         0.         0.         0.         0.         0.         0.01       0.         0.         0.        ],[0. 0. 0. 0. 0. 0. 0. 0. 0. 0. 0. 0. 0. 0. 0. 0. 0. 0. 1. 0. 0. 0. 0. 0. 0. 0. 0. 1. 0. 0. 0.],500,100,0.3,0.004,1,5,idID,59,random
400,0.0017397401111579204,0.0017397401111579204,0.004397850015042001,[0.         0.         0.         0.         0.         0.         0.         0.         0.         0.         0.         0.         0.         0.         0.         0.         0.         0.         0.82630714 0.         0.         0.         0.         0.         0.         0.         0.         0.01       0.         0.         0.        ],[0. 0. 0. 0. 0. 0. 0. 0. 0. 0. 0. 0. 0. 0. 0. 0. 0. 0. 1. 0. 0. 0. 0. 0. 0. 0. 0. 1. 0. 0. 0.],500,100,0.3,0.004,1,5,idID,59,random
401,0.0017397401111579204,0.0017397401111579204,0.004397850015042001,[0.         0.         0.         0.         0.         0.         0.         0.         0.         0.         0.         0.         0.         0.         0.         0.         0.         0.         0.82630714 0.         0.         0.         0.         0.         0.         0.         0.         0.01       0.         0.         0.        ],[0. 0. 0. 0. 0. 0. 0. 0. 0. 0. 0. 0. 0. 0. 0. 0. 0. 0. 1. 0. 0. 0. 0. 0. 0. 0. 0. 1. 0. 0. 0.],500,100,0.3,0.004,1,5,idID,59,random
402,0.0017397401111579204,0.0017397401111579204,0.004397850015042001,[0.         0.         0.         0.         0.         0.         0.         0.         0.         0.         0.         0.         0.         0.         0.         0.         0.         0.         0.82630714 0.         0.         0.         0.         0.         0.         0.         0.         0.01       0.         0.         0.        ],[0. 0. 0. 0. 0. 0. 0. 0. 0. 0. 0. 0. 0. 0. 0. 0. 0. 0. 1. 0. 0. 0. 0. 0. 0. 0. 0. 1. 0. 0. 0.],500,100,0.3,0.004,1,5,idID,59,random
403,0.0017397401111579204,0.0017397401111579204,0.004397850015042001,[0.         0.         0.         0.         0.         0.         0.         0.         0.         0.         0.         0.         0.         0.         0.         0.         0.         0.         0.82630714 0.         0.         0.         0.         0.         0.         0.         0.         0.01       0.         0.         0.        ],[0. 0. 0. 0. 0. 0. 0. 0. 0. 0. 0. 0. 0. 0. 0. 0. 0. 0. 1. 0. 0. 0. 0. 0. 0. 0. 0. 1. 0. 0. 0.],500,100,0.3,0.004,1,5,idID,59,random
404,0.0017397401111579204,0.0017397401111579204,0.004397850015042001,[0.         0.         0.         0.         0.         0.         0.         0.         0.         0.         0.         0.         0.         0.         0.         0.         0.         0.         0.82630714 0.         0.         0.         0.         0.         0.         0.         0.         0.01       0.         0.         0.        ],[0. 0. 0. 0. 0. 0. 0. 0. 0. 0. 0. 0. 0. 0. 0. 0. 0. 0. 1. 0. 0. 0. 0. 0. 0. 0. 0. 1. 0. 0. 0.],500,100,0.3,0.004,1,5,idID,59,random
405,0.0017397401111579204,0.0017397401111579204,0.004397850015042001,[0.         0.         0.         0.         0.         0.         0.         0.         0.         0.         0.         0.         0.         0.         0.         0.         0.         0.         0.82630714 0.         0.         0.         0.         0.         0.         0.         0.         0.01       0.         0.         0.        ],[0. 0. 0. 0. 0. 0. 0. 0. 0. 0. 0. 0. 0. 0. 0. 0. 0. 0. 1. 0. 0. 0. 0. 0. 0. 0. 0. 1. 0. 0. 0.],500,100,0.3,0.004,1,5,idID,59,random
406,0.0017397401111579204,0.0017397401111579204,0.004397850015042001,[0.         0.         0.         0.         0.         0.         0.         0.         0.         0.         0.         0.         0.         0.         0.         0.         0.         0.         0.82630714 0.         0.         0.         0.         0.         0.         0.         0.         0.01       0.         0.         0.        ],[0. 0. 0. 0. 0. 0. 0. 0. 0. 0. 0. 0. 0. 0. 0. 0. 0. 0. 1. 0. 0. 0. 0. 0. 0. 0. 0. 1. 0. 0. 0.],500,100,0.3,0.004,1,5,idID,59,random
407,0.0017397401111579204,0.0017397401111579204,0.004397850015042001,[0.         0.         0.         0.         0.         0.         0.         0.         0.         0.         0.         0.         0.         0.         0.         0.         0.         0.         0.82630714 0.         0.         0.         0.         0.         0.         0.         0.         0.01       0.         0.         0.        ],[0. 0. 0. 0. 0. 0. 0. 0. 0. 0. 0. 0. 0. 0. 0. 0. 0. 0. 1. 0. 0. 0. 0. 0. 0. 0. 0. 1. 0. 0. 0.],500,100,0.3,0.004,1,5,idID,59,random
408,0.0017397401111579204,0.0017397401111579204,0.004397850015042001,[0.         0.         0.         0.         0.         0.         0.         0.         0.         0.         0.         0.         0.         0.         0.         0.         0.         0.         0.82630714 0.         0.         0.         0.         0.         0.         0.         0.         0.01       0.         0.         0.        ],[0. 0. 0. 0. 0. 0. 0. 0. 0. 0. 0. 0. 0. 0. 0. 0. 0. 0. 1. 0. 0. 0. 0. 0. 0. 0. 0. 1. 0. 0. 0.],500,100,0.3,0.004,1,5,idID,59,random
409,0.0017397401111579204,0.0017397401111579204,0.004397850015042001,[0.         0.         0.         0.         0.         0.         0.         0.         0.         0.         0.         0.         0.         0.         0.         0.         0.         0.         0.82630714 0.         0.         0.         0.         0.         0.         0.         0.         0.01       0.         0.         0.        ],[0. 0. 0. 0. 0. 0. 0. 0. 0. 0. 0. 0. 0. 0. 0. 0. 0. 0. 1. 0. 0. 0. 0. 0. 0. 0. 0. 1. 0. 0. 0.],500,100,0.3,0.004,1,5,idID,59,random
410,0.0017397401111579204,0.0017397401111579204,0.004397850015042001,[0.         0.         0.         0.         0.         0.         0.         0.         0.         0.         0.         0.         0.         0.         0.         0.         0.         0.         0.82630714 0.         0.         0.         0.         0.         0.         0.         0.         0.01       0.         0.         0.        ],[0. 0. 0. 0. 0. 0. 0. 0. 0. 0. 0. 0. 0. 0. 0. 0. 0. 0. 1. 0. 0. 0. 0. 0. 0. 0. 0. 1. 0. 0. 0.],500,100,0.3,0.004,1,5,idID,59,random
411,0.0017397401111579204,0.0017397401111579204,0.004397850015042001,[0.         0.         0.         0.         0.         0.         0.         0.         0.         0.         0.         0.         0.         0.         0.         0.         0.         0.         0.82630714 0.         0.         0.         0.         0.         0.         0.         0.         0.01       0.         0.         0.        ],[0. 0. 0. 0. 0. 0. 0. 0. 0. 0. 0. 0. 0. 0. 0. 0. 0. 0. 1. 0. 0. 0. 0. 0. 0. 0. 0. 1. 0. 0. 0.],500,100,0.3,0.004,1,5,idID,59,random
412,0.0017397401111579204,0.0017397401111579204,0.004397850015042001,[0.         0.         0.         0.         0.         0.         0.         0.         0.         0.         0.         0.         0.         0.         0.         0.         0.         0.         0.82630714 0.         0.         0.         0.         0.         0.         0.         0.         0.01       0.         0.         0.        ],[0. 0. 0. 0. 0. 0. 0. 0. 0. 0. 0. 0. 0. 0. 0. 0. 0. 0. 1. 0. 0. 0. 0. 0. 0. 0. 0. 1. 0. 0. 0.],500,100,0.3,0.004,1,5,idID,59,random
413,0.0017397401111579204,0.0017397401111579204,0.004397850015042001,[0.         0.         0.         0.         0.         0.         0.         0.         0.         0.         0.         0.         0.         0.         0.         0.         0.         0.         0.82630714 0.         0.         0.         0.         0.         0.         0.         0.         0.01       0.         0.         0.        ],[0. 0. 0. 0. 0. 0. 0. 0. 0. 0. 0. 0. 0. 0. 0. 0. 0. 0. 1. 0. 0. 0. 0. 0. 0. 0. 0. 1. 0. 0. 0.],500,100,0.3,0.004,1,5,idID,59,random
414,0.0017397401111579204,0.0017397401111579204,0.004397850015042001,[0.         0.         0.         0.         0.         0.         0.         0.         0.         0.         0.         0.         0.         0.         0.         0.         0.         0.         0.82630714 0.         0.         0.         0.         0.         0.         0.         0.         0.01       0.         0.         0.        ],[0. 0. 0. 0. 0. 0. 0. 0. 0. 0. 0. 0. 0. 0. 0. 0. 0. 0. 1. 0. 0. 0. 0. 0. 0. 0. 0. 1. 0. 0. 0.],500,100,0.3,0.004,1,5,idID,59,random
415,0.0017397401111579204,0.0017397401111579204,0.004397850015042001,[0.         0.         0.         0.         0.         0.         0.         0.         0.         0.         0.         0.         0.         0.         0.         0.         0.         0.         0.82630714 0.         0.         0.         0.         0.         0.         0.         0.         0.01       0.         0.         0.        ],[0. 0. 0. 0. 0. 0. 0. 0. 0. 0. 0. 0. 0. 0. 0. 0. 0. 0. 1. 0. 0. 0. 0. 0. 0. 0. 0. 1. 0. 0. 0.],500,100,0.3,0.004,1,5,idID,59,random
416,0.0017397401111579204,0.0017397401111579204,0.004397850015042001,[0.         0.         0.         0.         0.         0.         0.         0.         0.         0.         0.         0.         0.         0.         0.         0.         0.         0.         0.82630714 0.         0.         0.         0.         0.         0.         0.         0.         0.01       0.         0.         0.        ],[0. 0. 0. 0. 0. 0. 0. 0. 0. 0. 0. 0. 0. 0. 0. 0. 0. 0. 1. 0. 0. 0. 0. 0. 0. 0. 0. 1. 0. 0. 0.],500,100,0.3,0.004,1,5,idID,59,random
417,0.0017397401111579204,0.0017397401111579204,0.004397850015042001,[0.         0.         0.         0.         0.         0.         0.         0.         0.         0.         0.         0.         0.         0.         0.         0.         0.         0.         0.82630714 0.         0.         0.         0.         0.         0.         0.         0.         0.01       0.         0.         0.        ],[0. 0. 0. 0. 0. 0. 0. 0. 0. 0. 0. 0. 0. 0. 0. 0. 0. 0. 1. 0. 0. 0. 0. 0. 0. 0. 0. 1. 0. 0. 0.],500,100,0.3,0.004,1,5,idID,59,random
418,0.0017397401111579204,0.0017397401111579204,0.004397850015042001,[0.         0.         0.         0.         0.         0.         0.         0.         0.         0.         0.         0.         0.         0.         0.         0.         0.         0.         0.82630714 0.         0.         0.         0.         0.         0.         0.         0.         0.01       0.         0.         0.        ],[0. 0. 0. 0. 0. 0. 0. 0. 0. 0. 0. 0. 0. 0. 0. 0. 0. 0. 1. 0. 0. 0. 0. 0. 0. 0. 0. 1. 0. 0. 0.],500,100,0.3,0.004,1,5,idID,59,random
419,0.0017397401111579204,0.0017397401111579204,0.004397850015042001,[0.         0.         0.         0.         0.         0.         0.         0.         0.         0.         0.         0.         0.         0.         0.         0.         0.         0.         0.82630714 0.         0.         0.         0.         0.         0.         0.         0.         0.01       0.         0.         0.        ],[0. 0. 0. 0. 0. 0. 0. 0. 0. 0. 0. 0. 0. 0. 0. 0. 0. 0. 1. 0. 0. 0. 0. 0. 0. 0. 0. 1. 0. 0. 0.],500,100,0.3,0.004,1,5,idID,59,random
420,0.0017397401111579204,0.0017397401111579204,0.004397850015042001,[0.         0.         0.         0.         0.         0.         0.         0.         0.         0.         0.         0.         0.         0.         0.         0.         0.         0.         0.82630714 0.         0.         0.         0.         0.         0.         0.         0.         0.01       0.         0.         0.        ],[0. 0. 0. 0. 0. 0. 0. 0. 0. 0. 0. 0. 0. 0. 0. 0. 0. 0. 1. 0. 0. 0. 0. 0. 0. 0. 0. 1. 0. 0. 0.],500,100,0.3,0.004,1,5,idID,59,random
421,0.0017397401111579204,0.0017397401111579204,0.004397850015042001,[0.         0.         0.         0.         0.         0.         0.         0.         0.         0.         0.         0.         0.         0.         0.         0.         0.         0.         0.82630714 0.         0.         0.         0.         0.         0.         0.         0.         0.01       0.         0.         0.        ],[0. 0. 0. 0. 0. 0. 0. 0. 0. 0. 0. 0. 0. 0. 0. 0. 0. 0. 1. 0. 0. 0. 0. 0. 0. 0. 0. 1. 0. 0. 0.],500,100,0.3,0.004,1,5,idID,59,random
422,0.0017397401111579204,0.0017397401111579204,0.004397850015042001,[0.         0.         0.         0.         0.         0.         0.         0.         0.         0.         0.         0.         0.         0.         0.         0.         0.         0.         0.82630714 0.         0.         0.         0.         0.         0.         0.         0.         0.01       0.         0.         0.        ],[0. 0. 0. 0. 0. 0. 0. 0. 0. 0. 0. 0. 0. 0. 0. 0. 0. 0. 1. 0. 0. 0. 0. 0. 0. 0. 0. 1. 0. 0. 0.],500,100,0.3,0.004,1,5,idID,59,random
423,0.0017397401111579204,0.0017397401111579204,0.004397850015042001,[0.         0.         0.         0.         0.         0.         0.         0.         0.         0.         0.         0.         0.         0.         0.         0.         0.         0.         0.82630714 0.         0.         0.         0.         0.         0.         0.         0.         0.01       0.         0.         0.        ],[0. 0. 0. 0. 0. 0. 0. 0. 0. 0. 0. 0. 0. 0. 0. 0. 0. 0. 1. 0. 0. 0. 0. 0. 0. 0. 0. 1. 0. 0. 0.],500,100,0.3,0.004,1,5,idID,59,random
424,0.0017397401111579204,0.0017397401111579204,0.004397850015042001,[0.         0.         0.         0.         0.         0.         0.         0.         0.         0.         0.         0.         0.         0.         0.         0.         0.         0.         0.82630714 0.         0.         0.         0.         0.         0.         0.         0.         0.01       0.         0.         0.        ],[0. 0. 0. 0. 0. 0. 0. 0. 0. 0. 0. 0. 0. 0. 0. 0. 0. 0. 1. 0. 0. 0. 0. 0. 0. 0. 0. 1. 0. 0. 0.],500,100,0.3,0.004,1,5,idID,59,random
425,0.0017397401111579204,0.0017397401111579204,0.004397850015042001,[0.         0.         0.         0.         0.         0.         0.         0.         0.         0.         0.         0.         0.         0.         0.         0.         0.         0.         0.82630714 0.         0.         0.         0.         0.         0.         0.         0.         0.01       0.         0.         0.        ],[0. 0. 0. 0. 0. 0. 0. 0. 0. 0. 0. 0. 0. 0. 0. 0. 0. 0. 1. 0. 0. 0. 0. 0. 0. 0. 0. 1. 0. 0. 0.],500,100,0.3,0.004,1,5,idID,59,random
426,0.0017397401111579204,0.0017397401111579204,0.004397850015042001,[0.         0.         0.         0.         0.         0.         0.         0.         0.         0.         0.         0.         0.         0.         0.         0.         0.         0.         0.82630714 0.         0.         0.         0.         0.         0.         0.         0.         0.01       0.         0.         0.        ],[0. 0. 0. 0. 0. 0. 0. 0. 0. 0. 0. 0. 0. 0. 0. 0. 0. 0. 1. 0. 0. 0. 0. 0. 0. 0. 0. 1. 0. 0. 0.],500,100,0.3,0.004,1,5,idID,59,random
427,0.0017397401111579204,0.0017397401111579204,0.004397850015042001,[0.         0.         0.         0.         0.         0.         0.         0.         0.         0.         0.         0.         0.         0.         0.         0.         0.         0.         0.82630714 0.         0.         0.         0.         0.         0.         0.         0.         0.01       0.         0.         0.        ],[0. 0. 0. 0. 0. 0. 0. 0. 0. 0. 0. 0. 0. 0. 0. 0. 0. 0. 1. 0. 0. 0. 0. 0. 0. 0. 0. 1. 0. 0. 0.],500,100,0.3,0.004,1,5,idID,59,random
428,0.0017397401111579204,0.0017397401111579204,0.004397850015042001,[0.         0.         0.         0.         0.         0.         0.         0.         0.         0.         0.         0.         0.         0.         0.         0.         0.         0.         0.82630714 0.         0.         0.         0.         0.         0.         0.         0.         0.01       0.         0.         0.        ],[0. 0. 0. 0. 0. 0. 0. 0. 0. 0. 0. 0. 0. 0. 0. 0. 0. 0. 1. 0. 0. 0. 0. 0. 0. 0. 0. 1. 0. 0. 0.],500,100,0.3,0.004,1,5,idID,59,random
429,0.0017397401111579204,0.0017397401111579204,0.004397850015042001,[0.         0.         0.         0.         0.         0.         0.         0.         0.         0.         0.         0.         0.         0.         0.         0.         0.         0.         0.82630714 0.         0.         0.         0.         0.         0.         0.         0.         0.01       0.         0.         0.        ],[0. 0. 0. 0. 0. 0. 0. 0. 0. 0. 0. 0. 0. 0. 0. 0. 0. 0. 1. 0. 0. 0. 0. 0. 0. 0. 0. 1. 0. 0. 0.],500,100,0.3,0.004,1,5,idID,59,random
430,0.0017397401111579204,0.0017397401111579204,0.004397850015042001,[0.         0.         0.         0.         0.         0.         0.         0.         0.         0.         0.         0.         0.         0.         0.         0.         0.         0.         0.82630714 0.         0.         0.         0.         0.         0.         0.         0.         0.01       0.         0.         0.        ],[0. 0. 0. 0. 0. 0. 0. 0. 0. 0. 0. 0. 0. 0. 0. 0. 0. 0. 1. 0. 0. 0. 0. 0. 0. 0. 0. 1. 0. 0. 0.],500,100,0.3,0.004,1,5,idID,59,random
431,0.0017397401111579204,0.0017397401111579204,0.004397850015042001,[0.         0.         0.         0.         0.         0.         0.         0.         0.         0.         0.         0.         0.         0.         0.         0.         0.         0.         0.82630714 0.         0.         0.         0.         0.         0.         0.         0.         0.01       0.         0.         0.        ],[0. 0. 0. 0. 0. 0. 0. 0. 0. 0. 0. 0. 0. 0. 0. 0. 0. 0. 1. 0. 0. 0. 0. 0. 0. 0. 0. 1. 0. 0. 0.],500,100,0.3,0.004,1,5,idID,59,random
432,0.0017397401111579204,0.0017397401111579204,0.004397850015042001,[0.         0.         0.         0.         0.         0.         0.         0.         0.         0.         0.         0.         0.         0.         0.         0.         0.         0.         0.82630714 0.         0.         0.         0.         0.         0.         0.         0.         0.01       0.         0.         0.        ],[0. 0. 0. 0. 0. 0. 0. 0. 0. 0. 0. 0. 0. 0. 0. 0. 0. 0. 1. 0. 0. 0. 0. 0. 0. 0. 0. 1. 0. 0. 0.],500,100,0.3,0.004,1,5,idID,59,random
433,0.0017397401111579204,0.0017397401111579204,0.004397850015042001,[0.         0.         0.         0.         0.         0.         0.         0.         0.         0.         0.         0.         0.         0.         0.         0.         0.         0.         0.82630714 0.         0.         0.         0.         0.         0.         0.         0.         0.01       0.         0.         0.        ],[0. 0. 0. 0. 0. 0. 0. 0. 0. 0. 0. 0. 0. 0. 0. 0. 0. 0. 1. 0. 0. 0. 0. 0. 0. 0. 0. 1. 0. 0. 0.],500,100,0.3,0.004,1,5,idID,59,random
434,0.0017397401111579204,0.0017397401111579204,0.004397850015042001,[0.         0.         0.         0.         0.         0.         0.         0.         0.         0.         0.         0.         0.         0.         0.         0.         0.         0.         0.82630714 0.         0.         0.         0.         0.         0.         0.         0.         0.01       0.         0.         0.        ],[0. 0. 0. 0. 0. 0. 0. 0. 0. 0. 0. 0. 0. 0. 0. 0. 0. 0. 1. 0. 0. 0. 0. 0. 0. 0. 0. 1. 0. 0. 0.],500,100,0.3,0.004,1,5,idID,59,random
435,0.0017397401111579204,0.0017397401111579204,0.004397850015042001,[0.         0.         0.         0.         0.         0.         0.         0.         0.         0.         0.         0.         0.         0.         0.         0.         0.         0.         0.82630714 0.         0.         0.         0.         0.         0.         0.         0.         0.01       0.         0.         0.        ],[0. 0. 0. 0. 0. 0. 0. 0. 0. 0. 0. 0. 0. 0. 0. 0. 0. 0. 1. 0. 0. 0. 0. 0. 0. 0. 0. 1. 0. 0. 0.],500,100,0.3,0.004,1,5,idID,59,random
436,0.0017397401111579204,0.0017397401111579204,0.004397850015042001,[0.         0.         0.         0.         0.         0.         0.         0.         0.         0.         0.         0.         0.         0.         0.         0.         0.         0.         0.82630714 0.         0.         0.         0.         0.         0.         0.         0.         0.01       0.         0.         0.        ],[0. 0. 0. 0. 0. 0. 0. 0. 0. 0. 0. 0. 0. 0. 0. 0. 0. 0. 1. 0. 0. 0. 0. 0. 0. 0. 0. 1. 0. 0. 0.],500,100,0.3,0.004,1,5,idID,59,random
437,0.0017397401111579204,0.0017397401111579204,0.004397850015042001,[0.         0.         0.         0.         0.         0.         0.         0.         0.         0.         0.         0.         0.         0.         0.         0.         0.         0.         0.82630714 0.         0.         0.         0.         0.         0.         0.         0.         0.01       0.         0.         0.        ],[0. 0. 0. 0. 0. 0. 0. 0. 0. 0. 0. 0. 0. 0. 0. 0. 0. 0. 1. 0. 0. 0. 0. 0. 0. 0. 0. 1. 0. 0. 0.],500,100,0.3,0.004,1,5,idID,59,random
438,0.0017397401111579204,0.0017397401111579204,0.004397850015042001,[0.         0.         0.         0.         0.         0.         0.         0.         0.         0.         0.         0.         0.         0.         0.         0.         0.         0.         0.82630714 0.         0.         0.         0.         0.         0.         0.         0.         0.01       0.         0.         0.        ],[0. 0. 0. 0. 0. 0. 0. 0. 0. 0. 0. 0. 0. 0. 0. 0. 0. 0. 1. 0. 0. 0. 0. 0. 0. 0. 0. 1. 0. 0. 0.],500,100,0.3,0.004,1,5,idID,59,random
439,0.0017397401111579204,0.0017397401111579204,0.004397850015042001,[0.         0.         0.         0.         0.         0.         0.         0.         0.         0.         0.         0.         0.         0.         0.         0.         0.         0.         0.82630714 0.         0.         0.         0.         0.         0.         0.         0.         0.01       0.         0.         0.        ],[0. 0. 0. 0. 0. 0. 0. 0. 0. 0. 0. 0. 0. 0. 0. 0. 0. 0. 1. 0. 0. 0. 0. 0. 0. 0. 0. 1. 0. 0. 0.],500,100,0.3,0.004,1,5,idID,59,random
440,0.0017397401111579204,0.0017397401111579204,0.004397850015042001,[0.         0.         0.         0.         0.         0.         0.         0.         0.         0.         0.         0.         0.         0.         0.         0.         0.         0.         0.82630714 0.         0.         0.         0.         0.         0.         0.         0.         0.01       0.         0.         0.        ],[0. 0. 0. 0. 0. 0. 0. 0. 0. 0. 0. 0. 0. 0. 0. 0. 0. 0. 1. 0. 0. 0. 0. 0. 0. 0. 0. 1. 0. 0. 0.],500,100,0.3,0.004,1,5,idID,59,random
441,0.0017397401111579204,0.0017397401111579204,0.004397850015042001,[0.         0.         0.         0.         0.         0.         0.         0.         0.         0.         0.         0.         0.         0.         0.         0.         0.         0.         0.82630714 0.         0.         0.         0.         0.         0.         0.         0.         0.01       0.         0.         0.        ],[0. 0. 0. 0. 0. 0. 0. 0. 0. 0. 0. 0. 0. 0. 0. 0. 0. 0. 1. 0. 0. 0. 0. 0. 0. 0. 0. 1. 0. 0. 0.],500,100,0.3,0.004,1,5,idID,59,random
442,0.0017397401111579204,0.0017397401111579204,0.004397850015042001,[0.         0.         0.         0.         0.         0.         0.         0.         0.         0.         0.         0.         0.         0.         0.         0.         0.         0.         0.82630714 0.         0.         0.         0.         0.         0.         0.         0.         0.01       0.         0.         0.        ],[0. 0. 0. 0. 0. 0. 0. 0. 0. 0. 0. 0. 0. 0. 0. 0. 0. 0. 1. 0. 0. 0. 0. 0. 0. 0. 0. 1. 0. 0. 0.],500,100,0.3,0.004,1,5,idID,59,random
443,0.0017397401111579204,0.0017397401111579204,0.004397850015042001,[0.         0.         0.         0.         0.         0.         0.         0.         0.         0.         0.         0.         0.         0.         0.         0.         0.         0.         0.82630714 0.         0.         0.         0.         0.         0.         0.         0.         0.01       0.         0.         0.        ],[0. 0. 0. 0. 0. 0. 0. 0. 0. 0. 0. 0. 0. 0. 0. 0. 0. 0. 1. 0. 0. 0. 0. 0. 0. 0. 0. 1. 0. 0. 0.],500,100,0.3,0.004,1,5,idID,59,random
444,0.0017397401111579204,0.0017397401111579204,0.004397850015042001,[0.         0.         0.         0.         0.         0.         0.         0.         0.         0.         0.         0.         0.         0.         0.         0.         0.         0.         0.82630714 0.         0.         0.         0.         0.         0.         0.         0.         0.01       0.         0.         0.        ],[0. 0. 0. 0. 0. 0. 0. 0. 0. 0. 0. 0. 0. 0. 0. 0. 0. 0. 1. 0. 0. 0. 0. 0. 0. 0. 0. 1. 0. 0. 0.],500,100,0.3,0.004,1,5,idID,59,random
445,0.0017397401111579204,0.0017397401111579204,0.004397850015042001,[0.         0.         0.         0.         0.         0.         0.         0.         0.         0.         0.         0.         0.         0.         0.         0.         0.         0.         0.82630714 0.         0.         0.         0.         0.         0.         0.         0.         0.01       0.         0.         0.        ],[0. 0. 0. 0. 0. 0. 0. 0. 0. 0. 0. 0. 0. 0. 0. 0. 0. 0. 1. 0. 0. 0. 0. 0. 0. 0. 0. 1. 0. 0. 0.],500,100,0.3,0.004,1,5,idID,59,random
446,0.0017397401111579204,0.0017397401111579204,0.004397850015042001,[0.         0.         0.         0.         0.         0.         0.         0.         0.         0.         0.         0.         0.         0.         0.         0.         0.         0.         0.82630714 0.         0.         0.         0.         0.         0.         0.         0.         0.01       0.         0.         0.        ],[0. 0. 0. 0. 0. 0. 0. 0. 0. 0. 0. 0. 0. 0. 0. 0. 0. 0. 1. 0. 0. 0. 0. 0. 0. 0. 0. 1. 0. 0. 0.],500,100,0.3,0.004,1,5,idID,59,random
447,0.0017397401111579204,0.0017397401111579204,0.004397850015042001,[0.         0.         0.         0.         0.         0.         0.         0.         0.         0.         0.         0.         0.         0.         0.         0.         0.         0.         0.82630714 0.         0.         0.         0.         0.         0.         0.         0.         0.01       0.         0.         0.        ],[0. 0. 0. 0. 0. 0. 0. 0. 0. 0. 0. 0. 0. 0. 0. 0. 0. 0. 1. 0. 0. 0. 0. 0. 0. 0. 0. 1. 0. 0. 0.],500,100,0.3,0.004,1,5,idID,59,random
448,0.0017397401111579204,0.0017397401111579204,0.004397850015042001,[0.         0.         0.         0.         0.         0.         0.         0.         0.         0.         0.         0.         0.         0.         0.         0.         0.         0.         0.82630714 0.         0.         0.         0.         0.         0.         0.         0.         0.01       0.         0.         0.        ],[0. 0. 0. 0. 0. 0. 0. 0. 0. 0. 0. 0. 0. 0. 0. 0. 0. 0. 1. 0. 0. 0. 0. 0. 0. 0. 0. 1. 0. 0. 0.],500,100,0.3,0.004,1,5,idID,59,random
449,0.0017397401111579204,0.0017397401111579204,0.004397850015042001,[0.         0.         0.         0.         0.         0.         0.         0.         0.         0.         0.         0.         0.         0.         0.         0.         0.         0.         0.82630714 0.         0.         0.         0.         0.         0.         0.         0.         0.01       0.         0.         0.        ],[0. 0. 0. 0. 0. 0. 0. 0. 0. 0. 0. 0. 0. 0. 0. 0. 0. 0. 1. 0. 0. 0. 0. 0. 0. 0. 0. 1. 0. 0. 0.],500,100,0.3,0.004,1,5,idID,59,random
450,0.0017397401111579204,0.0017397401111579204,0.004397850015042001,[0.         0.         0.         0.         0.         0.         0.         0.         0.         0.         0.         0.         0.         0.         0.         0.         0.         0.         0.82630714 0.         0.         0.         0.         0.         0.         0.         0.         0.01       0.         0.         0.        ],[0. 0. 0. 0. 0. 0. 0. 0. 0. 0. 0. 0. 0. 0. 0. 0. 0. 0. 1. 0. 0. 0. 0. 0. 0. 0. 0. 1. 0. 0. 0.],500,100,0.3,0.004,1,5,idID,59,random
451,0.0017397401111579204,0.0017397401111579204,0.004397850015042001,[0.         0.         0.         0.         0.         0.         0.         0.         0.         0.         0.         0.         0.         0.         0.         0.         0.         0.         0.82630714 0.         0.         0.         0.         0.         0.         0.         0.         0.01       0.         0.         0.        ],[0. 0. 0. 0. 0. 0. 0. 0. 0. 0. 0. 0. 0. 0. 0. 0. 0. 0. 1. 0. 0. 0. 0. 0. 0. 0. 0. 1. 0. 0. 0.],500,100,0.3,0.004,1,5,idID,59,random
452,0.0017397401111579204,0.0017397401111579204,0.004397850015042001,[0.         0.         0.         0.         0.         0.         0.         0.         0.         0.         0.         0.         0.         0.         0.         0.         0.         0.         0.82630714 0.         0.         0.         0.         0.         0.         0.         0.         0.01       0.         0.         0.        ],[0. 0. 0. 0. 0. 0. 0. 0. 0. 0. 0. 0. 0. 0. 0. 0. 0. 0. 1. 0. 0. 0. 0. 0. 0. 0. 0. 1. 0. 0. 0.],500,100,0.3,0.004,1,5,idID,59,random
453,0.0017397401111579204,0.0017397401111579204,0.004397850015042001,[0.         0.         0.         0.         0.         0.         0.         0.         0.         0.         0.         0.         0.         0.         0.         0.         0.         0.         0.82630714 0.         0.         0.         0.         0.         0.         0.         0.         0.01       0.         0.         0.        ],[0. 0. 0. 0. 0. 0. 0. 0. 0. 0. 0. 0. 0. 0. 0. 0. 0. 0. 1. 0. 0. 0. 0. 0. 0. 0. 0. 1. 0. 0. 0.],500,100,0.3,0.004,1,5,idID,59,random
454,0.0017397401111579204,0.0017397401111579204,0.004397850015042001,[0.         0.         0.         0.         0.         0.         0.         0.         0.         0.         0.         0.         0.         0.         0.         0.         0.         0.         0.82630714 0.         0.         0.         0.         0.         0.         0.         0.         0.01       0.         0.         0.        ],[0. 0. 0. 0. 0. 0. 0. 0. 0. 0. 0. 0. 0. 0. 0. 0. 0. 0. 1. 0. 0. 0. 0. 0. 0. 0. 0. 1. 0. 0. 0.],500,100,0.3,0.004,1,5,idID,59,random
455,0.0017397401111579204,0.0017397401111579204,0.004397850015042001,[0.         0.         0.         0.         0.         0.         0.         0.         0.         0.         0.         0.         0.         0.         0.         0.         0.         0.         0.82630714 0.         0.         0.         0.         0.         0.         0.         0.         0.01       0.         0.         0.        ],[0. 0. 0. 0. 0. 0. 0. 0. 0. 0. 0. 0. 0. 0. 0. 0. 0. 0. 1. 0. 0. 0. 0. 0. 0. 0. 0. 1. 0. 0. 0.],500,100,0.3,0.004,1,5,idID,59,random
456,0.0017397401111579204,0.0017397401111579204,0.004397850015042001,[0.         0.         0.         0.         0.         0.         0.         0.         0.         0.         0.         0.         0.         0.         0.         0.         0.         0.         0.82630714 0.         0.         0.         0.         0.         0.         0.         0.         0.01       0.         0.         0.        ],[0. 0. 0. 0. 0. 0. 0. 0. 0. 0. 0. 0. 0. 0. 0. 0. 0. 0. 1. 0. 0. 0. 0. 0. 0. 0. 0. 1. 0. 0. 0.],500,100,0.3,0.004,1,5,idID,59,random
457,0.0017397401111579204,0.0017397401111579204,0.004397850015042001,[0.         0.         0.         0.         0.         0.         0.         0.         0.         0.         0.         0.         0.         0.         0.         0.         0.         0.         0.82630714 0.         0.         0.         0.         0.         0.         0.         0.         0.01       0.         0.         0.        ],[0. 0. 0. 0. 0. 0. 0. 0. 0. 0. 0. 0. 0. 0. 0. 0. 0. 0. 1. 0. 0. 0. 0. 0. 0. 0. 0. 1. 0. 0. 0.],500,100,0.3,0.004,1,5,idID,59,random
458,0.0017397401111579204,0.0017397401111579204,0.004397850015042001,[0.         0.         0.         0.         0.         0.         0.         0.         0.         0.         0.         0.         0.         0.         0.         0.         0.         0.         0.82630714 0.         0.         0.         0.         0.         0.         0.         0.         0.01       0.         0.         0.        ],[0. 0. 0. 0. 0. 0. 0. 0. 0. 0. 0. 0. 0. 0. 0. 0. 0. 0. 1. 0. 0. 0. 0. 0. 0. 0. 0. 1. 0. 0. 0.],500,100,0.3,0.004,1,5,idID,59,random
459,0.0017397401111579204,0.0017397401111579204,0.004397850015042001,[0.         0.         0.         0.         0.         0.         0.         0.         0.         0.         0.         0.         0.         0.         0.         0.         0.         0.         0.82630714 0.         0.         0.         0.         0.         0.         0.         0.         0.01       0.         0.         0.        ],[0. 0. 0. 0. 0. 0. 0. 0. 0. 0. 0. 0. 0. 0. 0. 0. 0. 0. 1. 0. 0. 0. 0. 0. 0. 0. 0. 1. 0. 0. 0.],500,100,0.3,0.004,1,5,idID,59,random
460,0.0017397401111579204,0.0017397401111579204,0.004397850015042001,[0.         0.         0.         0.         0.         0.         0.         0.         0.         0.         0.         0.         0.         0.         0.         0.         0.         0.         0.82630714 0.         0.         0.         0.         0.         0.         0.         0.         0.01       0.         0.         0.        ],[0. 0. 0. 0. 0. 0. 0. 0. 0. 0. 0. 0. 0. 0. 0. 0. 0. 0. 1. 0. 0. 0. 0. 0. 0. 0. 0. 1. 0. 0. 0.],500,100,0.3,0.004,1,5,idID,59,random
461,0.0017397401111579204,0.0017397401111579204,0.004397850015042001,[0.         0.         0.         0.         0.         0.         0.         0.         0.         0.         0.         0.         0.         0.         0.         0.         0.         0.         0.82630714 0.         0.         0.         0.         0.         0.         0.         0.         0.01       0.         0.         0.        ],[0. 0. 0. 0. 0. 0. 0. 0. 0. 0. 0. 0. 0. 0. 0. 0. 0. 0. 1. 0. 0. 0. 0. 0. 0. 0. 0. 1. 0. 0. 0.],500,100,0.3,0.004,1,5,idID,59,random
462,0.0017397401111579204,0.0017397401111579204,0.004397850015042001,[0.         0.         0.         0.         0.         0.         0.         0.         0.         0.         0.         0.         0.         0.         0.         0.         0.         0.         0.82630714 0.         0.         0.         0.         0.         0.         0.         0.         0.01       0.         0.         0.        ],[0. 0. 0. 0. 0. 0. 0. 0. 0. 0. 0. 0. 0. 0. 0. 0. 0. 0. 1. 0. 0. 0. 0. 0. 0. 0. 0. 1. 0. 0. 0.],500,100,0.3,0.004,1,5,idID,59,random
463,0.0017397401111579204,0.0017397401111579204,0.004397850015042001,[0.         0.         0.         0.         0.         0.         0.         0.         0.         0.         0.         0.         0.         0.         0.         0.         0.         0.         0.82630714 0.         0.         0.         0.         0.         0.         0.         0.         0.01       0.         0.         0.        ],[0. 0. 0. 0. 0. 0. 0. 0. 0. 0. 0. 0. 0. 0. 0. 0. 0. 0. 1. 0. 0. 0. 0. 0. 0. 0. 0. 1. 0. 0. 0.],500,100,0.3,0.004,1,5,idID,59,random
464,0.0017397401111579204,0.0017397401111579204,0.004397850015042001,[0.         0.         0.         0.         0.         0.         0.         0.         0.         0.         0.         0.         0.         0.         0.         0.         0.         0.         0.82630714 0.         0.         0.         0.         0.         0.         0.         0.         0.01       0.         0.         0.        ],[0. 0. 0. 0. 0. 0. 0. 0. 0. 0. 0. 0. 0. 0. 0. 0. 0. 0. 1. 0. 0. 0. 0. 0. 0. 0. 0. 1. 0. 0. 0.],500,100,0.3,0.004,1,5,idID,59,random
465,0.0017397401111579204,0.0017397401111579204,0.004397850015042001,[0.         0.         0.         0.         0.         0.         0.         0.         0.         0.         0.         0.         0.         0.         0.         0.         0.         0.         0.82630714 0.         0.         0.         0.         0.         0.         0.         0.         0.01       0.         0.         0.        ],[0. 0. 0. 0. 0. 0. 0. 0. 0. 0. 0. 0. 0. 0. 0. 0. 0. 0. 1. 0. 0. 0. 0. 0. 0. 0. 0. 1. 0. 0. 0.],500,100,0.3,0.004,1,5,idID,59,random
466,0.0017397401111579204,0.0017397401111579204,0.004397850015042001,[0.         0.         0.         0.         0.         0.         0.         0.         0.         0.         0.         0.         0.         0.         0.         0.         0.         0.         0.82630714 0.         0.         0.         0.         0.         0.         0.         0.         0.01       0.         0.         0.        ],[0. 0. 0. 0. 0. 0. 0. 0. 0. 0. 0. 0. 0. 0. 0. 0. 0. 0. 1. 0. 0. 0. 0. 0. 0. 0. 0. 1. 0. 0. 0.],500,100,0.3,0.004,1,5,idID,59,random
467,0.0017397401111579204,0.0017397401111579204,0.004397850015042001,[0.         0.         0.         0.         0.         0.         0.         0.         0.         0.         0.         0.         0.         0.         0.         0.         0.         0.         0.82630714 0.         0.         0.         0.         0.         0.         0.         0.         0.01       0.         0.         0.        ],[0. 0. 0. 0. 0. 0. 0. 0. 0. 0. 0. 0. 0. 0. 0. 0. 0. 0. 1. 0. 0. 0. 0. 0. 0. 0. 0. 1. 0. 0. 0.],500,100,0.3,0.004,1,5,idID,59,random
468,0.0017397401111579204,0.0017397401111579204,0.004397850015042001,[0.         0.         0.         0.         0.         0.         0.         0.         0.         0.         0.         0.         0.         0.         0.         0.         0.         0.         0.82630714 0.         0.         0.         0.         0.         0.         0.         0.         0.01       0.         0.         0.        ],[0. 0. 0. 0. 0. 0. 0. 0. 0. 0. 0. 0. 0. 0. 0. 0. 0. 0. 1. 0. 0. 0. 0. 0. 0. 0. 0. 1. 0. 0. 0.],500,100,0.3,0.004,1,5,idID,59,random
469,0.0017397401111579204,0.0017397401111579204,0.004397850015042001,[0.         0.         0.         0.         0.         0.         0.         0.         0.         0.         0.         0.         0.         0.         0.         0.         0.         0.         0.82630714 0.         0.         0.         0.         0.         0.         0.         0.         0.01       0.         0.         0.        ],[0. 0. 0. 0. 0. 0. 0. 0. 0. 0. 0. 0. 0. 0. 0. 0. 0. 0. 1. 0. 0. 0. 0. 0. 0. 0. 0. 1. 0. 0. 0.],500,100,0.3,0.004,1,5,idID,59,random
470,0.0017397401111579204,0.0017397401111579204,0.004397850015042001,[0.         0.         0.         0.         0.         0.         0.         0.         0.         0.         0.         0.         0.         0.         0.         0.         0.         0.         0.82630714 0.         0.         0.         0.         0.         0.         0.         0.         0.01       0.         0.         0.        ],[0. 0. 0. 0. 0. 0. 0. 0. 0. 0. 0. 0. 0. 0. 0. 0. 0. 0. 1. 0. 0. 0. 0. 0. 0. 0. 0. 1. 0. 0. 0.],500,100,0.3,0.004,1,5,idID,59,random
471,0.0017397401111579204,0.0017397401111579204,0.004397850015042001,[0.         0.         0.         0.         0.         0.         0.         0.         0.         0.         0.         0.         0.         0.         0.         0.         0.         0.         0.82630714 0.         0.         0.         0.         0.         0.         0.         0.         0.01       0.         0.         0.        ],[0. 0. 0. 0. 0. 0. 0. 0. 0. 0. 0. 0. 0. 0. 0. 0. 0. 0. 1. 0. 0. 0. 0. 0. 0. 0. 0. 1. 0. 0. 0.],500,100,0.3,0.004,1,5,idID,59,random
472,0.0017397401111579204,0.0017397401111579204,0.004397850015042001,[0.         0.         0.         0.         0.         0.         0.         0.         0.         0.         0.         0.         0.         0.         0.         0.         0.         0.         0.82630714 0.         0.         0.         0.         0.         0.         0.         0.         0.01       0.         0.         0.        ],[0. 0. 0. 0. 0. 0. 0. 0. 0. 0. 0. 0. 0. 0. 0. 0. 0. 0. 1. 0. 0. 0. 0. 0. 0. 0. 0. 1. 0. 0. 0.],500,100,0.3,0.004,1,5,idID,59,random
473,0.0017397401111579204,0.0017397401111579204,0.004397850015042001,[0.         0.         0.         0.         0.         0.         0.         0.         0.         0.         0.         0.         0.         0.         0.         0.         0.         0.         0.82630714 0.         0.         0.         0.         0.         0.         0.         0.         0.01       0.         0.         0.        ],[0. 0. 0. 0. 0. 0. 0. 0. 0. 0. 0. 0. 0. 0. 0. 0. 0. 0. 1. 0. 0. 0. 0. 0. 0. 0. 0. 1. 0. 0. 0.],500,100,0.3,0.004,1,5,idID,59,random
474,0.0017397401111579204,0.0017397401111579204,0.004397850015042001,[0.         0.         0.         0.         0.         0.         0.         0.         0.         0.         0.         0.         0.         0.         0.         0.         0.         0.         0.82630714 0.         0.         0.         0.         0.         0.         0.         0.         0.01       0.         0.         0.        ],[0. 0. 0. 0. 0. 0. 0. 0. 0. 0. 0. 0. 0. 0. 0. 0. 0. 0. 1. 0. 0. 0. 0. 0. 0. 0. 0. 1. 0. 0. 0.],500,100,0.3,0.004,1,5,idID,59,random
475,0.0017397401111579204,0.0017397401111579204,0.004397850015042001,[0.         0.         0.         0.         0.         0.         0.         0.         0.         0.         0.         0.         0.         0.         0.         0.         0.         0.         0.82630714 0.         0.         0.         0.         0.         0.         0.         0.         0.01       0.         0.         0.        ],[0. 0. 0. 0. 0. 0. 0. 0. 0. 0. 0. 0. 0. 0. 0. 0. 0. 0. 1. 0. 0. 0. 0. 0. 0. 0. 0. 1. 0. 0. 0.],500,100,0.3,0.004,1,5,idID,59,random
476,0.0017397401111579204,0.0017397401111579204,0.004397850015042001,[0.         0.         0.         0.         0.         0.         0.         0.         0.         0.         0.         0.         0.         0.         0.         0.         0.         0.         0.82630714 0.         0.         0.         0.         0.         0.         0.         0.         0.01       0.         0.         0.        ],[0. 0. 0. 0. 0. 0. 0. 0. 0. 0. 0. 0. 0. 0. 0. 0. 0. 0. 1. 0. 0. 0. 0. 0. 0. 0. 0. 1. 0. 0. 0.],500,100,0.3,0.004,1,5,idID,59,random
477,0.0017397401111579204,0.0017397401111579204,0.004397850015042001,[0.         0.         0.         0.         0.         0.         0.         0.         0.         0.         0.         0.         0.         0.         0.         0.         0.         0.         0.82630714 0.         0.         0.         0.         0.         0.         0.         0.         0.01       0.         0.         0.        ],[0. 0. 0. 0. 0. 0. 0. 0. 0. 0. 0. 0. 0. 0. 0. 0. 0. 0. 1. 0. 0. 0. 0. 0. 0. 0. 0. 1. 0. 0. 0.],500,100,0.3,0.004,1,5,idID,59,random
478,0.0017397401111579204,0.0017397401111579204,0.004397850015042001,[0.         0.         0.         0.         0.         0.         0.         0.         0.         0.         0.         0.         0.         0.         0.         0.         0.         0.         0.82630714 0.         0.         0.         0.         0.         0.         0.         0.         0.01       0.         0.         0.        ],[0. 0. 0. 0. 0. 0. 0. 0. 0. 0. 0. 0. 0. 0. 0. 0. 0. 0. 1. 0. 0. 0. 0. 0. 0. 0. 0. 1. 0. 0. 0.],500,100,0.3,0.004,1,5,idID,59,random
479,0.0017397401111579204,0.0017397401111579204,0.004397850015042001,[0.         0.         0.         0.         0.         0.         0.         0.         0.         0.         0.         0.         0.         0.         0.         0.         0.         0.         0.82630714 0.         0.         0.         0.         0.         0.         0.         0.         0.01       0.         0.         0.        ],[0. 0. 0. 0. 0. 0. 0. 0. 0. 0. 0. 0. 0. 0. 0. 0. 0. 0. 1. 0. 0. 0. 0. 0. 0. 0. 0. 1. 0. 0. 0.],500,100,0.3,0.004,1,5,idID,59,random
480,0.0017397401111579204,0.0017397401111579204,0.004397850015042001,[0.         0.         0.         0.         0.         0.         0.         0.         0.         0.         0.         0.         0.         0.         0.         0.         0.         0.         0.82630714 0.         0.         0.         0.         0.         0.         0.         0.         0.01       0.         0.         0.        ],[0. 0. 0. 0. 0. 0. 0. 0. 0. 0. 0. 0. 0. 0. 0. 0. 0. 0. 1. 0. 0. 0. 0. 0. 0. 0. 0. 1. 0. 0. 0.],500,100,0.3,0.004,1,5,idID,59,random
481,0.0017397401111579204,0.0017397401111579204,0.004397850015042001,[0.         0.         0.         0.         0.         0.         0.         0.         0.         0.         0.         0.         0.         0.         0.         0.         0.         0.         0.82630714 0.         0.         0.         0.         0.         0.         0.         0.         0.01       0.         0.         0.        ],[0. 0. 0. 0. 0. 0. 0. 0. 0. 0. 0. 0. 0. 0. 0. 0. 0. 0. 1. 0. 0. 0. 0. 0. 0. 0. 0. 1. 0. 0. 0.],500,100,0.3,0.004,1,5,idID,59,random
482,0.0017397401111579204,0.0017397401111579204,0.004397850015042001,[0.         0.         0.         0.         0.         0.         0.         0.         0.         0.         0.         0.         0.         0.         0.         0.         0.         0.         0.82630714 0.         0.         0.         0.         0.         0.         0.         0.         0.01       0.         0.         0.        ],[0. 0. 0. 0. 0. 0. 0. 0. 0. 0. 0. 0. 0. 0. 0. 0. 0. 0. 1. 0. 0. 0. 0. 0. 0. 0. 0. 1. 0. 0. 0.],500,100,0.3,0.004,1,5,idID,59,random
483,0.0017397401111579204,0.0017397401111579204,0.004397850015042001,[0.         0.         0.         0.         0.         0.         0.         0.         0.         0.         0.         0.         0.         0.         0.         0.         0.         0.         0.82630714 0.         0.         0.         0.         0.         0.         0.         0.         0.01       0.         0.         0.        ],[0. 0. 0. 0. 0. 0. 0. 0. 0. 0. 0. 0. 0. 0. 0. 0. 0. 0. 1. 0. 0. 0. 0. 0. 0. 0. 0. 1. 0. 0. 0.],500,100,0.3,0.004,1,5,idID,59,random
484,0.0017397401111579204,0.0017397401111579204,0.004397850015042001,[0.         0.         0.         0.         0.         0.         0.         0.         0.         0.         0.         0.         0.         0.         0.         0.         0.         0.         0.82630714 0.         0.         0.         0.         0.         0.         0.         0.         0.01       0.         0.         0.        ],[0. 0. 0. 0. 0. 0. 0. 0. 0. 0. 0. 0. 0. 0. 0. 0. 0. 0. 1. 0. 0. 0. 0. 0. 0. 0. 0. 1. 0. 0. 0.],500,100,0.3,0.004,1,5,idID,59,random
485,0.0017397401111579204,0.0017397401111579204,0.004397850015042001,[0.         0.         0.         0.         0.         0.         0.         0.         0.         0.         0.         0.         0.         0.         0.         0.         0.         0.         0.82630714 0.         0.         0.         0.         0.         0.         0.         0.         0.01       0.         0.         0.        ],[0. 0. 0. 0. 0. 0. 0. 0. 0. 0. 0. 0. 0. 0. 0. 0. 0. 0. 1. 0. 0. 0. 0. 0. 0. 0. 0. 1. 0. 0. 0.],500,100,0.3,0.004,1,5,idID,59,random
486,0.0017397401111579204,0.0017397401111579204,0.004397850015042001,[0.         0.         0.         0.         0.         0.         0.         0.         0.         0.         0.         0.         0.         0.         0.         0.         0.         0.         0.82630714 0.         0.         0.         0.         0.         0.         0.         0.         0.01       0.         0.         0.        ],[0. 0. 0. 0. 0. 0. 0. 0. 0. 0. 0. 0. 0. 0. 0. 0. 0. 0. 1. 0. 0. 0. 0. 0. 0. 0. 0. 1. 0. 0. 0.],500,100,0.3,0.004,1,5,idID,59,random
487,0.0017397401111579204,0.0017397401111579204,0.004397850015042001,[0.         0.         0.         0.         0.         0.         0.         0.         0.         0.         0.         0.         0.         0.         0.         0.         0.         0.         0.82630714 0.         0.         0.         0.         0.         0.         0.         0.         0.01       0.         0.         0.        ],[0. 0. 0. 0. 0. 0. 0. 0. 0. 0. 0. 0. 0. 0. 0. 0. 0. 0. 1. 0. 0. 0. 0. 0. 0. 0. 0. 1. 0. 0. 0.],500,100,0.3,0.004,1,5,idID,59,random
488,0.0017397401111579204,0.0017397401111579204,0.004397850015042001,[0.         0.         0.         0.         0.         0.         0.         0.         0.         0.         0.         0.         0.         0.         0.         0.         0.         0.         0.82630714 0.         0.         0.         0.         0.         0.         0.         0.         0.01       0.         0.         0.        ],[0. 0. 0. 0. 0. 0. 0. 0. 0. 0. 0. 0. 0. 0. 0. 0. 0. 0. 1. 0. 0. 0. 0. 0. 0. 0. 0. 1. 0. 0. 0.],500,100,0.3,0.004,1,5,idID,59,random
489,0.0017397401111579204,0.0017397401111579204,0.004397850015042001,[0.         0.         0.         0.         0.         0.         0.         0.         0.         0.         0.         0.         0.         0.         0.         0.         0.         0.         0.82630714 0.         0.         0.         0.         0.         0.         0.         0.         0.01       0.         0.         0.        ],[0. 0. 0. 0. 0. 0. 0. 0. 0. 0. 0. 0. 0. 0. 0. 0. 0. 0. 1. 0. 0. 0. 0. 0. 0. 0. 0. 1. 0. 0. 0.],500,100,0.3,0.004,1,5,idID,59,random
490,0.0017397401111579204,0.0017397401111579204,0.004397850015042001,[0.         0.         0.         0.         0.         0.         0.         0.         0.         0.         0.         0.         0.         0.         0.         0.         0.         0.         0.82630714 0.         0.         0.         0.         0.         0.         0.         0.         0.01       0.         0.         0.        ],[0. 0. 0. 0. 0. 0. 0. 0. 0. 0. 0. 0. 0. 0. 0. 0. 0. 0. 1. 0. 0. 0. 0. 0. 0. 0. 0. 1. 0. 0. 0.],500,100,0.3,0.004,1,5,idID,59,random
491,0.0017397401111579204,0.0017397401111579204,0.004397850015042001,[0.         0.         0.         0.         0.         0.         0.         0.         0.         0.         0.         0.         0.         0.         0.         0.         0.         0.         0.82630714 0.         0.         0.         0.         0.         0.         0.         0.         0.01       0.         0.         0.        ],[0. 0. 0. 0. 0. 0. 0. 0. 0. 0. 0. 0. 0. 0. 0. 0. 0. 0. 1. 0. 0. 0. 0. 0. 0. 0. 0. 1. 0. 0. 0.],500,100,0.3,0.004,1,5,idID,59,random
492,0.0017397401111579204,0.0017397401111579204,0.004397850015042001,[0.         0.         0.         0.         0.         0.         0.         0.         0.         0.         0.         0.         0.         0.         0.         0.         0.         0.         0.82630714 0.         0.         0.         0.         0.         0.         0.         0.         0.01       0.         0.         0.        ],[0. 0. 0. 0. 0. 0. 0. 0. 0. 0. 0. 0. 0. 0. 0. 0. 0. 0. 1. 0. 0. 0. 0. 0. 0. 0. 0. 1. 0. 0. 0.],500,100,0.3,0.004,1,5,idID,59,random
493,0.0017397401111579204,0.0017397401111579204,0.004397850015042001,[0.         0.         0.         0.         0.         0.         0.         0.         0.         0.         0.         0.         0.         0.         0.         0.         0.         0.         0.82630714 0.         0.         0.         0.         0.         0.         0.         0.         0.01       0.         0.         0.        ],[0. 0. 0. 0. 0. 0. 0. 0. 0. 0. 0. 0. 0. 0. 0. 0. 0. 0. 1. 0. 0. 0. 0. 0. 0. 0. 0. 1. 0. 0. 0.],500,100,0.3,0.004,1,5,idID,59,random
494,0.0017397401111579204,0.0017397401111579204,0.004397850015042001,[0.         0.         0.         0.         0.         0.         0.         0.         0.         0.         0.         0.         0.         0.         0.         0.         0.         0.         0.82630714 0.         0.         0.         0.         0.         0.         0.         0.         0.01       0.         0.         0.        ],[0. 0. 0. 0. 0. 0. 0. 0. 0. 0. 0. 0. 0. 0. 0. 0. 0. 0. 1. 0. 0. 0. 0. 0. 0. 0. 0. 1. 0. 0. 0.],500,100,0.3,0.004,1,5,idID,59,random
495,0.0017397401111579204,0.0017397401111579204,0.004397850015042001,[0.         0.         0.         0.         0.         0.         0.         0.         0.         0.         0.         0.         0.         0.         0.         0.         0.         0.         0.82630714 0.         0.         0.         0.         0.         0.         0.         0.         0.01       0.         0.         0.        ],[0. 0. 0. 0. 0. 0. 0. 0. 0. 0. 0. 0. 0. 0. 0. 0. 0. 0. 1. 0. 0. 0. 0. 0. 0. 0. 0. 1. 0. 0. 0.],500,100,0.3,0.004,1,5,idID,59,random
496,0.0017397401111579204,0.0017397401111579204,0.004397850015042001,[0.         0.         0.         0.         0.         0.         0.         0.         0.         0.         0.         0.         0.         0.         0.         0.         0.         0.         0.82630714 0.         0.         0.         0.         0.         0.         0.         0.         0.01       0.         0.         0.        ],[0. 0. 0. 0. 0. 0. 0. 0. 0. 0. 0. 0. 0. 0. 0. 0. 0. 0. 1. 0. 0. 0. 0. 0. 0. 0. 0. 1. 0. 0. 0.],500,100,0.3,0.004,1,5,idID,59,random
497,0.0017397401111579204,0.0017397401111579204,0.004397850015042001,[0.         0.         0.         0.         0.         0.         0.         0.         0.         0.         0.         0.         0.         0.         0.         0.         0.         0.         0.82630714 0.         0.         0.         0.         0.         0.         0.         0.         0.01       0.         0.         0.        ],[0. 0. 0. 0. 0. 0. 0. 0. 0. 0. 0. 0. 0. 0. 0. 0. 0. 0. 1. 0. 0. 0. 0. 0. 0. 0. 0. 1. 0. 0. 0.],500,100,0.3,0.004,1,5,idID,59,random
498,0.0017397401111579204,0.0017397401111579204,0.004397850015042001,[0.         0.         0.         0.         0.         0.         0.         0.         0.         0.         0.         0.         0.         0.         0.         0.         0.         0.         0.82630714 0.         0.         0.         0.         0.         0.         0.         0.         0.01       0.         0.         0.        ],[0. 0. 0. 0. 0. 0. 0. 0. 0. 0. 0. 0. 0. 0. 0. 0. 0. 0. 1. 0. 0. 0. 0. 0. 0. 0. 0. 1. 0. 0. 0.],500,100,0.3,0.004,1,5,idID,59,random
499,0.0017397401111579204,0.0017397401111579204,0.004397850015042001,[0.         0.         0.         0.         0.         0.         0.         0.         0.         0.         0.         0.         0.         0.         0.         0.         0.         0.         0.82630714 0.         0.         0.         0.         0.         0.         0.         0.         0.01       0.         0.         0.        ],[0. 0. 0. 0. 0. 0. 0. 0. 0. 0. 0. 0. 0. 0. 0. 0. 0. 0. 1. 0. 0. 0. 0. 0. 0. 0. 0. 1. 0. 0. 0.],500,100,0.3,0.004,1,5,idID,59,random
