iter,move,improve,obj,return,n_assets,X,Z,qN,qNv,iter_time,max_iter,neighbours,alpha,exp_return,n_port,k_min,k_max,move_strategy,seed,selection_strategy
0,TID,True,0.24171865523535951,0.0031110559553549407,10,"[0.12003002 0.13438364 0.08876672 0.07531684 0.02989184 0.12972251
 0.12331491 0.10854341 0.08726119 0.10276892]",[ 1  2  3  5  7 12 13 20 21 27],100,24,0.013904,1000,100,0.001,0.003,1,10,10,random,10,random
1,idID,True,0.2417118642566402,0.003110931320783168,10,"[0.12004067 0.13439557 0.08868583 0.07532353 0.0298945  0.12973403
 0.12332585 0.10855305 0.08726893 0.10277805]",[ 1  2  3  5  7 12 13 20 21 27],100,65,0.017702,1000,100,0.001,0.003,1,10,10,random,10,random
2,TID,True,0.2416905191873157,0.003110974933104861,10,"[0.12004067 0.13439557 0.08868583 0.0752482  0.0298945  0.12973403
 0.12332585 0.10855305 0.08726893 0.10285337]",[ 1  2  3  5  7 12 13 20 21 27],100,33,0.014446,1000,100,0.001,0.003,1,10,10,random,10,random
3,iDR,True,0.2416848451964304,0.0031111932174816503,10,"[0.12005681 0.13427922 0.08869775 0.07525832 0.02989851 0.12975146
 0.12334243 0.10856764 0.08728066 0.10286719]",[ 1  2  3  5  7 12 13 20 21 27],100,100,0.018804,1000,100,0.001,0.003,1,10,10,random,10,random
4,idID,True,0.19392764521809833,0.0033576378379986034,10,"[0.06431646 0.07193565 0.04751688 0.04031715 0.01601714 0.06951005
 0.53035973 0.05816152 0.04675773 0.05510769]",[ 1  2  3  5  7 12 13 20 21 27],100,72,0.017826,1000,100,0.001,0.003,1,10,10,random,10,random
5,idID,True,0.19392174769584705,0.0033575591914894124,10,"[0.06432093 0.07194065 0.04752018 0.04031995 0.01601825 0.06944537
 0.5303966  0.05816556 0.04676098 0.05511152]",[ 1  2  3  5  7 12 13 20 21 27],100,79,0.017743,1000,100,0.001,0.003,1,10,10,random,10,random
6,idID,True,0.19391322853267046,0.0033575064809030133,10,"[0.06426074 0.07194528 0.04752324 0.04032255 0.01601928 0.06944984
 0.53043071 0.0581693  0.04676398 0.05511507]",[ 1  2  3  5  7 12 13 20 21 27],100,76,0.017443,1000,100,0.001,0.003,1,10,10,random,10,random
7,iDR,True,0.1939018320997113,0.0033575447879951328,10,"[0.06426448 0.07194946 0.04752601 0.04032489 0.01602021 0.06945388
 0.53046157 0.05811452 0.0467667  0.05511828]",[ 1  2  3  5  7 12 13 20 21 27],100,100,0.018779,1000,100,0.001,0.003,1,10,10,random,10,random
8,iDR,True,0.1938935700188842,0.003357488595541313,10,"[0.06426094 0.0719455  0.04752339 0.04032267 0.01601933 0.06945005
 0.53043233 0.05811131 0.04676413 0.05517035]",[ 1  2  3  5  7 12 13 20 21 27],100,100,0.018783,1000,100,0.001,0.003,1,10,10,random,10,random
9,iDR,True,0.1938831367649553,0.0033574335840651356,10,"[0.06426399 0.07194892 0.04747812 0.04032459 0.01602009 0.06945335
 0.53045754 0.05811407 0.04676635 0.05517298]",[ 1  2  3  5  7 12 13 20 21 27],100,100,0.018838,1000,100,0.001,0.003,1,10,10,random,10,random
10,iDR,True,0.19387271108906548,0.003357378622379115,10,"[0.06426705 0.07195233 0.04743289 0.0403265  0.01602085 0.06945665
 0.53048273 0.05811683 0.04676857 0.0551756 ]",[ 1  2  3  5  7 12 13 20 21 27],100,100,0.018778,1000,100,0.001,0.003,1,10,10,random,10,random
11,iDR,True,0.19386131992392308,0.003357416887483714,10,"[0.06427078 0.07195651 0.04743565 0.04032885 0.01602178 0.06946068
 0.53051356 0.05806209 0.04677129 0.0551788 ]",[ 1  2  3  5  7 12 13 20 21 27],100,100,0.01884,1000,100,0.001,0.003,1,10,10,random,10,random
12,idID,True,0.1938527990405991,0.0033573642088516502,10,"[0.06421064 0.07196114 0.0474387  0.04033144 0.01602281 0.06946515
 0.53054766 0.05806582 0.04677429 0.05518235]",[ 1  2  3  5  7 12 13 20 21 27],100,75,0.017421,1000,100,0.001,0.003,1,10,10,random,10,random
13,idID,True,0.19384504255093926,0.0033574286757792173,10,"[0.06421323 0.07196404 0.04744061 0.04029273 0.01602346 0.06946795
 0.53056906 0.05806816 0.04677618 0.05518457]",[ 1  2  3  5  7 12 13 20 21 27],100,75,0.017458,1000,100,0.001,0.003,1,10,10,random,10,random
14,TID,True,0.19384263541340901,0.003357526103605094,10,"[0.06425352 0.07196404 0.04744061 0.04025244 0.01602346 0.06946795
 0.53056906 0.05806816 0.04677618 0.05518457]",[ 1  2  3  5  7 12 13 20 21 27],100,29,0.014212,1000,100,0.001,0.003,1,10,10,random,10,random
15,idID,True,0.1863547639069976,0.0034285838810709955,10,"[0.06670674 0.07471165 0.04925191 0.04178929 0.01663524 0.07212026
 0.55082635 0.06028523 0.0103818  0.05729154]",[ 1  2  3  5  7 12 13 20 26 27],100,60,0.016613,1000,100,0.001,0.003,1,10,10,random,10,random
16,iDR,True,0.18633762601082954,0.0034287289508456754,10,"[0.06671172 0.07464252 0.04925559 0.04179241 0.01663648 0.07212565
 0.5508675  0.06028973 0.01038258 0.05729582]",[ 1  2  3  5  7 12 13 20 26 27],100,100,0.018789,1000,100,0.001,0.003,1,10,10,random,10,random
17,idID,True,0.17776075717361237,0.003466845478078009,10,"[0.06890229 0.0770935  0.05087296 0.01718277 0.07449399 0.56895599
 0.01032836 0.06226942 0.0107235  0.0591772 ]",[ 1  2  3  7 12 13 15 20 26 27],100,70,0.017142,1000,100,0.001,0.003,1,10,10,random,10,random
18,idID,True,0.1626224338378784,0.003505827908822964,10,"[0.07270241 0.08134538 0.05367872 0.01813043 0.0786025  0.60033516
 0.010898   0.01131493 0.06244096 0.01055152]",[ 1  2  3  7 12 13 15 26 27 30],100,69,0.017032,1000,100,0.001,0.003,1,10,10,random,10,random
19,iDR,True,0.16261649515165222,0.00350575499308267,10,"[0.07269787 0.0813403  0.05367537 0.0181293  0.07859759 0.60029768
 0.01089732 0.01131422 0.0624995  0.01055086]",[ 1  2  3  7 12 13 15 26 27 30],100,100,0.018835,1000,100,0.001,0.003,1,10,10,random,10,random
20,idID,True,0.14816792293181547,0.003420472322044,10,"[0.0867813  0.05726581 0.019342   0.08385513 0.64045269 0.01162626
 0.01066892 0.01207105 0.0666802  0.01125663]",[ 2  3  7 12 13 15 17 26 27 30],100,71,0.01717,1000,100,0.001,0.003,1,10,10,random,10,random
21,idID,True,0.14612241521535504,0.0034459418163491212,10,"[0.08689049 0.05733786 0.01936634 0.08396063 0.64125852 0.01164088
 0.01068234 0.01001258 0.01208624 0.0667641 ]",[ 2  3  7 12 13 15 17 25 26 27],100,56,0.016327,1000,100,0.001,0.003,1,10,10,random,10,random
22,TID,True,0.14611942794345284,0.00344593288846651,10,"[0.08689049 0.05733786 0.01934697 0.08398    0.64125852 0.01164088
 0.01068234 0.01001258 0.01208624 0.0667641 ]",[ 2  3  7 12 13 15 17 25 26 27],100,30,0.014222,1000,100,0.001,0.003,1,10,10,random,10,random
23,iDR,True,0.1461173758147951,0.0034459713612576383,10,"[0.0868915  0.05733853 0.0193472  0.08398098 0.64126598 0.01162938
 0.01068247 0.0100127  0.01208638 0.06676488]",[ 2  3  7 12 13 15 17 25 26 27],100,100,0.018828,1000,100,0.001,0.003,1,10,10,random,10,random
24,iDR,True,0.146117260060502,0.0034459848485144493,10,"[0.08689063 0.05733796 0.019347   0.08398014 0.64125956 0.01162926
 0.01068236 0.01002261 0.01208626 0.06676421]",[ 2  3  7 12 13 15 17 25 26 27],100,100,0.018808,1000,100,0.001,0.003,1,10,10,random,10,random
25,iDR,True,0.1461146769204806,0.0034460174726272017,10,"[0.08689156 0.05733857 0.01934721 0.08398103 0.64126641 0.01162939
 0.01067179 0.01002272 0.01208639 0.06676492]",[ 2  3  7 12 13 15 17 25 26 27],100,100,0.018831,1000,100,0.001,0.003,1,10,10,random,10,random
26,iDR,True,0.14609734031764637,0.0034459561751823942,10,"[0.08689655 0.05728452 0.01934832 0.08398585 0.64130318 0.01163005
 0.0106724  0.01002329 0.01208708 0.06676875]",[ 2  3  7 12 13 15 17 25 26 27],100,100,0.018781,1000,100,0.001,0.003,1,10,10,random,10,random
27,TID,True,0.14608329164628997,0.003445981706880731,10,"[0.08689655 0.05728452 0.01934832 0.08390186 0.64130318 0.01163005
 0.0106724  0.01010728 0.01208708 0.06676875]",[ 2  3  7 12 13 15 17 25 26 27],100,34,0.014501,1000,100,0.001,0.003,1,10,10,random,10,random
28,TID,True,0.146065308576736,0.0034459976319763533,10,"[0.08689655 0.05722723 0.01934832 0.08390186 0.64130318 0.01163005
 0.0106724  0.01016456 0.01208708 0.06676875]",[ 2  3  7 12 13 15 17 25 26 27],100,23,0.013754,1000,100,0.001,0.003,1,10,10,random,10,random
29,iDR,True,0.1460398980026692,0.003446167876896248,10,"[0.08681719 0.05723221 0.01935    0.08390916 0.64135892 0.01163106
 0.01067333 0.01016545 0.01208813 0.06677455]",[ 2  3  7 12 13 15 17 25 26 27],100,100,0.01882,1000,100,0.001,0.003,1,10,10,random,10,random
30,iDR,True,0.14603978157457734,0.003446181567906975,10,"[0.08681631 0.05723162 0.01934981 0.0839083  0.6413524  0.01163095
 0.01067322 0.01017551 0.01208801 0.06677387]",[ 2  3  7 12 13 15 17 25 26 27],100,100,0.018781,1000,100,0.001,0.003,1,10,10,random,10,random
31,iDR,True,0.14602670215520985,0.0034460940594399484,10,"[0.0868236  0.05723643 0.01935143 0.08383143 0.64140622 0.01163192
 0.01067412 0.01017636 0.01208902 0.06677948]",[ 2  3  7 12 13 15 17 25 26 27],100,100,0.018816,1000,100,0.001,0.003,1,10,10,random,10,random
32,iDR,True,0.14602070133763423,0.0034460649561470387,10,"[0.08682528 0.05723753 0.01933245 0.08383305 0.64141863 0.01163215
 0.01067432 0.01017656 0.01208926 0.06678077]",[ 2  3  7 12 13 15 17 25 26 27],100,100,0.018813,1000,100,0.001,0.003,1,10,10,random,10,random
33,TID,True,0.14601970285146898,0.0034460299698340574,10,"[0.08682528 0.05723753 0.01933245 0.08383305 0.64141863 0.01163215
 0.01068641 0.01017656 0.01207717 0.06678077]",[ 2  3  7 12 13 15 17 25 26 27],100,27,0.014078,1000,100,0.001,0.003,1,10,10,random,10,random
34,idID,True,0.14600662890215985,0.0034459425271442276,10,"[0.08683256 0.05724233 0.01933407 0.08375624 0.6414724  0.01163312
 0.01068731 0.01017741 0.01207818 0.06678637]",[ 2  3  7 12 13 15 17 25 26 27],100,66,0.016851,1000,100,0.001,0.003,1,10,10,random,10,random
35,iDR,True,0.14598930801444124,0.0034458813282975858,10,"[0.08683753 0.05718836 0.01933518 0.08376103 0.64150913 0.01163379
 0.01068792 0.010178   0.01207887 0.06679019]",[ 2  3  7 12 13 15 17 25 26 27],100,100,0.018839,1000,100,0.001,0.003,1,10,10,random,10,random
36,iDR,True,0.145985386730019,0.003445883259507144,10,"[0.08683857 0.05718905 0.01933541 0.08376205 0.64151688 0.01163393
 0.01068805 0.01017812 0.01206694 0.066791  ]",[ 2  3  7 12 13 15 17 25 26 27],100,100,0.018793,1000,100,0.001,0.003,1,10,10,random,10,random
37,idID,True,0.14596807766676007,0.003445822114234566,10,"[0.08684354 0.05713513 0.01933652 0.08376684 0.64155357 0.01163459
 0.01068866 0.0101787  0.01206763 0.06679482]",[ 2  3  7 12 13 15 17 25 26 27],100,66,0.016923,1000,100,0.001,0.003,1,10,10,random,10,random
38,idID,True,0.14329845649237857,0.003408832978827084,10,"[0.087662   0.0576736  0.0845563  0.64759989 0.01174425 0.0107894
 0.01009425 0.01027463 0.01218136 0.06742433]",[ 2  3 12 13 15 17 24 25 26 27],100,69,0.017059,1000,100,0.001,0.003,1,10,10,random,10,random
39,idID,True,0.14329443770715375,0.003408834475118212,10,"[0.08766307 0.05767431 0.08455733 0.64760778 0.01174439 0.01078953
 0.01009437 0.01027475 0.01216933 0.06742515]",[ 2  3 12 13 15 17 24 25 26 27],100,69,0.017059,1000,100,0.001,0.003,1,10,10,random,10,random
40,idID,True,0.14236772898835226,0.003431113942368588,10,"[0.08773233 0.05771988 0.08462414 0.64811949 0.01175367 0.01010234
 0.01028287 0.01217894 0.06747842 0.0100079 ]",[ 2  3 12 13 15 24 25 26 27 30],100,67,0.016975,1000,100,0.001,0.003,1,10,10,random,10,random
41,iDR,True,0.14236768295266086,0.0034311279463263007,10,"[0.08773143 0.05771928 0.08462327 0.64811283 0.01175355 0.01010224
 0.01029305 0.01217882 0.06747773 0.0100078 ]",[ 2  3 12 13 15 24 25 26 27 30],100,98,0.018683,1000,100,0.001,0.003,1,10,10,random,10,random
42,idID,True,0.1286757670921707,0.0033114557426661096,10,"[0.01080641 0.09480618 0.06237382 0.70037727 0.01270136 0.01091689
 0.01112309 0.01316093 0.0729192  0.01081484]",[ 0  2  3 13 15 24 25 26 27 30],100,65,0.016829,1000,100,0.001,0.003,1,10,10,random,10,random
43,idID,True,0.12867355010561982,0.0033114658163172074,10,"[0.01080653 0.0948072  0.0623745  0.70038484 0.0127015  0.01091701
 0.01112321 0.01316107 0.07291999 0.01080414]",[ 0  2  3 13 15 24 25 26 27 30],100,66,0.017061,1000,100,0.001,0.003,1,10,10,random,10,random
44,iDR,True,0.12867133521023516,0.0033114758801122217,10,"[0.01080664 0.09480823 0.06237517 0.70039241 0.01270164 0.01091713
 0.01112333 0.01316121 0.07292078 0.01079345]",[ 0  2  3 13 15 24 25 26 27 30],100,100,0.018827,1000,100,0.001,0.003,1,10,10,random,10,random
45,iDR,True,0.12866863593063207,0.003311404898670893,10,"[0.01080586 0.09480132 0.06237062 0.70034134 0.01270071 0.01091633
 0.01112252 0.01316026 0.07298838 0.01079266]",[ 0  2  3 13 15 24 25 26 27 30],100,100,0.018851,1000,100,0.001,0.003,1,10,10,random,10,random
46,TID,True,0.12866857197735213,0.0033114333355670723,10,"[0.01080586 0.09480132 0.06237062 0.70034134 0.01268801 0.01091633
 0.01112252 0.01316026 0.07298838 0.01080537]",[ 0  2  3 13 15 24 25 26 27 30],100,29,0.014208,1000,100,0.001,0.003,1,10,10,random,10,random
47,TID,True,0.1286670563976433,0.003311420714328099,10,"[0.01079505 0.09480132 0.06237062 0.70034134 0.01269882 0.01091633
 0.01112252 0.01316026 0.07298838 0.01080537]",[ 0  2  3 13 15 24 25 26 27 30],100,28,0.014153,1000,100,0.001,0.003,1,10,10,random,10,random
48,TID,True,0.1286617502194237,0.003311408238406202,10,"[0.01079505 0.09480132 0.06237062 0.70034134 0.01269882 0.01091633
 0.01112252 0.01314709 0.07300154 0.01080537]",[ 0  2  3 13 15 24 25 26 27 30],100,36,0.014615,1000,100,0.001,0.003,1,10,10,random,10,random
49,idID,True,0.12865693577097165,0.003311408572455115,10,"[0.01079519 0.09480256 0.06237144 0.70035055 0.01269898 0.01091648
 0.01112267 0.01313412 0.0730025  0.01080551]",[ 0  2  3 13 15 24 25 26 27 30],100,58,0.016599,1000,100,0.001,0.003,1,10,10,random,10,random
50,TID,True,0.12865625033843245,0.003311381266306623,10,"[0.01079519 0.09480256 0.06237144 0.70035055 0.01269898 0.01091648
 0.01111154 0.01313412 0.07301362 0.01080551]",[ 0  2  3 13 15 24 25 26 27 30],100,32,0.014404,1000,100,0.001,0.003,1,10,10,random,10,random
51,iDR,True,0.1286535480635752,0.0033113102014075005,10,"[0.0107944  0.09479564 0.06236689 0.70029942 0.01269806 0.01091568
 0.01111073 0.01313316 0.0730813  0.01080472]",[ 0  2  3 13 15 24 25 26 27 30],100,100,0.018817,1000,100,0.001,0.003,1,10,10,random,10,random
52,iDR,True,0.12865084250330758,0.003311239075834943,10,"[0.01079361 0.09478871 0.06236233 0.70024824 0.01269713 0.01091488
 0.01110992 0.0131322  0.07314903 0.01080393]",[ 0  2  3 13 15 24 25 26 27 30],100,100,0.018799,1000,100,0.001,0.003,1,10,10,random,10,random
53,idID,True,0.1286460336545171,0.003311239407283934,10,"[0.01079376 0.09478996 0.06236315 0.70025744 0.0126973  0.01091503
 0.01111007 0.01311924 0.07314999 0.01080407]",[ 0  2  3 13 15 24 25 26 27 30],100,65,0.016906,1000,100,0.001,0.003,1,10,10,random,10,random
54,idID,True,0.10866510692692616,0.00322445226086546,10,"[0.01139018 0.10002773 0.01055257 0.73895126 0.01339891 0.01151815
 0.01172397 0.01384417 0.07719201 0.01140107]",[ 0  2  6 13 15 24 25 26 27 30],100,70,0.017153,1000,100,0.001,0.003,1,10,10,random,10,random
55,idID,True,0.10866176627460807,0.0032244935763048243,10,"[0.01139033 0.10002907 0.01055271 0.73896116 0.01338569 0.01151831
 0.01172413 0.01384435 0.07719304 0.01140122]",[ 0  2  6 13 15 24 25 26 27 30],100,66,0.016946,1000,100,0.001,0.003,1,10,10,random,10,random
56,iDR,True,0.10866171115077657,0.003224425150450272,10,"[0.01138946 0.10002134 0.01055189 0.73890412 0.01338465 0.01151742
 0.01172322 0.01384328 0.07726427 0.01140034]",[ 0  2  6 13 15 24 25 26 27 30],100,100,0.018802,1000,100,0.001,0.003,1,10,10,random,10,random
57,iDR,True,0.10865684242163966,0.003224431305719514,10,"[0.01138959 0.1000225  0.01055201 0.73891263 0.01338481 0.01150603
 0.01172336 0.01384344 0.07726516 0.01140047]",[ 0  2  6 13 15 24 25 26 27 30],100,100,0.018811,1000,100,0.001,0.003,1,10,10,random,10,random
58,iDR,True,0.1086522311251968,0.0032244379581096625,10,"[0.01138971 0.10002355 0.01054157 0.73892043 0.01338495 0.01150616
 0.01172348 0.01384359 0.07726598 0.01140059]",[ 0  2  6 13 15 24 25 26 27 30],100,100,0.018803,1000,100,0.001,0.003,1,10,10,random,10,random
59,idID,True,0.10621856179940381,0.003233144804486314,10,"[0.01143365 0.01003858 0.10040948 0.01058225 0.74177149 0.01343659
 0.01155055 0.01176872 0.0775641  0.01144458]",[ 0  1  2  6 13 15 24 25 27 30],100,67,0.01703,1000,100,0.001,0.003,1,10,10,random,10,random
60,TID,True,0.1062165235636824,0.0032331724202558517,10,"[0.01143365 0.01003858 0.10040948 0.01058225 0.74177149 0.01343659
 0.01155055 0.01178016 0.0775641  0.01143313]",[ 0  1  2  6 13 15 24 25 27 30],100,42,0.014955,1000,100,0.001,0.003,1,10,10,random,10,random
61,TID,True,0.10621448729554721,0.0032332000084096205,10,"[0.01143365 0.01003858 0.10040948 0.01058225 0.74177149 0.01343659
 0.01155055 0.01179159 0.0775641  0.0114217 ]",[ 0  1  2  6 13 15 24 25 27 30],100,25,0.013994,1000,100,0.001,0.003,1,10,10,random,10,random
62,TID,True,0.1062140430332211,0.0032331840570986635,10,"[0.0114452  0.01003858 0.10040948 0.01058225 0.74177149 0.01343659
 0.011539   0.01179159 0.0775641  0.0114217 ]",[ 0  1  2  6 13 15 24 25 27 30],100,30,0.014227,1000,100,0.001,0.003,1,10,10,random,10,random
63,iDR,True,0.10615272773083415,0.003233487080335745,10,"[0.01143672 0.01003114 0.10033506 0.0105744  0.74196289 0.01342663
 0.01153045 0.01178285 0.07750661 0.01141324]",[ 0  1  2  6 13 15 24 25 27 30],100,100,0.018829,1000,100,0.001,0.003,1,10,10,random,10,random
64,iDR,True,0.10614781051372413,0.0032334933470572562,10,"[0.01143685 0.01003126 0.10033622 0.01057453 0.74197145 0.01342679
 0.01151905 0.01178299 0.0775075  0.01141337]",[ 0  1  2  6 13 15 24 25 27 30],100,100,0.018777,1000,100,0.001,0.003,1,10,10,random,10,random
65,TID,True,0.10614618886432901,0.0032335055959257634,10,"[0.01142542 0.01003126 0.10033622 0.01057453 0.74197145 0.01342679
 0.01151905 0.01178299 0.0775075  0.0114248 ]",[ 0  1  2  6 13 15 24 25 27 30],100,25,0.013978,1000,100,0.001,0.003,1,10,10,random,10,random
66,iDR,True,0.10614175579271798,0.003233527584452407,10,"[0.01141412 0.01003137 0.10033736 0.01057465 0.74197993 0.01342694
 0.01151918 0.01178312 0.07750839 0.01142493]",[ 0  1  2  6 13 15 24 25 27 30],100,100,0.01881,1000,100,0.001,0.003,1,10,10,random,10,random
67,TID,True,0.10613714254730164,0.00323352487734304,10,"[0.01141412 0.01003137 0.10033736 0.01056407 0.74197993 0.01342694
 0.01151918 0.01178312 0.07751896 0.01142493]",[ 0  1  2  6 13 15 24 25 27 30],100,25,0.013924,1000,100,0.001,0.003,1,10,10,random,10,random
68,idID,True,0.10613250240789603,0.0032335316334008253,10,"[0.01141424 0.01003148 0.10033842 0.01055362 0.74198777 0.01342708
 0.0115193  0.01178325 0.07751978 0.01142506]",[ 0  1  2  6 13 15 24 25 27 30],100,60,0.016716,1000,100,0.001,0.003,1,10,10,random,10,random
69,idID,True,0.1055737725612466,0.0032463727992049895,10,"[0.01142056 0.01003704 0.100394   0.74239877 0.01343452 0.01000554
 0.01152568 0.01178978 0.07756272 0.01143138]",[ 0  1  2 13 15 23 24 25 27 30],100,67,0.017023,1000,100,0.001,0.003,1,10,10,random,10,random
70,TID,True,0.10557001018084662,0.0032463872256112886,10,"[0.01142056 0.01003704 0.100394   0.7424102  0.01343452 0.01000554
 0.01152568 0.01178978 0.07756272 0.01141995]",[ 0  1  2 13 15 23 24 25 27 30],100,32,0.014318,1000,100,0.001,0.003,1,10,10,random,10,random
71,TID,True,0.10556926859736467,0.003246419979787053,10,"[0.01140914 0.01004846 0.100394   0.7424102  0.01343452 0.01000554
 0.01152568 0.01178978 0.07756272 0.01141995]",[ 0  1  2 13 15 23 24 25 27 30],100,30,0.01428,1000,100,0.001,0.003,1,10,10,random,10,random
72,TID,True,0.10542746895741716,0.0032574786979732246,10,"[0.01140914 0.01004846 0.100394   0.01       0.7424102  0.01343452
 0.01152568 0.01178978 0.07756272 0.01141995]",[ 0  1  2  7 13 15 24 25 27 30],100,29,0.014105,1000,100,0.001,0.003,1,10,10,random,10,random
73,iDR,True,0.1053916551194433,0.0032576745081607118,10,"[0.01141035 0.01004952 0.10030423 0.01000106 0.74248886 0.01343594
 0.01152691 0.01179103 0.07757094 0.01142116]",[ 0  1  2  7 13 15 24 25 27 30],100,52,0.016039,1000,100,0.001,0.003,1,10,10,random,10,random
74,idID,True,0.10539084527303054,0.0032576564048857684,10,"[0.01141049 0.01004964 0.10030542 0.01000118 0.74249761 0.0134361
 0.01152704 0.01177937 0.07757185 0.0114213 ]",[ 0  1  2  7 13 15 24 25 27 30],100,60,0.016597,1000,100,0.001,0.003,1,10,10,random,10,random
75,TID,True,0.10468562384828699,0.00321207057690957,10,"[0.01141049 0.01004964 0.10030542 0.74249761 0.0134361  0.01
 0.01152704 0.01177937 0.07757185 0.0114213 ]",[ 0  1  2 13 15 17 24 25 27 30],100,31,0.014305,1000,100,0.001,0.003,1,10,10,random,10,random
76,idID,True,0.10468303687155615,0.003212083862194161,10,"[0.01141063 0.01004977 0.10030668 0.74250697 0.01343627 0.01000013
 0.01152719 0.01177952 0.07757283 0.01141002]",[ 0  1  2 13 15 17 24 25 27 30],100,62,0.016663,1000,100,0.001,0.003,1,10,10,random,10,random
77,TID,True,0.10468142383273331,0.0032120960829787296,10,"[0.01139922 0.01004977 0.10030668 0.74250697 0.01343627 0.01000013
 0.01152719 0.01177952 0.07757283 0.01142143]",[ 0  1  2 13 15 17 24 25 27 30],100,37,0.014672,1000,100,0.001,0.003,1,10,10,random,10,random
78,TID,True,0.10467981228371724,0.003212108291542513,10,"[0.01138782 0.01004977 0.10030668 0.74250697 0.01343627 0.01000013
 0.01152719 0.01177952 0.07757283 0.01143283]",[ 0  1  2 13 15 17 24 25 27 30],100,41,0.014909,1000,100,0.001,0.003,1,10,10,random,10,random
79,iDR,True,0.10467487994140084,0.0032121143100514063,10,"[0.01138795 0.01004988 0.10030784 0.74251553 0.01343643 0.01000024
 0.01151579 0.01177966 0.07757373 0.01143296]",[ 0  1  2 13 15 17 24 25 27 30],100,75,0.017322,1000,100,0.001,0.003,1,10,10,random,10,random
80,TID,True,0.10467414873142185,0.003212146970695652,10,"[0.01137656 0.01006127 0.10030784 0.74251553 0.01343643 0.01000024
 0.01151579 0.01177966 0.07757373 0.01143296]",[ 0  1  2 13 15 17 24 25 27 30],100,30,0.0142,1000,100,0.001,0.003,1,10,10,random,10,random
81,TID,True,0.10467337699390056,0.003212118051637207,10,"[0.01137656 0.01006127 0.10030784 0.74251553 0.01343643 0.01000024
 0.01151579 0.01176788 0.07758551 0.01143296]",[ 0  1  2 13 15 17 24 25 27 30],100,37,0.01466,1000,100,0.001,0.003,1,10,10,random,10,random
82,iDR,True,0.10467300911792328,0.003212185875790048,10,"[0.01137745 0.01006205 0.10031562 0.74257314 0.01343747 0.01000102
 0.01151669 0.01176879 0.07751393 0.01143385]",[ 0  1  2 13 15 17 24 25 27 30],100,80,0.017625,1000,100,0.001,0.003,1,10,10,random,10,random
83,idID,True,0.10466973595745975,0.003212176167683411,10,"[0.01137756 0.01005209 0.10031663 0.74258061 0.0134376  0.01000112
 0.0115168  0.01176891 0.07751471 0.01143396]",[ 0  1  2 13 15 17 24 25 27 30],100,60,0.016546,1000,100,0.001,0.003,1,10,10,random,10,random
84,TID,True,0.10466486233401505,0.003212172113769384,10,"[0.01137756 0.01005209 0.10031663 0.74258061 0.0134376  0.01000112
 0.01150528 0.01176891 0.07752623 0.01143396]",[ 0  1  2 13 15 17 24 25 27 30],100,29,0.014111,1000,100,0.001,0.003,1,10,10,random,10,random
85,idID,True,0.10466159223855379,0.003212162415135025,10,"[0.01137767 0.01004214 0.10031764 0.74258808 0.01343774 0.01000122
 0.0115054  0.01176903 0.07752701 0.01143408]",[ 0  1  2 13 15 17 24 25 27 30],100,55,0.016244,1000,100,0.001,0.003,1,10,10,random,10,random
86,iDR,True,0.10466122188260751,0.0032122301915876133,10,"[0.01137856 0.01004292 0.10032542 0.74264565 0.01343878 0.01000199
 0.01150629 0.01176994 0.07745549 0.01143496]",[ 0  1  2 13 15 17 24 25 27 30],100,93,0.018368,1000,100,0.001,0.003,1,10,10,random,10,random
87,iDR,True,0.10465629737727863,0.0032122362005898896,10,"[0.01137869 0.01004303 0.10032657 0.7426542  0.01343894 0.01000211
 0.01149492 0.01177008 0.07745638 0.0114351 ]",[ 0  1  2 13 15 17 24 25 27 30],100,88,0.018096,1000,100,0.001,0.003,1,10,10,random,10,random
88,iDR,True,0.10465592535174038,0.0032123039210056443,10,"[0.01137957 0.01004381 0.10033434 0.74271172 0.01343998 0.01000288
 0.01149581 0.01177099 0.07738492 0.01143598]",[ 0  1  2 13 15 17 24 25 27 30],100,85,0.017904,1000,100,0.001,0.003,1,10,10,random,10,random
89,TID,True,0.1046552109530718,0.003212293485940516,10,"[0.01136819 0.01004381 0.10033434 0.74271172 0.01343998 0.01001426
 0.01149581 0.01177099 0.07738492 0.01143598]",[ 0  1  2 13 15 17 24 25 27 30],100,30,0.014235,1000,100,0.001,0.003,1,10,10,random,10,random
90,TID,True,0.10464935600628666,0.003212304429950217,10,"[0.01136819 0.01004381 0.10033434 0.74272322 0.01343998 0.01001426
 0.01148431 0.01177099 0.07738492 0.01143598]",[ 0  1  2 13 15 17 24 25 27 30],100,36,0.014601,1000,100,0.001,0.003,1,10,10,random,10,random
91,TID,True,0.10464934152425856,0.0032123423339365433,10,"[0.01136819 0.01005383 0.10033434 0.74272322 0.01343998 0.01000425
 0.01148431 0.01177099 0.07738492 0.01143598]",[ 0  1  2 13 15 17 24 25 27 30],100,28,0.014146,1000,100,0.001,0.003,1,10,10,random,10,random
92,idID,True,0.10404829008866233,0.0032609573728529843,10,"[0.01138454 0.01006828 0.10047863 0.01001438 0.74379129 0.0134593
 0.01001864 0.01150083 0.01178791 0.0774962 ]",[ 0  1  2  8 13 15 17 24 25 27],100,60,0.016525,1000,100,0.001,0.003,1,10,10,random,10,random
93,TID,True,0.10403380726196025,0.003261522866565275,10,"[0.01138454 0.01006828 0.10037815 0.01011486 0.74379129 0.0134593
 0.01001864 0.01150083 0.01178791 0.0774962 ]",[ 0  1  2  8 13 15 17 24 25 27],100,30,0.014259,1000,100,0.001,0.003,1,10,10,random,10,random
94,idID,True,0.10403297369492714,0.003261504813431342,10,"[0.01138467 0.0100684  0.10037933 0.01011498 0.74380006 0.01345946
 0.01001875 0.01150096 0.01177627 0.07749711]",[ 0  1  2  8 13 15 17 24 25 27],100,67,0.016956,1000,100,0.001,0.003,1,10,10,random,10,random
95,iDR,True,0.10402968599843586,0.0032614955957650455,10,"[0.01138479 0.01005843 0.10038034 0.01011508 0.74380755 0.0134596
 0.01001885 0.01150108 0.01177638 0.07749789]",[ 0  1  2  8 13 15 17 24 25 27],100,100,0.018831,1000,100,0.001,0.003,1,10,10,random,10,random
96,TID,True,0.10402432517079686,0.0032615221564722724,10,"[0.0113734  0.01005843 0.10038034 0.01011508 0.74381893 0.0134596
 0.01001885 0.01150108 0.01177638 0.07749789]",[ 0  1  2  8 13 15 17 24 25 27],100,36,0.014616,1000,100,0.001,0.003,1,10,10,random,10,random
97,idID,True,0.06219353188378754,0.0034511639680905046,10,"[0.01250347 0.01105785 0.01112012 0.81772522 0.01479695 0.01101433
 0.01099361 0.01264383 0.01294649 0.08519813]",[ 0  1  8 13 15 17 20 24 25 27],100,58,0.016484,1000,100,0.001,0.003,1,10,10,random,10,random
98,TID,True,0.06219203262392333,0.003451149364037867,10,"[0.01249097 0.01105785 0.01112012 0.81772522 0.01480946 0.01101433
 0.01099361 0.01264383 0.01294649 0.08519813]",[ 0  1  8 13 15 17 20 24 25 27],100,23,0.013799,1000,100,0.001,0.003,1,10,10,random,10,random
99,TID,True,0.06218734556929494,0.0034511622172421425,10,"[0.01247848 0.01105785 0.01112012 0.81772522 0.01480946 0.01101433
 0.01099361 0.01264383 0.01294649 0.08521062]",[ 0  1  8 13 15 17 20 24 25 27],100,26,0.013978,1000,100,0.001,0.003,1,10,10,random,10,random
100,iDR,True,0.06218234039622631,0.003451211239669898,10,"[0.01247866 0.01105801 0.01112029 0.81773733 0.01479487 0.0110145
 0.01099377 0.01264402 0.01294668 0.08521188]",[ 0  1  8 13 15 17 20 24 25 27],100,100,0.018805,1000,100,0.001,0.003,1,10,10,random,10,random
101,TID,True,0.06217802511460053,0.0034512072709194075,10,"[0.01247866 0.01105801 0.01112029 0.81773733 0.01479487 0.0110145
 0.01098277 0.01264402 0.01294668 0.08522288]",[ 0  1  8 13 15 17 20 24 25 27],100,27,0.014055,1000,100,0.001,0.003,1,10,10,random,10,random
102,iDR,True,0.062173024545234434,0.0034512562457158745,10,"[0.01247884 0.01105817 0.01112045 0.81774942 0.01478029 0.01101466
 0.01098294 0.01264421 0.01294688 0.08522414]",[ 0  1  8 13 15 17 20 24 25 27],100,100,0.018769,1000,100,0.001,0.003,1,10,10,random,10,random
103,idID,True,0.062168525769777105,0.003451289942753996,10,"[0.01247898 0.0110583  0.01112057 0.81775843 0.01478045 0.01100377
 0.01098306 0.01264435 0.01294702 0.08522508]",[ 0  1  8 13 15 17 20 24 25 27],100,67,0.017029,1000,100,0.001,0.003,1,10,10,random,10,random
104,TID,True,0.06216781001923605,0.0034513257324748445,10,"[0.0124665  0.01107077 0.01112057 0.81775843 0.01478045 0.01100377
 0.01098306 0.01264435 0.01294702 0.08522508]",[ 0  1  8 13 15 17 20 24 25 27],100,30,0.014251,1000,100,0.001,0.003,1,10,10,random,10,random
105,TID,True,0.06216664487363711,0.003451399710796347,10,"[0.0124665  0.01107077 0.01113158 0.81775843 0.01478045 0.01099276
 0.01098306 0.01264435 0.01294702 0.08522508]",[ 0  1  8 13 15 17 20 24 25 27],100,35,0.014516,1000,100,0.001,0.003,1,10,10,random,10,random
106,iDR,True,0.0621632768462086,0.003451358928697567,10,"[0.01246664 0.0110709  0.01112057 0.81776754 0.01478062 0.01099289
 0.01098318 0.01264449 0.01294716 0.08522602]",[ 0  1  8 13 15 17 20 24 25 27],100,100,0.018812,1000,100,0.001,0.003,1,10,10,random,10,random
107,TID,True,0.06216062206208451,0.0034513440265139675,10,"[0.01246664 0.0110709  0.01112057 0.81778048 0.01478062 0.01099289
 0.01098318 0.01264449 0.01293421 0.08522602]",[ 0  1  8 13 15 17 20 24 25 27],100,31,0.014349,1000,100,0.001,0.003,1,10,10,random,10,random
108,idID,True,0.058888846200080835,0.003552160493530578,10,"[0.01348074 0.01197146 0.01202517 0.88430309 0.01598295 0.0118871
 0.01187661 0.01367306 0.01398635 0.01081345]",[ 0  1  8 13 15 17 20 24 25 26],100,57,0.01649,1000,100,0.001,0.003,1,10,10,random,10,random
109,iDR,True,0.058883622365350594,0.003552198059135541,10,"[0.01348091 0.01197161 0.01202532 0.8843136  0.01598314 0.01187536
 0.01187675 0.01367322 0.01398652 0.01081358]",[ 0  1  8 13 15 17 20 24 25 26],100,100,0.018829,1000,100,0.001,0.003,1,10,10,random,10,random
110,TID,True,0.05888309127765948,0.003552179176419253,10,"[0.01349458 0.01197161 0.01202532 0.8843136  0.01598314 0.01187536
 0.01187675 0.01365955 0.01398652 0.01081358]",[ 0  1  8 13 15 17 20 24 25 26],100,26,0.013962,1000,100,0.001,0.003,1,10,10,random,10,random
111,TID,True,0.05887992651114053,0.0035521630779359703,10,"[0.01349458 0.01197161 0.01202532 0.88432759 0.01598314 0.01187536
 0.01187675 0.01365955 0.01397253 0.01081358]",[ 0  1  8 13 15 17 20 24 25 26],100,24,0.013876,1000,100,0.001,0.003,1,10,10,random,10,random
112,idID,True,0.05887600488764936,0.003552120233176835,10,"[0.01349474 0.01197175 0.01201344 0.88433822 0.01598333 0.0118755
 0.01187689 0.01365971 0.0139727  0.01081371]",[ 0  1  8 13 15 17 20 24 25 26],100,58,0.016494,1000,100,0.001,0.003,1,10,10,random,10,random
113,TID,True,0.05887397101169964,0.0035521616388788087,10,"[0.01349474 0.01197175 0.01202425 0.88433822 0.01598333 0.0118755
 0.01187689 0.01365971 0.0139727  0.0108029 ]",[ 0  1  8 13 15 17 20 24 25 26],100,32,0.014337,1000,100,0.001,0.003,1,10,10,random,10,random
114,iDR,True,0.05886875180853598,0.0035521991678287355,10,"[0.0134949  0.01197189 0.01202439 0.88434872 0.01598352 0.01186377
 0.01187704 0.01365987 0.01397287 0.01080303]",[ 0  1  8 13 15 17 20 24 25 26],100,100,0.018784,1000,100,0.001,0.003,1,10,10,random,10,random
115,TID,True,0.058866719827660306,0.0035522405326162344,10,"[0.0134949  0.01197189 0.0120352  0.88434872 0.01598352 0.01186377
 0.01187704 0.01365987 0.01397287 0.01079222]",[ 0  1  8 13 15 17 20 24 25 26],100,35,0.014561,1000,100,0.001,0.003,1,10,10,random,10,random
116,TID,True,0.058862695740535494,0.003552265403129402,10,"[0.0134949  0.01197189 0.0120352  0.88434872 0.01598352 0.01186377
 0.01186516 0.01365987 0.01398474 0.01079222]",[ 0  1  8 13 15 17 20 24 25 26],100,28,0.014066,1000,100,0.001,0.003,1,10,10,random,10,random
117,TID,True,0.05885811614660941,0.003552223604894304,10,"[0.0134949  0.01197189 0.01202316 0.88436076 0.01598352 0.01186377
 0.01186516 0.01365987 0.01398474 0.01079222]",[ 0  1  8 13 15 17 20 24 25 26],100,39,0.014784,1000,100,0.001,0.003,1,10,10,random,10,random
118,iDR,True,0.058852937056950314,0.003552216125049093,10,"[0.01349506 0.01196006 0.0120233  0.88437135 0.01598371 0.01186391
 0.0118653  0.01366004 0.01398491 0.01079235]",[ 0  1  8 13 15 17 20 24 25 26],100,100,0.018795,1000,100,0.001,0.003,1,10,10,random,10,random
119,TID,True,0.05884490094620619,0.0035522291294037573,10,"[0.01349506 0.01196006 0.0120233  0.88438501 0.01598371 0.01186391
 0.0118653  0.01364638 0.01398491 0.01079235]",[ 0  1  8 13 15 17 20 24 25 26],100,36,0.014764,1000,100,0.001,0.003,1,10,10,random,10,random
120,TID,True,0.058844693766148294,0.0035522077929230123,10,"[0.01350585 0.01196006 0.0120233  0.88438501 0.01598371 0.01186391
 0.0118653  0.01364638 0.01398491 0.01078156]",[ 0  1  8 13 15 17 20 24 25 26],100,27,0.014091,1000,100,0.001,0.003,1,10,10,random,10,random
121,iDR,True,0.05883951940821383,0.00355220032027916,10,"[0.01350602 0.01194825 0.01202345 0.88439558 0.01598391 0.01186405
 0.01186544 0.01364654 0.01398508 0.01078169]",[ 0  1  8 13 15 17 20 24 25 26],100,100,0.018848,1000,100,0.001,0.003,1,10,10,random,10,random
122,TID,True,0.05883648164623724,0.0035522746774060278,10,"[0.01350602 0.01194825 0.01202345 0.88439558 0.01596792 0.01186405
 0.01186544 0.01364654 0.01400106 0.01078169]",[ 0  1  8 13 15 17 20 24 25 26],100,29,0.014169,1000,100,0.001,0.003,1,10,10,random,10,random
123,iDR,True,0.05882979481732342,0.0035523049755194725,10,"[0.01349269 0.01194841 0.01202361 0.88440753 0.01596814 0.01186421
 0.0118656  0.01364672 0.01400125 0.01078183]",[ 0  1  8 13 15 17 20 24 25 26],100,100,0.018817,1000,100,0.001,0.003,1,10,10,random,10,random
124,idID,True,0.05882250773596438,0.0035523167433179847,10,"[0.01349288 0.01194857 0.01202377 0.8844196  0.01596835 0.01186437
 0.01186577 0.01363326 0.01400144 0.01078198]",[ 0  1  8 13 15 17 20 24 25 26],100,63,0.016726,1000,100,0.001,0.003,1,10,10,random,10,random
125,TID,True,0.05881939281513657,0.003552324103637588,10,"[0.01349288 0.01193662 0.01202377 0.8844196  0.01596835 0.01186437
 0.01186577 0.01363326 0.01401339 0.01078198]",[ 0  1  8 13 15 17 20 24 25 26],100,29,0.014236,1000,100,0.001,0.003,1,10,10,random,10,random
126,idID,True,0.058814177208478,0.0035523615993462696,10,"[0.01349304 0.01193676 0.01202392 0.88443009 0.01596854 0.01185265
 0.01186591 0.01363342 0.01401356 0.01078211]",[ 0  1  8 13 15 17 20 24 25 26],100,62,0.016807,1000,100,0.001,0.003,1,10,10,random,10,random
127,TID,True,0.058814139244989516,0.003552355270247873,10,"[0.01349304 0.01193676 0.01202392 0.88443009 0.01596854 0.01185265
 0.01187669 0.01363342 0.01401356 0.01077133]",[ 0  1  8 13 15 17 20 24 25 26],100,29,0.014152,1000,100,0.001,0.003,1,10,10,random,10,random
128,TID,True,0.05880748990659381,0.0035524111761214908,10,"[0.01349304 0.01193676 0.01202392 0.88444606 0.01595258 0.01185265
 0.01187669 0.01363342 0.01401356 0.01077133]",[ 0  1  8 13 15 17 20 24 25 26],100,30,0.014251,1000,100,0.001,0.003,1,10,10,random,10,random
129,TID,True,0.05880584964098843,0.003552377300296207,10,"[0.01349304 0.01193676 0.01202392 0.88444606 0.01596335 0.01185265
 0.01187669 0.01363342 0.01401356 0.01076056]",[ 0  1  8 13 15 17 20 24 25 26],100,37,0.01468,1000,100,0.001,0.003,1,10,10,random,10,random
130,TID,True,0.05880576762041752,0.0035524221625734455,10,"[0.01349304 0.01194862 0.01202392 0.88444606 0.01596335 0.0118408
 0.01187669 0.01363342 0.01401356 0.01076056]",[ 0  1  8 13 15 17 20 24 25 26],100,34,0.014527,1000,100,0.001,0.003,1,10,10,random,10,random
131,idID,True,0.05880023266909852,0.003552425029454967,10,"[0.01349318 0.01194875 0.01202405 0.88445558 0.01596352 0.01184092
 0.01187682 0.01363357 0.01401371 0.01074991]",[ 0  1  8 13 15 17 20 24 25 26],100,64,0.016778,1000,100,0.001,0.003,1,10,10,random,10,random
132,TID,True,0.0587970637479523,0.0035524771413613597,10,"[0.01349318 0.01194875 0.01202405 0.88445558 0.01596352 0.01182908
 0.01187682 0.01363357 0.01402555 0.01074991]",[ 0  1  8 13 15 17 20 24 25 26],100,27,0.01405,1000,100,0.001,0.003,1,10,10,random,10,random
133,idID,True,0.058789782753201986,0.003552488900165607,10,"[0.01349337 0.01194891 0.01202421 0.88446764 0.01596374 0.01182924
 0.01187698 0.01362012 0.01402574 0.01075006]",[ 0  1  8 13 15 17 20 24 25 26],100,63,0.016763,1000,100,0.001,0.003,1,10,10,random,10,random
134,TID,True,0.058788940050757375,0.0035525275991388347,10,"[0.01347987 0.0119624  0.01202421 0.88446764 0.01596374 0.01182924
 0.01187698 0.01362012 0.01402574 0.01075006]",[ 0  1  8 13 15 17 20 24 25 26],100,30,0.014207,1000,100,0.001,0.003,1,10,10,random,10,random
135,iDR,True,0.05874093856298404,0.0035526066646507557,10,"[0.01346796 0.01195183 0.01201359 0.88456973 0.01594963 0.01181879
 0.01186648 0.01360809 0.01401335 0.01074056]",[ 0  1  8 13 15 17 20 24 25 26],100,100,0.018786,1000,100,0.001,0.003,1,10,10,random,10,random
136,TID,True,0.0587408564487157,0.0035526513987746266,10,"[0.01346796 0.01196365 0.01201359 0.88456973 0.01594963 0.01180697
 0.01186648 0.01360809 0.01401335 0.01074056]",[ 0  1  8 13 15 17 20 24 25 26],100,33,0.014433,1000,100,0.001,0.003,1,10,10,random,10,random
137,iDR,True,0.05873358718787289,0.0035526631379704282,10,"[0.01346814 0.01196381 0.01201375 0.88458177 0.01594985 0.01180713
 0.01186664 0.01359466 0.01401354 0.0107407 ]",[ 0  1  8 13 15 17 20 24 25 26],100,100,0.018798,1000,100,0.001,0.003,1,10,10,random,10,random
138,iDR,True,0.05872752345051598,0.003552673268206843,10,"[0.0134683  0.01196395 0.01201389 0.88459226 0.01595004 0.01180727
 0.01185492 0.01359483 0.0140137  0.01074083]",[ 0  1  8 13 15 17 20 24 25 26],100,100,0.018824,1000,100,0.001,0.003,1,10,10,random,10,random
139,iDR,True,0.05872146547297728,0.0035526833885530904,10,"[0.01346846 0.0119641  0.01201403 0.88460275 0.01595022 0.01180741
 0.0118432  0.01359499 0.01401387 0.01074096]",[ 0  1  8 13 15 17 20 24 25 26],100,100,0.018798,1000,100,0.001,0.003,1,10,10,random,10,random
140,TID,True,0.058714063104623446,0.003552714810477888,10,"[0.01345499 0.0119641  0.01201403 0.88461622 0.01595022 0.01180741
 0.0118432  0.01359499 0.01401387 0.01074096]",[ 0  1  8 13 15 17 20 24 25 26],100,28,0.0141,1000,100,0.001,0.003,1,10,10,random,10,random
141,idID,True,0.055564209546354146,0.0035712408408237807,10,"[0.01200557 0.01205569 0.88768316 0.01600552 0.01184835 0.01188426
 0.01364212 0.01406245 0.0107782  0.01003467]",[ 1  8 13 15 17 20 24 25 26 30],100,63,0.016758,1000,100,0.001,0.003,1,10,10,random,10,random
142,idID,True,0.05551788080127568,0.0035645375981809948,10,"[0.01201492 0.01000779 0.01206508 0.88837449 0.01601799 0.01185758
 0.01189352 0.01365275 0.01407341 0.01004248]",[ 1  6  8 13 15 17 20 24 25 30],100,67,0.016959,1000,100,0.001,0.003,1,10,10,random,10,random
143,idID,True,0.05551196895562792,0.0035645924372475217,10,"[0.01201512 0.01000795 0.01206527 0.88838872 0.01600223 0.01185777
 0.01189371 0.01365296 0.01407363 0.01004265]",[ 1  6  8 13 15 17 20 24 25 30],100,57,0.016338,1000,100,0.001,0.003,1,10,10,random,10,random
144,TID,True,0.05550705367144689,0.0035646211494307677,10,"[0.01201512 0.01000795 0.01206527 0.88838872 0.01600223 0.01185777
 0.01189371 0.01363931 0.01408728 0.01004265]",[ 1  6  8 13 15 17 20 24 25 30],100,39,0.014785,1000,100,0.001,0.003,1,10,10,random,10,random
145,TID,True,0.05550613873751352,0.00356459955826485,10,"[0.0120031  0.01000795 0.01206527 0.88838872 0.01600223 0.01185777
 0.01189371 0.01363931 0.01408728 0.01005466]",[ 1  6  8 13 15 17 20 24 25 30],100,27,0.014025,1000,100,0.001,0.003,1,10,10,random,10,random
146,iDR,True,0.055500856928281495,0.0035646371786554353,10,"[0.01200324 0.01000807 0.01206541 0.88839926 0.01600242 0.01184605
 0.01189385 0.01363947 0.01408745 0.01005478]",[ 1  6  8 13 15 17 20 24 25 30],100,91,0.018255,1000,100,0.001,0.003,1,10,10,random,10,random
147,TID,True,0.05550000227474946,0.00356460973954295,10,"[0.01200324 0.01000807 0.01206541 0.88839926 0.01600242 0.01185794
 0.01188196 0.01363947 0.01408745 0.01005478]",[ 1  6  8 13 15 17 20 24 25 30],100,32,0.014331,1000,100,0.001,0.003,1,10,10,random,10,random
148,iDR,True,0.05549409555131757,0.0035646645264511955,10,"[0.01200344 0.01000823 0.0120656  0.88841347 0.01598667 0.01185813
 0.01188215 0.01363969 0.01408768 0.01005494]",[ 1  6  8 13 15 17 20 24 25 30],100,92,0.018332,1000,100,0.001,0.003,1,10,10,random,10,random
149,idID,True,0.05548819432868974,0.003564719260323405,10,"[0.01200363 0.01000839 0.0120658  0.88842768 0.01597094 0.01185832
 0.01188234 0.01363991 0.0140879  0.0100551 ]",[ 1  6  8 13 15 17 20 24 25 30],100,74,0.017287,1000,100,0.001,0.003,1,10,10,random,10,random
150,TID,True,0.05548502783424233,0.0035647714487998493,10,"[0.01200363 0.01000839 0.0120658  0.88842768 0.01597094 0.01184646
 0.01188234 0.01363991 0.01409976 0.0100551 ]",[ 1  6  8 13 15 17 20 24 25 30],100,43,0.015041,1000,100,0.001,0.003,1,10,10,random,10,random
151,iDR,True,0.0554813902709958,0.0035647833619169636,10,"[0.01200375 0.01000849 0.01206592 0.88843661 0.0159711  0.01184658
 0.01188246 0.01364005 0.0140999  0.01004515]",[ 1  6  8 13 15 17 20 24 25 30],100,89,0.018151,1000,100,0.001,0.003,1,10,10,random,10,random
152,iDR,True,0.0554777561880207,0.0035647952633601817,10,"[0.01200387 0.01000859 0.01206604 0.88844553 0.01597126 0.0118467
 0.01188258 0.01364018 0.01410004 0.0100352 ]",[ 1  6  8 13 15 17 20 24 25 30],100,92,0.018337,1000,100,0.001,0.003,1,10,10,random,10,random
153,iDR,True,0.0554741255821439,0.003564807153140705,10,"[0.01200399 0.01000869 0.01206616 0.88845445 0.01597142 0.01184682
 0.01188269 0.01364032 0.01410019 0.01002527]",[ 1  6  8 13 15 17 20 24 25 30],100,90,0.018207,1000,100,0.001,0.003,1,10,10,random,10,random
154,TID,True,0.05442538044457546,0.003590864614420707,10,"[0.01200399 0.01206616 0.01       0.88845445 0.01597142 0.01184682
 0.01188269 0.01364032 0.01410019 0.01002527]",[ 1  8 11 13 15 17 20 24 25 30],100,28,0.014099,1000,100,0.001,0.003,1,10,10,random,10,random
155,TID,True,0.05442123077413502,0.003590877266309673,10,"[0.01200399 0.01206616 0.01       0.88846447 0.01597142 0.01184682
 0.01188269 0.01364032 0.01410019 0.01001524]",[ 1  8 11 13 15 17 20 24 25 30],100,39,0.014761,1000,100,0.001,0.003,1,10,10,random,10,random
156,idID,True,0.048144339792060314,0.0035906671817293916,10,"[0.01204795 0.01211035 0.01003662 0.89171836 0.01602991 0.01189021
 0.01192621 0.01415183 0.01003662 0.01005192]",[ 1  8 11 13 15 17 20 25 27 30],100,59,0.0164,1000,100,0.001,0.003,1,10,10,random,10,random
157,iDR,True,0.0481405879205486,0.0035906793513848663,10,"[0.01204807 0.01211047 0.01003672 0.89172733 0.01603008 0.01189033
 0.01192633 0.01415197 0.01003672 0.01004197]",[ 1  8 11 13 15 17 20 25 27 30],100,100,0.018867,1000,100,0.001,0.003,1,10,10,random,10,random
158,idID,True,0.04575799658505882,0.003610334886134669,10,"[0.01207133 0.01213385 0.0100561  0.0100193  0.89344841 0.01606101
 0.01191328 0.01417928 0.0100561  0.01006135]",[ 1  8 11 12 13 15 17 25 27 30],100,71,0.017258,1000,100,0.001,0.003,1,10,10,random,10,random
159,TID,True,0.045757171833089055,0.0036102839922327592,10,"[0.01207133 0.01213385 0.01004604 0.0100193  0.89344841 0.01607107
 0.01191328 0.01417928 0.0100561  0.01006135]",[ 1  8 11 12 13 15 17 25 27 30],100,31,0.014439,1000,100,0.001,0.003,1,10,10,random,10,random
160,idID,True,0.04575338469039232,0.003610296370679356,10,"[0.01207145 0.01213397 0.01004614 0.0100194  0.8934574  0.01607123
 0.0119134  0.01417942 0.0100562  0.01005139]",[ 1  8 11 12 13 15 17 25 27 30],100,63,0.016691,1000,100,0.001,0.003,1,10,10,random,10,random
161,iDR,True,0.04574789569689493,0.0036102895296626102,10,"[0.01205952 0.01213412 0.01004626 0.01001952 0.89346818 0.01607143
 0.01191354 0.0141796  0.01005632 0.01005151]",[ 1  8 11 12 13 15 17 25 27 30],100,100,0.018838,1000,100,0.001,0.003,1,10,10,random,10,random
162,idID,True,0.04574241191442504,0.0036102826953219626,10,"[0.01204761 0.01213426 0.01004638 0.01001964 0.89347896 0.01607162
 0.01191368 0.01417977 0.01005644 0.01005164]",[ 1  8 11 12 13 15 17 25 27 30],100,61,0.01659,1000,100,0.001,0.003,1,10,10,random,10,random
163,iDR,True,0.04574109171634811,0.003610295490085044,10,"[0.01204773 0.01213438 0.01004648 0.01001974 0.89348794 0.01607178
 0.0119138  0.01417991 0.01004648 0.01005174]",[ 1  8 11 12 13 15 17 25 27 30],100,100,0.018745,1000,100,0.001,0.003,1,10,10,random,10,random
164,TID,True,0.045740613990309646,0.003610321801932437,10,"[0.01204773 0.0121444  0.01004648 0.01000972 0.89348794 0.01607178
 0.0119138  0.01417991 0.01004648 0.01005174]",[ 1  8 11 12 13 15 17 25 27 30],100,28,0.014115,1000,100,0.001,0.003,1,10,10,random,10,random
165,TID,True,0.045736556584835164,0.0036103571116356016,10,"[0.01204773 0.0121444  0.01004648 0.01000972 0.89348794 0.01605571
 0.0119138  0.01417991 0.01006256 0.01005174]",[ 1  8 11 12 13 15 17 25 27 30],100,36,0.014633,1000,100,0.001,0.003,1,10,10,random,10,random
166,idID,True,0.04573277261350955,0.0036103694789858154,10,"[0.01204785 0.01214453 0.01004659 0.01000982 0.89349692 0.01605587
 0.01191392 0.01418005 0.01006266 0.01004179]",[ 1  8 11 12 13 15 17 25 27 30],100,72,0.017253,1000,100,0.001,0.003,1,10,10,random,10,random
167,iDR,True,0.045731451433780865,0.00361038228253278,10,"[0.01204797 0.01214465 0.01004669 0.01000993 0.89350591 0.01605603
 0.01191404 0.01418019 0.0100527  0.01004189]",[ 1  8 11 12 13 15 17 25 27 30],100,100,0.018777,1000,100,0.001,0.003,1,10,10,random,10,random
168,TID,True,0.04572752851805446,0.003610405467261875,10,"[0.01204797 0.01214465 0.01004669 0.01000993 0.89350591 0.01605603
 0.01190213 0.01418019 0.01006461 0.01004189]",[ 1  8 11 12 13 15 17 25 27 30],100,42,0.014943,1000,100,0.001,0.003,1,10,10,random,10,random
169,TID,True,0.04572570754910784,0.0036104296983354104,10,"[0.01204797 0.01214465 0.01004669 0.01000993 0.89350591 0.01605603
 0.01190213 0.01419024 0.01006461 0.01003185]",[ 1  8 11 12 13 15 17 25 27 30],100,35,0.014545,1000,100,0.001,0.003,1,10,10,random,10,random
170,idID,True,0.04572438599067848,0.0036104425049728736,10,"[0.01204809 0.01214477 0.01004679 0.01001003 0.89351491 0.01605619
 0.01190225 0.01419038 0.01005465 0.01003195]",[ 1  8 11 12 13 15 17 25 27 30],100,61,0.016529,1000,100,0.001,0.003,1,10,10,random,10,random
171,iDR,True,0.045718223908373205,0.0036104982119089498,10,"[0.01204829 0.01214497 0.01004695 0.01001019 0.89352925 0.0160404
 0.01190244 0.01419061 0.01005481 0.01003211]",[ 1  8 11 12 13 15 17 25 27 30],100,100,0.018781,1000,100,0.001,0.003,1,10,10,random,10,random
172,TID,True,0.04571728052049007,0.003610476561136391,10,"[0.01203624 0.01214497 0.01004695 0.01001019 0.89352925 0.0160404
 0.01190244 0.01419061 0.01005481 0.01004416]",[ 1  8 11 12 13 15 17 25 27 30],100,26,0.014008,1000,100,0.001,0.003,1,10,10,random,10,random
173,idID,True,0.045711806417160945,0.003610469742242711,10,"[0.01202435 0.01214511 0.01004707 0.01001031 0.89354001 0.01604059
 0.01190258 0.01419078 0.01005493 0.01004428]",[ 1  8 11 12 13 15 17 25 27 30],100,69,0.017053,1000,100,0.001,0.003,1,10,10,random,10,random
174,iDR,True,0.04570802471131821,0.003610482101545075,10,"[0.01202447 0.01214523 0.01004717 0.01001041 0.89354898 0.01604075
 0.0119027  0.01419092 0.01005503 0.01003433]",[ 1  8 11 12 13 15 17 25 27 30],100,100,0.018748,1000,100,0.001,0.003,1,10,10,random,10,random
175,TID,True,0.04570747721737706,0.0036105939697317685,10,"[0.01202447 0.01216127 0.01004717 0.01001041 0.89354898 0.01602471
 0.0119027  0.01419092 0.01005503 0.01003433]",[ 1  8 11 12 13 15 17 25 27 30],100,27,0.014126,1000,100,0.001,0.003,1,10,10,random,10,random
176,iDR,True,0.045669627642709314,0.0036106220075050443,10,"[0.01201373 0.01215042 0.0100382  0.01000147 0.89364402 0.0160104
 0.01189208 0.01417825 0.01004605 0.01002537]",[ 1  8 11 12 13 15 17 25 27 30],100,100,0.018853,1000,100,0.001,0.003,1,10,10,random,10,random
177,iDR,True,0.045665852059866334,0.0036106343450755616,10,"[0.01201385 0.01215054 0.0100383  0.01000157 0.89365298 0.01601056
 0.0118922  0.01417839 0.01004615 0.01001545]",[ 1  8 11 12 13 15 17 25 27 30],100,95,0.018522,1000,100,0.001,0.003,1,10,10,random,10,random
178,idID,True,0.0456611749388442,0.0036106183703064447,10,"[0.01201397 0.01215066 0.01002836 0.01000167 0.89366195 0.01601072
 0.01189232 0.01417854 0.01004625 0.01001555]",[ 1  8 11 12 13 15 17 25 27 30],100,65,0.016767,1000,100,0.001,0.003,1,10,10,random,10,random
179,iDR,True,0.045657402844398974,0.0036106306957501342,10,"[0.01201409 0.01215078 0.01002846 0.01000177 0.8936709  0.01601088
 0.01189243 0.01417868 0.01004636 0.01000564]",[ 1  8 11 12 13 15 17 25 27 30],100,89,0.018152,1000,100,0.001,0.003,1,10,10,random,10,random
180,idID,True,0.0451608262507248,0.003568559064720095,10,"[0.01201412 0.0121508  0.01002848 0.89367248 0.01601091 0.01000002
 0.01189246 0.0141787  0.01004637 0.01000565]",[ 1  8 11 13 15 16 17 25 27 30],100,64,0.016701,1000,100,0.001,0.003,1,10,10,random,10,random
181,idID,True,0.04361840790364334,0.0036463896555242433,10,"[0.01208677 0.01222428 0.01008913 0.89907675 0.01006049 0.01196437
 0.01426445 0.01010713 0.01006047 0.01006616]",[ 1  8 11 13 16 17 25 27 28 30],100,61,0.016567,1000,100,0.001,0.003,1,10,10,random,10,random
182,idID,True,0.043613699011476055,0.0036463678179386055,10,"[0.01208689 0.01222441 0.01008923 0.8990858  0.01006059 0.01196449
 0.01426459 0.01010723 0.01005051 0.01006626]",[ 1  8 11 13 16 17 25 27 28 30],100,72,0.017217,1000,100,0.001,0.003,1,10,10,random,10,random
183,iDR,True,0.04360816651909382,0.003646361404168083,10,"[0.01207495 0.01222455 0.01008935 0.89909667 0.01006071 0.01196464
 0.01426476 0.01010735 0.01005063 0.01006638]",[ 1  8 11 13 16 17 25 27 28 30],100,100,0.018811,1000,100,0.001,0.003,1,10,10,random,10,random
184,iDR,True,0.043604608710399735,0.00364639525238403,10,"[0.01207507 0.01222468 0.01008945 0.89910571 0.01005075 0.01196476
 0.01426491 0.01010745 0.01005074 0.01006648]",[ 1  8 11 13 16 17 25 27 28 30],100,100,0.01882,1000,100,0.001,0.003,1,10,10,random,10,random
185,iDR,True,0.043603230644666195,0.003646408477059787,10,"[0.01207519 0.0122248  0.01008955 0.8991148  0.01005086 0.01196488
 0.01426505 0.01009745 0.01005084 0.01006659]",[ 1  8 11 13 16 17 25 27 28 30],100,100,0.018769,1000,100,0.001,0.003,1,10,10,random,10,random
186,iDR,True,0.043598525868815206,0.003646386660577949,10,"[0.01207531 0.01222492 0.01008966 0.89912384 0.01005096 0.011965
 0.01426519 0.01009755 0.01004089 0.01006669]",[ 1  8 11 13 16 17 25 27 28 30],100,100,0.018825,1000,100,0.001,0.003,1,10,10,random,10,random
187,TID,True,0.04359737662997363,0.0036463310842654675,10,"[0.01207531 0.01222492 0.01008966 0.89912384 0.010061   0.011965
 0.01426519 0.01009755 0.01003085 0.01006669]",[ 1  8 11 13 16 17 25 27 28 30],100,33,0.014437,1000,100,0.001,0.003,1,10,10,random,10,random
188,iDR,True,0.04359303847382405,0.0036462886795343517,10,"[0.01207546 0.01221285 0.01008978 0.89913483 0.01006112 0.01196515
 0.01426537 0.01009767 0.01003097 0.01006681]",[ 1  8 11 13 16 17 25 27 28 30],100,100,0.018782,1000,100,0.001,0.003,1,10,10,random,10,random
189,idID,True,0.043587463108796375,0.00364632761803831,10,"[0.01207561 0.01221299 0.0100899  0.89914559 0.01006124 0.01195332
 0.01426554 0.01009779 0.01003109 0.01006693]",[ 1  8 11 13 16 17 25 27 28 30],100,64,0.016773,1000,100,0.001,0.003,1,10,10,random,10,random
190,idID,True,0.04358608601958396,0.0036463408293922212,10,"[0.01207573 0.01221312 0.01009    0.89915467 0.01006134 0.01195344
 0.01426568 0.0100878  0.01003119 0.01006703]",[ 1  8 11 13 16 17 25 27 28 30],100,71,0.017151,1000,100,0.001,0.003,1,10,10,random,10,random
191,TID,True,0.04358090966406041,0.0036463250889897676,10,"[0.01207573 0.01221312 0.01007991 0.89916476 0.01006134 0.01195344
 0.01426568 0.0100878  0.01003119 0.01006703]",[ 1  8 11 13 16 17 25 27 28 30],100,34,0.014476,1000,100,0.001,0.003,1,10,10,random,10,random
192,iDR,True,0.043544436535874975,0.0036463212035158644,10,"[0.01206488 0.01220215 0.01007086 0.89925534 0.0100523  0.01194271
 0.01425287 0.01007873 0.01002218 0.01005799]",[ 1  8 11 13 16 17 25 27 28 30],100,100,0.01877,1000,100,0.001,0.003,1,10,10,random,10,random
193,iDR,True,0.0435079876953855,0.003646317321141765,10,"[0.01205404 0.01219118 0.01006181 0.89934586 0.01004327 0.01193198
 0.01424006 0.01006968 0.01001317 0.01004895]",[ 1  8 11 13 16 17 25 27 28 30],100,100,0.01883,1000,100,0.001,0.003,1,10,10,random,10,random
194,idID,True,0.043505139033065424,0.0036463009920783937,10,"[0.01205421 0.01219136 0.01006195 0.89935866 0.01004342 0.01193215
 0.01422602 0.01006982 0.01001332 0.01004909]",[ 1  8 11 13 16 17 25 27 28 30],100,69,0.017083,1000,100,0.001,0.003,1,10,10,random,10,random
195,idID,True,0.04350158499497412,0.003646334781488872,10,"[0.01205433 0.01219148 0.01006205 0.8993677  0.01003347 0.01193227
 0.01422617 0.01006992 0.01001342 0.0100492 ]",[ 1  8 11 13 16 17 25 27 28 30],100,68,0.017036,1000,100,0.001,0.003,1,10,10,random,10,random
196,TID,True,0.04349969497952681,0.003646306472875042,10,"[0.01205433 0.01217929 0.01006205 0.8993677  0.01003347 0.01193227
 0.01423836 0.01006992 0.01001342 0.0100492 ]",[ 1  8 11 13 16 17 25 27 28 30],100,23,0.013822,1000,100,0.001,0.003,1,10,10,random,10,random
197,TID,True,0.04349963022151189,0.0036462580744029134,10,"[0.01205433 0.01217929 0.01005199 0.8993677  0.01003347 0.01194233
 0.01423836 0.01006992 0.01001342 0.0100492 ]",[ 1  8 11 13 16 17 25 27 28 30],100,35,0.014602,1000,100,0.001,0.003,1,10,10,random,10,random
198,idID,True,0.043496079560720914,0.003646291829932054,10,"[0.01205445 0.01217941 0.01005209 0.89937672 0.01002354 0.01194245
 0.0142385  0.01007002 0.01001352 0.0100493 ]",[ 1  8 11 13 16 17 25 27 28 30],100,72,0.017158,1000,100,0.001,0.003,1,10,10,random,10,random
199,iDR,True,0.04349470444572657,0.003646305004595182,10,"[0.01205458 0.01217953 0.01005219 0.89938578 0.01002364 0.01194257
 0.01423864 0.01006006 0.01001362 0.0100494 ]",[ 1  8 11 13 16 17 25 27 28 30],100,100,0.018825,1000,100,0.001,0.003,1,10,10,random,10,random
200,TID,True,0.04349468278581409,0.003646250680711765,10,"[0.01205458 0.01217953 0.01005219 0.89938578 0.01002364 0.01195258
 0.01423864 0.01006006 0.01000361 0.0100494 ]",[ 1  8 11 13 16 17 25 27 28 30],100,22,0.013706,1000,100,0.001,0.003,1,10,10,random,10,random
201,iDR,True,0.043493308990966886,0.0036462638419186683,10,"[0.0120547  0.01217965 0.01005229 0.89939482 0.01002374 0.0119527
 0.01423879 0.0100501  0.01000371 0.0100495 ]",[ 1  8 11 13 16 17 25 27 28 30],100,90,0.018291,1000,100,0.001,0.003,1,10,10,random,10,random
202,idID,True,0.04348976157324521,0.0036462975647669534,10,"[0.01205482 0.01217978 0.01005239 0.89940384 0.01001382 0.01195282
 0.01423893 0.0100502  0.01000381 0.0100496 ]",[ 1  8 11 13 16 17 25 27 28 30],100,63,0.01668,1000,100,0.001,0.003,1,10,10,random,10,random
203,idID,True,0.043439474506488454,0.003643030354574824,10,"[0.01220486 0.01007309 0.90125576 0.01002059 0.01003444 0.01197743
 0.01426825 0.01007089 0.0100244  0.01007029]",[ 8 11 13 14 16 17 25 27 28 30],100,58,0.016369,1000,100,0.001,0.003,1,10,10,random,10,random
204,iDR,True,0.04343513460422592,0.0036429879791696016,10,"[0.0121928  0.01007322 0.90126676 0.01002071 0.01003456 0.01197758
 0.01426842 0.01007101 0.01002453 0.01007041]",[ 8 11 13 14 16 17 25 27 28 30],100,100,0.018818,1000,100,0.001,0.003,1,10,10,random,10,random
205,idID,True,0.043431568715071825,0.0036430217055411942,10,"[0.01219292 0.01007332 0.9012758  0.01002081 0.01002463 0.0119777
 0.01426857 0.01007112 0.01002463 0.01007052]",[ 8 11 13 14 16 17 25 27 28 30],100,64,0.016735,1000,100,0.001,0.003,1,10,10,random,10,random
206,iDR,True,0.04342772577565928,0.0036430344249495294,10,"[0.01219304 0.01007342 0.90128488 0.01002091 0.01002473 0.01197782
 0.01426871 0.01007122 0.01002473 0.01006055]",[ 8 11 13 14 16 17 25 27 28 30],100,100,0.01876,1000,100,0.001,0.003,1,10,10,random,10,random
207,idID,True,0.043424163177658584,0.003643068118737434,10,"[0.01219317 0.01007352 0.90129391 0.01002101 0.0100148  0.01197794
 0.01426885 0.01007132 0.01002483 0.01006065]",[ 8 11 13 14 16 17 25 27 28 30],100,67,0.016889,1000,100,0.001,0.003,1,10,10,random,10,random
208,TID,True,0.04342390157780296,0.003643115755903891,10,"[0.01220323 0.01007352 0.90129391 0.01002101 0.0100148  0.01197794
 0.01426885 0.01007132 0.01002483 0.01005059]",[ 8 11 13 14 16 17 25 27 28 30],100,27,0.014071,1000,100,0.001,0.003,1,10,10,random,10,random
209,idID,True,0.04341920847431436,0.003643093962867452,10,"[0.01220335 0.01007362 0.90130295 0.01002112 0.0100149  0.01197806
 0.014269   0.01007142 0.0100149  0.01005069]",[ 8 11 13 14 16 17 25 27 28 30],100,71,0.017182,1000,100,0.001,0.003,1,10,10,random,10,random
210,iDR,True,0.04341445190797449,0.003643078258881999,10,"[0.01220347 0.01006365 0.90131203 0.01002122 0.010015   0.01197818
 0.01426914 0.01007152 0.01001501 0.01005079]",[ 8 11 13 14 16 17 25 27 28 30],100,100,0.018775,1000,100,0.001,0.003,1,10,10,random,10,random
211,idID,True,0.04340895404423256,0.0036430750829089097,10,"[0.0122036  0.01006375 0.90132106 0.0100113  0.0100151  0.0119783
 0.01426928 0.01007162 0.01001511 0.01005089]",[ 8 11 13 14 16 17 25 27 28 30],100,63,0.016687,1000,100,0.001,0.003,1,10,10,random,10,random
212,iDR,True,0.04337250248783832,0.003643074114786634,10,"[0.01219261 0.01005469 0.90140992 0.01000228 0.01000608 0.01196751
 0.01425643 0.01006255 0.01000609 0.01004184]",[ 8 11 13 14 16 17 25 27 28 30],100,100,0.018816,1000,100,0.001,0.003,1,10,10,random,10,random
213,TID,True,0.04188399496523753,0.0036483550861128354,10,"[0.01219261 0.01005469 0.01       0.90140992 0.01000608 0.01196751
 0.01425643 0.01006255 0.01000609 0.01004184]",[ 8 11 12 13 16 17 25 27 28 30],100,33,0.014358,1000,100,0.001,0.003,1,10,10,random,10,random
214,TID,True,0.04098430847854351,0.003754183370169763,10,"[0.01       0.01219261 0.01005469 0.01       0.90140992 0.01196751
 0.01425643 0.01006255 0.01000609 0.01004184]",[ 4  8 11 12 13 17 25 27 28 30],100,40,0.014802,1000,100,0.001,0.003,1,10,10,random,10,random
215,idID,True,0.040792611064536646,0.0037898403707845234,10,"[0.0100198  0.01221674 0.01007459 0.0100198  0.90319452 0.01428466
 0.0100198  0.01008247 0.0100259  0.01006172]",[ 4  8 11 12 13 25 26 27 28 30],100,62,0.016447,1000,100,0.001,0.003,1,10,10,random,10,random
216,iDR,True,0.04078820829824115,0.0037897997476627606,10,"[0.01001992 0.01220468 0.01007472 0.01001992 0.90320556 0.01428483
 0.01001992 0.0100826  0.01002602 0.01006184]",[ 4  8 11 12 13 25 26 27 28 30],100,100,0.018731,1000,100,0.001,0.003,1,10,10,random,10,random
217,iDR,True,0.04078432656539587,0.003789813932988419,10,"[0.01002002 0.0122048  0.01007482 0.01002002 0.90321464 0.01428498
 0.01002002 0.0100827  0.01002612 0.01005188]",[ 4  8 11 12 13 25 26 27 28 30],100,100,0.018757,1000,100,0.001,0.003,1,10,10,random,10,random
218,iDR,True,0.040779927828936344,0.0037897733492634543,10,"[0.01002014 0.01219274 0.01007494 0.01002014 0.90322567 0.01428515
 0.01002014 0.01008282 0.01002624 0.010052  ]",[ 4  8 11 12 13 25 26 27 28 30],100,100,0.018797,1000,100,0.001,0.003,1,10,10,random,10,random
219,TID,True,0.04077988839327909,0.0037897795453514568,10,"[0.01002014 0.01219274 0.01006486 0.01002014 0.90322567 0.01428515
 0.01002014 0.01008282 0.01003632 0.010052  ]",[ 4  8 11 12 13 25 26 27 28 30],100,27,0.013988,1000,100,0.001,0.003,1,10,10,random,10,random
220,idID,True,0.040774432779294746,0.0037897845933453416,10,"[0.01002024 0.01219287 0.01006497 0.01002024 0.90323472 0.01428529
 0.01001022 0.01008292 0.01003642 0.01005211]",[ 4  8 11 12 13 25 26 27 28 30],100,62,0.016629,1000,100,0.001,0.003,1,10,10,random,10,random
221,TID,True,0.04077350142265916,0.0037897561900119836,10,"[0.01002024 0.01219287 0.0100549  0.01002024 0.90323472 0.01428529
 0.01001022 0.01008292 0.01003642 0.01006217]",[ 4  8 11 12 13 25 26 27 28 30],100,28,0.014063,1000,100,0.001,0.003,1,10,10,random,10,random
222,TID,True,0.04077140790436843,0.0037898131309151485,10,"[0.0100303  0.01219287 0.01004485 0.01002024 0.90323472 0.01428529
 0.01001022 0.01008292 0.01003642 0.01006217]",[ 4  8 11 12 13 25 26 27 28 30],100,29,0.01415,1000,100,0.001,0.003,1,10,10,random,10,random
223,iDR,True,0.0407673304407686,0.00378980612482203,10,"[0.0100304  0.01219299 0.01004495 0.01001032 0.90324377 0.01428544
 0.01001032 0.01008302 0.01003652 0.01006227]",[ 4  8 11 12 13 25 26 27 28 30],100,100,0.018757,1000,100,0.001,0.003,1,10,10,random,10,random
224,iDR,True,0.040762935504932686,0.003789765580278713,10,"[0.01003052 0.01218094 0.01004507 0.01001045 0.90325478 0.01428561
 0.01001045 0.01008315 0.01003664 0.01006239]",[ 4  8 11 12 13 25 26 27 28 30],100,100,0.018765,1000,100,0.001,0.003,1,10,10,random,10,random
225,iDR,True,0.040758130089481696,0.0037897513941439953,10,"[0.01003062 0.01218107 0.01003512 0.01001055 0.90326386 0.01428575
 0.01001055 0.01008325 0.01003674 0.01006249]",[ 4  8 11 12 13 25 26 27 28 30],100,100,0.018808,1000,100,0.001,0.003,1,10,10,random,10,random
226,iDR,True,0.04075405625262522,0.003789744394213227,10,"[0.01003072 0.01218119 0.01003523 0.01000064 0.9032729  0.0142859
 0.01001065 0.01008335 0.01003684 0.0100626 ]",[ 4  8 11 12 13 25 26 27 28 30],100,100,0.018786,1000,100,0.001,0.003,1,10,10,random,10,random
227,idID,True,0.04074860522821245,0.00378974943707088,10,"[0.01003082 0.01218131 0.01003533 0.01000074 0.90328194 0.01428604
 0.01000074 0.01008345 0.01003694 0.0100627 ]",[ 4  8 11 12 13 25 26 27 28 30],100,59,0.016375,1000,100,0.001,0.003,1,10,10,random,10,random
228,idID,True,0.04074472240461283,0.003789763623093888,10,"[0.01003092 0.01218143 0.01003543 0.01000084 0.90329103 0.01428618
 0.01000084 0.01008355 0.01003704 0.01005273]",[ 4  8 11 12 13 25 26 27 28 30],100,55,0.016145,1000,100,0.001,0.003,1,10,10,random,10,random
229,TID,True,0.04074404484963095,0.0037897502938993104,10,"[0.01003092 0.01218143 0.01003543 0.01001087 0.90329103 0.01428618
 0.01000084 0.01008355 0.01002701 0.01005273]",[ 4  8 11 12 13 25 26 27 28 30],100,33,0.01445,1000,100,0.001,0.003,1,10,10,random,10,random
230,TID,True,0.04074400531052349,0.0037897564656867036,10,"[0.01003092 0.01218143 0.01002539 0.01001087 0.90329103 0.01428618
 0.01000084 0.01008355 0.01003704 0.01005273]",[ 4  8 11 12 13 25 26 27 28 30],100,33,0.014469,1000,100,0.001,0.003,1,10,10,random,10,random
231,idID,True,0.04074012619738589,0.0037897706377368143,10,"[0.01003102 0.01218155 0.01002549 0.01001097 0.90330011 0.01428633
 0.01000094 0.01008365 0.01003714 0.01004278]",[ 4  8 11 12 13 25 26 27 28 30],100,71,0.017068,1000,100,0.001,0.003,1,10,10,random,10,random
232,iDR,True,0.0407360518296273,0.0037897636376994157,10,"[0.01003113 0.01218168 0.01002559 0.01000106 0.90330915 0.01428647
 0.01000104 0.01008375 0.01003724 0.01004288]",[ 4  8 11 12 13 25 26 27 28 30],100,87,0.018016,1000,100,0.001,0.003,1,10,10,random,10,random
233,TID,True,0.04073512389121871,0.0037897353454777226,10,"[0.01003113 0.01218168 0.01001557 0.01000106 0.90330915 0.01428647
 0.01000104 0.01008375 0.01003724 0.01005291]",[ 4  8 11 12 13 25 26 27 28 30],100,47,0.015227,1000,100,0.001,0.003,1,10,10,random,10,random
234,iDR,True,0.040731244535337614,0.003789749517561312,10,"[0.01003123 0.0121818  0.01001567 0.01000116 0.90331824 0.01428661
 0.01000114 0.01008385 0.01003734 0.01004296]",[ 4  8 11 12 13 25 26 27 28 30],100,87,0.018074,1000,100,0.001,0.003,1,10,10,random,10,random
235,TID,True,0.04072915886741434,0.003789806236286212,10,"[0.01004124 0.0121818  0.01000565 0.01000116 0.90331824 0.01428661
 0.01000114 0.01008385 0.01003734 0.01004296]",[ 4  8 11 12 13 25 26 27 28 30],100,39,0.01475,1000,100,0.001,0.003,1,10,10,random,10,random
236,TID,True,0.040247907541253784,0.0037477310102083843,10,"[0.01004124 0.0121818  0.01000565 0.90331824 0.01       0.01428661
 0.01000114 0.01008385 0.01003734 0.01004296]",[ 4  8 11 13 16 25 26 27 28 30],100,39,0.01473,1000,100,0.001,0.003,1,10,10,random,10,random
237,iDR,True,0.04024412700862157,0.0037477491095701068,10,"[0.01004135 0.01218194 0.01000576 0.90332836 0.01000011 0.01428677
 0.01000125 0.01008397 0.01003746 0.01003303]",[ 4  8 11 13 16 25 26 27 28 30],100,33,0.014889,1000,100,0.001,0.003,1,10,10,random,10,random
238,TID,True,0.0402423093792823,0.0037477622590631654,10,"[0.01004135 0.01218194 0.01000576 0.90333844 0.01000011 0.01428677
 0.01000125 0.01007388 0.01003746 0.01003303]",[ 4  8 11 13 16 25 26 27 28 30],100,46,0.015138,1000,100,0.001,0.003,1,10,10,random,10,random
239,iDR,True,0.04023791186121667,0.003747721239089707,10,"[0.01004148 0.0121699  0.01000589 0.90334945 0.01000023 0.01428695
 0.01000137 0.01007401 0.01003758 0.01003315]",[ 4  8 11 13 16 25 26 27 28 30],100,75,0.017306,1000,100,0.001,0.003,1,10,10,random,10,random
240,TID,True,0.04023278502721468,0.0037476994073541883,10,"[0.01004148 0.0121699  0.01000589 0.90335948 0.01000023 0.01428695
 0.01000137 0.01007401 0.01002754 0.01003315]",[ 4  8 11 13 16 25 26 27 28 30],100,50,0.015428,1000,100,0.001,0.003,1,10,10,random,10,random
241,iDR,True,0.04022891418387823,0.00374771312982346,10,"[0.01004158 0.01217002 0.01000599 0.90336855 0.01000033 0.01428709
 0.01000147 0.01007411 0.01002764 0.01002322]",[ 4  8 11 13 16 25 26 27 28 30],100,82,0.017717,1000,100,0.001,0.003,1,10,10,random,10,random
242,iDR,True,0.040224168795469806,0.0037476923795462577,10,"[0.01004168 0.01217015 0.01000609 0.90337761 0.01000043 0.01428723
 0.01000157 0.01007421 0.01001772 0.01002332]",[ 4  8 11 13 16 25 26 27 28 30],100,76,0.017367,1000,100,0.001,0.003,1,10,10,random,10,random
243,TID,True,0.04021905183331082,0.0037476705910152856,10,"[0.01004168 0.01217015 0.01000609 0.90338763 0.01000043 0.01428723
 0.01000157 0.01007421 0.0100077  0.01002332]",[ 4  8 11 13 16 25 26 27 28 30],100,48,0.015319,1000,100,0.001,0.003,1,10,10,random,10,random
244,idID,True,0.03988766204669627,0.003714029988899264,10,"[0.01006352 0.01002785 0.01002175 0.90535237 0.01002218 0.01431831
 0.01002332 0.01009612 0.01002946 0.01004512]",[ 4 11 12 13 16 25 26 27 28 30],100,57,0.01624,1000,100,0.001,0.003,1,10,10,random,10,random
245,iDR,True,0.039884928803118044,0.003713958024263559,10,"[0.01005356 0.01002795 0.01002185 0.90536148 0.01002228 0.01431845
 0.01002343 0.01009622 0.01002956 0.01004522]",[ 4 11 12 13 16 25 26 27 28 30],100,100,0.018749,1000,100,0.001,0.003,1,10,10,random,10,random
246,iDR,True,0.03988103780607441,0.003713971424296162,10,"[0.01005366 0.01002805 0.01002195 0.90537058 0.01002239 0.0143186
 0.01002353 0.01009632 0.01002966 0.01003527]",[ 4 11 12 13 16 25 26 27 28 30],100,100,0.018769,1000,100,0.001,0.003,1,10,10,random,10,random
247,TID,True,0.03987917122339605,0.003713941313623383,10,"[0.01005366 0.01002805 0.01002195 0.90537058 0.01003241 0.0143186
 0.0100135  0.01009632 0.01002966 0.01003527]",[ 4 11 12 13 16 25 26 27 28 30],100,28,0.014064,1000,100,0.001,0.003,1,10,10,random,10,random
248,idID,True,0.03987621003582233,0.0037139258627973625,10,"[0.0100538  0.01002819 0.01002209 0.90538354 0.01003255 0.01430448
 0.01001365 0.01009647 0.01002981 0.01003542]",[ 4 11 12 13 16 25 26 27 28 30],100,68,0.016954,1000,100,0.001,0.003,1,10,10,random,10,random
249,idID,True,0.03987073405511631,0.0037139301479384105,10,"[0.0100539  0.01002829 0.01002219 0.90539261 0.01003265 0.01430462
 0.01000373 0.01009657 0.01002991 0.01003552]",[ 4 11 12 13 16 25 26 27 28 30],100,71,0.017133,1000,100,0.001,0.003,1,10,10,random,10,random
250,TID,True,0.03969549722761701,0.0036941478825897487,10,"[0.01       0.0100539  0.01002829 0.01002219 0.90539261 0.01003265
 0.01430462 0.01009657 0.01002991 0.01003552]",[ 0  4 11 12 13 16 25 27 28 30],100,28,0.014066,1000,100,0.001,0.003,1,10,10,random,10,random
251,iDR,True,0.03969101518588399,0.003694140379277898,10,"[0.01000014 0.01005404 0.01002843 0.01002233 0.90540507 0.01003279
 0.01430482 0.01009671 0.01002002 0.01003566]",[ 0  4 11 12 13 16 25 27 28 30],100,52,0.015956,1000,100,0.001,0.003,1,10,10,random,10,random
252,idID,True,0.03968618968650717,0.003694125257658377,10,"[0.01000024 0.01005414 0.0100185  0.01002243 0.90541415 0.01003289
 0.01430497 0.01009681 0.01002012 0.01003576]",[ 0  4 11 12 13 16 25 27 28 30],100,68,0.016886,1000,100,0.001,0.003,1,10,10,random,10,random
253,idID,True,0.03968323318251289,0.0036941095380685243,10,"[0.01000038 0.01005428 0.01001865 0.01002258 0.9054271  0.01003304
 0.01429086 0.01009695 0.01002026 0.0100359 ]",[ 0  4 11 12 13 16 25 27 28 30],100,65,0.016739,1000,100,0.001,0.003,1,10,10,random,10,random
254,TID,True,0.03967897734174205,0.0036941222033733487,10,"[0.01000038 0.01005428 0.01001865 0.01002258 0.90543714 0.01003304
 0.01429086 0.01009695 0.01002026 0.01002586]",[ 0  4 11 12 13 16 25 27 28 30],100,33,0.014381,1000,100,0.001,0.003,1,10,10,random,10,random
255,iDR,True,0.03967420314443264,0.003694100931371402,10,"[0.01000048 0.01005438 0.01001875 0.01002268 0.90544621 0.01003314
 0.01429101 0.01009705 0.01001034 0.01002596]",[ 0  4 11 12 13 16 25 27 28 30],100,89,0.01816,1000,100,0.001,0.003,1,10,10,random,10,random
256,iDR,True,0.03967058258958299,0.0036941351657877107,10,"[0.01000058 0.01005449 0.01001885 0.01002278 0.90545529 0.0100232
 0.01429115 0.01009715 0.01001044 0.01002606]",[ 0  4 11 12 13 16 25 27 28 30],100,92,0.018262,1000,100,0.001,0.003,1,10,10,random,10,random
257,idID,True,0.039665812833966134,0.003694113914761581,10,"[0.01000068 0.01005459 0.01001895 0.01002288 0.90546436 0.0100233
 0.01429129 0.01009725 0.01000053 0.01002616]",[ 0  4 11 12 13 16 25 27 28 30],100,61,0.016537,1000,100,0.001,0.003,1,10,10,random,10,random
258,iDR,True,0.039662195613259364,0.003694148115758778,10,"[0.01000078 0.01005469 0.01001905 0.01002298 0.90547343 0.01001338
 0.01429144 0.01009736 0.01000063 0.01002627]",[ 0  4 11 12 13 16 25 27 28 30],100,89,0.01815,1000,100,0.001,0.003,1,10,10,random,10,random
259,iDR,True,0.039660747196362714,0.0036941618094074704,10,"[0.01000088 0.01005479 0.01001915 0.01002308 0.90548258 0.01001348
 0.01429158 0.01008736 0.01000073 0.01002637]",[ 0  4 11 12 13 16 25 27 28 30],100,81,0.01769,1000,100,0.001,0.003,1,10,10,random,10,random
260,TID,True,0.03965856981079206,0.0036941823971264214,10,"[0.01000088 0.01005479 0.01001915 0.01002308 0.90548258 0.01000347
 0.01429158 0.01009737 0.01000073 0.01002637]",[ 0  4 11 12 13 16 25 27 28 30],100,36,0.014558,1000,100,0.001,0.003,1,10,10,random,10,random
261,TID,True,0.03965766538039001,0.0036941473112928596,10,"[0.01000088 0.01005479 0.01001915 0.01002308 0.90548258 0.01000347
 0.01427729 0.01011167 0.01000073 0.01002637]",[ 0  4 11 12 13 16 25 27 28 30],100,44,0.015083,1000,100,0.001,0.003,1,10,10,random,10,random
262,idID,True,0.03965357681045596,0.003694139344341829,10,"[0.01000098 0.01005489 0.01001925 0.01001316 0.90549165 0.01000357
 0.01427743 0.01011177 0.01000083 0.01002647]",[ 0  4 11 12 13 16 25 27 28 30],100,57,0.016244,1000,100,0.001,0.003,1,10,10,random,10,random
263,iDR,True,0.0396506249656251,0.003694123655207978,10,"[0.01000113 0.01005503 0.01001939 0.0100133  0.90550458 0.01000371
 0.01426336 0.01011191 0.01000098 0.01002661]",[ 0  4 11 12 13 16 25 27 28 30],100,80,0.017625,1000,100,0.001,0.003,1,10,10,random,10,random
264,TID,True,0.03866393301047977,0.0037339721814322025,10,"[0.01005503 0.01001939 0.0100133  0.90550458 0.01000371 0.01
 0.01426336 0.01011191 0.01000098 0.01002661]",[ 4 11 12 13 16 18 25 27 28 30],100,45,0.015072,1000,100,0.001,0.003,1,10,10,random,10,random
265,TID,True,0.038603736083192355,0.0037175665097289603,10,"[0.01       0.01005503 0.01001939 0.0100133  0.90550458 0.01000371
 0.01       0.01426336 0.01011191 0.01002661]",[ 1  4 11 12 13 16 18 25 27 30],100,42,0.014895,1000,100,0.001,0.003,1,10,10,random,10,random
266,TID,True,0.03860099031163163,0.0037175624117969128,10,"[0.01       0.01005503 0.01000937 0.0100133  0.90550458 0.01000371
 0.01       0.01427338 0.01011191 0.01002661]",[ 1  4 11 12 13 16 18 25 27 30],100,48,0.015317,1000,100,0.001,0.003,1,10,10,random,10,random
267,TID,True,0.03789868041630981,0.0037357724117969126,10,"[0.01       0.01005503 0.01       0.01000937 0.0100133  0.90550458
 0.01000371 0.01427338 0.01011191 0.01002661]",[ 1  4  8 11 12 13 16 25 27 30],100,48,0.01527,1000,100,0.001,0.003,1,10,10,random,10,random
268,TID,True,0.03789733762993709,0.003735836256591999,10,"[0.01       0.01006505 0.01       0.01000937 0.01000329 0.90550458
 0.01000371 0.01427338 0.01011191 0.01002661]",[ 1  4  8 11 12 13 16 25 27 30],100,52,0.015523,1000,100,0.001,0.003,1,10,10,random,10,random
269,iDR,True,0.037896023357849994,0.003735858240279584,10,"[0.01000012 0.01006517 0.01000012 0.0100095  0.01000341 0.90551564
 0.01000383 0.01427355 0.01010192 0.01002673]",[ 1  4  8 11 12 13 16 25 27 30],100,33,0.014901,1000,100,0.001,0.003,1,10,10,random,10,random
270,idID,True,0.037893236258042126,0.003735786483541411,10,"[0.01000022 0.0100552  0.01000022 0.0100096  0.01000351 0.90552475
 0.01000393 0.0142737  0.01010202 0.01002683]",[ 1  4  8 11 12 13 16 25 27 30],100,41,0.015194,1000,100,0.001,0.003,1,10,10,random,10,random
271,iDR,True,0.03788933368410102,0.0037358000779230682,10,"[0.01000032 0.01005531 0.01000032 0.0100097  0.01000361 0.90553383
 0.01000403 0.01427384 0.01010213 0.01001691]",[ 1  4  8 11 12 13 16 25 27 30],100,83,0.017776,1000,100,0.001,0.003,1,10,10,random,10,random
272,iDR,True,0.03788543484883457,0.0037358136589825583,10,"[0.01000042 0.01005541 0.01000042 0.0100098  0.01000371 0.9055429
 0.01000413 0.01427398 0.01010223 0.01000699]",[ 1  4  8 11 12 13 16 25 27 30],100,65,0.016808,1000,100,0.001,0.003,1,10,10,random,10,random
273,TID,True,0.03788229385156965,0.0037357410287815087,10,"[0.01000042 0.01004535 0.01000042 0.0100098  0.01000371 0.90555296
 0.01000413 0.01427398 0.01010223 0.01000699]",[ 1  4  8 11 12 13 16 25 27 30],100,57,0.015834,1000,100,0.001,0.003,1,10,10,random,10,random
274,iDR,True,0.03788082141820218,0.0037357551492213058,10,"[0.01000052 0.01004545 0.01000052 0.0100099  0.01000381 0.90556211
 0.01000424 0.01427413 0.01009223 0.01000709]",[ 1  4  8 11 12 13 16 25 27 30],100,73,0.017229,1000,100,0.001,0.003,1,10,10,random,10,random
275,idID,True,0.037879350390135506,0.0037357692558255364,10,"[0.01000063 0.01004555 0.01000063 0.01001    0.01000391 0.90557125
 0.01000434 0.01427427 0.01008224 0.01000719]",[ 1  4  8 11 12 13 16 25 27 30],100,48,0.015602,1000,100,0.001,0.003,1,10,10,random,10,random
276,iDR,True,0.03787656825247898,0.0037356976380340844,10,"[0.01000073 0.01003561 0.01000073 0.0100101  0.01000401 0.90558034
 0.01000444 0.01427441 0.01008234 0.01000729]",[ 1  4  8 11 12 13 16 25 27 30],100,73,0.017246,1000,100,0.001,0.003,1,10,10,random,10,random
277,idID,True,0.037504491497968646,0.003746867325909424,10,"[0.01003562 0.01000073 0.01001011 0.01000402 0.905581   0.01000444
 0.01000001 0.01427443 0.01008234 0.0100073 ]",[ 4  8 11 12 13 16 18 25 27 30],100,52,0.015931,1000,100,0.001,0.003,1,10,10,random,10,random
278,iDR,True,0.03750150752120005,0.0037468523927537334,10,"[0.01003576 0.01000088 0.01001025 0.01000416 0.90559393 0.01000459
 0.01000015 0.01426035 0.01008249 0.01000744]",[ 4  8 11 12 13 16 18 25 27 30],100,28,0.014611,1000,100,0.001,0.003,1,10,10,random,10,random
279,iDR,True,0.03749852634301767,0.0037468374741054986,10,"[0.0100359  0.01000102 0.01001039 0.0100043  0.90560684 0.01000473
 0.01000029 0.0142463  0.01008263 0.01000759]",[ 4  8 11 12 13 16 18 25 27 30],100,69,0.016977,1000,100,0.001,0.003,1,10,10,random,10,random
280,iDR,True,0.03749573014151401,0.0037467660362009397,10,"[0.01002597 0.01000112 0.01001049 0.0100044  0.90561593 0.01000483
 0.01000039 0.01424644 0.01008273 0.01000769]",[ 4  8 11 12 13 16 18 25 27 30],100,72,0.017143,1000,100,0.001,0.003,1,10,10,random,10,random
281,idID,True,0.03749275163423995,0.003746751130879158,10,"[0.01002611 0.01000126 0.01001064 0.01000455 0.90562883 0.01000497
 0.01000054 0.0142324  0.01008288 0.01000783]",[ 4  8 11 12 13 16 18 25 27 30],100,50,0.015686,1000,100,0.001,0.003,1,10,10,random,10,random
282,idID,True,0.03748791324251398,0.0037467365627656137,10,"[0.01002621 0.01000136 0.01000073 0.01000465 0.9056379  0.01000507
 0.01000064 0.01423254 0.01008298 0.01000793]",[ 4  8 11 12 13 16 18 25 27 30],100,56,0.01614,1000,100,0.001,0.003,1,10,10,random,10,random
283,iDR,True,0.03748511948155728,0.0037466651928404573,10,"[0.01001628 0.01000146 0.01000083 0.01000475 0.90564698 0.01000517
 0.01000074 0.01423268 0.01008308 0.01000803]",[ 4  8 11 12 13 16 18 25 27 30],100,68,0.016913,1000,100,0.001,0.003,1,10,10,random,10,random
284,iDR,True,0.0374821434834494,0.003746650300478409,10,"[0.01001643 0.0100016  0.01000097 0.01000489 0.90565987 0.01000532
 0.01000088 0.01421865 0.01008322 0.01000817]",[ 4  8 11 12 13 16 18 25 27 30],100,64,0.016712,1000,100,0.001,0.003,1,10,10,random,10,random
285,TID,True,0.03748144674515884,0.0037465894807303126,10,"[0.01000641 0.0100016  0.01000097 0.01000489 0.90565987 0.01000532
 0.01000088 0.01422867 0.01008322 0.01000817]",[ 4  8 11 12 13 16 18 25 27 30],100,59,0.015973,1000,100,0.001,0.003,1,10,10,random,10,random
286,TID,True,0.037369155555748886,0.003736334441196202,10,"[0.01       0.01000641 0.0100016  0.01000489 0.90565987 0.01000532
 0.01000088 0.01422867 0.01008322 0.01000817]",[ 1  4  8 12 13 16 18 25 27 30],100,64,0.016324,1000,100,0.001,0.003,1,10,10,random,10,random
287,iDR,True,0.03736624795893948,0.0037363230257230376,10,"[0.01000015 0.01000656 0.01000176 0.01000504 0.90567363 0.01000547
 0.01000103 0.01421466 0.01008338 0.01000832]",[ 1  4  8 12 13 16 18 25 27 30],100,21,0.014191,1000,100,0.001,0.003,1,10,10,random,10,random
288,iDR,True,0.037363270753432015,0.003736308005210878,10,"[0.01000029 0.01000671 0.0100019  0.01000518 0.90568651 0.01000561
 0.01000117 0.01420064 0.01008352 0.01000847]",[ 1  4  8 12 13 16 18 25 27 30],100,55,0.016194,1000,100,0.001,0.003,1,10,10,random,10,random
289,TID,True,0.03725319688001125,0.003692804732074417,10,"[0.01000029 0.01000671 0.0100019  0.90568651 0.01       0.01000561
 0.01000117 0.01420064 0.01008352 0.01000847]",[ 1  4  8 13 15 16 18 25 27 30],100,63,0.01623,1000,100,0.001,0.003,1,10,10,random,10,random
290,TID,True,0.03702037798824015,0.00368474852581049,10,"[0.01000029 0.01000671 0.0100019  0.01       0.90568651 0.01
 0.01000561 0.01420064 0.01008352 0.01000847]",[ 1  4  8 12 13 15 16 25 27 30],100,54,0.015614,1000,100,0.001,0.003,1,10,10,random,10,random
291,idID,True,0.03701786060064659,0.0036847562113012443,10,"[0.0100005  0.01000691 0.0100021  0.01000021 0.90570513 0.01000021
 0.01000582 0.01418673 0.01008373 0.01000867]",[ 1  4  8 12 13 15 16 25 27 30],100,42,0.015229,1000,100,0.001,0.003,1,10,10,random,10,random
292,idID,True,0.03701637463696479,0.0036847697917598817,10,"[0.0100006  0.01000701 0.0100022  0.01000031 0.90571426 0.01000031
 0.01000592 0.01418688 0.01007374 0.01000877]",[ 1  4  8 12 13 15 16 25 27 30],100,47,0.015603,1000,100,0.001,0.003,1,10,10,random,10,random
293,iDR,True,0.03701338929314926,0.003684754069211984,10,"[0.01000074 0.01000715 0.01000235 0.01000045 0.90572711 0.01000045
 0.01000606 0.01417289 0.01007389 0.01000891]",[ 1  4  8 12 13 15 16 25 27 30],100,63,0.016643,1000,100,0.001,0.003,1,10,10,random,10,random
294,idID,True,0.037010406750635855,0.003684738361941181,10,"[0.01000088 0.0100073  0.01000249 0.01000059 0.90573995 0.01000059
 0.0100062  0.01415892 0.01007403 0.01000906]",[ 1  4  8 12 13 15 16 25 27 30],100,45,0.015385,1000,100,0.001,0.003,1,10,10,random,10,random
295,TID,True,0.037008573845074666,0.0036847514984767516,10,"[0.01000088 0.0100073  0.01000249 0.01000059 0.90575002 0.01000059
 0.0100062  0.01415892 0.01006396 0.01000906]",[ 1  4  8 12 13 15 16 25 27 30],100,53,0.015493,1000,100,0.001,0.003,1,10,10,random,10,random
296,iDR,True,0.03700709053958252,0.0036847650522614044,10,"[0.01000098 0.0100074  0.01000259 0.01000069 0.90575914 0.01000069
 0.0100063  0.01415906 0.01005399 0.01000916]",[ 1  4  8 12 13 15 16 25 27 30],100,60,0.016511,1000,100,0.001,0.003,1,10,10,random,10,random
297,TID,True,0.03700362132306028,0.0036847487551824906,10,"[0.01000098 0.0100074  0.01000259 0.01000069 0.90577329 0.01000069
 0.0100063  0.0141449  0.01005399 0.01000916]",[ 1  4  8 12 13 15 16 25 27 30],100,58,0.015888,1000,100,0.001,0.003,1,10,10,random,10,random
298,idID,True,0.03700064423611493,0.0036847330788558536,10,"[0.01000113 0.01000754 0.01000273 0.01000083 0.90578611 0.01000083
 0.01000644 0.01413096 0.01005414 0.0100093 ]",[ 1  4  8 12 13 15 16 25 27 30],100,42,0.015163,1000,100,0.001,0.003,1,10,10,random,10,random
299,idID,True,0.03699766994327488,0.003684717417762716,10,"[0.01000127 0.01000768 0.01000287 0.01000097 0.90579891 0.01000097
 0.01000658 0.01411703 0.01005428 0.01000944]",[ 1  4  8 12 13 15 16 25 27 30],100,40,0.015058,1000,100,0.001,0.003,1,10,10,random,10,random
300,iDR,True,0.036996187787569336,0.0036847309581699373,10,"[0.01000137 0.01000778 0.01000297 0.01000107 0.90580801 0.01000107
 0.01000668 0.01411717 0.01004432 0.01000954]",[ 1  4  8 12 13 15 16 25 27 30],100,54,0.016154,1000,100,0.001,0.003,1,10,10,random,10,random
301,idID,True,0.03699321619409489,0.0036847153123297735,10,"[0.01000151 0.01000792 0.01000311 0.01000122 0.9058208  0.01000122
 0.01000683 0.01410325 0.01004447 0.01000968]",[ 1  4  8 12 13 15 16 25 27 30],100,48,0.015585,1000,100,0.001,0.003,1,10,10,random,10,random
302,iDR,True,0.03699024738993276,0.003684699681694352,10,"[0.01000165 0.01000806 0.01000325 0.01000136 0.90583358 0.01000136
 0.01000697 0.01408934 0.01004461 0.01000982]",[ 1  4  8 12 13 15 16 25 27 30],100,58,0.016369,1000,100,0.001,0.003,1,10,10,random,10,random
303,iDR,True,0.03698728137264606,0.0036846840662493273,10,"[0.01000179 0.0100082  0.0100034  0.0100015  0.90584634 0.0100015
 0.01000711 0.01407545 0.01004475 0.01000996]",[ 1  4  8 12 13 15 16 25 27 30],100,56,0.016258,1000,100,0.001,0.003,1,10,10,random,10,random
304,iDR,True,0.036985800355729896,0.0036846975934893456,10,"[0.01000189 0.0100083  0.0100035  0.0100016  0.90585544 0.0100016
 0.01000721 0.01407559 0.01003481 0.01001007]",[ 1  4  8 12 13 15 16 25 27 30],100,66,0.016837,1000,100,0.001,0.003,1,10,10,random,10,random
305,idID,True,0.03698432075295966,0.003684711107473475,10,"[0.01000199 0.0100084  0.0100036  0.0100017  0.90586453 0.0100017
 0.01000731 0.01407574 0.01002487 0.01001017]",[ 1  4  8 12 13 15 16 25 27 30],100,42,0.015387,1000,100,0.001,0.003,1,10,10,random,10,random
306,TID,True,0.03698188788591352,0.0036847106870465164,10,"[0.01000199 0.0100084  0.0100036  0.0100017  0.90586453 0.0100017
 0.01000731 0.01407574 0.01003488 0.01000016]",[ 1  4  8 12 13 15 16 25 27 30],100,55,0.015818,1000,100,0.001,0.003,1,10,10,random,10,random
307,idID,True,0.03697892441915282,0.0036846950868390203,10,"[0.01000213 0.01000855 0.01000374 0.01000184 0.90587728 0.01000184
 0.01000745 0.01406186 0.01003502 0.0100003 ]",[ 1  4  8 12 13 15 16 25 27 30],100,43,0.015264,1000,100,0.001,0.003,1,10,10,random,10,random
308,iDR,True,0.03697596373461827,0.0036846795017932083,10,"[0.01000227 0.01000869 0.01000388 0.01000198 0.90589002 0.01000198
 0.01000759 0.01404799 0.01003516 0.01000044]",[ 1  4  8 12 13 15 16 25 27 30],100,65,0.016809,1000,100,0.001,0.003,1,10,10,random,10,random
309,idID,True,0.03697300582987821,0.0036846639318947765,10,"[0.01000241 0.01000883 0.01000402 0.01000212 0.90590274 0.01000212
 0.01000773 0.01403414 0.0100353  0.01000058]",[ 1  4  8 12 13 15 16 25 27 30],100,39,0.015031,1000,100,0.001,0.003,1,10,10,random,10,random
310,TID,True,0.03697117932687389,0.0036846770179323313,10,"[0.01000241 0.01000883 0.01000402 0.01000212 0.90591278 0.01000212
 0.01000773 0.01403414 0.01002527 0.01000058]",[ 1  4  8 12 13 15 16 25 27 30],100,66,0.016403,1000,100,0.001,0.003,1,10,10,random,10,random
311,TID,False,0.03697117932687389,0.0036846770179323313,10,"[0.01000241 0.01000883 0.01000402 0.01000212 0.90591278 0.01000212
 0.01000773 0.01403414 0.01002527 0.01000058]",[ 1  4  8 12 13 15 16 25 27 30],100,62,0.016103,1000,100,0.001,0.003,1,10,10,random,10,random
312,iDR,True,0.03696822412660907,0.0036846614633506457,10,"[0.01000255 0.01000897 0.01000416 0.01000226 0.90592549 0.01000226
 0.01000787 0.01402031 0.01002541 0.01000072]",[ 1  4  8 12 13 15 16 25 27 30],100,66,0.016803,1000,100,0.001,0.003,1,10,10,random,10,random
313,TID,False,0.03696822412660907,0.0036846614633506457,10,"[0.01000255 0.01000897 0.01000416 0.01000226 0.90592549 0.01000226
 0.01000787 0.01402031 0.01002541 0.01000072]",[ 1  4  8 12 13 15 16 25 27 30],100,58,0.015853,1000,100,0.001,0.003,1,10,10,random,10,random
314,TID,True,0.0365988057257847,0.0036958207931805263,10,"[0.01000897 0.01000416 0.01000226 0.90592549 0.01000226 0.01000787
 0.01       0.01402031 0.01002541 0.01000072]",[ 4  8 12 13 15 16 18 25 27 30],100,55,0.015699,1000,100,0.001,0.003,1,10,10,random,10,random
315,TID,False,0.0365988057257847,0.0036958207931805263,10,"[0.01000897 0.01000416 0.01000226 0.90592549 0.01000226 0.01000787
 0.01       0.01402031 0.01002541 0.01000072]",[ 4  8 12 13 15 16 18 25 27 30],100,60,0.015998,1000,100,0.001,0.003,1,10,10,random,10,random
316,TID,True,0.036596981931262984,0.003695833866315514,10,"[0.01000897 0.01000416 0.01000226 0.90593552 0.01000226 0.01000787
 0.01       0.01402031 0.01001538 0.01000072]",[ 4  8 12 13 15 16 18 25 27 30],100,59,0.015993,1000,100,0.001,0.003,1,10,10,random,10,random
317,idID,True,0.03659568898858365,0.003695856906862383,10,"[0.01000909 0.01000428 0.01000239 0.90594691 0.01000239 0.010008
 0.01000013 0.01402048 0.0100055  0.01000084]",[ 4  8 12 13 15 16 18 25 27 30],100,38,0.014964,1000,100,0.001,0.003,1,10,10,random,10,random
318,iDR,True,0.036592741312441356,0.0036958415241717096,10,"[0.01000923 0.01000442 0.01000253 0.90595961 0.01000253 0.01000814
 0.01000027 0.01400666 0.01000564 0.01000098]",[ 4  8 12 13 15 16 18 25 27 30],100,50,0.015913,1000,100,0.001,0.003,1,10,10,random,10,random
319,idID,True,0.0365897964045392,0.003695826156433018,10,"[0.01000937 0.01000456 0.01000267 0.9059723  0.01000267 0.01000828
 0.01000041 0.01399285 0.01000578 0.01000112]",[ 4  8 12 13 15 16 18 25 27 30],100,35,0.014819,1000,100,0.001,0.003,1,10,10,random,10,random
320,TID,False,0.0365897964045392,0.003695826156433018,10,"[0.01000937 0.01000456 0.01000267 0.9059723  0.01000267 0.01000828
 0.01000041 0.01399285 0.01000578 0.01000112]",[ 4  8 12 13 15 16 18 25 27 30],100,56,0.015683,1000,100,0.001,0.003,1,10,10,random,10,random
321,iDR,True,0.036586854262456045,0.003695810803632196,10,"[0.01000951 0.0100047  0.01000281 0.90598498 0.01000281 0.01000842
 0.01000055 0.01397905 0.01000592 0.01000126]",[ 4  8 12 13 15 16 18 25 27 30],100,61,0.016536,1000,100,0.001,0.003,1,10,10,random,10,random
322,TID,False,0.036586854262456045,0.003695810803632196,10,"[0.01000951 0.0100047  0.01000281 0.90598498 0.01000281 0.01000842
 0.01000055 0.01397905 0.01000592 0.01000126]",[ 4  8 12 13 15 16 18 25 27 30],100,61,0.015968,1000,100,0.001,0.003,1,10,10,random,10,random
323,idID,True,0.03658391488377252,0.0036957954657551493,10,"[0.01000965 0.01000484 0.01000295 0.90599764 0.01000295 0.01000856
 0.01000069 0.01396527 0.01000606 0.0100014 ]",[ 4  8 12 13 15 16 18 25 27 30],100,43,0.015218,1000,100,0.001,0.003,1,10,10,random,10,random
324,idID,True,0.036580978266071006,0.0036957801427877925,10,"[0.01000979 0.01000498 0.01000309 0.90601029 0.01000309 0.0100087
 0.01000083 0.0139515  0.0100062  0.01000154]",[ 4  8 12 13 15 16 18 25 27 30],100,40,0.015058,1000,100,0.001,0.003,1,10,10,random,10,random
325,TID,True,0.03658010651423572,0.0036957458918657413,10,"[0.01000979 0.01000498 0.01000309 0.90601029 0.01000309 0.0100087
 0.01000083 0.01393754 0.01002015 0.01000154]",[ 4  8 12 13 15 16 18 25 27 30],100,65,0.016304,1000,100,0.001,0.003,1,10,10,random,10,random
326,idID,True,0.03657717553761367,0.003695730598624908,10,"[0.01000993 0.01000512 0.01000323 0.90602292 0.01000323 0.01000884
 0.01000096 0.0139238  0.01002029 0.01000168]",[ 4  8 12 13 15 16 18 25 27 30],100,34,0.014683,1000,100,0.001,0.003,1,10,10,random,10,random
327,TID,False,0.03657717553761367,0.003695730598624908,10,"[0.01000993 0.01000512 0.01000323 0.90602292 0.01000323 0.01000884
 0.01000096 0.0139238  0.01002029 0.01000168]",[ 4  8 12 13 15 16 18 25 27 30],100,58,0.015849,1000,100,0.001,0.003,1,10,10,random,10,random
328,idID,True,0.036574247314613895,0.003695715320251642,10,"[0.01001007 0.01000526 0.01000336 0.90603554 0.01000336 0.01000898
 0.0100011  0.01391007 0.01002043 0.01000182]",[ 4  8 12 13 15 16 18 25 27 30],100,49,0.015739,1000,100,0.001,0.003,1,10,10,random,10,random
329,idID,True,0.03657146104871168,0.0036956435544754076,10,"[0.01000016 0.01000536 0.01000346 0.90604461 0.01000346 0.01000908
 0.0100012  0.01391021 0.01002053 0.01000192]",[ 4  8 12 13 15 16 18 25 27 30],100,40,0.01509,1000,100,0.001,0.003,1,10,10,random,10,random
330,idID,True,0.036569979771868724,0.003695657158914646,10,"[0.01000026 0.01000546 0.01000356 0.90605368 0.01000356 0.01000918
 0.0100013  0.01391035 0.01001061 0.01000202]",[ 4  8 12 13 15 16 18 25 27 30],100,41,0.015095,1000,100,0.001,0.003,1,10,10,random,10,random
331,TID,True,0.03656657925472657,0.0036956411481026256,10,"[0.01000026 0.01000546 0.01000356 0.9060676  0.01000356 0.01000918
 0.0100013  0.01389644 0.01001061 0.01000202]",[ 4  8 12 13 15 16 18 25 27 30],100,56,0.015734,1000,100,0.001,0.003,1,10,10,random,10,random
332,TID,True,0.036563182024860225,0.003695625153301418,10,"[0.01000026 0.01000546 0.01000356 0.90608149 0.01000356 0.01000918
 0.0100013  0.01388254 0.01001061 0.01000202]",[ 4  8 12 13 15 16 18 25 27 30],100,58,0.015942,1000,100,0.001,0.003,1,10,10,random,10,random
333,iDR,True,0.03656026188724548,0.0036956099187369852,10,"[0.0100004  0.0100056  0.0100037  0.90609407 0.0100037  0.01000932
 0.01000144 0.01386885 0.01001075 0.01000216]",[ 4  8 12 13 15 16 18 25 27 30],100,56,0.016272,1000,100,0.001,0.003,1,10,10,random,10,random
334,TID,True,0.0365584401224529,0.003695622972748516,10,"[0.0100004  0.0100056  0.0100037  0.90610408 0.0100037  0.01000932
 0.01000144 0.01386885 0.01000073 0.01000216]",[ 4  8 12 13 15 16 18 25 27 30],100,58,0.015907,1000,100,0.001,0.003,1,10,10,random,10,random
335,idID,True,0.03655552265713753,0.00369560775317733,10,"[0.01000054 0.01000574 0.01000384 0.90611665 0.01000384 0.01000946
 0.01000158 0.01385518 0.01000087 0.0100023 ]",[ 4  8 12 13 15 16 18 25 27 30],100,41,0.015046,1000,100,0.001,0.003,1,10,10,random,10,random
336,idID,True,0.03655260793363361,0.0036955925484041777,10,"[0.01000068 0.01000588 0.01000398 0.9061292  0.01000398 0.01000959
 0.01000172 0.01384151 0.01000101 0.01000244]",[ 4  8 12 13 15 16 18 25 27 30],100,37,0.014788,1000,100,0.001,0.003,1,10,10,random,10,random
337,iDR,True,0.036549695949539246,0.0036955773584150904,10,"[0.01000082 0.01000602 0.01000412 0.90614174 0.01000412 0.01000973
 0.01000186 0.01382786 0.01000115 0.01000258]",[ 4  8 12 13 15 16 18 25 27 30],100,49,0.015842,1000,100,0.001,0.003,1,10,10,random,10,random
338,iDR,True,0.036546786702454315,0.0036955621831961075,10,"[0.01000096 0.01000616 0.01000426 0.90615428 0.01000426 0.01000987
 0.010002   0.01381423 0.01000129 0.01000272]",[ 4  8 12 13 15 16 18 25 27 30],100,59,0.016401,1000,100,0.001,0.003,1,10,10,random,10,random
339,idID,True,0.03654388018998037,0.003695547022733278,10,"[0.01000109 0.0100063  0.0100044  0.90616679 0.0100044  0.01001001
 0.01000214 0.0138006  0.01000143 0.01000285]",[ 4  8 12 13 15 16 18 25 27 30],100,38,0.014834,1000,100,0.001,0.003,1,10,10,random,10,random
340,iDR,True,0.036540976409720836,0.003695531877012669,10,"[0.01000123 0.01000643 0.01000453 0.9061793  0.01000453 0.01001015
 0.01000227 0.01378699 0.01000156 0.01000299]",[ 4  8 12 13 15 16 18 25 27 30],100,59,0.016408,1000,100,0.001,0.003,1,10,10,random,10,random
341,TID,True,0.03654011667935027,0.003695637814400078,10,"[0.01001124 0.01000643 0.01000453 0.9061793  0.01000453 0.01000014
 0.01000227 0.01378699 0.01000156 0.01000299]",[ 4  8 12 13 15 16 18 25 27 30],100,53,0.015538,1000,100,0.001,0.003,1,10,10,random,10,random
342,iDR,True,0.03653732913567224,0.003695566039464178,10,"[0.01000133 0.01000653 0.01000463 0.90618837 0.01000463 0.01000024
 0.01000237 0.01378713 0.01000166 0.01000309]",[ 4  8 12 13 15 16 18 25 27 30],100,56,0.016237,1000,100,0.001,0.003,1,10,10,random,10,random
343,iDR,True,0.03653442795078742,0.0036955509087913886,10,"[0.01000147 0.01000667 0.01000477 0.90620086 0.01000477 0.01000038
 0.01000251 0.01377353 0.0100018  0.01000323]",[ 4  8 12 13 15 16 18 25 27 30],100,49,0.015867,1000,100,0.001,0.003,1,10,10,random,10,random
344,idID,True,0.03653152949345555,0.00369553579283267,10,"[0.01000161 0.01000681 0.01000491 0.90621335 0.01000491 0.01000051
 0.01000265 0.01375995 0.01000194 0.01000337]",[ 4  8 12 13 15 16 18 25 27 30],100,46,0.015324,1000,100,0.001,0.003,1,10,10,random,10,random
345,iDR,True,0.0365286337612851,0.0036955206915741234,10,"[0.01000174 0.01000695 0.01000505 0.90622582 0.01000505 0.01000065
 0.01000279 0.01374638 0.01000208 0.0100035 ]",[ 4  8 12 13 15 16 18 25 27 30],100,56,0.016197,1000,100,0.001,0.003,1,10,10,random,10,random
346,iDR,True,0.036525740751886325,0.00369550560500186,10,"[0.01000188 0.01000708 0.01000519 0.90623827 0.01000519 0.01000079
 0.01000292 0.01373282 0.01000222 0.01000364]",[ 4  8 12 13 15 16 18 25 27 30],100,60,0.01642,1000,100,0.001,0.003,1,10,10,random,10,random
347,iDR,True,0.03652285046287126,0.0036954905331020075,10,"[0.01000202 0.01000722 0.01000532 0.90625072 0.01000532 0.01000093
 0.01000306 0.01371928 0.01000235 0.01000378]",[ 4  8 12 13 15 16 18 25 27 30],100,52,0.015982,1000,100,0.001,0.003,1,10,10,random,10,random
348,TID,True,0.03652199254581573,0.0036954568522806854,10,"[0.01000202 0.01000722 0.01000532 0.90625072 0.01000532 0.01000093
 0.01000306 0.01370556 0.01001607 0.01000378]",[ 4  8 12 13 15 16 18 25 27 30],100,61,0.016023,1000,100,0.001,0.003,1,10,10,random,10,random
349,idID,True,0.0365205107626756,0.0036954704488024698,10,"[0.01000212 0.01000732 0.01000542 0.9062598  0.01000542 0.01000103
 0.01000316 0.01370569 0.01000616 0.01000388]",[ 4  8 12 13 15 16 18 25 27 30],100,51,0.015719,1000,100,0.001,0.003,1,10,10,random,10,random
350,iDR,True,0.03651762594028081,0.003695455406192676,10,"[0.01000226 0.01000746 0.01000556 0.90627222 0.01000556 0.01000116
 0.0100033  0.01369218 0.01000629 0.01000402]",[ 4  8 12 13 15 16 18 25 27 30],100,54,0.016094,1000,100,0.001,0.003,1,10,10,random,10,random
351,TID,True,0.03651427701758982,0.0036954396464987252,10,"[0.01000226 0.01000746 0.01000556 0.90628591 0.01000556 0.01000116
 0.0100033  0.01367848 0.01000629 0.01000402]",[ 4  8 12 13 15 16 18 25 27 30],100,68,0.016542,1000,100,0.001,0.003,1,10,10,random,10,random
352,idID,True,0.03651139764408378,0.0036954246333324235,10,"[0.01000239 0.0100076  0.0100057  0.90629831 0.0100057  0.0100013
 0.01000344 0.01366499 0.01000643 0.01000415]",[ 4  8 12 13 15 16 18 25 27 30],100,46,0.015261,1000,100,0.001,0.003,1,10,10,random,10,random
353,TID,False,0.03651139764408378,0.0036954246333324235,10,"[0.01000239 0.0100076  0.0100057  0.90629831 0.0100057  0.0100013
 0.01000344 0.01366499 0.01000643 0.01000415]",[ 4  8 12 13 15 16 18 25 27 30],100,64,0.016236,1000,100,0.001,0.003,1,10,10,random,10,random
354,idID,True,0.03650852097899627,0.0036954096347691762,10,"[0.01000253 0.01000773 0.01000583 0.90631069 0.01000583 0.01000144
 0.01000357 0.01365151 0.01000657 0.01000429]",[ 4  8 12 13 15 16 18 25 27 30],100,47,0.015562,1000,100,0.001,0.003,1,10,10,random,10,random
355,iDR,True,0.036505647019949836,0.0036953946507951854,10,"[0.01000267 0.01000787 0.01000597 0.90632306 0.01000597 0.01000157
 0.01000371 0.01363805 0.0100067  0.01000443]",[ 4  8 12 13 15 16 18 25 27 30],100,54,0.016158,1000,100,0.001,0.003,1,10,10,random,10,random
356,idID,True,0.03650277576456884,0.003695379681396664,10,"[0.0100028  0.01000801 0.01000611 0.90633542 0.01000611 0.01000171
 0.01000385 0.0136246  0.01000684 0.01000456]",[ 4  8 12 13 15 16 18 25 27 30],100,36,0.014787,1000,100,0.001,0.003,1,10,10,random,10,random
357,iDR,True,0.03649990721047926,0.0036953647265598358,10,"[0.01000294 0.01000814 0.01000624 0.90634777 0.01000624 0.01000185
 0.01000398 0.01361116 0.01000698 0.0100047 ]",[ 4  8 12 13 15 16 18 25 27 30],100,54,0.016141,1000,100,0.001,0.003,1,10,10,random,10,random
358,idID,True,0.036497041355308915,0.0036953497862709356,10,"[0.01000307 0.01000828 0.01000638 0.90636011 0.01000638 0.01000198
 0.01000412 0.01359773 0.01000711 0.01000484]",[ 4  8 12 13 15 16 18 25 27 30],100,42,0.015089,1000,100,0.001,0.003,1,10,10,random,10,random
359,TID,True,0.03649619069579849,0.003695316403842614,10,"[0.01000307 0.01000828 0.01000638 0.90636011 0.01000638 0.01000198
 0.01000412 0.01358413 0.01002071 0.01000484]",[ 4  8 12 13 15 16 18 25 27 30],100,68,0.016544,1000,100,0.001,0.003,1,10,10,random,10,random
360,idID,True,0.03649470761680083,0.003695330005253364,10,"[0.01000318 0.01000838 0.01000648 0.90636919 0.01000648 0.01000208
 0.01000422 0.01358427 0.01001079 0.01000494]",[ 4  8 12 13 15 16 18 25 27 30],100,36,0.014793,1000,100,0.001,0.003,1,10,10,random,10,random
361,TID,True,0.036492884822725745,0.003695343059323386,10,"[0.01000318 0.01000838 0.01000648 0.9063792  0.01000648 0.01000208
 0.01000422 0.01358427 0.01000078 0.01000494]",[ 4  8 12 13 15 16 18 25 27 30],100,59,0.015955,1000,100,0.001,0.003,1,10,10,random,10,random
362,idID,True,0.036490024319497626,0.003695328148253819,10,"[0.01000331 0.01000851 0.01000662 0.90639152 0.01000662 0.01000222
 0.01000435 0.01357087 0.01000091 0.01000507]",[ 4  8 12 13 15 16 18 25 27 30],100,38,0.014877,1000,100,0.001,0.003,1,10,10,random,10,random
363,iDR,True,0.03648716650812034,0.0036953132516908066,10,"[0.01000345 0.01000865 0.01000675 0.90640382 0.01000675 0.01000235
 0.01000449 0.01355748 0.01000105 0.01000521]",[ 4  8 12 13 15 16 18 25 27 30],100,60,0.016515,1000,100,0.001,0.003,1,10,10,random,10,random
364,idID,True,0.03648431138622869,0.0036952983696206354,10,"[0.01000358 0.01000879 0.01000689 0.9064161  0.01000689 0.01000249
 0.01000463 0.01354411 0.01000119 0.01000534]",[ 4  8 12 13 15 16 18 25 27 30],100,34,0.014765,1000,100,0.001,0.003,1,10,10,random,10,random
365,TID,False,0.03648431138622869,0.0036952983696206354,10,"[0.01000358 0.01000879 0.01000689 0.9064161  0.01000689 0.01000249
 0.01000463 0.01354411 0.01000119 0.01000534]",[ 4  8 12 13 15 16 18 25 27 30],100,71,0.01671,1000,100,0.001,0.003,1,10,10,random,10,random
366,TID,True,0.036480997543870866,0.003695282780352083,10,"[0.01000358 0.01000879 0.01000689 0.90642965 0.01000689 0.01000249
 0.01000463 0.01353056 0.01000119 0.01000534]",[ 4  8 12 13 15 16 18 25 27 30],100,63,0.016175,1000,100,0.001,0.003,1,10,10,random,10,random
367,TID,True,0.03647768690799854,0.0036952672066728,10,"[0.01000358 0.01000879 0.01000689 0.90644318 0.01000689 0.01000249
 0.01000463 0.01351703 0.01000119 0.01000534]",[ 4  8 12 13 15 16 18 25 27 30],100,69,0.016583,1000,100,0.001,0.003,1,10,10,random,10,random
368,TID,False,0.03647768690799854,0.0036952672066728,10,"[0.01000358 0.01000879 0.01000689 0.90644318 0.01000689 0.01000249
 0.01000463 0.01351703 0.01000119 0.01000534]",[ 4  8 12 13 15 16 18 25 27 30],100,55,0.015624,1000,100,0.001,0.003,1,10,10,random,10,random
369,idID,True,0.03647483988907098,0.0036952523683812448,10,"[0.01000372 0.01000892 0.01000702 0.90645543 0.01000702 0.01000262
 0.01000476 0.0135037  0.01000132 0.01000548]",[ 4  8 12 13 15 16 18 25 27 30],100,39,0.015035,1000,100,0.001,0.003,1,10,10,random,10,random
370,TID,False,0.03647483988907098,0.0036952523683812448,10,"[0.01000372 0.01000892 0.01000702 0.90645543 0.01000702 0.01000262
 0.01000476 0.0135037  0.01000132 0.01000548]",[ 4  8 12 13 15 16 18 25 27 30],100,62,0.016071,1000,100,0.001,0.003,1,10,10,random,10,random
371,TID,True,0.0364715356213602,0.0036952368256236543,10,"[0.01000372 0.01000892 0.01000702 0.90646894 0.01000702 0.01000262
 0.01000476 0.0134902  0.01000132 0.01000548]",[ 4  8 12 13 15 16 18 25 27 30],100,59,0.015998,1000,100,0.001,0.003,1,10,10,random,10,random
372,idID,True,0.03646869398431711,0.0036952220163842184,10,"[0.01000385 0.01000906 0.01000716 0.90648116 0.01000716 0.01000276
 0.0100049  0.01347689 0.01000146 0.01000561]",[ 4  8 12 13 15 16 18 25 27 30],100,44,0.015352,1000,100,0.001,0.003,1,10,10,random,10,random
373,idID,True,0.03646585502254351,0.0036952072215550515,10,"[0.01000399 0.01000919 0.01000729 0.90649338 0.01000729 0.01000289
 0.01000503 0.01346359 0.01000159 0.01000575]",[ 4  8 12 13 15 16 18 25 27 30],100,36,0.014866,1000,100,0.001,0.003,1,10,10,random,10,random
374,TID,True,0.03646501238765623,0.0036951741684379,10,"[0.01000399 0.01000919 0.01000729 0.90649338 0.01000729 0.01000289
 0.01000503 0.01345013 0.01001505 0.01000575]",[ 4  8 12 13 15 16 18 25 27 30],100,74,0.016909,1000,100,0.001,0.003,1,10,10,random,10,random
375,idID,True,0.03646352939561732,0.00369518776074765,10,"[0.01000409 0.01000929 0.01000739 0.90650246 0.01000739 0.01000299
 0.01000513 0.01345026 0.01000514 0.01000585]",[ 4  8 12 13 15 16 18 25 27 30],100,48,0.015574,1000,100,0.001,0.003,1,10,10,random,10,random
376,iDR,True,0.03646069580751687,0.0036951729946861156,10,"[0.01000422 0.01000943 0.01000753 0.90651465 0.01000753 0.01000313
 0.01000527 0.01343699 0.01000527 0.01000598]",[ 4  8 12 13 15 16 18 25 27 30],100,58,0.016357,1000,100,0.001,0.003,1,10,10,random,10,random
377,TID,False,0.03646069580751687,0.0036951729946861156,10,"[0.01000422 0.01000943 0.01000753 0.90651465 0.01000753 0.01000313
 0.01000527 0.01343699 0.01000527 0.01000598]",[ 4  8 12 13 15 16 18 25 27 30],100,61,0.016047,1000,100,0.001,0.003,1,10,10,random,10,random
378,TID,False,0.03646069580751687,0.0036951729946861156,10,"[0.01000422 0.01000943 0.01000753 0.90651465 0.01000753 0.01000313
 0.01000527 0.01343699 0.01000527 0.01000598]",[ 4  8 12 13 15 16 18 25 27 30],100,66,0.016356,1000,100,0.001,0.003,1,10,10,random,10,random
379,iDR,True,0.03645786488760384,0.003695158242994012,10,"[0.01000436 0.01000956 0.01000766 0.90652683 0.01000766 0.01000326
 0.0100054  0.01342374 0.01000541 0.01000612]",[ 4  8 12 13 15 16 18 25 27 30],100,53,0.016068,1000,100,0.001,0.003,1,10,10,random,10,random
380,TID,True,0.03645702463411878,0.0036951252877209743,10,"[0.01000436 0.01000956 0.01000766 0.90652683 0.01000766 0.01000326
 0.0100054  0.01341031 0.01001883 0.01000612]",[ 4  8 12 13 15 16 18 25 27 30],100,60,0.016027,1000,100,0.001,0.003,1,10,10,random,10,random
381,TID,False,0.03645702463411878,0.0036951252877209743,10,"[0.01000436 0.01000956 0.01000766 0.90652683 0.01000766 0.01000326
 0.0100054  0.01341031 0.01001883 0.01000612]",[ 4  8 12 13 15 16 18 25 27 30],100,59,0.015908,1000,100,0.001,0.003,1,10,10,random,10,random
382,idID,True,0.03645554089723649,0.003695138884668363,10,"[0.01000446 0.01000966 0.01000776 0.90653592 0.01000776 0.01000336
 0.0100055  0.01341045 0.01000891 0.01000622]",[ 4  8 12 13 15 16 18 25 27 30],100,42,0.015166,1000,100,0.001,0.003,1,10,10,random,10,random
383,idID,True,0.03645271533638147,0.00369512416166252,10,"[0.01000459 0.0100098  0.0100079  0.90654807 0.0100079  0.0100035
 0.01000563 0.01339722 0.01000905 0.01000635]",[ 4  8 12 13 15 16 18 25 27 30],100,34,0.014717,1000,100,0.001,0.003,1,10,10,random,10,random
384,TID,True,0.036449436370420175,0.00369510874146655,10,"[0.01000459 0.0100098  0.0100079  0.90656147 0.0100079  0.0100035
 0.01000563 0.01338382 0.01000905 0.01000635]",[ 4  8 12 13 15 16 18 25 27 30],100,67,0.016434,1000,100,0.001,0.003,1,10,10,random,10,random
385,TID,False,0.036449436370420175,0.00369510874146655,10,"[0.01000459 0.0100098  0.0100079  0.90656147 0.0100079  0.0100035
 0.01000563 0.01338382 0.01000905 0.01000635]",[ 4  8 12 13 15 16 18 25 27 30],100,65,0.016274,1000,100,0.001,0.003,1,10,10,random,10,random
386,iDR,True,0.036446616153348474,0.0036950940472918986,10,"[0.01000472 0.01000993 0.01000803 0.9065736  0.01000803 0.01000363
 0.01000577 0.01337061 0.01000918 0.01000649]",[ 4  8 12 13 15 16 18 25 27 30],100,46,0.015662,1000,100,0.001,0.003,1,10,10,random,10,random
387,TID,False,0.036446616153348474,0.0036950940472918986,10,"[0.01000472 0.01000993 0.01000803 0.9065736  0.01000803 0.01000363
 0.01000577 0.01337061 0.01000918 0.01000649]",[ 4  8 12 13 15 16 18 25 27 30],100,62,0.016103,1000,100,0.001,0.003,1,10,10,random,10,random
388,iDR,True,0.03644379859269488,0.0036950793674186745,10,"[0.01000486 0.01001006 0.01000816 0.90658573 0.01000816 0.01000376
 0.0100059  0.01335742 0.01000932 0.01000662]",[ 4  8 12 13 15 16 18 25 27 30],100,52,0.016072,1000,100,0.001,0.003,1,10,10,random,10,random
389,iDR,True,0.03644011791833151,0.003695045133454154,10,"[0.01000496 0.01000015 0.01000826 0.9065948  0.01000826 0.01000386
 0.010006   0.01335756 0.01000942 0.01000672]",[ 4  8 12 13 15 16 18 25 27 30],100,56,0.016255,1000,100,0.001,0.003,1,10,10,random,10,random
390,iDR,True,0.036437302872129824,0.003695030467264728,10,"[0.01000509 0.01000029 0.0100084  0.90660691 0.0100084  0.010004
 0.01000614 0.01334438 0.01000955 0.01000685]",[ 4  8 12 13 15 16 18 25 27 30],100,53,0.016059,1000,100,0.001,0.003,1,10,10,random,10,random
391,iDR,True,0.03643449047780153,0.003695015815350259,10,"[0.01000523 0.01000042 0.01000853 0.90661901 0.01000853 0.01000413
 0.01000627 0.01333121 0.01000968 0.01000699]",[ 4  8 12 13 15 16 18 25 27 30],100,57,0.01631,1000,100,0.001,0.003,1,10,10,random,10,random
392,TID,False,0.03643449047780153,0.003695015815350259,10,"[0.01000523 0.01000042 0.01000853 0.90661901 0.01000853 0.01000413
 0.01000627 0.01333121 0.01000968 0.01000699]",[ 4  8 12 13 15 16 18 25 27 30],100,63,0.016159,1000,100,0.001,0.003,1,10,10,random,10,random
393,TID,True,0.036431227110326085,0.0036950004711274026,10,"[0.01000523 0.01000042 0.01000853 0.90663234 0.01000853 0.01000413
 0.01000627 0.01331788 0.01000968 0.01000699]",[ 4  8 12 13 15 16 18 25 27 30],100,72,0.016832,1000,100,0.001,0.003,1,10,10,random,10,random
394,idID,True,0.03642842003640597,0.003694985847907877,10,"[0.01000536 0.01000055 0.01000866 0.90664441 0.01000866 0.01000427
 0.0100064  0.01330474 0.01000982 0.01000712]",[ 4  8 12 13 15 16 18 25 27 30],100,45,0.015279,1000,100,0.001,0.003,1,10,10,random,10,random
395,idID,True,0.03642561560733733,0.0036949712389226417,10,"[0.01000549 0.01000069 0.0100088  0.90665648 0.0100088  0.0100044
 0.01000654 0.01329161 0.01000995 0.01000725]",[ 4  8 12 13 15 16 18 25 27 30],100,37,0.014937,1000,100,0.001,0.003,1,10,10,random,10,random
396,idID,True,0.03642281382078964,0.003694956644158229,10,"[0.01000563 0.01000082 0.01000893 0.90666853 0.01000893 0.01000453
 0.01000667 0.0132785  0.01001008 0.01000739]",[ 4  8 12 13 15 16 18 25 27 30],100,39,0.014987,1000,100,0.001,0.003,1,10,10,random,10,random
397,iDR,True,0.036420014674434134,0.0036949420636011748,10,"[0.01000576 0.01000095 0.01000906 0.90668057 0.01000906 0.01000466
 0.0100068  0.01326539 0.01001022 0.01000752]",[ 4  8 12 13 15 16 18 25 27 30],100,52,0.016004,1000,100,0.001,0.003,1,10,10,random,10,random
398,idID,True,0.036417218165943746,0.0036949274972380326,10,"[0.01000589 0.01000108 0.0100092  0.9066926  0.0100092  0.0100048
 0.01000693 0.0132523  0.01001035 0.01000765]",[ 4  8 12 13 15 16 18 25 27 30],100,45,0.01545,1000,100,0.001,0.003,1,10,10,random,10,random
399,idID,True,0.03641573473813143,0.003694941080691618,10,"[0.01000599 0.01000119 0.0100093  0.90670167 0.0100093  0.0100049
 0.01000703 0.01325244 0.01000044 0.01000775]",[ 4  8 12 13 15 16 18 25 27 30],100,48,0.015586,1000,100,0.001,0.003,1,10,10,random,10,random
400,idID,True,0.03641294077877452,0.00369492652854329,10,"[0.01000612 0.01000132 0.01000943 0.90671369 0.01000943 0.01000503
 0.01000717 0.01323936 0.01000057 0.01000789]",[ 4  8 12 13 15 16 18 25 27 30],100,35,0.014692,1000,100,0.001,0.003,1,10,10,random,10,random
401,idID,True,0.03641014945271449,0.003694911990561979,10,"[0.01000626 0.01000145 0.01000956 0.90672569 0.01000956 0.01000516
 0.0100073  0.01322629 0.0100007  0.01000802]",[ 4  8 12 13 15 16 18 25 27 30],100,41,0.015074,1000,100,0.001,0.003,1,10,10,random,10,random
402,idID,True,0.0364073607576293,0.003694897466734269,10,"[0.01000639 0.01000158 0.01000969 0.90673769 0.01000969 0.01000529
 0.01000743 0.01321324 0.01000084 0.01000815]",[ 4  8 12 13 15 16 18 25 27 30],100,34,0.014656,1000,100,0.001,0.003,1,10,10,random,10,random
403,TID,False,0.0364073607576293,0.003694897466734269,10,"[0.01000639 0.01000158 0.01000969 0.90673769 0.01000969 0.01000529
 0.01000743 0.01321324 0.01000084 0.01000815]",[ 4  8 12 13 15 16 18 25 27 30],100,60,0.01596,1000,100,0.001,0.003,1,10,10,random,10,random
404,TID,True,0.036406533098165585,0.0036948650282223024,10,"[0.01000639 0.01000158 0.01000969 0.90673769 0.01000969 0.01000529
 0.01000743 0.01320003 0.01001405 0.01000815]",[ 4  8 12 13 15 16 18 25 27 30],100,58,0.015983,1000,100,0.001,0.003,1,10,10,random,10,random
405,iDR,True,0.03640504887190044,0.003694878616071332,10,"[0.01000649 0.01000168 0.01000979 0.90674677 0.01000979 0.01000539
 0.01000753 0.01320016 0.01000414 0.01000825]",[ 4  8 12 13 15 16 18 25 27 30],100,55,0.016372,1000,100,0.001,0.003,1,10,10,random,10,random
406,TID,True,0.03640422199332943,0.003694846209673358,10,"[0.01000649 0.01000168 0.01000979 0.90674677 0.01000979 0.01000539
 0.01000753 0.01318696 0.01001734 0.01000825]",[ 4  8 12 13 15 16 18 25 27 30],100,68,0.016627,1000,100,0.001,0.003,1,10,10,random,10,random
407,idID,True,0.03640273722995338,0.0036948598017930226,10,"[0.01000659 0.01000178 0.01000989 0.90675585 0.01000989 0.01000549
 0.01000763 0.01318709 0.01000742 0.01000835]",[ 4  8 12 13 15 16 18 25 27 30],100,48,0.015634,1000,100,0.001,0.003,1,10,10,random,10,random
408,iDR,True,0.036399956468706966,0.003694845320323985,10,"[0.01000672 0.01000191 0.01001003 0.90676781 0.01001003 0.01000563
 0.01000776 0.01317408 0.01000755 0.01000848]",[ 4  8 12 13 15 16 18 25 27 30],100,57,0.016331,1000,100,0.001,0.003,1,10,10,random,10,random
409,iDR,True,0.03639717832911378,0.0036948308529550443,10,"[0.01000685 0.01000205 0.01001016 0.90677975 0.01001016 0.01000576
 0.0100079  0.01316108 0.01000768 0.01000861]",[ 4  8 12 13 15 16 18 25 27 30],100,65,0.016747,1000,100,0.001,0.003,1,10,10,random,10,random
410,TID,True,0.036396735684238984,0.0036948571396309897,10,"[0.01000685 0.01001206 0.01000015 0.90677975 0.01001016 0.01000576
 0.0100079  0.01316108 0.01000768 0.01000861]",[ 4  8 12 13 15 16 18 25 27 30],100,58,0.015913,1000,100,0.001,0.003,1,10,10,random,10,random
411,TID,True,0.03639271244346196,0.0036948223677588485,10,"[0.01000685 0.01000204 0.01000015 0.90678976 0.01001016 0.01000576
 0.0100079  0.01316108 0.01000768 0.01000861]",[ 4  8 12 13 15 16 18 25 27 30],100,62,0.016176,1000,100,0.001,0.003,1,10,10,random,10,random
412,idID,True,0.03638993680196868,0.0036948079143649727,10,"[0.01000698 0.01000218 0.01000028 0.9068017  0.01001029 0.01000589
 0.01000803 0.01314809 0.01000781 0.01000875]",[ 4  8 12 13 15 16 18 25 27 30],100,38,0.015009,1000,100,0.001,0.003,1,10,10,random,10,random
413,TID,True,0.036386716856030794,0.0036947927809111427,10,"[0.01000698 0.01000218 0.01000028 0.90681485 0.01001029 0.01000589
 0.01000803 0.01313494 0.01000781 0.01000875]",[ 4  8 12 13 15 16 18 25 27 30],100,60,0.016026,1000,100,0.001,0.003,1,10,10,random,10,random
414,idID,True,0.03638267439702862,0.0036948283557640955,10,"[0.01000708 0.01000228 0.01000038 0.90682392 0.01000038 0.01000599
 0.01000813 0.01313508 0.01000791 0.01000885]",[ 4  8 12 13 15 16 18 25 27 30],100,42,0.015134,1000,100,0.001,0.003,1,10,10,random,10,random
415,TID,True,0.036381851393416244,0.0036947961091541356,10,"[0.01000708 0.01000228 0.01000038 0.90682392 0.01000038 0.01000599
 0.01000813 0.01312194 0.01002105 0.01000885]",[ 4  8 12 13 15 16 18 25 27 30],100,67,0.016406,1000,100,0.001,0.003,1,10,10,random,10,random
416,TID,True,0.03638002502598838,0.0036948091766020983,10,"[0.01000708 0.01000228 0.01000038 0.90683395 0.01000038 0.01000599
 0.01000813 0.01312194 0.01001103 0.01000885]",[ 4  8 12 13 15 16 18 25 27 30],100,58,0.015799,1000,100,0.001,0.003,1,10,10,random,10,random
417,TID,True,0.036378200440331285,0.0036948222309826128,10,"[0.01000708 0.01000228 0.01000038 0.90684396 0.01000038 0.01000599
 0.01000813 0.01312194 0.01000102 0.01000885]",[ 4  8 12 13 15 16 18 25 27 30],100,56,0.015707,1000,100,0.001,0.003,1,10,10,random,10,random
418,idID,True,0.03637543250672164,0.003694807820570436,10,"[0.01000722 0.01000241 0.01000051 0.90685586 0.01000051 0.01000612
 0.01000826 0.01310899 0.01000115 0.01000898]",[ 4  8 12 13 15 16 18 25 27 30],100,33,0.014524,1000,100,0.001,0.003,1,10,10,random,10,random
419,iDR,True,0.03637266718346664,0.003694793424191043,10,"[0.01000735 0.01000254 0.01000064 0.90686774 0.01000064 0.01000625
 0.01000839 0.01309605 0.01000128 0.01000911]",[ 4  8 12 13 15 16 18 25 27 30],100,49,0.015847,1000,100,0.001,0.003,1,10,10,random,10,random
420,idID,True,0.036369904468261334,0.0036947790418311406,10,"[0.01000748 0.01000267 0.01000077 0.90687962 0.01000077 0.01000638
 0.01000852 0.01308313 0.01000141 0.01000924]",[ 4  8 12 13 15 16 18 25 27 30],100,33,0.014565,1000,100,0.001,0.003,1,10,10,random,10,random
421,TID,True,0.03636669985826562,0.0036947639831504554,10,"[0.01000748 0.01000267 0.01000077 0.9068927  0.01000077 0.01000638
 0.01000852 0.01307005 0.01000141 0.01000924]",[ 4  8 12 13 15 16 18 25 27 30],100,68,0.016516,1000,100,0.001,0.003,1,10,10,random,10,random
422,TID,False,0.03636669985826562,0.0036947639831504554,10,"[0.01000748 0.01000267 0.01000077 0.9068927  0.01000077 0.01000638
 0.01000852 0.01307005 0.01000141 0.01000924]",[ 4  8 12 13 15 16 18 25 27 30],100,66,0.016407,1000,100,0.001,0.003,1,10,10,random,10,random
423,TID,True,0.03636349835270656,0.0036947489395284514,10,"[0.01000748 0.01000267 0.01000077 0.90690577 0.01000077 0.01000638
 0.01000852 0.01305698 0.01000141 0.01000924]",[ 4  8 12 13 15 16 18 25 27 30],100,62,0.0162,1000,100,0.001,0.003,1,10,10,random,10,random
424,TID,True,0.03636029994867998,0.0036947339109500692,10,"[0.01000748 0.01000267 0.01000077 0.90691883 0.01000077 0.01000638
 0.01000852 0.01304392 0.01000141 0.01000924]",[ 4  8 12 13 15 16 18 25 27 30],100,58,0.015868,1000,100,0.001,0.003,1,10,10,random,10,random
425,TID,True,0.03635948241580222,0.0036947018881309836,10,"[0.01000748 0.01000267 0.01000077 0.90691883 0.01000077 0.01000638
 0.01000852 0.01303087 0.01001445 0.01000924]",[ 4  8 12 13 15 16 18 25 27 30],100,65,0.016308,1000,100,0.001,0.003,1,10,10,random,10,random
426,TID,True,0.03635866565304512,0.0036946698973347163,10,"[0.01000748 0.01000267 0.01000077 0.90691883 0.01000077 0.01000638
 0.01000852 0.01301784 0.01002749 0.01000924]",[ 4  8 12 13 15 16 18 25 27 30],100,59,0.015931,1000,100,0.001,0.003,1,10,10,random,10,random
427,idID,True,0.03635591882737879,0.0036946555992593425,10,"[0.01000761 0.0100028  0.0100009  0.90693064 0.0100009  0.01000651
 0.01000865 0.01300499 0.01002762 0.01000937]",[ 4  8 12 13 15 16 18 25 27 30],100,44,0.015297,1000,100,0.001,0.003,1,10,10,random,10,random
428,iDR,True,0.03635443145394259,0.003694669203416644,10,"[0.01000771 0.0100029  0.010001   0.90693973 0.010001   0.01000661
 0.01000875 0.01300513 0.01001769 0.01000947]",[ 4  8 12 13 15 16 18 25 27 30],100,65,0.016784,1000,100,0.001,0.003,1,10,10,random,10,random
429,idID,True,0.03635168713496536,0.0036946549193013203,10,"[0.01000784 0.01000303 0.01000113 0.90695153 0.01000113 0.01000674
 0.01000888 0.01299229 0.01001782 0.0100096 ]",[ 4  8 12 13 15 16 18 25 27 30],100,54,0.015935,1000,100,0.001,0.003,1,10,10,random,10,random
430,idID,True,0.03634894540547602,0.003694640649099126,10,"[0.01000797 0.01000316 0.01000126 0.90696331 0.01000126 0.01000687
 0.01000901 0.01297947 0.01001795 0.01000973]",[ 4  8 12 13 15 16 18 25 27 30],100,49,0.015631,1000,100,0.001,0.003,1,10,10,random,10,random
431,iDR,True,0.03634620626318531,0.003694626392796875,10,"[0.0100081  0.01000329 0.01000139 0.90697508 0.01000139 0.010007
 0.01000914 0.01296665 0.01001808 0.01000986]",[ 4  8 12 13 15 16 18 25 27 30],100,53,0.016093,1000,100,0.001,0.003,1,10,10,random,10,random
432,idID,True,0.036344720055701406,0.0036946399837233137,10,"[0.0100082  0.01000339 0.01000149 0.90698417 0.01000149 0.0100071
 0.01000924 0.01296678 0.01000816 0.01000996]",[ 4  8 12 13 15 16 18 25 27 30],100,36,0.014861,1000,100,0.001,0.003,1,10,10,random,10,random
433,TID,False,0.036344720055701406,0.0036946399837233137,10,"[0.0100082  0.01000339 0.01000149 0.90698417 0.01000149 0.0100071
 0.01000924 0.01296678 0.01000816 0.01000996]",[ 4  8 12 13 15 16 18 25 27 30],100,59,0.015957,1000,100,0.001,0.003,1,10,10,random,10,random
434,TID,True,0.03634154312670432,0.0036946250589547512,10,"[0.0100082  0.01000339 0.01000149 0.90699714 0.01000149 0.0100071
 0.01000924 0.01295382 0.01000816 0.01000996]",[ 4  8 12 13 15 16 18 25 27 30],100,60,0.016002,1000,100,0.001,0.003,1,10,10,random,10,random
435,iDR,True,0.03633880908981853,0.0036946108306220487,10,"[0.01000833 0.01000352 0.01000162 0.90700888 0.01000162 0.01000723
 0.01000937 0.01294103 0.01000829 0.01001009]",[ 4  8 12 13 15 16 18 25 27 30],100,48,0.015845,1000,100,0.001,0.003,1,10,10,random,10,random
436,idID,True,0.036336077633333956,0.0036945966161495993,10,"[0.01000846 0.01000365 0.01000175 0.90702062 0.01000175 0.01000736
 0.0100095  0.01292826 0.01000842 0.01001022]",[ 4  8 12 13 15 16 18 25 27 30],100,47,0.015521,1000,100,0.001,0.003,1,10,10,random,10,random
437,TID,True,0.036332909865332136,0.003694581735725259,10,"[0.01000846 0.01000365 0.01000175 0.90703355 0.01000175 0.01000736
 0.0100095  0.01291533 0.01000842 0.01001022]",[ 4  8 12 13 15 16 18 25 27 30],100,59,0.01603,1000,100,0.001,0.003,1,10,10,random,10,random
438,idID,True,0.036330183585160526,0.0036945675491085457,10,"[0.01000859 0.01000378 0.01000188 0.90704527 0.01000188 0.01000749
 0.01000963 0.01290258 0.01000855 0.01001035]",[ 4  8 12 13 15 16 18 25 27 30],100,37,0.01493,1000,100,0.001,0.003,1,10,10,random,10,random
439,TID,True,0.03632837697007268,0.003694591704082487,10,"[0.01000859 0.01000378 0.01000188 0.90704527 0.01000188 0.01000749
 0.01000963 0.01291259 0.01000855 0.01000034]",[ 4  8 12 13 15 16 18 25 27 30],100,69,0.01669,1000,100,0.001,0.003,1,10,10,random,10,random
440,iDR,True,0.03632565113847623,0.003694577520602412,10,"[0.01000872 0.01000391 0.01000201 0.90705698 0.01000201 0.01000762
 0.01000976 0.01289984 0.01000868 0.01000047]",[ 4  8 12 13 15 16 18 25 27 30],100,55,0.016221,1000,100,0.001,0.003,1,10,10,random,10,random
441,TID,True,0.03632249006608861,0.0036945626728809937,10,"[0.01000872 0.01000391 0.01000201 0.90706988 0.01000201 0.01000762
 0.01000976 0.01288695 0.01000868 0.01000047]",[ 4  8 12 13 15 16 18 25 27 30],100,48,0.015141,1000,100,0.001,0.003,1,10,10,random,10,random
442,iDR,True,0.03631976940078444,0.0036945485171971473,10,"[0.01000885 0.01000404 0.01000214 0.90708157 0.01000214 0.01000775
 0.01000989 0.01287422 0.01000881 0.0100006 ]",[ 4  8 12 13 15 16 18 25 27 30],100,46,0.015678,1000,100,0.001,0.003,1,10,10,random,10,random
443,TID,False,0.03631976940078444,0.0036945485171971473,10,"[0.01000885 0.01000404 0.01000214 0.90708157 0.01000214 0.01000775
 0.01000989 0.01287422 0.01000881 0.0100006 ]",[ 4  8 12 13 15 16 18 25 27 30],100,66,0.01638,1000,100,0.001,0.003,1,10,10,random,10,random
444,TID,True,0.03631661442020452,0.003694533698965362,10,"[0.01000885 0.01000404 0.01000214 0.90709444 0.01000214 0.01000775
 0.01000989 0.01286135 0.01000881 0.0100006 ]",[ 4  8 12 13 15 16 18 25 27 30],100,56,0.015779,1000,100,0.001,0.003,1,10,10,random,10,random
445,TID,True,0.03631346249760532,0.003694518895551809,10,"[0.01000885 0.01000404 0.01000214 0.9071073  0.01000214 0.01000775
 0.01000989 0.01284849 0.01000881 0.0100006 ]",[ 4  8 12 13 15 16 18 25 27 30],100,75,0.017002,1000,100,0.001,0.003,1,10,10,random,10,random
446,TID,False,0.03631346249760532,0.003694518895551809,10,"[0.01000885 0.01000404 0.01000214 0.9071073  0.01000214 0.01000775
 0.01000989 0.01284849 0.01000881 0.0100006 ]",[ 4  8 12 13 15 16 18 25 27 30],100,65,0.016299,1000,100,0.001,0.003,1,10,10,random,10,random
447,iDR,True,0.03631074957553125,0.003694504781548745,10,"[0.01000897 0.01000417 0.01000227 0.90711896 0.01000227 0.01000788
 0.01001002 0.0128358  0.01000894 0.01000073]",[ 4  8 12 13 15 16 18 25 27 30],100,53,0.016093,1000,100,0.001,0.003,1,10,10,random,10,random
448,TID,True,0.03630760372779591,0.003694490007537391,10,"[0.01000897 0.01000417 0.01000227 0.90713179 0.01000227 0.01000788
 0.01001002 0.01282297 0.01000894 0.01000073]",[ 4  8 12 13 15 16 18 25 27 30],100,62,0.016183,1000,100,0.001,0.003,1,10,10,random,10,random
449,TID,True,0.03630679944786543,0.0036944585271484467,10,"[0.01000897 0.01000417 0.01000227 0.90713179 0.01000227 0.01000788
 0.01001002 0.01281015 0.01002176 0.01000073]",[ 4  8 12 13 15 16 18 25 27 30],100,53,0.01556,1000,100,0.001,0.003,1,10,10,random,10,random
450,TID,True,0.03630611202283011,0.0036944767553915535,10,"[0.01000897 0.01001418 0.01000227 0.90713179 0.01000227 0.01000788
 0.01000001 0.01281015 0.01002176 0.01000073]",[ 4  8 12 13 15 16 18 25 27 30],100,45,0.01502,1000,100,0.001,0.003,1,10,10,random,10,random
451,iDR,True,0.036303406897825,0.003694462682968079,10,"[0.0100091  0.0100143  0.0100024  0.90714341 0.0100024  0.01000801
 0.01000014 0.0127975  0.01002189 0.01000085]",[ 4  8 12 13 15 16 18 25 27 30],100,25,0.014412,1000,100,0.001,0.003,1,10,10,random,10,random
452,iDR,True,0.036301919131132586,0.0036944762774210192,10,"[0.0100092  0.0100144  0.0100025  0.90715251 0.0100025  0.01000811
 0.01000024 0.01279763 0.01001197 0.01000095]",[ 4  8 12 13 15 16 18 25 27 30],100,78,0.017489,1000,100,0.001,0.003,1,10,10,random,10,random
453,TID,True,0.03630009316575149,0.0036944893330248993,10,"[0.0100092  0.0100144  0.0100025  0.90716252 0.0100025  0.01000811
 0.01000024 0.01279763 0.01000195 0.01000095]",[ 4  8 12 13 15 16 18 25 27 30],100,50,0.015418,1000,100,0.001,0.003,1,10,10,random,10,random
454,idID,True,0.036296406495562046,0.0036944550783070875,10,"[0.0100093  0.01000449 0.0100026  0.9071716  0.0100026  0.01000821
 0.01000034 0.01279776 0.01000205 0.01000105]",[ 4  8 12 13 15 16 18 25 27 30],100,48,0.015499,1000,100,0.001,0.003,1,10,10,random,10,random
455,iDR,True,0.03629370364127536,0.003694441019217013,10,"[0.01000943 0.01000462 0.01000273 0.90718321 0.01000273 0.01000834
 0.01000046 0.01278512 0.01000218 0.01000118]",[ 4  8 12 13 15 16 18 25 27 30],100,51,0.01597,1000,100,0.001,0.003,1,10,10,random,10,random
456,idID,True,0.03629100333981191,0.0036944269738267087,10,"[0.01000956 0.01000475 0.01000285 0.90719481 0.01000285 0.01000846
 0.01000059 0.0127725  0.01000231 0.01000131]",[ 4  8 12 13 15 16 18 25 27 30],100,37,0.014907,1000,100,0.001,0.003,1,10,10,random,10,random
457,iDR,True,0.03628830558890998,0.0036944129421231818,10,"[0.01000969 0.01000487 0.01000298 0.9072064  0.01000298 0.01000859
 0.01000072 0.01275989 0.01000244 0.01000144]",[ 4  8 12 13 15 16 18 25 27 30],100,62,0.016559,1000,100,0.001,0.003,1,10,10,random,10,random
458,iDR,True,0.036285610386309466,0.003694398924093445,10,"[0.01000981 0.010005   0.01000311 0.90721797 0.01000311 0.01000872
 0.01000085 0.01274729 0.01000257 0.01000157]",[ 4  8 12 13 15 16 18 25 27 30],100,54,0.016164,1000,100,0.001,0.003,1,10,10,random,10,random
459,idID,True,0.036282917729752055,0.0036943849197245294,10,"[0.01000994 0.01000513 0.01000324 0.90722954 0.01000324 0.01000885
 0.01000098 0.01273471 0.01000269 0.01000169]",[ 4  8 12 13 15 16 18 25 27 30],100,33,0.014655,1000,100,0.001,0.003,1,10,10,random,10,random
460,TID,False,0.036282917729752055,0.0036943849197245294,10,"[0.01000994 0.01000513 0.01000324 0.90722954 0.01000324 0.01000885
 0.01000098 0.01273471 0.01000269 0.01000169]",[ 4  8 12 13 15 16 18 25 27 30],100,62,0.016056,1000,100,0.001,0.003,1,10,10,random,10,random
461,idID,True,0.03628022761698111,0.003694370929003473,10,"[0.01001007 0.01000526 0.01000336 0.90724109 0.01000336 0.01000898
 0.0100011  0.01272214 0.01000282 0.01000182]",[ 4  8 12 13 15 16 18 25 27 30],100,40,0.015045,1000,100,0.001,0.003,1,10,10,random,10,random
462,idID,True,0.03627743321803555,0.0036942991497872454,10,"[0.01000016 0.01000536 0.01000346 0.90725017 0.01000346 0.01000908
 0.0100012  0.01272226 0.01000292 0.01000192]",[ 4  8 12 13 15 16 18 25 27 30],100,41,0.01512,1000,100,0.001,0.003,1,10,10,random,10,random
463,idID,True,0.036274745534860986,0.0036942851716479787,10,"[0.01000029 0.01000548 0.01000359 0.90726172 0.01000359 0.0100092
 0.01000133 0.0127097  0.01000305 0.01000205]",[ 4  8 12 13 15 16 18 25 27 30],100,34,0.014642,1000,100,0.001,0.003,1,10,10,random,10,random
464,iDR,True,0.03627206039107027,0.0036942712071317088,10,"[0.01000041 0.01000561 0.01000372 0.90727325 0.01000372 0.01000933
 0.01000146 0.01269715 0.01000318 0.01000217]",[ 4  8 12 13 15 16 18 25 27 30],100,59,0.016401,1000,100,0.001,0.003,1,10,10,random,10,random
465,TID,False,0.03627206039107027,0.0036942712071317088,10,"[0.01000041 0.01000561 0.01000372 0.90727325 0.01000372 0.01000933
 0.01000146 0.01269715 0.01000318 0.01000217]",[ 4  8 12 13 15 16 18 25 27 30],100,67,0.016361,1000,100,0.001,0.003,1,10,10,random,10,random
466,iDR,True,0.03626937778441178,0.0036942572562255094,10,"[0.01000054 0.01000574 0.01000384 0.90728477 0.01000384 0.01000946
 0.01000158 0.01268462 0.0100033  0.0100023 ]",[ 4  8 12 13 15 16 18 25 27 30],100,58,0.016411,1000,100,0.001,0.003,1,10,10,random,10,random
467,TID,False,0.03626937778441178,0.0036942572562255094,10,"[0.01000054 0.01000574 0.01000384 0.90728477 0.01000384 0.01000946
 0.01000158 0.01268462 0.0100033  0.0100023 ]",[ 4  8 12 13 15 16 18 25 27 30],100,60,0.015945,1000,100,0.001,0.003,1,10,10,random,10,random
468,TID,True,0.036266267778743456,0.003694242656229908,10,"[0.01000054 0.01000574 0.01000384 0.90729745 0.01000384 0.01000946
 0.01000158 0.01267193 0.0100033  0.0100023 ]",[ 4  8 12 13 15 16 18 25 27 30],100,60,0.016007,1000,100,0.001,0.003,1,10,10,random,10,random
469,iDR,True,0.03626359026118512,0.0036942287326733356,10,"[0.01000067 0.01000586 0.01000397 0.90730895 0.01000397 0.01000958
 0.01000171 0.01265942 0.01000343 0.01000243]",[ 4  8 12 13 15 16 18 25 27 30],100,55,0.016208,1000,100,0.001,0.003,1,10,10,random,10,random
470,TID,False,0.03626359026118512,0.0036942287326733356,10,"[0.01000067 0.01000586 0.01000397 0.90730895 0.01000397 0.01000958
 0.01000171 0.01265942 0.01000343 0.01000243]",[ 4  8 12 13 15 16 18 25 27 30],100,62,0.016007,1000,100,0.001,0.003,1,10,10,random,10,random
471,TID,False,0.03626359026118512,0.0036942287326733356,10,"[0.01000067 0.01000586 0.01000397 0.90730895 0.01000397 0.01000958
 0.01000171 0.01265942 0.01000343 0.01000243]",[ 4  8 12 13 15 16 18 25 27 30],100,63,0.016145,1000,100,0.001,0.003,1,10,10,random,10,random
472,iDR,True,0.036260915273996,0.003694214822687964,10,"[0.01000079 0.01000599 0.0100041  0.90732044 0.0100041  0.01000971
 0.01000184 0.01264692 0.01000356 0.01000256]",[ 4  8 12 13 15 16 18 25 27 30],100,57,0.016286,1000,100,0.001,0.003,1,10,10,random,10,random
473,TID,True,0.036257814244151004,0.003694200266079828,10,"[0.01000079 0.01000599 0.0100041  0.90733308 0.0100041  0.01000971
 0.01000184 0.01263428 0.01000356 0.01000256]",[ 4  8 12 13 15 16 18 25 27 30],100,56,0.015723,1000,100,0.001,0.003,1,10,10,random,10,random
474,idID,True,0.03625514433243164,0.003694186383365463,10,"[0.01000092 0.01000612 0.01000422 0.90734455 0.01000422 0.01000984
 0.01000196 0.0126218  0.01000368 0.01000268]",[ 4  8 12 13 15 16 18 25 27 30],100,41,0.015092,1000,100,0.001,0.003,1,10,10,random,10,random
475,idID,True,0.03625247694433392,0.0036941725141835346,10,"[0.01000105 0.01000624 0.01000435 0.907356   0.01000435 0.01000996
 0.01000209 0.01260934 0.01000381 0.01000281]",[ 4  8 12 13 15 16 18 25 27 30],100,38,0.014893,1000,100,0.001,0.003,1,10,10,random,10,random
476,TID,True,0.03625168550479082,0.003694141558257727,10,"[0.01000105 0.01000624 0.01000435 0.907356   0.01000435 0.01000996
 0.01000209 0.01259673 0.01001642 0.01000281]",[ 4  8 12 13 15 16 18 25 27 30],100,63,0.016185,1000,100,0.001,0.003,1,10,10,random,10,random
477,TID,True,0.03625089481238168,0.0036941106332878454,10,"[0.01000105 0.01000624 0.01000435 0.907356   0.01000435 0.01000996
 0.01000209 0.01258413 0.01002901 0.01000281]",[ 4  8 12 13 15 16 18 25 27 30],100,54,0.015605,1000,100,0.001,0.003,1,10,10,random,10,random
478,iDR,True,0.03624940476619555,0.003694124233877037,10,"[0.01000115 0.01000634 0.01000445 0.9073651  0.01000445 0.01001006
 0.01000219 0.01258426 0.01001909 0.01000291]",[ 4  8 12 13 15 16 18 25 27 30],100,64,0.016715,1000,100,0.001,0.003,1,10,10,random,10,random
479,iDR,True,0.036246745060220964,0.0036941104051662543,10,"[0.01000127 0.01000647 0.01000458 0.90737652 0.01000458 0.01001019
 0.01000232 0.01257183 0.01001921 0.01000303]",[ 4  8 12 13 15 16 18 25 27 30],100,61,0.016524,1000,100,0.001,0.003,1,10,10,random,10,random
480,idID,True,0.03624408786880264,0.0036940965899366443,10,"[0.0100014  0.0100066  0.0100047  0.90738793 0.0100047  0.01001032
 0.01000244 0.01255942 0.01001934 0.01000316]",[ 4  8 12 13 15 16 18 25 27 30],100,50,0.015604,1000,100,0.001,0.003,1,10,10,random,10,random
481,idID,True,0.03624259908114819,0.0036941101772624808,10,"[0.0100015  0.0100067  0.0100048  0.90739702 0.0100048  0.01001042
 0.01000254 0.01255954 0.01000942 0.01000326]",[ 4  8 12 13 15 16 18 25 27 30],100,51,0.015687,1000,100,0.001,0.003,1,10,10,random,10,random
482,iDR,True,0.03623994431989577,0.003694096375533613,10,"[0.01000162 0.01000682 0.01000493 0.90740841 0.01000493 0.01001054
 0.01000267 0.01254714 0.01000954 0.01000339]",[ 4  8 12 13 15 16 18 25 27 30],100,62,0.016636,1000,100,0.001,0.003,1,10,10,random,10,random
483,idID,True,0.036236288658082205,0.0036941305328093035,10,"[0.01000172 0.01000692 0.01000503 0.9074175  0.01000503 0.01000063
 0.01000277 0.01254727 0.01000964 0.01000349]",[ 4  8 12 13 15 16 18 25 27 30],100,43,0.015218,1000,100,0.001,0.003,1,10,10,random,10,random
484,TID,False,0.036236288658082205,0.0036941305328093035,10,"[0.01000172 0.01000692 0.01000503 0.9074175  0.01000503 0.01000063
 0.01000277 0.01254727 0.01000964 0.01000349]",[ 4  8 12 13 15 16 18 25 27 30],100,68,0.016498,1000,100,0.001,0.003,1,10,10,random,10,random
485,TID,False,0.036236288658082205,0.0036941305328093035,10,"[0.01000172 0.01000692 0.01000503 0.9074175  0.01000503 0.01000063
 0.01000277 0.01254727 0.01000964 0.01000349]",[ 4  8 12 13 15 16 18 25 27 30],100,66,0.016422,1000,100,0.001,0.003,1,10,10,random,10,random
486,TID,False,0.036236288658082205,0.0036941305328093035,10,"[0.01000172 0.01000692 0.01000503 0.9074175  0.01000503 0.01000063
 0.01000277 0.01254727 0.01000964 0.01000349]",[ 4  8 12 13 15 16 18 25 27 30],100,70,0.016628,1000,100,0.001,0.003,1,10,10,random,10,random
487,iDR,True,0.036233636284271224,0.0036941167448265437,10,"[0.01000185 0.01000705 0.01000515 0.90742888 0.01000515 0.01000076
 0.01000289 0.01253488 0.01000977 0.01000361]",[ 4  8 12 13 15 16 18 25 27 30],100,55,0.016173,1000,100,0.001,0.003,1,10,10,random,10,random
488,idID,True,0.036230986418516256,0.003694102970286275,10,"[0.01000198 0.01000717 0.01000528 0.90744026 0.01000528 0.01000088
 0.01000302 0.0125225  0.0100099  0.01000374]",[ 4  8 12 13 15 16 18 25 27 30],100,44,0.015167,1000,100,0.001,0.003,1,10,10,random,10,random
489,iDR,True,0.03622833905858935,0.0036940892091757303,10,"[0.0100021  0.0100073  0.01000541 0.90745162 0.01000541 0.01000101
 0.01000314 0.01251013 0.01001002 0.01000386]",[ 4  8 12 13 15 16 18 25 27 30],100,52,0.016015,1000,100,0.001,0.003,1,10,10,random,10,random
490,iDR,True,0.03622685128666426,0.003694102783793067,10,"[0.0100022  0.0100074  0.01000551 0.9074607  0.01000551 0.01000111
 0.01000324 0.01251026 0.01000011 0.01000396]",[ 4  8 12 13 15 16 18 25 27 30],100,57,0.01631,1000,100,0.001,0.003,1,10,10,random,10,random
491,TID,False,0.03622685128666426,0.003694102783793067,10,"[0.0100022  0.0100074  0.01000551 0.9074607  0.01000551 0.01000111
 0.01000324 0.01251026 0.01000011 0.01000396]",[ 4  8 12 13 15 16 18 25 27 30],100,68,0.016508,1000,100,0.001,0.003,1,10,10,random,10,random
492,idID,True,0.03622420634856295,0.0036940890361317,10,"[0.01000233 0.01000752 0.01000563 0.90747206 0.01000563 0.01000123
 0.01000337 0.01249791 0.01000024 0.01000409]",[ 4  8 12 13 15 16 18 25 27 30],100,50,0.015709,1000,100,0.001,0.003,1,10,10,random,10,random
493,idID,True,0.0362215639119156,0.0036940753018745278,10,"[0.01000245 0.01000765 0.01000576 0.9074834  0.01000576 0.01000136
 0.01000349 0.01248556 0.01000036 0.01000421]",[ 4  8 12 13 15 16 18 25 27 30],100,44,0.015337,1000,100,0.001,0.003,1,10,10,random,10,random
494,iDR,True,0.03621892397449928,0.0036940615810088203,10,"[0.01000258 0.01000777 0.01000588 0.90749473 0.01000588 0.01000148
 0.01000362 0.01247323 0.01000049 0.01000434]",[ 4  8 12 13 15 16 18 25 27 30],100,52,0.016038,1000,100,0.001,0.003,1,10,10,random,10,random
495,TID,True,0.036215864269080814,0.0036940472243165564,10,"[0.01000258 0.01000777 0.01000588 0.9075072  0.01000588 0.01000148
 0.01000362 0.01246076 0.01000049 0.01000434]",[ 4  8 12 13 15 16 18 25 27 30],100,60,0.015981,1000,100,0.001,0.003,1,10,10,random,10,random
496,idID,True,0.036213229344382536,0.003694033530358356,10,"[0.0100027  0.0100079  0.01000601 0.90751851 0.01000601 0.01000161
 0.01000374 0.01244846 0.01000061 0.01000446]",[ 4  8 12 13 15 16 18 25 27 30],100,38,0.014825,1000,100,0.001,0.003,1,10,10,random,10,random
497,idID,True,0.03621059691223892,0.0036940198497533426,10,"[0.01000283 0.01000802 0.01000613 0.90752981 0.01000613 0.01000173
 0.01000387 0.01243616 0.01000074 0.01000459]",[ 4  8 12 13 15 16 18 25 27 30],100,38,0.014925,1000,100,0.001,0.003,1,10,10,random,10,random
498,iDR,True,0.03620796697043384,0.0036940061824888297,10,"[0.01000295 0.01000815 0.01000625 0.9075411  0.01000625 0.01000186
 0.01000399 0.01242388 0.01000086 0.01000471]",[ 4  8 12 13 15 16 18 25 27 30],100,61,0.016556,1000,100,0.001,0.003,1,10,10,random,10,random
499,idID,True,0.0362053395167529,0.0036939925285521466,10,"[0.01000307 0.01000827 0.01000638 0.90755237 0.01000638 0.01000198
 0.01000412 0.01241161 0.01000098 0.01000484]",[ 4  8 12 13 15 16 18 25 27 30],100,33,0.014673,1000,100,0.001,0.003,1,10,10,random,10,random
500,TID,False,0.0362053395167529,0.0036939925285521466,10,"[0.01000307 0.01000827 0.01000638 0.90755237 0.01000638 0.01000198
 0.01000412 0.01241161 0.01000098 0.01000484]",[ 4  8 12 13 15 16 18 25 27 30],100,68,0.016643,1000,100,0.001,0.003,1,10,10,random,10,random
501,TID,True,0.03620229450469227,0.003693978242788942,10,"[0.01000307 0.01000827 0.01000638 0.90756478 0.01000638 0.01000198
 0.01000412 0.0123992  0.01000098 0.01000484]",[ 4  8 12 13 15 16 18 25 27 30],100,55,0.015653,1000,100,0.001,0.003,1,10,10,random,10,random
502,idID,True,0.036199672041347615,0.0036939646156310835,10,"[0.0100032  0.0100084  0.0100065  0.90757604 0.0100065  0.0100021
 0.01000424 0.01238695 0.01000111 0.01000496]",[ 4  8 12 13 15 16 18 25 27 30],100,45,0.015334,1000,100,0.001,0.003,1,10,10,random,10,random
503,idID,True,0.0361970520594762,0.0036939510017629505,10,"[0.01000332 0.01000852 0.01000663 0.90758728 0.01000663 0.01000223
 0.01000437 0.01237472 0.01000123 0.01000508]",[ 4  8 12 13 15 16 18 25 27 30],100,42,0.015193,1000,100,0.001,0.003,1,10,10,random,10,random
504,iDR,True,0.0361944345568703,0.003693937401171912,10,"[0.01000345 0.01000864 0.01000675 0.90759851 0.01000675 0.01000235
 0.01000449 0.0123625  0.01000136 0.01000521]",[ 4  8 12 13 15 16 18 25 27 30],100,64,0.0167,1000,100,0.001,0.003,1,10,10,random,10,random
505,iDR,True,0.03619181953132399,0.003693923813845356,10,"[0.01000357 0.01000877 0.01000687 0.90760973 0.01000687 0.01000248
 0.01000461 0.01235029 0.01000148 0.01000533]",[ 4  8 12 13 15 16 18 25 27 30],100,57,0.016331,1000,100,0.001,0.003,1,10,10,random,10,random
506,idID,True,0.03618920698063286,0.0036939102397706737,10,"[0.01000369 0.01000889 0.010007   0.90762094 0.010007   0.0100026
 0.01000474 0.01233809 0.0100016  0.01000545]",[ 4  8 12 13 15 16 18 25 27 30],100,39,0.014971,1000,100,0.001,0.003,1,10,10,random,10,random
507,iDR,True,0.036186596902594376,0.0036938966789352747,10,"[0.01000382 0.01000901 0.01000712 0.90763214 0.01000712 0.01000272
 0.01000486 0.0123259  0.01000173 0.01000558]",[ 4  8 12 13 15 16 18 25 27 30],100,59,0.016397,1000,100,0.001,0.003,1,10,10,random,10,random
508,idID,True,0.0361839892950075,0.003693883131326573,10,"[0.01000394 0.01000914 0.01000724 0.90764332 0.01000724 0.01000285
 0.01000498 0.01231373 0.01000185 0.0100057 ]",[ 4  8 12 13 15 16 18 25 27 30],100,40,0.014988,1000,100,0.001,0.003,1,10,10,random,10,random
509,idID,True,0.03618138415567301,0.003693869596932002,10,"[0.01000406 0.01000926 0.01000737 0.9076545  0.01000737 0.01000297
 0.01000511 0.01230157 0.01000197 0.01000582]",[ 4  8 12 13 15 16 18 25 27 30],100,43,0.015372,1000,100,0.001,0.003,1,10,10,random,10,random
510,idID,True,0.03617878148239333,0.003693856075738998,10,"[0.01000419 0.01000938 0.01000749 0.90766567 0.01000749 0.01000309
 0.01000523 0.01228942 0.0100021  0.01000595]",[ 4  8 12 13 15 16 18 25 27 30],100,36,0.014822,1000,100,0.001,0.003,1,10,10,random,10,random
511,iDR,True,0.036176181272972494,0.003693842567735015,10,"[0.01000431 0.01000951 0.01000761 0.90767682 0.01000761 0.01000322
 0.01000535 0.01227728 0.01000222 0.01000607]",[ 4  8 12 13 15 16 18 25 27 30],100,59,0.016403,1000,100,0.001,0.003,1,10,10,random,10,random
512,TID,False,0.036176181272972494,0.003693842567735015,10,"[0.01000431 0.01000951 0.01000761 0.90767682 0.01000761 0.01000322
 0.01000535 0.01227728 0.01000222 0.01000607]",[ 4  8 12 13 15 16 18 25 27 30],100,63,0.016126,1000,100,0.001,0.003,1,10,10,random,10,random
513,iDR,True,0.0361735835252163,0.0036938290729075134,10,"[0.01000443 0.01000963 0.01000774 0.90768797 0.01000774 0.01000334
 0.01000548 0.01226515 0.01000234 0.01000619]",[ 4  8 12 13 15 16 18 25 27 30],100,60,0.01649,1000,100,0.001,0.003,1,10,10,random,10,random
514,iDR,True,0.03617098823693221,0.003693815591243969,10,"[0.01000455 0.01000975 0.01000786 0.9076991  0.01000786 0.01000346
 0.0100056  0.01225304 0.01000246 0.01000632]",[ 4  8 12 13 15 16 18 25 27 30],100,51,0.015998,1000,100,0.001,0.003,1,10,10,random,10,random
515,idID,True,0.03616839540592931,0.0036938021227318663,10,"[0.01000468 0.01000988 0.01000798 0.90771022 0.01000798 0.01000358
 0.01000572 0.01224093 0.01000259 0.01000644]",[ 4  8 12 13 15 16 18 25 27 30],100,39,0.015035,1000,100,0.001,0.003,1,10,10,random,10,random
516,TID,False,0.03616839540592931,0.0036938021227318663,10,"[0.01000468 0.01000988 0.01000798 0.90771022 0.01000798 0.01000358
 0.01000572 0.01224093 0.01000259 0.01000644]",[ 4  8 12 13 15 16 18 25 27 30],100,71,0.01669,1000,100,0.001,0.003,1,10,10,random,10,random
517,idID,True,0.036165805030018455,0.0036937886673587034,10,"[0.0100048  0.01001    0.0100081  0.90772133 0.0100081  0.01000371
 0.01000584 0.01222884 0.01000271 0.01000656]",[ 4  8 12 13 15 16 18 25 27 30],100,45,0.015414,1000,100,0.001,0.003,1,10,10,random,10,random
518,iDR,True,0.03616321710701206,0.0036937752251119857,10,"[0.01000492 0.01001012 0.01000823 0.90773243 0.01000823 0.01000383
 0.01000597 0.01221676 0.01000283 0.01000668]",[ 4  8 12 13 15 16 18 25 27 30],100,55,0.0162,1000,100,0.001,0.003,1,10,10,random,10,random
519,iDR,True,0.03616063163472433,0.003693761795979234,10,"[0.01000504 0.01001024 0.01000835 0.90774352 0.01000835 0.01000395
 0.01000609 0.0122047  0.01000295 0.01000681]",[ 4  8 12 13 15 16 18 25 27 30],100,66,0.016839,1000,100,0.001,0.003,1,10,10,random,10,random
520,iDR,True,0.036156942087850086,0.0036937275482113526,10,"[0.01000514 0.01000033 0.01000845 0.90775261 0.01000845 0.01000405
 0.01000619 0.01220482 0.01000305 0.01000691]",[ 4  8 12 13 15 16 18 25 27 30],100,56,0.016301,1000,100,0.001,0.003,1,10,10,random,10,random
521,TID,True,0.03615394636411994,0.003693713500466258,10,"[0.01000514 0.01000033 0.01000845 0.90776481 0.01000845 0.01000405
 0.01000619 0.01219261 0.01000305 0.01000691]",[ 4  8 12 13 15 16 18 25 27 30],100,70,0.016684,1000,100,0.001,0.003,1,10,10,random,10,random
522,iDR,True,0.03615136567897732,0.0036937000971281743,10,"[0.01000527 0.01000045 0.01000857 0.90777588 0.01000857 0.01000417
 0.01000631 0.01218057 0.01000318 0.01000703]",[ 4  8 12 13 15 16 18 25 27 30],100,54,0.016151,1000,100,0.001,0.003,1,10,10,random,10,random
523,TID,True,0.03615060005229341,0.0036936701938319783,10,"[0.01000527 0.01000045 0.01000857 0.90777588 0.01000857 0.01000417
 0.01000631 0.01216839 0.01001536 0.01000703]",[ 4  8 12 13 15 16 18 25 27 30],100,64,0.016228,1000,100,0.001,0.003,1,10,10,random,10,random
524,idID,True,0.03614910965486435,0.0036936837714876647,10,"[0.01000537 0.01000055 0.01000867 0.90778497 0.01000867 0.01000427
 0.01000641 0.01216851 0.01000544 0.01000713]",[ 4  8 12 13 15 16 18 25 27 30],100,41,0.015209,1000,100,0.001,0.003,1,10,10,random,10,random
525,iDR,True,0.03614653387331762,0.0036936703942843435,10,"[0.01000549 0.01000068 0.01000879 0.90779602 0.01000879 0.01000439
 0.01000653 0.01215649 0.01000556 0.01000725]",[ 4  8 12 13 15 16 18 25 27 30],100,60,0.016484,1000,100,0.001,0.003,1,10,10,random,10,random
526,iDR,True,0.036143960531673104,0.003693657030133146,10,"[0.01000561 0.0100008  0.01000892 0.90780706 0.01000892 0.01000452
 0.01000665 0.01214448 0.01000568 0.01000737]",[ 4  8 12 13 15 16 18 25 27 30],100,58,0.016421,1000,100,0.001,0.003,1,10,10,random,10,random
527,iDR,True,0.03614138962775484,0.003693643679021655,10,"[0.01000573 0.01000092 0.01000904 0.90781808 0.01000904 0.01000464
 0.01000677 0.01213248 0.01000581 0.01000749]",[ 4  8 12 13 15 16 18 25 27 30],100,51,0.016,1000,100,0.001,0.003,1,10,10,random,10,random
528,idID,True,0.03613882115938868,0.00369363034093747,10,"[0.01000585 0.01000104 0.01000916 0.9078291  0.01000916 0.01000476
 0.0100069  0.0121205  0.01000593 0.01000761]",[ 4  8 12 13 15 16 18 25 27 30],100,40,0.015082,1000,100,0.001,0.003,1,10,10,random,10,random
529,idID,True,0.036136255124402036,0.0036936170158681993,10,"[0.01000597 0.01000116 0.01000928 0.9078401  0.01000928 0.01000488
 0.01000702 0.01210852 0.01000605 0.01000774]",[ 4  8 12 13 15 16 18 25 27 30],100,26,0.014215,1000,100,0.001,0.003,1,10,10,random,10,random
530,iDR,True,0.03613369152062402,0.0036936037038014596,10,"[0.0100061  0.01000128 0.0100094  0.90785109 0.0100094  0.010005
 0.01000714 0.01209656 0.01000617 0.01000786]",[ 4  8 12 13 15 16 18 25 27 30],100,55,0.01618,1000,100,0.001,0.003,1,10,10,random,10,random
531,idID,True,0.03613113034588545,0.0036935904047248856,10,"[0.01000622 0.0100014  0.01000952 0.90786207 0.01000952 0.01000512
 0.01000726 0.01208461 0.01000629 0.01000798]",[ 4  8 12 13 15 16 18 25 27 30],100,45,0.015368,1000,100,0.001,0.003,1,10,10,random,10,random
532,idID,True,0.03612857159801875,0.0036935771186261145,10,"[0.01000634 0.01000152 0.01000964 0.90787304 0.01000964 0.01000524
 0.01000738 0.01207267 0.01000641 0.0100081 ]",[ 4  8 12 13 15 16 18 25 27 30],100,45,0.015408,1000,100,0.001,0.003,1,10,10,random,10,random
533,idID,True,0.03612601527485805,0.003693563845492803,10,"[0.01000646 0.01000165 0.01000976 0.90788401 0.01000976 0.01000536
 0.0100075  0.01206075 0.01000653 0.01000822]",[ 4  8 12 13 15 16 18 25 27 30],100,45,0.015311,1000,100,0.001,0.003,1,10,10,random,10,random
534,TID,True,0.03612305397005362,0.003693549963574094,10,"[0.01000646 0.01000165 0.01000976 0.90789607 0.01000976 0.01000536
 0.0100075  0.01204869 0.01000653 0.01000822]",[ 4  8 12 13 15 16 18 25 27 30],100,72,0.016788,1000,100,0.001,0.003,1,10,10,random,10,random
535,idID,True,0.036120502509454346,0.0036935367164869816,10,"[0.01000658 0.01000177 0.01000988 0.90790701 0.01000988 0.01000548
 0.01000762 0.01203678 0.01000665 0.01000834]",[ 4  8 12 13 15 16 18 25 27 30],100,36,0.014844,1000,100,0.001,0.003,1,10,10,random,10,random
536,idID,True,0.0361179534670566,0.0036935234823282084,10,"[0.0100067  0.01000189 0.01001    0.90791793 0.01001    0.0100056
 0.01000774 0.01202489 0.01000677 0.01000846]",[ 4  8 12 13 15 16 18 25 27 30],100,44,0.015372,1000,100,0.001,0.003,1,10,10,random,10,random
537,iDR,True,0.036115406840701136,0.00369351026108547,10,"[0.01000682 0.01000201 0.01001012 0.90792885 0.01001012 0.01000573
 0.01000786 0.01201301 0.01000689 0.01000858]",[ 4  8 12 13 15 16 18 25 27 30],100,64,0.01671,1000,100,0.001,0.003,1,10,10,random,10,random
538,iDR,True,0.03611286262823043,0.003693497052746476,10,"[0.01000694 0.01000213 0.01001025 0.90793976 0.01001025 0.01000585
 0.01000798 0.01200114 0.01000701 0.0100087 ]",[ 4  8 12 13 15 16 18 25 27 30],100,67,0.016896,1000,100,0.001,0.003,1,10,10,random,10,random
539,iDR,True,0.03610881215121733,0.0036935326144691876,10,"[0.01000704 0.01000223 0.01001035 0.90794885 0.01000034 0.01000595
 0.01000808 0.01200126 0.01000711 0.0100088 ]",[ 4  8 12 13 15 16 18 25 27 30],100,68,0.016984,1000,100,0.001,0.003,1,10,10,random,10,random
540,idID,True,0.036104678769109895,0.003693524651486151,10,"[0.01000714 0.01000233 0.01000044 0.90795794 0.01000044 0.01000605
 0.01000818 0.01200138 0.01000721 0.0100089 ]",[ 4  8 12 13 15 16 18 25 27 30],100,45,0.015431,1000,100,0.001,0.003,1,10,10,random,10,random
541,iDR,True,0.03610213671688848,0.0036935114561056598,10,"[0.01000726 0.01000245 0.01000056 0.90796883 0.01000056 0.01000617
 0.0100083  0.01198952 0.01000733 0.01000902]",[ 4  8 12 13 15 16 18 25 27 30],100,57,0.016338,1000,100,0.001,0.003,1,10,10,random,10,random
542,iDR,True,0.036099597074480634,0.0036934982736042898,10,"[0.01000738 0.01000257 0.01000068 0.90797972 0.01000068 0.01000629
 0.01000842 0.01197768 0.01000745 0.01000914]",[ 4  8 12 13 15 16 18 25 27 30],100,48,0.015813,1000,100,0.001,0.003,1,10,10,random,10,random
543,iDR,True,0.03609705983973359,0.0036934851039697857,10,"[0.0100075  0.01000269 0.01000079 0.9079906  0.01000079 0.01000641
 0.01000854 0.01196584 0.01000757 0.01000926]",[ 4  8 12 13 15 16 18 25 27 30],100,51,0.015986,1000,100,0.001,0.003,1,10,10,random,10,random
544,TID,False,0.03609705983973359,0.0036934851039697857,10,"[0.0100075  0.01000269 0.01000079 0.9079906  0.01000079 0.01000641
 0.01000854 0.01196584 0.01000757 0.01000926]",[ 4  8 12 13 15 16 18 25 27 30],100,62,0.016054,1000,100,0.001,0.003,1,10,10,random,10,random
545,idID,True,0.036094525010496196,0.003693471947189897,10,"[0.01000762 0.01000281 0.01000091 0.90800146 0.01000091 0.01000653
 0.01000866 0.01195402 0.01000769 0.01000938]",[ 4  8 12 13 15 16 18 25 27 30],100,35,0.014722,1000,100,0.001,0.003,1,10,10,random,10,random
546,iDR,True,0.03609199258461902,0.003693458803252389,10,"[0.01000774 0.01000293 0.01000103 0.90801231 0.01000103 0.01000665
 0.01000878 0.01194221 0.01000781 0.0100095 ]",[ 4  8 12 13 15 16 18 25 27 30],100,56,0.016269,1000,100,0.001,0.003,1,10,10,random,10,random
547,idID,True,0.036089462559954315,0.003693445672145038,10,"[0.01000786 0.01000305 0.01000115 0.90802316 0.01000115 0.01000676
 0.0100089  0.01193041 0.01000793 0.01000962]",[ 4  8 12 13 15 16 18 25 27 30],100,35,0.015074,1000,100,0.001,0.003,1,10,10,random,10,random
548,idID,True,0.03608693493435586,0.003693432553855626,10,"[0.01000798 0.01000317 0.01000127 0.90803399 0.01000127 0.01000688
 0.01000902 0.01191862 0.01000805 0.01000974]",[ 4  8 12 13 15 16 18 25 27 30],100,39,0.015636,1000,100,0.001,0.003,1,10,10,random,10,random
549,iDR,True,0.036084409705679214,0.003693419448371953,10,"[0.0100081  0.01000328 0.01000139 0.90804481 0.01000139 0.010007
 0.01000914 0.01190684 0.01000817 0.01000986]",[ 4  8 12 13 15 16 18 25 27 30],100,56,0.016269,1000,100,0.001,0.003,1,10,10,random,10,random
550,TID,False,0.036084409705679214,0.003693419448371953,10,"[0.0100081  0.01000328 0.01000139 0.90804481 0.01000139 0.010007
 0.01000914 0.01190684 0.01000817 0.01000986]",[ 4  8 12 13 15 16 18 25 27 30],100,51,0.015349,1000,100,0.001,0.003,1,10,10,random,10,random
551,TID,False,0.036084409705679214,0.003693419448371953,10,"[0.0100081  0.01000328 0.01000139 0.90804481 0.01000139 0.010007
 0.01000914 0.01190684 0.01000817 0.01000986]",[ 4  8 12 13 15 16 18 25 27 30],100,60,0.015912,1000,100,0.001,0.003,1,10,10,random,10,random
552,TID,False,0.036084409705679214,0.003693419448371953,10,"[0.0100081  0.01000328 0.01000139 0.90804481 0.01000139 0.010007
 0.01000914 0.01190684 0.01000817 0.01000986]",[ 4  8 12 13 15 16 18 25 27 30],100,71,0.016663,1000,100,0.001,0.003,1,10,10,random,10,random
553,iDR,True,0.03608188687178154,0.003693406355681826,10,"[0.01000822 0.0100034  0.01000151 0.90805563 0.01000151 0.01000712
 0.01000926 0.01189508 0.01000829 0.01000998]",[ 4  8 12 13 15 16 18 25 27 30],100,54,0.016171,1000,100,0.001,0.003,1,10,10,random,10,random
554,idID,True,0.0360793664305217,0.003693393275773066,10,"[0.01000834 0.01000352 0.01000163 0.90806643 0.01000163 0.01000724
 0.01000938 0.01188333 0.01000841 0.0100101 ]",[ 4  8 12 13 15 16 18 25 27 30],100,39,0.015012,1000,100,0.001,0.003,1,10,10,random,10,random
555,idID,True,0.0360754395849142,0.0036934064230997867,10,"[0.01000844 0.01000362 0.01000173 0.90807552 0.01000173 0.01000734
 0.01000948 0.01188344 0.01000851 0.01000019]",[ 4  8 12 13 15 16 18 25 27 30],100,40,0.015048,1000,100,0.001,0.003,1,10,10,random,10,random
556,TID,False,0.0360754395849142,0.0036934064230997867,10,"[0.01000844 0.01000362 0.01000173 0.90807552 0.01000173 0.01000734
 0.01000948 0.01188344 0.01000851 0.01000019]",[ 4  8 12 13 15 16 18 25 27 30],100,56,0.015632,1000,100,0.001,0.003,1,10,10,random,10,random
557,idID,True,0.03607292141395611,0.0036933933559856512,10,"[0.01000855 0.01000374 0.01000185 0.90808631 0.01000185 0.01000746
 0.0100096  0.0118717  0.01000863 0.01000031]",[ 4  8 12 13 15 16 18 25 27 30],100,48,0.015523,1000,100,0.001,0.003,1,10,10,random,10,random
558,TID,True,0.03607000512757632,0.003693379691656905,10,"[0.01000855 0.01000374 0.01000185 0.90809818 0.01000185 0.01000746
 0.0100096  0.01185983 0.01000863 0.01000031]",[ 4  8 12 13 15 16 18 25 27 30],100,71,0.016885,1000,100,0.001,0.003,1,10,10,random,10,random
559,iDR,True,0.03606749175050339,0.0036933666501922312,10,"[0.01000867 0.01000386 0.01000197 0.90810895 0.01000197 0.01000758
 0.01000972 0.01184811 0.01000875 0.01000043]",[ 4  8 12 13 15 16 18 25 27 30],100,57,0.016447,1000,100,0.001,0.003,1,10,10,random,10,random
560,iDR,True,0.03606498075761773,0.0036933536214601393,10,"[0.01000879 0.01000398 0.01000209 0.90811971 0.01000209 0.0100077
 0.01000984 0.0118364  0.01000887 0.01000054]",[ 4  8 12 13 15 16 18 25 27 30],100,54,0.016111,1000,100,0.001,0.003,1,10,10,random,10,random
561,iDR,True,0.036062472146786324,0.0036933406054485023,10,"[0.01000891 0.0100041  0.0100022  0.90813046 0.0100022  0.01000782
 0.01000995 0.01182471 0.01000898 0.01000066]",[ 4  8 12 13 15 16 18 25 27 30],100,53,0.016106,1000,100,0.001,0.003,1,10,10,random,10,random
562,idID,True,0.03605996591587789,0.003693327602145208,10,"[0.01000903 0.01000422 0.01000232 0.9081412  0.01000232 0.01000793
 0.01001007 0.01181302 0.0100091  0.01000078]",[ 4  8 12 13 15 16 18 25 27 30],100,39,0.014976,1000,100,0.001,0.003,1,10,10,random,10,random
563,idID,True,0.036057462062762675,0.003693314611538148,10,"[0.01000915 0.01000433 0.01000244 0.90815193 0.01000244 0.01000805
 0.01001019 0.01180135 0.01000922 0.0100009 ]",[ 4  8 12 13 15 16 18 25 27 30],100,46,0.015439,1000,100,0.001,0.003,1,10,10,random,10,random
564,iDR,True,0.036053081787577886,0.003693298588211404,10,"[0.01000925 0.01000443 0.01000254 0.90816102 0.01000254 0.01000815
 0.01000028 0.01180147 0.01000932 0.010001  ]",[ 4  8 12 13 15 16 18 25 27 30],100,65,0.016769,1000,100,0.001,0.003,1,10,10,random,10,random
565,iDR,True,0.03605058017660379,0.003693285609969473,10,"[0.01000937 0.01000455 0.01000266 0.90817173 0.01000266 0.01000827
 0.0100004  0.0117898  0.01000944 0.01000112]",[ 4  8 12 13 15 16 18 25 27 30],100,59,0.01644,1000,100,0.001,0.003,1,10,10,random,10,random
566,TID,True,0.036047683413231404,0.003693272039905503,10,"[0.01000937 0.01000455 0.01000266 0.90818352 0.01000266 0.01000827
 0.0100004  0.01177801 0.01000944 0.01000112]",[ 4  8 12 13 15 16 18 25 27 30],100,73,0.016848,1000,100,0.001,0.003,1,10,10,random,10,random
567,iDR,True,0.03604518656629211,0.0036932590871418345,10,"[0.01000948 0.01000467 0.01000278 0.90819422 0.01000278 0.01000839
 0.01000052 0.01176637 0.01000956 0.01000123]",[ 4  8 12 13 15 16 18 25 27 30],100,49,0.015856,1000,100,0.001,0.003,1,10,10,random,10,random
568,iDR,True,0.03604269208875444,0.0036932461470262634,10,"[0.0100096  0.01000479 0.01000289 0.90820491 0.01000289 0.01000851
 0.01000063 0.01175475 0.01000968 0.01000135]",[ 4  8 12 13 15 16 18 25 27 30],100,56,0.016247,1000,100,0.001,0.003,1,10,10,random,10,random
569,iDR,True,0.03604019997849684,0.0036932332195467412,10,"[0.01000972 0.0100049  0.01000301 0.90821558 0.01000301 0.01000862
 0.01000075 0.01174313 0.01000979 0.01000147]",[ 4  8 12 13 15 16 18 25 27 30],100,60,0.016524,1000,100,0.001,0.003,1,10,10,random,10,random
570,idID,True,0.036037710233399405,0.003693220304691229,10,"[0.01000984 0.01000502 0.01000313 0.90822625 0.01000313 0.01000874
 0.01000087 0.01173152 0.01000991 0.01000159]",[ 4  8 12 13 15 16 18 25 27 30],100,39,0.015022,1000,100,0.001,0.003,1,10,10,random,10,random
571,iDR,True,0.0360352228513439,0.0036932074024476976,10,"[0.01000995 0.01000514 0.01000325 0.9082369  0.01000325 0.01000886
 0.01000099 0.01171993 0.01001003 0.0100017 ]",[ 4  8 12 13 15 16 18 25 27 30],100,59,0.016444,1000,100,0.001,0.003,1,10,10,random,10,random
572,TID,True,0.036034485041477125,0.0036931786300190054,10,"[0.01000995 0.01000514 0.01000325 0.9082369  0.01000325 0.01000886
 0.01000099 0.01170821 0.01002175 0.0100017 ]",[ 4  8 12 13 15 16 18 25 27 30],100,71,0.016771,1000,100,0.001,0.003,1,10,10,random,10,random
573,idID,True,0.036032991001475584,0.0036931922114140244,10,"[0.01001005 0.01000524 0.01000335 0.90824601 0.01000335 0.01000896
 0.01000109 0.01170833 0.01001183 0.0100018 ]",[ 4  8 12 13 15 16 18 25 27 30],100,41,0.015125,1000,100,0.001,0.003,1,10,10,random,10,random
574,TID,True,0.0360301137380298,0.0036931787351289235,10,"[0.01001005 0.01000524 0.01000335 0.90825771 0.01000335 0.01000896
 0.01000109 0.01169662 0.01001183 0.0100018 ]",[ 4  8 12 13 15 16 18 25 27 30],100,55,0.015682,1000,100,0.001,0.003,1,10,10,random,10,random
575,TID,False,0.0360301137380298,0.0036931787351289235,10,"[0.01001005 0.01000524 0.01000335 0.90825771 0.01000335 0.01000896
 0.01000109 0.01169662 0.01001183 0.0100018 ]",[ 4  8 12 13 15 16 18 25 27 30],100,54,0.01562,1000,100,0.001,0.003,1,10,10,random,10,random
576,idID,True,0.03602731244284988,0.0036931069440920487,10,"[0.01000014 0.01000534 0.01000345 0.90826681 0.01000345 0.01000906
 0.01000119 0.01169674 0.01001193 0.0100019 ]",[ 4  8 12 13 15 16 18 25 27 30],100,51,0.015829,1000,100,0.001,0.003,1,10,10,random,10,random
577,idID,True,0.036025819686088555,0.0036931205114596115,10,"[0.01000024 0.01000544 0.01000355 0.9082759  0.01000355 0.01000916
 0.01000129 0.01169685 0.01000202 0.010002  ]",[ 4  8 12 13 15 16 18 25 27 30],100,49,0.015559,1000,100,0.001,0.003,1,10,10,random,10,random
578,TID,True,0.03602508327339555,0.003693091795684283,10,"[0.01000024 0.01000544 0.01000355 0.9082759  0.01000355 0.01000916
 0.01000129 0.01168516 0.01001371 0.010002  ]",[ 4  8 12 13 15 16 18 25 27 30],100,67,0.016474,1000,100,0.001,0.003,1,10,10,random,10,random
579,iDR,True,0.036023590200005624,0.003693105365319156,10,"[0.01000034 0.01000554 0.01000365 0.90828499 0.01000365 0.01000926
 0.01000139 0.01168527 0.0100038  0.01000211]",[ 4  8 12 13 15 16 18 25 27 30],100,69,0.017068,1000,100,0.001,0.003,1,10,10,random,10,random
580,idID,True,0.0360211121136918,0.003693092512599171,10,"[0.01000046 0.01000566 0.01000376 0.90829561 0.01000376 0.01000938
 0.0100015  0.01167372 0.01000392 0.01000222]",[ 4  8 12 13 15 16 18 25 27 30],100,38,0.014974,1000,100,0.001,0.003,1,10,10,random,10,random
581,TID,True,0.03601824304424097,0.0036930790761419367,10,"[0.01000046 0.01000566 0.01000376 0.90830728 0.01000376 0.01000938
 0.0100015  0.01166205 0.01000392 0.01000222]",[ 4  8 12 13 15 16 18 25 27 30],100,59,0.015929,1000,100,0.001,0.003,1,10,10,random,10,random
582,idID,True,0.03601576967951116,0.00369306624865836,10,"[0.01000058 0.01000577 0.01000388 0.90831787 0.01000388 0.01000949
 0.01000162 0.01165052 0.01000403 0.01000234]",[ 4  8 12 13 15 16 18 25 27 30],100,41,0.015089,1000,100,0.001,0.003,1,10,10,random,10,random
583,TID,False,0.03601576967951116,0.00369306624865836,10,"[0.01000058 0.01000577 0.01000388 0.90831787 0.01000388 0.01000949
 0.01000162 0.01165052 0.01000403 0.01000234]",[ 4  8 12 13 15 16 18 25 27 30],100,60,0.015976,1000,100,0.001,0.003,1,10,10,random,10,random
584,TID,True,0.03601503607088912,0.0036930376466197705,10,"[0.01000058 0.01000577 0.01000388 0.90831787 0.01000388 0.01000949
 0.01000162 0.01163887 0.01001568 0.01000234]",[ 4  8 12 13 15 16 18 25 27 30],100,57,0.015744,1000,100,0.001,0.003,1,10,10,random,10,random
585,TID,True,0.03601217538552449,0.0036930242502753834,10,"[0.01000058 0.01000577 0.01000388 0.90832951 0.01000388 0.01000949
 0.01000162 0.01162724 0.01001568 0.01000234]",[ 4  8 12 13 15 16 18 25 27 30],100,55,0.015704,1000,100,0.001,0.003,1,10,10,random,10,random
586,TID,True,0.036011443177171205,0.0036929957054122695,10,"[0.01000058 0.01000577 0.01000388 0.90832951 0.01000388 0.01000949
 0.01000162 0.01161561 0.01002731 0.01000234]",[ 4  8 12 13 15 16 18 25 27 30],100,63,0.016182,1000,100,0.001,0.003,1,10,10,random,10,random
587,TID,True,0.03601071166335355,0.0036929671890940183,10,"[0.01000058 0.01000577 0.01000388 0.90832951 0.01000388 0.01000949
 0.01000162 0.01160399 0.01003893 0.01000234]",[ 4  8 12 13 15 16 18 25 27 30],100,59,0.016002,1000,100,0.001,0.003,1,10,10,random,10,random
588,TID,True,0.036009980843452326,0.003692938701292085,10,"[0.01000058 0.01000577 0.01000388 0.90832951 0.01000388 0.01000949
 0.01000162 0.01159239 0.01005053 0.01000234]",[ 4  8 12 13 15 16 18 25 27 30],100,59,0.015949,1000,100,0.001,0.003,1,10,10,random,10,random
589,idID,True,0.03600848198117112,0.0036929523192802067,10,"[0.01000068 0.01000587 0.01000398 0.90833864 0.01000398 0.01000959
 0.01000172 0.01159251 0.01004058 0.01000244]",[ 4  8 12 13 15 16 18 25 27 30],100,32,0.014584,1000,100,0.001,0.003,1,10,10,random,10,random
590,idID,True,0.0360069845503193,0.0036929659239236736,10,"[0.01000078 0.01000598 0.01000408 0.90834776 0.01000408 0.0100097
 0.01000182 0.01159262 0.01003064 0.01000254]",[ 4  8 12 13 15 16 18 25 27 30],100,42,0.015187,1000,100,0.001,0.003,1,10,10,random,10,random
591,iDR,True,0.036005488549597,0.0036929795152352866,10,"[0.01000088 0.01000608 0.01000418 0.90835687 0.01000418 0.0100098
 0.01000192 0.01159274 0.01002071 0.01000264]",[ 4  8 12 13 15 16 18 25 27 30],100,58,0.01634,1000,100,0.001,0.003,1,10,10,random,10,random
592,TID,True,0.0360047584277336,0.0036929510550638934,10,"[0.01000088 0.01000608 0.01000418 0.90835687 0.01000418 0.0100098
 0.01000192 0.01158115 0.0100323  0.01000264]",[ 4  8 12 13 15 16 18 25 27 30],100,55,0.01567,1000,100,0.001,0.003,1,10,10,random,10,random
593,iDR,True,0.03600230168796998,0.0036929383150899023,10,"[0.01000099 0.01000619 0.0100043  0.90836739 0.0100043  0.01000991
 0.01000204 0.0115697  0.01003242 0.01000276]",[ 4  8 12 13 15 16 18 25 27 30],100,62,0.016641,1000,100,0.001,0.003,1,10,10,random,10,random
594,TID,True,0.0360015729526511,0.0036929099114814457,10,"[0.01000099 0.01000619 0.0100043  0.90836739 0.0100043  0.01000991
 0.01000204 0.01155813 0.01004399 0.01000276]",[ 4  8 12 13 15 16 18 25 27 30],100,59,0.015924,1000,100,0.001,0.003,1,10,10,random,10,random
595,idID,True,0.03599912096530486,0.003692897196352156,10,"[0.01000111 0.01000631 0.01000441 0.90837789 0.01000441 0.01001003
 0.01000215 0.0115467  0.0100441  0.01000287]",[ 4  8 12 13 15 16 18 25 27 30],100,34,0.014708,1000,100,0.001,0.003,1,10,10,random,10,random
596,iDR,True,0.03599762278963245,0.0036929108052178804,10,"[0.01000121 0.01000641 0.01000451 0.90838702 0.01000451 0.01001013
 0.01000225 0.01154682 0.01003416 0.01000297]",[ 4  8 12 13 15 16 18 25 27 30],100,70,0.017044,1000,100,0.001,0.003,1,10,10,random,10,random
597,idID,True,0.03599612604478025,0.0036929244007477117,10,"[0.01000131 0.01000651 0.01000462 0.90839613 0.01000462 0.01001023
 0.01000235 0.01154694 0.01002423 0.01000307]",[ 4  8 12 13 15 16 18 25 27 30],100,49,0.015727,1000,100,0.001,0.003,1,10,10,random,10,random
598,iDR,True,0.035994630729448966,0.00369293798295445,10,"[0.01000141 0.01000661 0.01000472 0.90840524 0.01000472 0.01001033
 0.01000245 0.01154705 0.0100143  0.01000317]",[ 4  8 12 13 15 16 18 25 27 30],100,62,0.016586,1000,100,0.001,0.003,1,10,10,random,10,random
599,iDR,True,0.03599313684234029,0.0036929515518508804,10,"[0.01000151 0.01000671 0.01000482 0.90841434 0.01000482 0.01001043
 0.01000255 0.01154717 0.01000439 0.01000327]",[ 4  8 12 13 15 16 18 25 27 30],100,66,0.016815,1000,100,0.001,0.003,1,10,10,random,10,random
600,iDR,True,0.03598947422622961,0.0036929856972799683,10,"[0.01000161 0.01000681 0.01000492 0.90842343 0.01000492 0.01000052
 0.01000265 0.01154728 0.01000449 0.01000337]",[ 4  8 12 13 15 16 18 25 27 30],100,52,0.016032,1000,100,0.001,0.003,1,10,10,random,10,random
601,TID,False,0.03598947422622961,0.0036929856972799683,10,"[0.01000161 0.01000681 0.01000492 0.90842343 0.01000492 0.01000052
 0.01000265 0.01154728 0.01000449 0.01000337]",[ 4  8 12 13 15 16 18 25 27 30],100,62,0.016071,1000,100,0.001,0.003,1,10,10,random,10,random
602,idID,True,0.0359870241513702,0.0036929729949574945,10,"[0.01000173 0.01000692 0.01000503 0.90843392 0.01000503 0.01000063
 0.01000277 0.01153587 0.01000461 0.01000349]",[ 4  8 12 13 15 16 18 25 27 30],100,42,0.015141,1000,100,0.001,0.003,1,10,10,random,10,random
603,idID,True,0.035984576404001524,0.003692960305044422,10,"[0.01000184 0.01000704 0.01000515 0.9084444  0.01000515 0.01000075
 0.01000289 0.01152447 0.01000472 0.0100036 ]",[ 4  8 12 13 15 16 18 25 27 30],100,50,0.015731,1000,100,0.001,0.003,1,10,10,random,10,random
604,idID,True,0.03598213098203466,0.0036929476275289154,10,"[0.01000196 0.01000716 0.01000526 0.90845487 0.01000526 0.01000086
 0.010003   0.01151307 0.01000484 0.01000372]",[ 4  8 12 13 15 16 18 25 27 30],100,34,0.014799,1000,100,0.001,0.003,1,10,10,random,10,random
605,iDR,True,0.035979687883382266,0.003692934962399153,10,"[0.01000207 0.01000727 0.01000538 0.90846533 0.01000538 0.01000098
 0.01000312 0.01150169 0.01000495 0.01000383]",[ 4  8 12 13 15 16 18 25 27 30],100,56,0.016252,1000,100,0.001,0.003,1,10,10,random,10,random
606,idID,True,0.03597724710595865,0.003692922309643323,10,"[0.01000219 0.01000739 0.01000549 0.90847578 0.01000549 0.01000109
 0.01000323 0.01149032 0.01000507 0.01000395]",[ 4  8 12 13 15 16 18 25 27 30],100,43,0.015124,1000,100,0.001,0.003,1,10,10,random,10,random
607,idID,True,0.03597480864767971,0.00369290966924962,10,"[0.0100023  0.0100075  0.01000561 0.90848622 0.01000561 0.01000121
 0.01000335 0.01147897 0.01000518 0.01000406]",[ 4  8 12 13 15 16 18 25 27 30],100,35,0.014737,1000,100,0.001,0.003,1,10,10,random,10,random
608,iDR,True,0.03597237250646306,0.0036928970412062573,10,"[0.01000242 0.01000762 0.01000572 0.90849664 0.01000572 0.01000132
 0.01000346 0.01146762 0.0100053  0.01000418]",[ 4  8 12 13 15 16 18 25 27 30],100,57,0.016339,1000,100,0.001,0.003,1,10,10,random,10,random
609,TID,False,0.03597237250646306,0.0036928970412062573,10,"[0.01000242 0.01000762 0.01000572 0.90849664 0.01000572 0.01000132
 0.01000346 0.01146762 0.0100053  0.01000418]",[ 4  8 12 13 15 16 18 25 27 30],100,65,0.016263,1000,100,0.001,0.003,1,10,10,random,10,random
610,idID,True,0.035969938680227846,0.003692884425501452,10,"[0.01000253 0.01000773 0.01000584 0.90850706 0.01000584 0.01000144
 0.01000358 0.01145628 0.01000541 0.01000429]",[ 4  8 12 13 15 16 18 25 27 30],100,40,0.015088,1000,100,0.001,0.003,1,10,10,random,10,random
611,TID,True,0.035967121629278204,0.0036928712393215226,10,"[0.01000253 0.01000773 0.01000584 0.90851852 0.01000584 0.01000144
 0.01000358 0.01144483 0.01000541 0.01000429]",[ 4  8 12 13 15 16 18 25 27 30],100,60,0.016026,1000,100,0.001,0.003,1,10,10,random,10,random
612,TID,True,0.03596430731856976,0.003692858066327774,10,"[0.01000253 0.01000773 0.01000584 0.90852996 0.01000584 0.01000144
 0.01000358 0.01143338 0.01000541 0.01000429]",[ 4  8 12 13 15 16 18 25 27 30],100,73,0.016904,1000,100,0.001,0.003,1,10,10,random,10,random
613,iDR,True,0.03596188046044465,0.0036928454878428192,10,"[0.01000265 0.01000784 0.01000595 0.90854035 0.01000595 0.01000155
 0.01000369 0.01142208 0.01000553 0.01000441]",[ 4  8 12 13 15 16 18 25 27 30],100,55,0.0162,1000,100,0.001,0.003,1,10,10,random,10,random
614,TID,False,0.03596188046044465,0.0036928454878428192,10,"[0.01000265 0.01000784 0.01000595 0.90854035 0.01000595 0.01000155
 0.01000369 0.01142208 0.01000553 0.01000441]",[ 4  8 12 13 15 16 18 25 27 30],100,66,0.016364,1000,100,0.001,0.003,1,10,10,random,10,random
615,iDR,True,0.03595945590896314,0.0036928329216491438,10,"[0.01000276 0.01000796 0.01000607 0.90855073 0.01000607 0.01000167
 0.0100038  0.01141079 0.01000564 0.01000452]",[ 4  8 12 13 15 16 18 25 27 30],100,48,0.015829,1000,100,0.001,0.003,1,10,10,random,10,random
616,iDR,True,0.035957033662052613,0.0036928203677350224,10,"[0.01000288 0.01000807 0.01000618 0.9085611  0.01000618 0.01000178
 0.01000392 0.01139951 0.01000575 0.01000464]",[ 4  8 12 13 15 16 18 25 27 30],100,47,0.015739,1000,100,0.001,0.003,1,10,10,random,10,random
617,iDR,True,0.035954613717641984,0.003692807826088738,10,"[0.01000299 0.01000819 0.01000629 0.90857145 0.01000629 0.0100019
 0.01000403 0.01138824 0.01000587 0.01000475]",[ 4  8 12 13 15 16 18 25 27 30],100,59,0.016421,1000,100,0.001,0.003,1,10,10,random,10,random
618,iDR,True,0.035952196073661895,0.0036927952966985863,10,"[0.0100031  0.0100083  0.01000641 0.9085818  0.01000641 0.01000201
 0.01000415 0.01137698 0.01000598 0.01000486]",[ 4  8 12 13 15 16 18 25 27 30],100,43,0.015509,1000,100,0.001,0.003,1,10,10,random,10,random
619,TID,True,0.03595147903557712,0.0036927673662207113,10,"[0.0100031  0.0100083  0.01000641 0.9085818  0.01000641 0.01000201
 0.01000415 0.0113656  0.01001736 0.01000486]",[ 4  8 12 13 15 16 18 25 27 30],100,56,0.015724,1000,100,0.001,0.003,1,10,10,random,10,random
620,iDR,True,0.03594998369069728,0.00369278093754732,10,"[0.0100032  0.0100084  0.01000651 0.9085909  0.01000651 0.01000211
 0.01000425 0.01136571 0.01000744 0.01000496]",[ 4  8 12 13 15 16 18 25 27 30],100,59,0.016442,1000,100,0.001,0.003,1,10,10,random,10,random
621,iDR,True,0.03594757065150669,0.0036927684326304236,10,"[0.01000332 0.01000852 0.01000662 0.90860123 0.01000662 0.01000222
 0.01000436 0.01135448 0.01000756 0.01000508]",[ 4  8 12 13 15 16 18 25 27 30],100,53,0.01609,1000,100,0.001,0.003,1,10,10,random,10,random
622,TID,True,0.03594685497802443,0.0036927405573895186,10,"[0.01000332 0.01000852 0.01000662 0.90860123 0.01000662 0.01000222
 0.01000436 0.01134312 0.01001891 0.01000508]",[ 4  8 12 13 15 16 18 25 27 30],100,58,0.015845,1000,100,0.001,0.003,1,10,10,random,10,random
623,idID,True,0.03594444660965193,0.003692728076870343,10,"[0.01000343 0.01000863 0.01000674 0.90861154 0.01000674 0.01000234
 0.01000447 0.01133191 0.01001902 0.01000519]",[ 4  8 12 13 15 16 18 25 27 30],100,47,0.015565,1000,100,0.001,0.003,1,10,10,random,10,random
624,idID,True,0.035942950850442065,0.0036927416500587115,10,"[0.01000353 0.01000873 0.01000684 0.90862064 0.01000684 0.01000244
 0.01000457 0.01133202 0.0100091  0.01000529]",[ 4  8 12 13 15 16 18 25 27 30],100,41,0.015193,1000,100,0.001,0.003,1,10,10,random,10,random
625,TID,False,0.035942950850442065,0.0036927416500587115,10,"[0.01000353 0.01000873 0.01000684 0.90862064 0.01000684 0.01000244
 0.01000457 0.01133202 0.0100091  0.01000529]",[ 4  8 12 13 15 16 18 25 27 30],100,61,0.016025,1000,100,0.001,0.003,1,10,10,random,10,random
626,idID,True,0.035940544697654224,0.003692729181766229,10,"[0.01000364 0.01000884 0.01000695 0.90863094 0.01000695 0.01000255
 0.01000469 0.01132082 0.01000922 0.01000541]",[ 4  8 12 13 15 16 18 25 27 30],100,44,0.015278,1000,100,0.001,0.003,1,10,10,random,10,random
627,TID,False,0.035940544697654224,0.003692729181766229,10,"[0.01000364 0.01000884 0.01000695 0.90863094 0.01000695 0.01000255
 0.01000469 0.01132082 0.01000922 0.01000541]",[ 4  8 12 13 15 16 18 25 27 30],100,64,0.016254,1000,100,0.001,0.003,1,10,10,random,10,random
628,idID,True,0.03593814083289557,0.003692716725659873,10,"[0.01000376 0.01000896 0.01000706 0.90864122 0.01000706 0.01000266
 0.0100048  0.01130962 0.01000933 0.01000552]",[ 4  8 12 13 15 16 18 25 27 30],100,42,0.015299,1000,100,0.001,0.003,1,10,10,random,10,random
629,idID,True,0.03593573925410802,0.003692704281728015,10,"[0.01000387 0.01000907 0.01000718 0.9086515  0.01000718 0.01000278
 0.01000491 0.01129844 0.01000944 0.01000563]",[ 4  8 12 13 15 16 18 25 27 30],100,40,0.015072,1000,100,0.001,0.003,1,10,10,random,10,random
630,idID,True,0.03593333995923514,0.003692691849959032,10,"[0.01000398 0.01000918 0.01000729 0.90866177 0.01000729 0.01000289
 0.01000503 0.01128727 0.01000956 0.01000575]",[ 4  8 12 13 15 16 18 25 27 30],100,41,0.015135,1000,100,0.001,0.003,1,10,10,random,10,random
631,iDR,True,0.03593094294622208,0.0036926794303413124,10,"[0.0100041  0.01000929 0.0100074  0.90867202 0.0100074  0.010003
 0.01000514 0.01127611 0.01000967 0.01000586]",[ 4  8 12 13 15 16 18 25 27 30],100,43,0.015533,1000,100,0.001,0.003,1,10,10,random,10,random
632,iDR,True,0.03592854821301564,0.0036926670228632588,10,"[0.01000421 0.01000941 0.01000751 0.90868227 0.01000751 0.01000312
 0.01000525 0.01126496 0.01000978 0.01000597]",[ 4  8 12 13 15 16 18 25 27 30],100,61,0.016524,1000,100,0.001,0.003,1,10,10,random,10,random
633,TID,True,0.035925777031685854,0.0036926540568907712,10,"[0.01000421 0.01000941 0.01000751 0.90869353 0.01000751 0.01000312
 0.01000525 0.0112537  0.01000978 0.01000597]",[ 4  8 12 13 15 16 18 25 27 30],100,65,0.0163,1000,100,0.001,0.003,1,10,10,random,10,random
634,idID,True,0.03592338686922287,0.003692641673790364,10,"[0.01000432 0.01000952 0.01000763 0.90870376 0.01000763 0.01000323
 0.01000537 0.01124257 0.0100099  0.01000608]",[ 4  8 12 13 15 16 18 25 27 30],100,29,0.014331,1000,100,0.001,0.003,1,10,10,random,10,random
635,TID,False,0.03592338686922287,0.003692641673790364,10,"[0.01000432 0.01000952 0.01000763 0.90870376 0.01000763 0.01000323
 0.01000537 0.01124257 0.0100099  0.01000608]",[ 4  8 12 13 15 16 18 25 27 30],100,58,0.015856,1000,100,0.001,0.003,1,10,10,random,10,random
636,iDR,True,0.03592099898040155,0.0036926293027947595,10,"[0.01000443 0.01000963 0.01000774 0.90871398 0.01000774 0.01000334
 0.01000548 0.01123145 0.01001001 0.0100062 ]",[ 4  8 12 13 15 16 18 25 27 30],100,51,0.016073,1000,100,0.001,0.003,1,10,10,random,10,random
637,idID,True,0.03591861336317512,0.0036926169438923954,10,"[0.01000455 0.01000975 0.01000785 0.90872418 0.01000785 0.01000345
 0.01000559 0.01122035 0.01001012 0.01000631]",[ 4  8 12 13 15 16 18 25 27 30],100,36,0.014815,1000,100,0.001,0.003,1,10,10,random,10,random
638,TID,True,0.03591790583384335,0.0036925893979351354,10,"[0.01000455 0.01000975 0.01000785 0.90872418 0.01000785 0.01000345
 0.01000559 0.01120913 0.01002134 0.01000631]",[ 4  8 12 13 15 16 18 25 27 30],100,65,0.016319,1000,100,0.001,0.003,1,10,10,random,10,random
639,TID,True,0.0359160722605581,0.0036926024657645356,10,"[0.01000455 0.01000975 0.01000785 0.9087342  0.01000785 0.01000345
 0.01000559 0.01120913 0.01001132 0.01000631]",[ 4  8 12 13 15 16 18 25 27 30],100,58,0.0159,1000,100,0.001,0.003,1,10,10,random,10,random
640,TID,False,0.0359160722605581,0.0036926024657645356,10,"[0.01000455 0.01000975 0.01000785 0.9087342  0.01000785 0.01000345
 0.01000559 0.01120913 0.01001132 0.01000631]",[ 4  8 12 13 15 16 18 25 27 30],100,61,0.015986,1000,100,0.001,0.003,1,10,10,random,10,random
641,iDR,True,0.03591457696209326,0.0036926160272593646,10,"[0.01000465 0.01000985 0.01000795 0.9087433  0.01000795 0.01000355
 0.01000569 0.01120924 0.01000141 0.01000641]",[ 4  8 12 13 15 16 18 25 27 30],100,65,0.016759,1000,100,0.001,0.003,1,10,10,random,10,random
642,idID,True,0.03591219583245797,0.0036926036926518946,10,"[0.01000476 0.01000996 0.01000806 0.90875349 0.01000806 0.01000367
 0.0100058  0.01119816 0.01000152 0.01000652]",[ 4  8 12 13 15 16 18 25 27 30],100,37,0.014771,1000,100,0.001,0.003,1,10,10,random,10,random
643,TID,False,0.03591219583245797,0.0036926036926518946,10,"[0.01000476 0.01000996 0.01000806 0.90875349 0.01000806 0.01000367
 0.0100058  0.01119816 0.01000152 0.01000652]",[ 4  8 12 13 15 16 18 25 27 30],100,59,0.015846,1000,100,0.001,0.003,1,10,10,random,10,random
644,iDR,True,0.03590981696833483,0.0036925913701029173,10,"[0.01000487 0.01001007 0.01000818 0.90876366 0.01000818 0.01000378
 0.01000591 0.01118708 0.01000163 0.01000663]",[ 4  8 12 13 15 16 18 25 27 30],100,58,0.016407,1000,100,0.001,0.003,1,10,10,random,10,random
645,TID,True,0.03590761499658701,0.0036925435519995654,10,"[0.01000487 0.01000006 0.01000818 0.90876366 0.01000818 0.01000378
 0.01000591 0.01118708 0.01001164 0.01000663]",[ 4  8 12 13 15 16 18 25 27 30],100,61,0.016108,1000,100,0.001,0.003,1,10,10,random,10,random
646,iDR,True,0.03590523835181694,0.0036925312409626138,10,"[0.01000498 0.01000017 0.01000829 0.90877383 0.01000829 0.01000389
 0.01000603 0.01117602 0.01001176 0.01000674]",[ 4  8 12 13 15 16 18 25 27 30],100,14,0.0138,1000,100,0.001,0.003,1,10,10,random,10,random
647,idID,True,0.03590286396852259,0.003692518941961657,10,"[0.01000509 0.01000028 0.0100084  0.90878399 0.0100084  0.010004
 0.01000614 0.01116497 0.01001187 0.01000686]",[ 4  8 12 13 15 16 18 25 27 30],100,46,0.015441,1000,100,0.001,0.003,1,10,10,random,10,random
648,idID,True,0.03590136828994075,0.003692532503361068,10,"[0.0100052  0.01000038 0.0100085  0.90879309 0.0100085  0.0100041
 0.01000624 0.01116508 0.01000196 0.01000696]",[ 4  8 12 13 15 16 18 25 27 30],100,46,0.015439,1000,100,0.001,0.003,1,10,10,random,10,random
649,idID,False,0.03590136828994075,0.003692532503361068,10,"[0.0100052  0.01000038 0.0100085  0.90879309 0.0100085  0.0100041
 0.01000624 0.01116508 0.01000196 0.01000696]",[ 4  8 12 13 15 16 18 25 27 30],100,32,0.014439,1000,100,0.001,0.003,1,10,10,random,10,random
650,idID,True,0.03589899609275729,0.003692520216413009,10,"[0.01000531 0.0100005  0.01000861 0.90880323 0.01000861 0.01000421
 0.01000635 0.01115404 0.01000207 0.01000707]",[ 4  8 12 13 15 16 18 25 27 30],100,43,0.015234,1000,100,0.001,0.003,1,10,10,random,10,random
651,TID,False,0.03589899609275729,0.003692520216413009,10,"[0.01000531 0.0100005  0.01000861 0.90880323 0.01000861 0.01000421
 0.01000635 0.01115404 0.01000207 0.01000707]",[ 4  8 12 13 15 16 18 25 27 30],100,52,0.015449,1000,100,0.001,0.003,1,10,10,random,10,random
652,idID,True,0.03589662615304596,0.0036925079414779328,10,"[0.01000542 0.01000061 0.01000872 0.90881337 0.01000872 0.01000432
 0.01000646 0.01114301 0.01000218 0.01000718]",[ 4  8 12 13 15 16 18 25 27 30],100,43,0.015306,1000,100,0.001,0.003,1,10,10,random,10,random
653,TID,False,0.03589662615304596,0.0036925079414779328,10,"[0.01000542 0.01000061 0.01000872 0.90881337 0.01000872 0.01000432
 0.01000646 0.01114301 0.01000218 0.01000718]",[ 4  8 12 13 15 16 18 25 27 30],100,66,0.016458,1000,100,0.001,0.003,1,10,10,random,10,random
654,TID,False,0.03589662615304596,0.0036925079414779328,10,"[0.01000542 0.01000061 0.01000872 0.90881337 0.01000872 0.01000432
 0.01000646 0.01114301 0.01000218 0.01000718]",[ 4  8 12 13 15 16 18 25 27 30],100,66,0.01635,1000,100,0.001,0.003,1,10,10,random,10,random
655,TID,False,0.03589662615304596,0.0036925079414779328,10,"[0.01000542 0.01000061 0.01000872 0.90881337 0.01000872 0.01000432
 0.01000646 0.01114301 0.01000218 0.01000718]",[ 4  8 12 13 15 16 18 25 27 30],100,65,0.016261,1000,100,0.001,0.003,1,10,10,random,10,random
656,idID,True,0.03589425846877275,0.0036924956785443657,10,"[0.01000553 0.01000072 0.01000884 0.9088235  0.01000884 0.01000444
 0.01000657 0.01113199 0.01000229 0.01000729]",[ 4  8 12 13 15 16 18 25 27 30],100,36,0.014885,1000,100,0.001,0.003,1,10,10,random,10,random
657,TID,True,0.03589151909049475,0.0036924828656196467,10,"[0.01000553 0.01000072 0.01000884 0.90883463 0.01000884 0.01000444
 0.01000657 0.01112086 0.01000229 0.01000729]",[ 4  8 12 13 15 16 18 25 27 30],100,66,0.016552,1000,100,0.001,0.003,1,10,10,random,10,random
658,TID,False,0.03589151909049475,0.0036924828656196467,10,"[0.01000553 0.01000072 0.01000884 0.90883463 0.01000884 0.01000444
 0.01000657 0.01112086 0.01000229 0.01000729]",[ 4  8 12 13 15 16 18 25 27 30],100,70,0.016806,1000,100,0.001,0.003,1,10,10,random,10,random
659,iDR,True,0.03588915592790525,0.003692470626784713,10,"[0.01000564 0.01000083 0.01000895 0.90884474 0.01000895 0.01000455
 0.01000668 0.01110986 0.0100024  0.0100074 ]",[ 4  8 12 13 15 16 18 25 27 30],100,55,0.016282,1000,100,0.001,0.003,1,10,10,random,10,random
660,iDR,True,0.0358867950146467,0.003692458399916803,10,"[0.01000575 0.01000094 0.01000906 0.90885483 0.01000906 0.01000466
 0.0100068  0.01109888 0.01000251 0.01000751]",[ 4  8 12 13 15 16 18 25 27 30],100,58,0.016395,1000,100,0.001,0.003,1,10,10,random,10,random
661,TID,False,0.0358867950146467,0.003692458399916803,10,"[0.01000575 0.01000094 0.01000906 0.90885483 0.01000906 0.01000466
 0.0100068  0.01109888 0.01000251 0.01000751]",[ 4  8 12 13 15 16 18 25 27 30],100,67,0.016444,1000,100,0.001,0.003,1,10,10,random,10,random
662,idID,True,0.0358844363486915,0.003692446185004485,10,"[0.01000586 0.01000105 0.01000917 0.90886492 0.01000917 0.01000477
 0.01000691 0.0110879  0.01000262 0.01000763]",[ 4  8 12 13 15 16 18 25 27 30],100,31,0.014594,1000,100,0.001,0.003,1,10,10,random,10,random
663,iDR,True,0.03588207992801361,0.0036924339820363352,10,"[0.01000597 0.01000116 0.01000928 0.908875   0.01000928 0.01000488
 0.01000702 0.01107694 0.01000273 0.01000774]",[ 4  8 12 13 15 16 18 25 27 30],100,57,0.016287,1000,100,0.001,0.003,1,10,10,random,10,random
664,iDR,True,0.035879725750588634,0.0036924217910009444,10,"[0.01000609 0.01000127 0.01000939 0.90888507 0.01000939 0.01000499
 0.01000713 0.01106598 0.01000285 0.01000785]",[ 4  8 12 13 15 16 18 25 27 30],100,60,0.01651,1000,100,0.001,0.003,1,10,10,random,10,random
665,TID,False,0.035879725750588634,0.0036924217910009444,10,"[0.01000609 0.01000127 0.01000939 0.90888507 0.01000939 0.01000499
 0.01000713 0.01106598 0.01000285 0.01000785]",[ 4  8 12 13 15 16 18 25 27 30],100,68,0.016503,1000,100,0.001,0.003,1,10,10,random,10,random
666,TID,True,0.035877002213344236,0.0036924090540550224,10,"[0.01000609 0.01000127 0.01000939 0.90889613 0.01000939 0.01000499
 0.01000713 0.01105492 0.01000285 0.01000785]",[ 4  8 12 13 15 16 18 25 27 30],100,66,0.016435,1000,100,0.001,0.003,1,10,10,random,10,random
667,idID,True,0.035874652533072635,0.0036923968869794262,10,"[0.0100062  0.01000138 0.0100095  0.90890618 0.0100095  0.0100051
 0.01000724 0.01104398 0.01000296 0.01000796]",[ 4  8 12 13 15 16 18 25 27 30],100,39,0.014974,1000,100,0.001,0.003,1,10,10,random,10,random
668,idID,True,0.035872305089975784,0.0036923847318022928,10,"[0.01000631 0.01000149 0.01000961 0.90891622 0.01000961 0.01000521
 0.01000735 0.01103306 0.01000307 0.01000807]",[ 4  8 12 13 15 16 18 25 27 30],100,42,0.015195,1000,100,0.001,0.003,1,10,10,random,10,random
669,TID,True,0.03586958945225092,0.0036923720327483767,10,"[0.01000631 0.01000149 0.01000961 0.90892725 0.01000961 0.01000521
 0.01000735 0.01102203 0.01000307 0.01000807]",[ 4  8 12 13 15 16 18 25 27 30],100,65,0.01636,1000,100,0.001,0.003,1,10,10,random,10,random
670,iDR,True,0.03586724649407181,0.0036923599014617877,10,"[0.01000642 0.0100016  0.01000972 0.90893727 0.01000972 0.01000532
 0.01000746 0.01101113 0.01000318 0.01000818]",[ 4  8 12 13 15 16 18 25 27 30],100,53,0.016115,1000,100,0.001,0.003,1,10,10,random,10,random
671,TID,True,0.035864536118460355,0.0036923472276535895,10,"[0.01000642 0.0100016  0.01000972 0.90894828 0.01000972 0.01000532
 0.01000746 0.01100012 0.01000318 0.01000818]",[ 4  8 12 13 15 16 18 25 27 30],100,59,0.01591,1000,100,0.001,0.003,1,10,10,random,10,random
672,idID,True,0.03586219763704852,0.0036923351202113983,10,"[0.01000653 0.01000171 0.01000983 0.90895828 0.01000983 0.01000543
 0.01000757 0.01098924 0.01000329 0.01000829]",[ 4  8 12 13 15 16 18 25 27 30],100,40,0.014968,1000,100,0.001,0.003,1,10,10,random,10,random
673,idID,True,0.03585986138270851,0.0036923230246106767,10,"[0.01000664 0.01000182 0.01000994 0.90896827 0.01000994 0.01000554
 0.01000768 0.01097837 0.0100034  0.0100084 ]",[ 4  8 12 13 15 16 18 25 27 30],100,45,0.015436,1000,100,0.001,0.003,1,10,10,random,10,random
674,TID,True,0.03585916855814805,0.0036922960727149494,10,"[0.01000664 0.01000182 0.01000994 0.90896827 0.01000994 0.01000554
 0.01000768 0.01096739 0.01001437 0.0100084 ]",[ 4  8 12 13 15 16 18 25 27 30],100,67,0.016494,1000,100,0.001,0.003,1,10,10,random,10,random
675,idID,True,0.03585683683095604,0.003692284000732686,10,"[0.01000675 0.01000193 0.01001005 0.90897824 0.01001005 0.01000565
 0.01000779 0.01095654 0.01001448 0.01000851]",[ 4  8 12 13 15 16 18 25 27 30],100,46,0.015478,1000,100,0.001,0.003,1,10,10,random,10,random
676,TID,True,0.03585675391122483,0.003692240477026383,10,"[0.01000675 0.01000193 0.01000004 0.90897824 0.01002006 0.01000565
 0.01000779 0.01095654 0.01001448 0.01000851]",[ 4  8 12 13 15 16 18 25 27 30],100,55,0.015787,1000,100,0.001,0.003,1,10,10,random,10,random
677,idID,True,0.03585442440282685,0.0036922284163748227,10,"[0.01000686 0.01000204 0.01000015 0.9089882  0.01002017 0.01000576
 0.0100079  0.01094571 0.01001459 0.01000862]",[ 4  8 12 13 15 16 18 25 27 30],100,56,0.016036,1000,100,0.001,0.003,1,10,10,random,10,random
678,TID,True,0.03585002615453273,0.003692263496996596,10,"[0.01000686 0.01000204 0.01000015 0.90899822 0.01001015 0.01000576
 0.0100079  0.01094571 0.01001459 0.01000862]",[ 4  8 12 13 15 16 18 25 27 30],100,56,0.015819,1000,100,0.001,0.003,1,10,10,random,10,random
679,TID,True,0.03584733146961227,0.0036922508984881604,10,"[0.01000686 0.01000204 0.01000015 0.90900916 0.01001015 0.01000576
 0.0100079  0.01093476 0.01001459 0.01000862]",[ 4  8 12 13 15 16 18 25 27 30],100,58,0.015904,1000,100,0.001,0.003,1,10,10,random,10,random
680,TID,True,0.035845401882491454,0.0036922974657139346,10,"[0.01000686 0.01000204 0.01000015 0.90900916 0.01000014 0.01000576
 0.0100079  0.01094477 0.01001459 0.01000862]",[ 4  8 12 13 15 16 18 25 27 30],100,59,0.016012,1000,100,0.001,0.003,1,10,10,random,10,random
681,idID,True,0.03584390447834782,0.0036923110285895303,10,"[0.01000696 0.01000214 0.01000025 0.90901827 0.01000024 0.01000586
 0.010008   0.01094488 0.01000468 0.01000872]",[ 4  8 12 13 15 16 18 25 27 30],100,46,0.015427,1000,100,0.001,0.003,1,10,10,random,10,random
682,TID,False,0.03584390447834782,0.0036923110285895303,10,"[0.01000696 0.01000214 0.01000025 0.90901827 0.01000024 0.01000586
 0.010008   0.01094488 0.01000468 0.01000872]",[ 4  8 12 13 15 16 18 25 27 30],100,64,0.016209,1000,100,0.001,0.003,1,10,10,random,10,random
683,TID,False,0.03584390447834782,0.0036923110285895303,10,"[0.01000696 0.01000214 0.01000025 0.90901827 0.01000024 0.01000586
 0.010008   0.01094488 0.01000468 0.01000872]",[ 4  8 12 13 15 16 18 25 27 30],100,60,0.01598,1000,100,0.001,0.003,1,10,10,random,10,random
684,TID,False,0.03584390447834782,0.0036923110285895303,10,"[0.01000696 0.01000214 0.01000025 0.90901827 0.01000024 0.01000586
 0.010008   0.01094488 0.01000468 0.01000872]",[ 4  8 12 13 15 16 18 25 27 30],100,58,0.015812,1000,100,0.001,0.003,1,10,10,random,10,random
685,TID,False,0.03584390447834782,0.0036923110285895303,10,"[0.01000696 0.01000214 0.01000025 0.90901827 0.01000024 0.01000586
 0.010008   0.01094488 0.01000468 0.01000872]",[ 4  8 12 13 15 16 18 25 27 30],100,57,0.015773,1000,100,0.001,0.003,1,10,10,random,10,random
686,iDR,True,0.03584157710997519,0.0036922989815481155,10,"[0.01000707 0.01000225 0.01000036 0.90902821 0.01000035 0.01000597
 0.01000811 0.01093406 0.01000479 0.01000883]",[ 4  8 12 13 15 16 18 25 27 30],100,51,0.015973,1000,100,0.001,0.003,1,10,10,random,10,random
687,iDR,True,0.035839251958654825,0.003692286946290425,10,"[0.01000718 0.01000236 0.01000047 0.90903815 0.01000046 0.01000608
 0.01000822 0.01092324 0.0100049  0.01000894]",[ 4  8 12 13 15 16 18 25 27 30],100,61,0.016564,1000,100,0.001,0.003,1,10,10,random,10,random
688,TID,True,0.03583856246917331,0.0036922601297339043,10,"[0.01000718 0.01000236 0.01000047 0.90903815 0.01000046 0.01000608
 0.01000822 0.01091232 0.01001582 0.01000894]",[ 4  8 12 13 15 16 18 25 27 30],100,57,0.015776,1000,100,0.001,0.003,1,10,10,random,10,random
689,iDR,True,0.03583706471962478,0.0036922736938982963,10,"[0.01000728 0.01000246 0.01000057 0.90904726 0.01000056 0.01000618
 0.01000832 0.01091243 0.01000591 0.01000904]",[ 4  8 12 13 15 16 18 25 27 30],100,63,0.016654,1000,100,0.001,0.003,1,10,10,random,10,random
690,iDR,True,0.035834744002905754,0.0036922616821717558,10,"[0.01000738 0.01000257 0.01000068 0.90905718 0.01000067 0.01000629
 0.01000843 0.01090163 0.01000602 0.01000915]",[ 4  8 12 13 15 16 18 25 27 30],100,55,0.016226,1000,100,0.001,0.003,1,10,10,random,10,random
691,TID,False,0.035834744002905754,0.0036922616821717558,10,"[0.01000738 0.01000257 0.01000068 0.90905718 0.01000067 0.01000629
 0.01000843 0.01090163 0.01000602 0.01000915]",[ 4  8 12 13 15 16 18 25 27 30],100,59,0.015871,1000,100,0.001,0.003,1,10,10,random,10,random
692,TID,False,0.035834744002905754,0.0036922616821717558,10,"[0.01000738 0.01000257 0.01000068 0.90905718 0.01000067 0.01000629
 0.01000843 0.01090163 0.01000602 0.01000915]",[ 4  8 12 13 15 16 18 25 27 30],100,60,0.015962,1000,100,0.001,0.003,1,10,10,random,10,random
693,idID,False,0.035834744002905754,0.0036922616821717558,10,"[0.01000738 0.01000257 0.01000068 0.90905718 0.01000067 0.01000629
 0.01000843 0.01090163 0.01000602 0.01000915]",[ 4  8 12 13 15 16 18 25 27 30],100,42,0.015153,1000,100,0.001,0.003,1,10,10,random,10,random
694,iDR,True,0.035832425497231306,0.003692249682195174,10,"[0.01000749 0.01000268 0.01000079 0.90906709 0.01000078 0.0100064
 0.01000854 0.01089085 0.01000612 0.01000926]",[ 4  8 12 13 15 16 18 25 27 30],100,68,0.017098,1000,100,0.001,0.003,1,10,10,random,10,random
695,iDR,True,0.035830109200604254,0.003692237693957318,10,"[0.0100076  0.01000279 0.0100009  0.90907699 0.01000089 0.01000651
 0.01000865 0.01088008 0.01000623 0.01000936]",[ 4  8 12 13 15 16 18 25 27 30],100,48,0.015856,1000,100,0.001,0.003,1,10,10,random,10,random
696,idID,True,0.035827795111028786,0.0036922257174469607,10,"[0.01000771 0.0100029  0.01000101 0.90908688 0.010001   0.01000662
 0.01000876 0.01086932 0.01000634 0.01000947]",[ 4  8 12 13 15 16 18 25 27 30],100,40,0.015074,1000,100,0.001,0.003,1,10,10,random,10,random
697,TID,False,0.035827795111028786,0.0036922257174469607,10,"[0.01000771 0.0100029  0.01000101 0.90908688 0.010001   0.01000662
 0.01000876 0.01086932 0.01000634 0.01000947]",[ 4  8 12 13 15 16 18 25 27 30],100,54,0.015518,1000,100,0.001,0.003,1,10,10,random,10,random
698,iDR,True,0.03582548322651075,0.003692213752652889,10,"[0.01000782 0.01000301 0.01000112 0.90909676 0.01000111 0.01000673
 0.01000886 0.01085857 0.01000645 0.01000958]",[ 4  8 12 13 15 16 18 25 27 30],100,50,0.015932,1000,100,0.001,0.003,1,10,10,random,10,random
699,idID,True,0.035823173545057624,0.0036922017995638977,10,"[0.01000793 0.01000312 0.01000122 0.90910663 0.01000121 0.01000683
 0.01000897 0.01084782 0.01000656 0.01000969]",[ 4  8 12 13 15 16 18 25 27 30],100,47,0.015624,1000,100,0.001,0.003,1,10,10,random,10,random
700,TID,True,0.03582050228908612,0.0036921893137180236,10,"[0.01000793 0.01000312 0.01000122 0.90911748 0.01000121 0.01000683
 0.01000897 0.01083698 0.01000656 0.01000969]",[ 4  8 12 13 15 16 18 25 27 30],100,57,0.01575,1000,100,0.001,0.003,1,10,10,random,10,random
701,TID,False,0.03582050228908612,0.0036921893137180236,10,"[0.01000793 0.01000312 0.01000122 0.90911748 0.01000121 0.01000683
 0.01000897 0.01083698 0.01000656 0.01000969]",[ 4  8 12 13 15 16 18 25 27 30],100,61,0.016042,1000,100,0.001,0.003,1,10,10,random,10,random
702,TID,False,0.03582050228908612,0.0036921893137180236,10,"[0.01000793 0.01000312 0.01000122 0.90911748 0.01000121 0.01000683
 0.01000897 0.01083698 0.01000656 0.01000969]",[ 4  8 12 13 15 16 18 25 27 30],100,55,0.015678,1000,100,0.001,0.003,1,10,10,random,10,random
703,idID,True,0.03581819702389213,0.00369217738412913,10,"[0.01000804 0.01000322 0.01000133 0.90912733 0.01000132 0.01000694
 0.01000908 0.01082626 0.01000667 0.0100098 ]",[ 4  8 12 13 15 16 18 25 27 30],100,36,0.014826,1000,100,0.001,0.003,1,10,10,random,10,random
704,idID,True,0.03581589395578082,0.0036921654662116473,10,"[0.01000815 0.01000333 0.01000144 0.90913718 0.01000143 0.01000705
 0.01000919 0.01081555 0.01000678 0.01000991]",[ 4  8 12 13 15 16 18 25 27 30],100,36,0.014816,1000,100,0.001,0.003,1,10,10,random,10,random
705,TID,False,0.03581589395578082,0.0036921654662116473,10,"[0.01000815 0.01000333 0.01000144 0.90913718 0.01000143 0.01000705
 0.01000919 0.01081555 0.01000678 0.01000991]",[ 4  8 12 13 15 16 18 25 27 30],100,65,0.016315,1000,100,0.001,0.003,1,10,10,random,10,random
706,idID,True,0.03581359308276592,0.003692153559954412,10,"[0.01000825 0.01000344 0.01000155 0.90914701 0.01000154 0.01000716
 0.0100093  0.01080485 0.01000689 0.01001002]",[ 4  8 12 13 15 16 18 25 27 30],100,48,0.015595,1000,100,0.001,0.003,1,10,10,random,10,random
707,TID,True,0.03581178826168078,0.003692177714123627,10,"[0.01000825 0.01000344 0.01000155 0.90914701 0.01000154 0.01000716
 0.0100093  0.01081486 0.01000689 0.01000001]",[ 4  8 12 13 15 16 18 25 27 30],100,63,0.016282,1000,100,0.001,0.003,1,10,10,random,10,random
708,TID,True,0.035811105368663755,0.0036921511636445917,10,"[0.01000825 0.01000344 0.01000155 0.90914701 0.01000154 0.01000716
 0.0100093  0.01080404 0.0100177  0.01000001]",[ 4  8 12 13 15 16 18 25 27 30],100,66,0.016422,1000,100,0.001,0.003,1,10,10,random,10,random
709,TID,True,0.035808444620061,0.0036921387281896967,10,"[0.01000825 0.01000344 0.01000155 0.90915781 0.01000154 0.01000716
 0.0100093  0.01079324 0.0100177  0.01000001]",[ 4  8 12 13 15 16 18 25 27 30],100,55,0.015686,1000,100,0.001,0.003,1,10,10,random,10,random
710,TID,True,0.03580578646389414,0.0036921263051702563,10,"[0.01000825 0.01000344 0.01000155 0.90916861 0.01000154 0.01000716
 0.0100093  0.01078245 0.0100177  0.01000001]",[ 4  8 12 13 15 16 18 25 27 30],100,53,0.015557,1000,100,0.001,0.003,1,10,10,random,10,random
711,iDR,True,0.03580428767249915,0.003692139870537104,10,"[0.01000835 0.01000354 0.01000165 0.90917771 0.01000164 0.01000726
 0.0100094  0.01078255 0.01000778 0.01000011]",[ 4  8 12 13 15 16 18 25 27 30],100,20,0.014185,1000,100,0.001,0.003,1,10,10,random,10,random
712,idID,True,0.03580199346398699,0.0036921280003242734,10,"[0.01000846 0.01000365 0.01000176 0.90918752 0.01000175 0.01000737
 0.01000951 0.01077189 0.01000789 0.01000021]",[ 4  8 12 13 15 16 18 25 27 30],100,41,0.015023,1000,100,0.001,0.003,1,10,10,random,10,random
713,TID,False,0.03580199346398699,0.0036921280003242734,10,"[0.01000846 0.01000365 0.01000176 0.90918752 0.01000175 0.01000737
 0.01000951 0.01077189 0.01000789 0.01000021]",[ 4  8 12 13 15 16 18 25 27 30],100,55,0.015597,1000,100,0.001,0.003,1,10,10,random,10,random
714,TID,True,0.03580131318764863,0.0036921015553378973,10,"[0.01000846 0.01000365 0.01000176 0.90918752 0.01000175 0.01000737
 0.01000951 0.01076112 0.01001866 0.01000021]",[ 4  8 12 13 15 16 18 25 27 30],100,54,0.015572,1000,100,0.001,0.003,1,10,10,random,10,random
715,idID,True,0.03579981414666598,0.003692115121759957,10,"[0.01000856 0.01000375 0.01000186 0.90919663 0.01000185 0.01000747
 0.01000961 0.01076122 0.01000874 0.01000031]",[ 4  8 12 13 15 16 18 25 27 30],100,43,0.015327,1000,100,0.001,0.003,1,10,10,random,10,random
716,TID,False,0.03579981414666598,0.003692115121759957,10,"[0.01000856 0.01000375 0.01000186 0.90919663 0.01000185 0.01000747
 0.01000961 0.01076122 0.01000874 0.01000031]",[ 4  8 12 13 15 16 18 25 27 30],100,70,0.016638,1000,100,0.001,0.003,1,10,10,random,10,random
717,iDR,True,0.035797524315682505,0.00369210327476318,10,"[0.01000867 0.01000386 0.01000196 0.90920641 0.01000195 0.01000758
 0.01000971 0.01075058 0.01000885 0.01000042]",[ 4  8 12 13 15 16 18 25 27 30],100,55,0.016207,1000,100,0.001,0.003,1,10,10,random,10,random
718,TID,False,0.035797524315682505,0.00369210327476318,10,"[0.01000867 0.01000386 0.01000196 0.90920641 0.01000195 0.01000758
 0.01000971 0.01075058 0.01000885 0.01000042]",[ 4  8 12 13 15 16 18 25 27 30],100,75,0.017003,1000,100,0.001,0.003,1,10,10,random,10,random
719,iDR,True,0.03579523666783019,0.0036920914393588004,10,"[0.01000878 0.01000396 0.01000207 0.90921619 0.01000206 0.01000768
 0.01000982 0.01073994 0.01000896 0.01000053]",[ 4  8 12 13 15 16 18 25 27 30],100,57,0.016325,1000,100,0.001,0.003,1,10,10,random,10,random
720,idID,True,0.035792951201133905,0.003692079615535726,10,"[0.01000889 0.01000407 0.01000218 0.90922595 0.01000217 0.01000779
 0.01000993 0.01072932 0.01000907 0.01000064]",[ 4  8 12 13 15 16 18 25 27 30],100,40,0.01511,1000,100,0.001,0.003,1,10,10,random,10,random
721,iDR,True,0.035790667913620094,0.003692067803282876,10,"[0.01000899 0.01000418 0.01000229 0.90923571 0.01000228 0.0100079
 0.01001004 0.0107187  0.01000917 0.01000074]",[ 4  8 12 13 15 16 18 25 27 30],100,62,0.016651,1000,100,0.001,0.003,1,10,10,random,10,random
722,iDR,True,0.03578627926921846,0.0036920517677224993,10,"[0.01000909 0.01000428 0.01000239 0.90924481 0.01000238 0.010008
 0.01000013 0.01071881 0.01000927 0.01000084]",[ 4  8 12 13 15 16 18 25 27 30],100,55,0.016201,1000,100,0.001,0.003,1,10,10,random,10,random
723,TID,True,0.03578363891276373,0.003692039430369789,10,"[0.01000909 0.01000428 0.01000239 0.90925553 0.01000238 0.010008
 0.01000013 0.01070809 0.01000927 0.01000084]",[ 4  8 12 13 15 16 18 25 27 30],100,64,0.016255,1000,100,0.001,0.003,1,10,10,random,10,random
724,TID,False,0.03578363891276373,0.003692039430369789,10,"[0.01000909 0.01000428 0.01000239 0.90925553 0.01000238 0.010008
 0.01000013 0.01070809 0.01000927 0.01000084]",[ 4  8 12 13 15 16 18 25 27 30],100,56,0.015666,1000,100,0.001,0.003,1,10,10,random,10,random
725,idID,True,0.035781359871982034,0.0036920276410550784,10,"[0.0100092  0.01000439 0.01000249 0.90926526 0.01000248 0.01000811
 0.01000023 0.0106975  0.01000938 0.01000095]",[ 4  8 12 13 15 16 18 25 27 30],100,43,0.015249,1000,100,0.001,0.003,1,10,10,random,10,random
726,idID,True,0.03577908300457403,0.0036920158632775756,10,"[0.01000931 0.01000449 0.0100026  0.90927499 0.01000259 0.01000821
 0.01000034 0.01068692 0.01000949 0.01000106]",[ 4  8 12 13 15 16 18 25 27 30],100,32,0.014666,1000,100,0.001,0.003,1,10,10,random,10,random
727,idID,False,0.03577908300457403,0.0036920158632775756,10,"[0.01000931 0.01000449 0.0100026  0.90927499 0.01000259 0.01000821
 0.01000034 0.01068692 0.01000949 0.01000106]",[ 4  8 12 13 15 16 18 25 27 30],100,41,0.01506,1000,100,0.001,0.003,1,10,10,random,10,random
728,iDR,True,0.035776808308572265,0.0036920040970262356,10,"[0.01000941 0.0100046  0.01000271 0.90928471 0.0100027  0.01000832
 0.01000045 0.01067634 0.0100096  0.01000117]",[ 4  8 12 13 15 16 18 25 27 30],100,50,0.015943,1000,100,0.001,0.003,1,10,10,random,10,random
729,iDR,True,0.03577453578201102,0.0036919923422900286,10,"[0.01000952 0.01000471 0.01000281 0.90929442 0.0100028  0.01000843
 0.01000055 0.01066578 0.0100097  0.01000127]",[ 4  8 12 13 15 16 18 25 27 30],100,58,0.016367,1000,100,0.001,0.003,1,10,10,random,10,random
730,idID,True,0.03577226542292608,0.003691980599057933,10,"[0.01000963 0.01000481 0.01000292 0.90930411 0.01000291 0.01000853
 0.01000066 0.01065523 0.01000981 0.01000138]",[ 4  8 12 13 15 16 18 25 27 30],100,45,0.01535,1000,100,0.001,0.003,1,10,10,random,10,random
731,idID,True,0.03576999722935478,0.0036919688673189392,10,"[0.01000973 0.01000492 0.01000303 0.9093138  0.01000302 0.01000864
 0.01000077 0.01064469 0.01000992 0.01000149]",[ 4  8 12 13 15 16 18 25 27 30],100,36,0.014724,1000,100,0.001,0.003,1,10,10,random,10,random
732,idID,True,0.035767731199336086,0.003691957147062047,10,"[0.01000984 0.01000503 0.01000313 0.90932348 0.01000312 0.01000875
 0.01000087 0.01063416 0.01001002 0.01000159]",[ 4  8 12 13 15 16 18 25 27 30],100,33,0.014586,1000,100,0.001,0.003,1,10,10,random,10,random
733,iDR,True,0.0357662326503971,0.0036919707003389896,10,"[0.01000994 0.01000513 0.01000323 0.90933258 0.01000322 0.01000885
 0.01000097 0.01063426 0.01000011 0.01000169]",[ 4  8 12 13 15 16 18 25 27 30],100,67,0.016938,1000,100,0.001,0.003,1,10,10,random,10,random
734,idID,True,0.03576396871201428,0.0036919589915801283,10,"[0.01001005 0.01000523 0.01000334 0.90934225 0.01000333 0.01000895
 0.01000108 0.01062374 0.01000022 0.0100018 ]",[ 4  8 12 13 15 16 18 25 27 30],100,47,0.01545,1000,100,0.001,0.003,1,10,10,random,10,random
735,iDR,True,0.03576116006892182,0.003691887188379296,10,"[0.01000014 0.01000533 0.01000344 0.90935136 0.01000343 0.01000905
 0.01000118 0.01062385 0.01000032 0.0100019 ]",[ 4  8 12 13 15 16 18 25 27 30],100,60,0.016493,1000,100,0.001,0.003,1,10,10,random,10,random
736,iDR,True,0.035758898196224964,0.003691875490200606,10,"[0.01000024 0.01000544 0.01000355 0.90936102 0.01000354 0.01000916
 0.01000129 0.01061334 0.01000043 0.010002  ]",[ 4  8 12 13 15 16 18 25 27 30],100,61,0.016571,1000,100,0.001,0.003,1,10,10,random,10,random
737,iDR,True,0.03575663848136253,0.0036918638034719015,10,"[0.01000035 0.01000555 0.01000365 0.90937067 0.01000364 0.01000927
 0.01000139 0.01060284 0.01000053 0.01000211]",[ 4  8 12 13 15 16 18 25 27 30],100,59,0.016495,1000,100,0.001,0.003,1,10,10,random,10,random
738,TID,False,0.03575663848136253,0.0036918638034719015,10,"[0.01000035 0.01000555 0.01000365 0.90937067 0.01000364 0.01000927
 0.01000139 0.01060284 0.01000053 0.01000211]",[ 4  8 12 13 15 16 18 25 27 30],100,53,0.015479,1000,100,0.001,0.003,1,10,10,random,10,random
739,TID,True,0.03575402593652397,0.0036918515996083117,10,"[0.01000035 0.01000555 0.01000365 0.90938127 0.01000364 0.01000927
 0.01000139 0.01059223 0.01000053 0.01000211]",[ 4  8 12 13 15 16 18 25 27 30],100,65,0.016292,1000,100,0.001,0.003,1,10,10,random,10,random
740,idID,True,0.035751770546892464,0.003691839935864779,10,"[0.01000046 0.01000565 0.01000376 0.90939091 0.01000375 0.01000937
 0.0100015  0.01058175 0.01000064 0.01000222]",[ 4  8 12 13 15 16 18 25 27 30],100,38,0.014939,1000,100,0.001,0.003,1,10,10,random,10,random
741,idID,True,0.03574951730922173,0.0036918282835382656,10,"[0.01000056 0.01000576 0.01000387 0.90940053 0.01000386 0.01000948
 0.0100016  0.01057128 0.01000074 0.01000232]",[ 4  8 12 13 15 16 18 25 27 30],100,45,0.015274,1000,100,0.001,0.003,1,10,10,random,10,random
742,TID,True,0.03574691235268015,0.003691816115992033,10,"[0.01000056 0.01000576 0.01000387 0.9094111  0.01000386 0.01000948
 0.0100016  0.01056071 0.01000074 0.01000232]",[ 4  8 12 13 15 16 18 25 27 30],100,68,0.016546,1000,100,0.001,0.003,1,10,10,random,10,random
743,iDR,True,0.035744663428420316,0.0036918044865841488,10,"[0.01000067 0.01000586 0.01000397 0.9094207  0.01000396 0.01000958
 0.01000171 0.01055026 0.01000085 0.01000243]",[ 4  8 12 13 15 16 18 25 27 30],100,55,0.016184,1000,100,0.001,0.003,1,10,10,random,10,random
744,iDR,True,0.03574241665026176,0.003691792868560408,10,"[0.01000077 0.01000597 0.01000408 0.9094303  0.01000407 0.01000969
 0.01000182 0.01053982 0.01000095 0.01000253]",[ 4  8 12 13 15 16 18 25 27 30],100,60,0.01648,1000,100,0.001,0.003,1,10,10,random,10,random
745,iDR,True,0.03574017201625892,0.0036917812619099064,10,"[0.01000088 0.01000607 0.01000418 0.90943988 0.01000417 0.01000979
 0.01000192 0.01052939 0.01000106 0.01000264]",[ 4  8 12 13 15 16 18 25 27 30],100,61,0.016576,1000,100,0.001,0.003,1,10,10,random,10,random
746,iDR,True,0.035737929524467756,0.003691769666621752,10,"[0.01000098 0.01000618 0.01000429 0.90944946 0.01000428 0.0100099
 0.01000203 0.01051898 0.01000116 0.01000274]",[ 4  8 12 13 15 16 18 25 27 30],100,58,0.016355,1000,100,0.001,0.003,1,10,10,random,10,random
747,iDR,True,0.0357356891729459,0.003691758082685066,10,"[0.01000109 0.01000629 0.01000439 0.90945903 0.01000438 0.01001001
 0.01000213 0.01050857 0.01000127 0.01000285]",[ 4  8 12 13 15 16 18 25 27 30],100,56,0.016258,1000,100,0.001,0.003,1,10,10,random,10,random
748,iDR,True,0.03573345095975243,0.0036917465100889725,10,"[0.01000119 0.01000639 0.0100045  0.90946858 0.01000449 0.01001011
 0.01000224 0.01049817 0.01000138 0.01000295]",[ 4  8 12 13 15 16 18 25 27 30],100,56,0.016241,1000,100,0.001,0.003,1,10,10,random,10,random
749,idID,True,0.03572978110700241,0.0036917806423705174,10,"[0.01000129 0.01000649 0.0100046  0.90947769 0.01000459 0.0100002
 0.01000234 0.01049827 0.01000148 0.01000305]",[ 4  8 12 13 15 16 18 25 27 30],100,48,0.015577,1000,100,0.001,0.003,1,10,10,random,10,random
750,idID,True,0.03572754492698249,0.0036917690813467593,10,"[0.0100014  0.0100066  0.0100047  0.90948724 0.01000469 0.01000031
 0.01000244 0.01048789 0.01000158 0.01000316]",[ 4  8 12 13 15 16 18 25 27 30],100,49,0.015634,1000,100,0.001,0.003,1,10,10,random,10,random
751,idID,True,0.035725310881512456,0.0036917575316416412,10,"[0.0100015  0.0100067  0.01000481 0.90949677 0.0100048  0.01000041
 0.01000255 0.01047751 0.01000169 0.01000326]",[ 4  8 12 13 15 16 18 25 27 30],100,42,0.015155,1000,100,0.001,0.003,1,10,10,random,10,random
752,iDR,True,0.035723078968656063,0.003691745993244325,10,"[0.01000161 0.01000681 0.01000491 0.9095063  0.0100049  0.01000052
 0.01000265 0.01046714 0.01000179 0.01000337]",[ 4  8 12 13 15 16 18 25 27 30],100,50,0.016061,1000,100,0.001,0.003,1,10,10,random,10,random
753,iDR,True,0.0357208491864785,0.0036917344661439753,10,"[0.01000171 0.01000691 0.01000502 0.90951582 0.01000501 0.01000062
 0.01000276 0.01045678 0.01000189 0.01000347]",[ 4  8 12 13 15 16 18 25 27 30],100,50,0.016017,1000,100,0.001,0.003,1,10,10,random,10,random
754,TID,False,0.0357208491864785,0.0036917344661439753,10,"[0.01000171 0.01000691 0.01000502 0.90951582 0.01000501 0.01000062
 0.01000276 0.01045678 0.01000189 0.01000347]",[ 4  8 12 13 15 16 18 25 27 30],100,58,0.015756,1000,100,0.001,0.003,1,10,10,random,10,random
755,idID,True,0.03571862153304659,0.0036917229503297708,10,"[0.01000182 0.01000702 0.01000512 0.90952533 0.01000511 0.01000072
 0.01000286 0.01044643 0.010002   0.01000358]",[ 4  8 12 13 15 16 18 25 27 30],100,46,0.015473,1000,100,0.001,0.003,1,10,10,random,10,random
756,idID,True,0.0357163960064287,0.0036917114457908997,10,"[0.01000192 0.01000712 0.01000523 0.90953484 0.01000522 0.01000083
 0.01000297 0.0104361  0.0100021  0.01000368]",[ 4  8 12 13 15 16 18 25 27 30],100,35,0.014827,1000,100,0.001,0.003,1,10,10,random,10,random
757,iDR,True,0.03571417260469475,0.0036916999525165605,10,"[0.01000203 0.01000722 0.01000533 0.90954433 0.01000532 0.01000093
 0.01000307 0.01042577 0.01000221 0.01000379]",[ 4  8 12 13 15 16 18 25 27 30],100,63,0.016692,1000,100,0.001,0.003,1,10,10,random,10,random
758,iDR,True,0.03571195132591618,0.00369168847049596,10,"[0.01000213 0.01000733 0.01000544 0.90955381 0.01000543 0.01000104
 0.01000317 0.01041545 0.01000231 0.01000389]",[ 4  8 12 13 15 16 18 25 27 30],100,67,0.016884,1000,100,0.001,0.003,1,10,10,random,10,random
759,iDR,True,0.035709732168166045,0.0036916769997183173,10,"[0.01000224 0.01000743 0.01000554 0.90956328 0.01000553 0.01000114
 0.01000328 0.01040515 0.01000242 0.010004  ]",[ 4  8 12 13 15 16 18 25 27 30],100,50,0.015953,1000,100,0.001,0.003,1,10,10,random,10,random
760,TID,False,0.035709732168166045,0.0036916769997183173,10,"[0.01000224 0.01000743 0.01000554 0.90956328 0.01000553 0.01000114
 0.01000328 0.01040515 0.01000242 0.010004  ]",[ 4  8 12 13 15 16 18 25 27 30],100,63,0.016165,1000,100,0.001,0.003,1,10,10,random,10,random
761,idID,True,0.03570751512951884,0.003691665540172859,10,"[0.01000234 0.01000754 0.01000564 0.90957275 0.01000563 0.01000125
 0.01000338 0.01039485 0.01000252 0.0100041 ]",[ 4  8 12 13 15 16 18 25 27 30],100,46,0.015455,1000,100,0.001,0.003,1,10,10,random,10,random
762,TID,False,0.03570751512951884,0.003691665540172859,10,"[0.01000234 0.01000754 0.01000564 0.90957275 0.01000563 0.01000125
 0.01000338 0.01039485 0.01000252 0.0100041 ]",[ 4  8 12 13 15 16 18 25 27 30],100,54,0.015617,1000,100,0.001,0.003,1,10,10,random,10,random
763,iDR,True,0.03570530020805072,0.0036916540918488206,10,"[0.01000244 0.01000764 0.01000575 0.9095822  0.01000574 0.01000135
 0.01000349 0.01038456 0.01000262 0.0100042 ]",[ 4  8 12 13 15 16 18 25 27 30],100,57,0.016335,1000,100,0.001,0.003,1,10,10,random,10,random
764,TID,False,0.03570530020805072,0.0036916540918488206,10,"[0.01000244 0.01000764 0.01000575 0.9095822  0.01000574 0.01000135
 0.01000349 0.01038456 0.01000262 0.0100042 ]",[ 4  8 12 13 15 16 18 25 27 30],100,63,0.016104,1000,100,0.001,0.003,1,10,10,random,10,random
765,TID,False,0.03570530020805072,0.0036916540918488206,10,"[0.01000244 0.01000764 0.01000575 0.9095822  0.01000574 0.01000135
 0.01000349 0.01038456 0.01000262 0.0100042 ]",[ 4  8 12 13 15 16 18 25 27 30],100,68,0.01648,1000,100,0.001,0.003,1,10,10,random,10,random
766,TID,False,0.03570530020805072,0.0036916540918488206,10,"[0.01000244 0.01000764 0.01000575 0.9095822  0.01000574 0.01000135
 0.01000349 0.01038456 0.01000262 0.0100042 ]",[ 4  8 12 13 15 16 18 25 27 30],100,57,0.015729,1000,100,0.001,0.003,1,10,10,random,10,random
767,idID,True,0.03570308740183935,0.003691642654735453,10,"[0.01000255 0.01000774 0.01000585 0.90959165 0.01000584 0.01000145
 0.01000359 0.01037428 0.01000273 0.01000431]",[ 4  8 12 13 15 16 18 25 27 30],100,42,0.015324,1000,100,0.001,0.003,1,10,10,random,10,random
768,idID,True,0.03570087670896388,0.0036916312288220103,10,"[0.01000265 0.01000785 0.01000596 0.90960109 0.01000595 0.01000156
 0.01000369 0.01036402 0.01000283 0.01000441]",[ 4  8 12 13 15 16 18 25 27 30],100,48,0.015614,1000,100,0.001,0.003,1,10,10,random,10,random
769,idID,True,0.03569866812750515,0.0036916198140977607,10,"[0.01000275 0.01000795 0.01000606 0.90961051 0.01000605 0.01000166
 0.0100038  0.01035376 0.01000294 0.01000452]",[ 4  8 12 13 15 16 18 25 27 30],100,33,0.014714,1000,100,0.001,0.003,1,10,10,random,10,random
770,iDR,True,0.03569646165554537,0.0036916084105519794,10,"[0.01000286 0.01000806 0.01000616 0.90961993 0.01000615 0.01000176
 0.0100039  0.01034351 0.01000304 0.01000462]",[ 4  8 12 13 15 16 18 25 27 30],100,54,0.016132,1000,100,0.001,0.003,1,10,10,random,10,random
771,iDR,True,0.035694257291168416,0.0036915970181739545,10,"[0.01000296 0.01000816 0.01000627 0.90962934 0.01000626 0.01000187
 0.010004   0.01033328 0.01000314 0.01000472]",[ 4  8 12 13 15 16 18 25 27 30],100,61,0.016561,1000,100,0.001,0.003,1,10,10,random,10,random
772,idID,True,0.03569205503245969,0.0036915856369529815,10,"[0.01000307 0.01000826 0.01000637 0.90963874 0.01000636 0.01000197
 0.01000411 0.01032305 0.01000325 0.01000483]",[ 4  8 12 13 15 16 18 25 27 30],100,41,0.015111,1000,100,0.001,0.003,1,10,10,random,10,random
773,iDR,True,0.035689854877506116,0.0036915742668783675,10,"[0.01000317 0.01000837 0.01000647 0.90964813 0.01000646 0.01000207
 0.01000421 0.01031283 0.01000335 0.01000493]",[ 4  8 12 13 15 16 18 25 27 30],100,55,0.016218,1000,100,0.001,0.003,1,10,10,random,10,random
774,iDR,True,0.03568765682439612,0.003691562907939427,10,"[0.01000327 0.01000847 0.01000658 0.90965751 0.01000657 0.01000218
 0.01000431 0.01030263 0.01000345 0.01000503]",[ 4  8 12 13 15 16 18 25 27 30],100,52,0.016055,1000,100,0.001,0.003,1,10,10,random,10,random
775,TID,False,0.03568765682439612,0.003691562907939427,10,"[0.01000327 0.01000847 0.01000658 0.90965751 0.01000657 0.01000218
 0.01000431 0.01030263 0.01000345 0.01000503]",[ 4  8 12 13 15 16 18 25 27 30],100,63,0.016167,1000,100,0.001,0.003,1,10,10,random,10,random
776,iDR,True,0.03568546087121976,0.003691551560125486,10,"[0.01000337 0.01000857 0.01000668 0.90966688 0.01000667 0.01000228
 0.01000442 0.01029243 0.01000356 0.01000514]",[ 4  8 12 13 15 16 18 25 27 30],100,53,0.016114,1000,100,0.001,0.003,1,10,10,random,10,random
777,TID,False,0.03568546087121976,0.003691551560125486,10,"[0.01000337 0.01000857 0.01000668 0.90966688 0.01000667 0.01000228
 0.01000442 0.01029243 0.01000356 0.01000514]",[ 4  8 12 13 15 16 18 25 27 30],100,58,0.015803,1000,100,0.001,0.003,1,10,10,random,10,random
778,iDR,True,0.03568326701606856,0.0036915402234258803,10,"[0.01000348 0.01000868 0.01000678 0.90967625 0.01000677 0.01000238
 0.01000452 0.01028225 0.01000366 0.01000524]",[ 4  8 12 13 15 16 18 25 27 30],100,49,0.01587,1000,100,0.001,0.003,1,10,10,random,10,random
779,idID,True,0.035681075257035615,0.003691528897829955,10,"[0.01000358 0.01000878 0.01000689 0.9096856  0.01000688 0.01000249
 0.01000462 0.01027207 0.01000376 0.01000534]",[ 4  8 12 13 15 16 18 25 27 30],100,41,0.015064,1000,100,0.001,0.003,1,10,10,random,10,random
780,idID,True,0.03567888559221557,0.003691517583327065,10,"[0.01000368 0.01000888 0.01000699 0.90969494 0.01000698 0.01000259
 0.01000473 0.0102619  0.01000386 0.01000544]",[ 4  8 12 13 15 16 18 25 27 30],100,41,0.015198,1000,100,0.001,0.003,1,10,10,random,10,random
781,idID,True,0.035676698019704564,0.0036915062799065747,10,"[0.01000379 0.01000898 0.01000709 0.90970428 0.01000708 0.01000269
 0.01000483 0.01025175 0.01000397 0.01000555]",[ 4  8 12 13 15 16 18 25 27 30],100,43,0.015279,1000,100,0.001,0.003,1,10,10,random,10,random
782,TID,True,0.03567416996656437,0.0036914944801478586,10,"[0.01000379 0.01000898 0.01000709 0.90971453 0.01000708 0.01000269
 0.01000483 0.01024149 0.01000397 0.01000555]",[ 4  8 12 13 15 16 18 25 27 30],100,51,0.015363,1000,100,0.001,0.003,1,10,10,random,10,random
783,idID,True,0.03567198658743833,0.003691483198970758,10,"[0.01000389 0.01000909 0.01000719 0.90972385 0.01000718 0.01000279
 0.01000493 0.01023136 0.01000407 0.01000565]",[ 4  8 12 13 15 16 18 25 27 30],100,37,0.014857,1000,100,0.001,0.003,1,10,10,random,10,random
784,iDR,True,0.03566980529490637,0.0036914719288441054,10,"[0.01000399 0.01000919 0.0100073  0.90973316 0.01000729 0.0100029
 0.01000503 0.01022123 0.01000417 0.01000575]",[ 4  8 12 13 15 16 18 25 27 30],100,60,0.016452,1000,100,0.001,0.003,1,10,10,random,10,random
785,TID,False,0.03566980529490637,0.0036914719288441054,10,"[0.01000399 0.01000919 0.0100073  0.90973316 0.01000729 0.0100029
 0.01000503 0.01022123 0.01000417 0.01000575]",[ 4  8 12 13 15 16 18 25 27 30],100,66,0.016314,1000,100,0.001,0.003,1,10,10,random,10,random
786,iDR,True,0.035667626087070727,0.0036914606697573036,10,"[0.01000409 0.01000929 0.0100074  0.90974245 0.01000739 0.010003
 0.01000514 0.01021111 0.01000427 0.01000585]",[ 4  8 12 13 15 16 18 25 27 30],100,63,0.016652,1000,100,0.001,0.003,1,10,10,random,10,random
787,TID,True,0.035666980034278616,0.0036914356014746464,10,"[0.01000409 0.01000929 0.0100074  0.90974245 0.01000739 0.010003
 0.01000514 0.0102009  0.01001449 0.01000585]",[ 4  8 12 13 15 16 18 25 27 30],100,63,0.016214,1000,100,0.001,0.003,1,10,10,random,10,random
788,TID,True,0.035665143875539505,0.003691448660363411,10,"[0.01000409 0.01000929 0.0100074  0.90975247 0.01000739 0.010003
 0.01000514 0.0102009  0.01000447 0.01000585]",[ 4  8 12 13 15 16 18 25 27 30],100,60,0.015991,1000,100,0.001,0.003,1,10,10,random,10,random
789,iDR,True,0.03566296884681669,0.0036914374234315356,10,"[0.01000419 0.01000939 0.0100075  0.90976175 0.01000749 0.0100031
 0.01000524 0.01019081 0.01000457 0.01000596]",[ 4  8 12 13 15 16 18 25 27 30],100,48,0.015772,1000,100,0.001,0.003,1,10,10,random,10,random
790,idID,True,0.035660795897092736,0.003691426197507679,10,"[0.0100043  0.0100095  0.0100076  0.90977102 0.01000759 0.0100032
 0.01000534 0.01018072 0.01000467 0.01000606]",[ 4  8 12 13 15 16 18 25 27 30],100,44,0.015349,1000,100,0.001,0.003,1,10,10,random,10,random
791,idID,True,0.03565862502447605,0.003691414982581281,10,"[0.0100044  0.0100096  0.0100077  0.90978028 0.01000769 0.0100033
 0.01000544 0.01017064 0.01000478 0.01000616]",[ 4  8 12 13 15 16 18 25 27 30],100,32,0.014475,1000,100,0.001,0.003,1,10,10,random,10,random
792,TID,False,0.03565862502447605,0.003691414982581281,10,"[0.0100044  0.0100096  0.0100077  0.90978028 0.01000769 0.0100033
 0.01000544 0.01017064 0.01000478 0.01000616]",[ 4  8 12 13 15 16 18 25 27 30],100,62,0.016123,1000,100,0.001,0.003,1,10,10,random,10,random
793,idID,True,0.03565645622707664,0.0036914037786417954,10,"[0.0100045  0.0100097  0.01000781 0.90978954 0.0100078  0.01000341
 0.01000554 0.01016057 0.01000488 0.01000626]",[ 4  8 12 13 15 16 18 25 27 30],100,33,0.014598,1000,100,0.001,0.003,1,10,10,random,10,random
794,TID,False,0.03565645622707664,0.0036914037786417954,10,"[0.0100045  0.0100097  0.01000781 0.90978954 0.0100078  0.01000341
 0.01000554 0.01016057 0.01000488 0.01000626]",[ 4  8 12 13 15 16 18 25 27 30],100,60,0.015915,1000,100,0.001,0.003,1,10,10,random,10,random
795,TID,False,0.03565645622707664,0.0036914037786417954,10,"[0.0100045  0.0100097  0.01000781 0.90978954 0.0100078  0.01000341
 0.01000554 0.01016057 0.01000488 0.01000626]",[ 4  8 12 13 15 16 18 25 27 30],100,61,0.016019,1000,100,0.001,0.003,1,10,10,random,10,random
796,idID,True,0.03565428950300606,0.003691392585678685,10,"[0.0100046  0.0100098  0.01000791 0.90979878 0.0100079  0.01000351
 0.01000565 0.01015052 0.01000498 0.01000636]",[ 4  8 12 13 15 16 18 25 27 30],100,44,0.015223,1000,100,0.001,0.003,1,10,10,random,10,random
797,idID,True,0.03565212485037728,0.003691381403681419,10,"[0.0100047  0.0100099  0.01000801 0.90980801 0.010008   0.01000361
 0.01000575 0.01014047 0.01000508 0.01000647]",[ 4  8 12 13 15 16 18 25 27 30],100,38,0.014995,1000,100,0.001,0.003,1,10,10,random,10,random
798,TID,False,0.03565212485037728,0.003691381403681419,10,"[0.0100047  0.0100099  0.01000801 0.90980801 0.010008   0.01000361
 0.01000575 0.01014047 0.01000508 0.01000647]",[ 4  8 12 13 15 16 18 25 27 30],100,62,0.016042,1000,100,0.001,0.003,1,10,10,random,10,random
799,TID,False,0.03565212485037728,0.003691381403681419,10,"[0.0100047  0.0100099  0.01000801 0.90980801 0.010008   0.01000361
 0.01000575 0.01014047 0.01000508 0.01000647]",[ 4  8 12 13 15 16 18 25 27 30],100,64,0.01623,1000,100,0.001,0.003,1,10,10,random,10,random
800,iDR,True,0.03564996226730494,0.0036913702326394813,10,"[0.01000481 0.01001    0.01000811 0.90981724 0.0100081  0.01000371
 0.01000585 0.01013043 0.01000518 0.01000657]",[ 4  8 12 13 15 16 18 25 27 30],100,56,0.01628,1000,100,0.001,0.003,1,10,10,random,10,random
801,idID,True,0.0356478017519051,0.0036913590725423614,10,"[0.01000491 0.01001011 0.01000821 0.90982646 0.0100082  0.01000381
 0.01000595 0.0101204  0.01000528 0.01000667]",[ 4  8 12 13 15 16 18 25 27 30],100,44,0.015306,1000,100,0.001,0.003,1,10,10,random,10,random
802,TID,True,0.035646231278246426,0.00369133582907826,10,"[0.01000491 0.0100001  0.01000821 0.90982646 0.0100082  0.01000381
 0.01000595 0.01013041 0.01000528 0.01000667]",[ 4  8 12 13 15 16 18 25 27 30],100,59,0.01599,1000,100,0.001,0.003,1,10,10,random,10,random
803,iDR,True,0.035644070680658155,0.0036913246686522236,10,"[0.01000501 0.0100002  0.01000831 0.90983567 0.0100083  0.01000391
 0.01000605 0.01012039 0.01000539 0.01000677]",[ 4  8 12 13 15 16 18 25 27 30],100,20,0.014167,1000,100,0.001,0.003,1,10,10,random,10,random
804,iDR,True,0.035641912148939824,0.0036913135191608305,10,"[0.01000511 0.0100003  0.01000841 0.90984488 0.0100084  0.01000402
 0.01000615 0.01011037 0.01000549 0.01000687]",[ 4  8 12 13 15 16 18 25 27 30],100,56,0.016313,1000,100,0.001,0.003,1,10,10,random,10,random
805,TID,False,0.035641912148939824,0.0036913135191608305,10,"[0.01000511 0.0100003  0.01000841 0.90984488 0.0100084  0.01000402
 0.01000615 0.01011037 0.01000549 0.01000687]",[ 4  8 12 13 15 16 18 25 27 30],100,67,0.016462,1000,100,0.001,0.003,1,10,10,random,10,random
806,iDR,True,0.03563975568121052,0.0036913023805935875,10,"[0.01000521 0.0100004  0.01000852 0.90985408 0.01000851 0.01000412
 0.01000625 0.01010036 0.01000559 0.01000697]",[ 4  8 12 13 15 16 18 25 27 30],100,58,0.016428,1000,100,0.001,0.003,1,10,10,random,10,random
807,idID,True,0.03563760127559081,0.0036912912529400146,10,"[0.01000531 0.0100005  0.01000862 0.90986327 0.01000861 0.01000422
 0.01000635 0.01009036 0.01000569 0.01000707]",[ 4  8 12 13 15 16 18 25 27 30],100,45,0.015336,1000,100,0.001,0.003,1,10,10,random,10,random
808,iDR,True,0.03563544893020285,0.003691280136189642,10,"[0.01000541 0.0100006  0.01000872 0.90987245 0.01000871 0.01000432
 0.01000646 0.01008037 0.01000579 0.01000717]",[ 4  8 12 13 15 16 18 25 27 30],100,58,0.016404,1000,100,0.001,0.003,1,10,10,random,10,random
809,idID,True,0.03563329864317027,0.003691269030332007,10,"[0.01000551 0.0100007  0.01000882 0.90988162 0.01000881 0.01000442
 0.01000656 0.01007039 0.01000589 0.01000727]",[ 4  8 12 13 15 16 18 25 27 30],100,38,0.014974,1000,100,0.001,0.003,1,10,10,random,10,random
810,iDR,True,0.03563115041261823,0.0036912579353566575,10,"[0.01000561 0.0100008  0.01000892 0.90989079 0.01000891 0.01000452
 0.01000666 0.01006042 0.01000599 0.01000738]",[ 4  8 12 13 15 16 18 25 27 30],100,60,0.016478,1000,100,0.001,0.003,1,10,10,random,10,random
811,iDR,True,0.03562900423667345,0.003691246851253155,10,"[0.01000571 0.0100009  0.01000902 0.90989994 0.01000901 0.01000462
 0.01000676 0.01005046 0.01000609 0.01000748]",[ 4  8 12 13 15 16 18 25 27 30],100,55,0.016178,1000,100,0.001,0.003,1,10,10,random,10,random
812,iDR,True,0.035626860113464075,0.0036912357780110616,10,"[0.01000582 0.010001   0.01000912 0.90990909 0.01000911 0.01000472
 0.01000686 0.01004051 0.01000619 0.01000758]",[ 4  8 12 13 15 16 18 25 27 30],100,40,0.015323,1000,100,0.001,0.003,1,10,10,random,10,random
813,iDR,True,0.035624718041119906,0.0036912247156199586,10,"[0.01000592 0.0100011  0.01000922 0.90991822 0.01000921 0.01000482
 0.01000696 0.01003058 0.01000629 0.01000768]",[ 4  8 12 13 15 16 18 25 27 30],100,59,0.016473,1000,100,0.001,0.003,1,10,10,random,10,random
814,TID,True,0.03562408302660887,0.0036912000905582197,10,"[0.01000592 0.0100011  0.01000922 0.90991822 0.01000921 0.01000482
 0.01000696 0.01002054 0.01001632 0.01000768]",[ 4  8 12 13 15 16 18 25 27 30],100,69,0.016576,1000,100,0.001,0.003,1,10,10,random,10,random
815,idID,True,0.03562194511657875,0.003691189049812595,10,"[0.01000602 0.0100012  0.01000932 0.90992734 0.01000931 0.01000492
 0.01000706 0.01001062 0.01001642 0.01000778]",[ 4  8 12 13 15 16 18 25 27 30],100,40,0.015107,1000,100,0.001,0.003,1,10,10,random,10,random
816,TID,True,0.03562010791045256,0.0036912021112301286,10,"[0.01000602 0.0100012  0.01000932 0.90993736 0.01000931 0.01000492
 0.01000706 0.01001062 0.01000641 0.01000778]",[ 4  8 12 13 15 16 18 25 27 30],100,53,0.01553,1000,100,0.001,0.003,1,10,10,random,10,random
817,idID,True,0.03561797199344577,0.003691191081435062,10,"[0.01000612 0.0100013  0.01000942 0.90994647 0.01000941 0.01000502
 0.01000716 0.01000071 0.01000651 0.01000788]",[ 4  8 12 13 15 16 18 25 27 30],100,42,0.015202,1000,100,0.001,0.003,1,10,10,random,10,random
818,TID,False,0.03561797199344577,0.003691191081435062,10,"[0.01000612 0.0100013  0.01000942 0.90994647 0.01000941 0.01000502
 0.01000716 0.01000071 0.01000651 0.01000788]",[ 4  8 12 13 15 16 18 25 27 30],100,76,0.016981,1000,100,0.001,0.003,1,10,10,random,10,random
819,iDR,False,0.03561797199344577,0.003691191081435062,10,"[0.01000612 0.0100013  0.01000942 0.90994647 0.01000941 0.01000502
 0.01000716 0.01000071 0.01000651 0.01000788]",[ 4  8 12 13 15 16 18 25 27 30],100,52,0.015989,1000,100,0.001,0.003,1,10,10,random,10,random
820,idID,False,0.03561797199344577,0.003691191081435062,10,"[0.01000612 0.0100013  0.01000942 0.90994647 0.01000941 0.01000502
 0.01000716 0.01000071 0.01000651 0.01000788]",[ 4  8 12 13 15 16 18 25 27 30],100,38,0.014846,1000,100,0.001,0.003,1,10,10,random,10,random
821,idID,False,0.03561797199344577,0.003691191081435062,10,"[0.01000612 0.0100013  0.01000942 0.90994647 0.01000941 0.01000502
 0.01000716 0.01000071 0.01000651 0.01000788]",[ 4  8 12 13 15 16 18 25 27 30],100,36,0.014826,1000,100,0.001,0.003,1,10,10,random,10,random
822,iDR,False,0.03561797199344577,0.003691191081435062,10,"[0.01000612 0.0100013  0.01000942 0.90994647 0.01000941 0.01000502
 0.01000716 0.01000071 0.01000651 0.01000788]",[ 4  8 12 13 15 16 18 25 27 30],100,50,0.01587,1000,100,0.001,0.003,1,10,10,random,10,random
823,idID,False,0.03561797199344577,0.003691191081435062,10,"[0.01000612 0.0100013  0.01000942 0.90994647 0.01000941 0.01000502
 0.01000716 0.01000071 0.01000651 0.01000788]",[ 4  8 12 13 15 16 18 25 27 30],100,37,0.01475,1000,100,0.001,0.003,1,10,10,random,10,random
824,idID,False,0.03561797199344577,0.003691191081435062,10,"[0.01000612 0.0100013  0.01000942 0.90994647 0.01000941 0.01000502
 0.01000716 0.01000071 0.01000651 0.01000788]",[ 4  8 12 13 15 16 18 25 27 30],100,29,0.014352,1000,100,0.001,0.003,1,10,10,random,10,random
825,TID,False,0.03561797199344577,0.003691191081435062,10,"[0.01000612 0.0100013  0.01000942 0.90994647 0.01000941 0.01000502
 0.01000716 0.01000071 0.01000651 0.01000788]",[ 4  8 12 13 15 16 18 25 27 30],100,67,0.016398,1000,100,0.001,0.003,1,10,10,random,10,random
826,idID,False,0.03561797199344577,0.003691191081435062,10,"[0.01000612 0.0100013  0.01000942 0.90994647 0.01000941 0.01000502
 0.01000716 0.01000071 0.01000651 0.01000788]",[ 4  8 12 13 15 16 18 25 27 30],100,41,0.015035,1000,100,0.001,0.003,1,10,10,random,10,random
827,idID,False,0.03561797199344577,0.003691191081435062,10,"[0.01000612 0.0100013  0.01000942 0.90994647 0.01000941 0.01000502
 0.01000716 0.01000071 0.01000651 0.01000788]",[ 4  8 12 13 15 16 18 25 27 30],100,28,0.014347,1000,100,0.001,0.003,1,10,10,random,10,random
828,TID,False,0.03561797199344577,0.003691191081435062,10,"[0.01000612 0.0100013  0.01000942 0.90994647 0.01000941 0.01000502
 0.01000716 0.01000071 0.01000651 0.01000788]",[ 4  8 12 13 15 16 18 25 27 30],100,60,0.015888,1000,100,0.001,0.003,1,10,10,random,10,random
829,idID,False,0.03561797199344577,0.003691191081435062,10,"[0.01000612 0.0100013  0.01000942 0.90994647 0.01000941 0.01000502
 0.01000716 0.01000071 0.01000651 0.01000788]",[ 4  8 12 13 15 16 18 25 27 30],100,30,0.014475,1000,100,0.001,0.003,1,10,10,random,10,random
830,idID,False,0.03561797199344577,0.003691191081435062,10,"[0.01000612 0.0100013  0.01000942 0.90994647 0.01000941 0.01000502
 0.01000716 0.01000071 0.01000651 0.01000788]",[ 4  8 12 13 15 16 18 25 27 30],100,44,0.015446,1000,100,0.001,0.003,1,10,10,random,10,random
831,iDR,False,0.03561797199344577,0.003691191081435062,10,"[0.01000612 0.0100013  0.01000942 0.90994647 0.01000941 0.01000502
 0.01000716 0.01000071 0.01000651 0.01000788]",[ 4  8 12 13 15 16 18 25 27 30],100,42,0.015505,1000,100,0.001,0.003,1,10,10,random,10,random
832,TID,False,0.03561797199344577,0.003691191081435062,10,"[0.01000612 0.0100013  0.01000942 0.90994647 0.01000941 0.01000502
 0.01000716 0.01000071 0.01000651 0.01000788]",[ 4  8 12 13 15 16 18 25 27 30],100,67,0.01641,1000,100,0.001,0.003,1,10,10,random,10,random
833,TID,False,0.03561797199344577,0.003691191081435062,10,"[0.01000612 0.0100013  0.01000942 0.90994647 0.01000941 0.01000502
 0.01000716 0.01000071 0.01000651 0.01000788]",[ 4  8 12 13 15 16 18 25 27 30],100,77,0.017128,1000,100,0.001,0.003,1,10,10,random,10,random
834,iDR,False,0.03561797199344577,0.003691191081435062,10,"[0.01000612 0.0100013  0.01000942 0.90994647 0.01000941 0.01000502
 0.01000716 0.01000071 0.01000651 0.01000788]",[ 4  8 12 13 15 16 18 25 27 30],100,45,0.015635,1000,100,0.001,0.003,1,10,10,random,10,random
835,TID,False,0.03561797199344577,0.003691191081435062,10,"[0.01000612 0.0100013  0.01000942 0.90994647 0.01000941 0.01000502
 0.01000716 0.01000071 0.01000651 0.01000788]",[ 4  8 12 13 15 16 18 25 27 30],100,69,0.01655,1000,100,0.001,0.003,1,10,10,random,10,random
836,idID,False,0.03561797199344577,0.003691191081435062,10,"[0.01000612 0.0100013  0.01000942 0.90994647 0.01000941 0.01000502
 0.01000716 0.01000071 0.01000651 0.01000788]",[ 4  8 12 13 15 16 18 25 27 30],100,33,0.014494,1000,100,0.001,0.003,1,10,10,random,10,random
837,TID,False,0.03561797199344577,0.003691191081435062,10,"[0.01000612 0.0100013  0.01000942 0.90994647 0.01000941 0.01000502
 0.01000716 0.01000071 0.01000651 0.01000788]",[ 4  8 12 13 15 16 18 25 27 30],100,68,0.016456,1000,100,0.001,0.003,1,10,10,random,10,random
838,iDR,False,0.03561797199344577,0.003691191081435062,10,"[0.01000612 0.0100013  0.01000942 0.90994647 0.01000941 0.01000502
 0.01000716 0.01000071 0.01000651 0.01000788]",[ 4  8 12 13 15 16 18 25 27 30],100,45,0.015603,1000,100,0.001,0.003,1,10,10,random,10,random
839,TID,False,0.03561797199344577,0.003691191081435062,10,"[0.01000612 0.0100013  0.01000942 0.90994647 0.01000941 0.01000502
 0.01000716 0.01000071 0.01000651 0.01000788]",[ 4  8 12 13 15 16 18 25 27 30],100,66,0.016324,1000,100,0.001,0.003,1,10,10,random,10,random
840,TID,False,0.03561797199344577,0.003691191081435062,10,"[0.01000612 0.0100013  0.01000942 0.90994647 0.01000941 0.01000502
 0.01000716 0.01000071 0.01000651 0.01000788]",[ 4  8 12 13 15 16 18 25 27 30],100,68,0.016513,1000,100,0.001,0.003,1,10,10,random,10,random
841,iDR,False,0.03561797199344577,0.003691191081435062,10,"[0.01000612 0.0100013  0.01000942 0.90994647 0.01000941 0.01000502
 0.01000716 0.01000071 0.01000651 0.01000788]",[ 4  8 12 13 15 16 18 25 27 30],100,55,0.016183,1000,100,0.001,0.003,1,10,10,random,10,random
842,iDR,False,0.03561797199344577,0.003691191081435062,10,"[0.01000612 0.0100013  0.01000942 0.90994647 0.01000941 0.01000502
 0.01000716 0.01000071 0.01000651 0.01000788]",[ 4  8 12 13 15 16 18 25 27 30],100,54,0.016104,1000,100,0.001,0.003,1,10,10,random,10,random
843,TID,False,0.03561797199344577,0.003691191081435062,10,"[0.01000612 0.0100013  0.01000942 0.90994647 0.01000941 0.01000502
 0.01000716 0.01000071 0.01000651 0.01000788]",[ 4  8 12 13 15 16 18 25 27 30],100,56,0.015604,1000,100,0.001,0.003,1,10,10,random,10,random
844,iDR,False,0.03561797199344577,0.003691191081435062,10,"[0.01000612 0.0100013  0.01000942 0.90994647 0.01000941 0.01000502
 0.01000716 0.01000071 0.01000651 0.01000788]",[ 4  8 12 13 15 16 18 25 27 30],100,58,0.016348,1000,100,0.001,0.003,1,10,10,random,10,random
845,TID,False,0.03561797199344577,0.003691191081435062,10,"[0.01000612 0.0100013  0.01000942 0.90994647 0.01000941 0.01000502
 0.01000716 0.01000071 0.01000651 0.01000788]",[ 4  8 12 13 15 16 18 25 27 30],100,67,0.016396,1000,100,0.001,0.003,1,10,10,random,10,random
846,iDR,False,0.03561797199344577,0.003691191081435062,10,"[0.01000612 0.0100013  0.01000942 0.90994647 0.01000941 0.01000502
 0.01000716 0.01000071 0.01000651 0.01000788]",[ 4  8 12 13 15 16 18 25 27 30],100,50,0.01589,1000,100,0.001,0.003,1,10,10,random,10,random
847,TID,False,0.03561797199344577,0.003691191081435062,10,"[0.01000612 0.0100013  0.01000942 0.90994647 0.01000941 0.01000502
 0.01000716 0.01000071 0.01000651 0.01000788]",[ 4  8 12 13 15 16 18 25 27 30],100,66,0.016343,1000,100,0.001,0.003,1,10,10,random,10,random
848,idID,False,0.03561797199344577,0.003691191081435062,10,"[0.01000612 0.0100013  0.01000942 0.90994647 0.01000941 0.01000502
 0.01000716 0.01000071 0.01000651 0.01000788]",[ 4  8 12 13 15 16 18 25 27 30],100,39,0.014854,1000,100,0.001,0.003,1,10,10,random,10,random
849,iDR,False,0.03561797199344577,0.003691191081435062,10,"[0.01000612 0.0100013  0.01000942 0.90994647 0.01000941 0.01000502
 0.01000716 0.01000071 0.01000651 0.01000788]",[ 4  8 12 13 15 16 18 25 27 30],100,50,0.015896,1000,100,0.001,0.003,1,10,10,random,10,random
850,TID,False,0.03561797199344577,0.003691191081435062,10,"[0.01000612 0.0100013  0.01000942 0.90994647 0.01000941 0.01000502
 0.01000716 0.01000071 0.01000651 0.01000788]",[ 4  8 12 13 15 16 18 25 27 30],100,58,0.015751,1000,100,0.001,0.003,1,10,10,random,10,random
851,TID,False,0.03561797199344577,0.003691191081435062,10,"[0.01000612 0.0100013  0.01000942 0.90994647 0.01000941 0.01000502
 0.01000716 0.01000071 0.01000651 0.01000788]",[ 4  8 12 13 15 16 18 25 27 30],100,52,0.015384,1000,100,0.001,0.003,1,10,10,random,10,random
852,iDR,False,0.03561797199344577,0.003691191081435062,10,"[0.01000612 0.0100013  0.01000942 0.90994647 0.01000941 0.01000502
 0.01000716 0.01000071 0.01000651 0.01000788]",[ 4  8 12 13 15 16 18 25 27 30],100,50,0.015863,1000,100,0.001,0.003,1,10,10,random,10,random
853,TID,False,0.03561797199344577,0.003691191081435062,10,"[0.01000612 0.0100013  0.01000942 0.90994647 0.01000941 0.01000502
 0.01000716 0.01000071 0.01000651 0.01000788]",[ 4  8 12 13 15 16 18 25 27 30],100,74,0.016881,1000,100,0.001,0.003,1,10,10,random,10,random
854,iDR,False,0.03561797199344577,0.003691191081435062,10,"[0.01000612 0.0100013  0.01000942 0.90994647 0.01000941 0.01000502
 0.01000716 0.01000071 0.01000651 0.01000788]",[ 4  8 12 13 15 16 18 25 27 30],100,50,0.015868,1000,100,0.001,0.003,1,10,10,random,10,random
855,TID,False,0.03561797199344577,0.003691191081435062,10,"[0.01000612 0.0100013  0.01000942 0.90994647 0.01000941 0.01000502
 0.01000716 0.01000071 0.01000651 0.01000788]",[ 4  8 12 13 15 16 18 25 27 30],100,62,0.016042,1000,100,0.001,0.003,1,10,10,random,10,random
856,idID,False,0.03561797199344577,0.003691191081435062,10,"[0.01000612 0.0100013  0.01000942 0.90994647 0.01000941 0.01000502
 0.01000716 0.01000071 0.01000651 0.01000788]",[ 4  8 12 13 15 16 18 25 27 30],100,35,0.014769,1000,100,0.001,0.003,1,10,10,random,10,random
857,idID,False,0.03561797199344577,0.003691191081435062,10,"[0.01000612 0.0100013  0.01000942 0.90994647 0.01000941 0.01000502
 0.01000716 0.01000071 0.01000651 0.01000788]",[ 4  8 12 13 15 16 18 25 27 30],100,39,0.01498,1000,100,0.001,0.003,1,10,10,random,10,random
858,iDR,False,0.03561797199344577,0.003691191081435062,10,"[0.01000612 0.0100013  0.01000942 0.90994647 0.01000941 0.01000502
 0.01000716 0.01000071 0.01000651 0.01000788]",[ 4  8 12 13 15 16 18 25 27 30],100,52,0.01598,1000,100,0.001,0.003,1,10,10,random,10,random
859,TID,False,0.03561797199344577,0.003691191081435062,10,"[0.01000612 0.0100013  0.01000942 0.90994647 0.01000941 0.01000502
 0.01000716 0.01000071 0.01000651 0.01000788]",[ 4  8 12 13 15 16 18 25 27 30],100,61,0.015966,1000,100,0.001,0.003,1,10,10,random,10,random
860,iDR,False,0.03561797199344577,0.003691191081435062,10,"[0.01000612 0.0100013  0.01000942 0.90994647 0.01000941 0.01000502
 0.01000716 0.01000071 0.01000651 0.01000788]",[ 4  8 12 13 15 16 18 25 27 30],100,60,0.016444,1000,100,0.001,0.003,1,10,10,random,10,random
861,TID,False,0.03561797199344577,0.003691191081435062,10,"[0.01000612 0.0100013  0.01000942 0.90994647 0.01000941 0.01000502
 0.01000716 0.01000071 0.01000651 0.01000788]",[ 4  8 12 13 15 16 18 25 27 30],100,66,0.016321,1000,100,0.001,0.003,1,10,10,random,10,random
862,idID,False,0.03561797199344577,0.003691191081435062,10,"[0.01000612 0.0100013  0.01000942 0.90994647 0.01000941 0.01000502
 0.01000716 0.01000071 0.01000651 0.01000788]",[ 4  8 12 13 15 16 18 25 27 30],100,33,0.014626,1000,100,0.001,0.003,1,10,10,random,10,random
863,TID,False,0.03561797199344577,0.003691191081435062,10,"[0.01000612 0.0100013  0.01000942 0.90994647 0.01000941 0.01000502
 0.01000716 0.01000071 0.01000651 0.01000788]",[ 4  8 12 13 15 16 18 25 27 30],100,70,0.016612,1000,100,0.001,0.003,1,10,10,random,10,random
864,TID,False,0.03561797199344577,0.003691191081435062,10,"[0.01000612 0.0100013  0.01000942 0.90994647 0.01000941 0.01000502
 0.01000716 0.01000071 0.01000651 0.01000788]",[ 4  8 12 13 15 16 18 25 27 30],100,68,0.016412,1000,100,0.001,0.003,1,10,10,random,10,random
865,TID,False,0.03561797199344577,0.003691191081435062,10,"[0.01000612 0.0100013  0.01000942 0.90994647 0.01000941 0.01000502
 0.01000716 0.01000071 0.01000651 0.01000788]",[ 4  8 12 13 15 16 18 25 27 30],100,59,0.015801,1000,100,0.001,0.003,1,10,10,random,10,random
866,TID,False,0.03561797199344577,0.003691191081435062,10,"[0.01000612 0.0100013  0.01000942 0.90994647 0.01000941 0.01000502
 0.01000716 0.01000071 0.01000651 0.01000788]",[ 4  8 12 13 15 16 18 25 27 30],100,77,0.017065,1000,100,0.001,0.003,1,10,10,random,10,random
867,TID,False,0.03561797199344577,0.003691191081435062,10,"[0.01000612 0.0100013  0.01000942 0.90994647 0.01000941 0.01000502
 0.01000716 0.01000071 0.01000651 0.01000788]",[ 4  8 12 13 15 16 18 25 27 30],100,69,0.016455,1000,100,0.001,0.003,1,10,10,random,10,random
868,TID,False,0.03561797199344577,0.003691191081435062,10,"[0.01000612 0.0100013  0.01000942 0.90994647 0.01000941 0.01000502
 0.01000716 0.01000071 0.01000651 0.01000788]",[ 4  8 12 13 15 16 18 25 27 30],100,65,0.016227,1000,100,0.001,0.003,1,10,10,random,10,random
