iter,obj,aug_obj,return,X,Z,max_iter,neighbours,alpha,exp_return,n_port,k,move_strategy,seed,selection_strategy
0,0.2555461126523746,0.2555461126523746,0.0037255294530000004,[0.        0.07684   0.0248626 0.074754  0.027311  0.051418  0.035547  0.061633  0.023415  0.072992  0.018409  0.        0.        0.        0.035132  0.        0.044763  0.        0.025631  0.035845  0.064686  0.        0.0469497 0.        0.021195  0.039647  0.051747  0.0319203 0.043134  0.0174924 0.074678 ],[0. 1. 1. 1. 1. 1. 1. 1. 1. 1. 1. 0. 0. 0. 1. 0. 1. 0. 1. 1. 1. 0. 1. 0. 1. 1. 1. 1. 1. 1. 1.],500,100,0.3,0.003,1,23,best,59,best
1,0.24996485310534144,0.24996485310534144,0.0037185239592000003,[0.        0.07684   0.0248626 0.074754  0.027311  0.051418  0.035547  0.061633  0.023415  0.072992  0.018409  0.        0.        0.        0.035132  0.        0.044763  0.        0.025631  0.035845  0.0452802 0.        0.0469497 0.        0.021195  0.039647  0.051747  0.0513261 0.043134  0.0174924 0.074678 ],[0. 1. 1. 1. 1. 1. 1. 1. 1. 1. 1. 0. 0. 0. 1. 0. 1. 0. 1. 1. 1. 0. 1. 0. 1. 1. 1. 1. 1. 1. 1.],500,100,0.3,0.003,1,23,best,59,best
2,0.24665093728798362,0.24665093728798362,0.0036975836650000008,[0.       0.075675 0.024486 0.07362  0.026897 0.050638 0.035008 0.060698 0.02306  0.071885 0.01813  0.       0.       0.       0.034599 0.       0.044084 0.       0.025242 0.035301 0.044593 0.       0.046238 0.       0.020874 0.039046 0.050962 0.065712 0.04248  0.017227 0.073545],[0. 1. 1. 1. 1. 1. 1. 1. 1. 1. 1. 0. 0. 0. 1. 0. 1. 0. 1. 1. 1. 0. 1. 0. 1. 1. 1. 1. 1. 1. 1.],500,100,0.3,0.003,1,23,best,59,best
3,0.24036960766296236,0.24036960766296236,0.0036792961210000007,[0.        0.075675  0.024486  0.07362   0.026897  0.050638  0.035008  0.060698  0.02306   0.0503195 0.01813   0.        0.        0.        0.034599  0.        0.044084  0.        0.025242  0.035301  0.044593  0.        0.046238  0.        0.020874  0.039046  0.050962  0.0872775 0.04248   0.017227  0.073545 ],[0. 1. 1. 1. 1. 1. 1. 1. 1. 1. 1. 0. 0. 0. 1. 0. 1. 0. 1. 1. 1. 0. 1. 0. 1. 1. 1. 1. 1. 1. 1.],500,100,0.3,0.003,1,23,best,59,best
4,0.2354228382221398,0.2354228382221398,0.0036764372452,[0.        0.075675  0.024486  0.07362   0.026897  0.050638  0.035008  0.0424886 0.02306   0.0503195 0.01813   0.        0.        0.        0.034599  0.        0.044084  0.        0.025242  0.035301  0.044593  0.        0.046238  0.        0.020874  0.0572554 0.050962  0.0872775 0.04248   0.017227  0.073545 ],[0. 1. 1. 1. 1. 1. 1. 1. 1. 1. 1. 0. 0. 0. 1. 0. 1. 0. 1. 1. 1. 0. 1. 0. 1. 1. 1. 1. 1. 1. 1.],500,100,0.3,0.003,1,23,best,59,best
5,0.23016913764232125,0.23016913764232125,0.003642288702,[0.       0.073744 0.023861 0.071742 0.026211 0.049346 0.034115 0.041404 0.022472 0.049036 0.017667 0.       0.       0.       0.033716 0.       0.042959 0.       0.024598 0.0344   0.043455 0.       0.045058 0.       0.020341 0.055795 0.049662 0.110566 0.041396 0.016787 0.071668],[0. 1. 1. 1. 1. 1. 1. 1. 1. 1. 1. 0. 0. 0. 1. 0. 1. 0. 1. 1. 1. 0. 1. 0. 1. 1. 1. 1. 1. 1. 1.],500,100,0.3,0.003,1,23,best,59,best
6,0.2269210661506691,0.2269210661506691,0.003661238794,[0.       0.07253  0.023468 0.070561 0.02578  0.048534 0.033553 0.040722 0.022102 0.048229 0.017376 0.       0.       0.       0.033161 0.       0.042252 0.       0.024193 0.033834 0.04274  0.       0.044316 0.       0.020006 0.071339 0.048844 0.108746 0.040715 0.016511 0.070488],[0. 1. 1. 1. 1. 1. 1. 1. 1. 1. 1. 0. 0. 0. 1. 0. 1. 0. 1. 1. 1. 0. 1. 0. 1. 1. 1. 1. 1. 1. 1.],500,100,0.3,0.003,1,23,best,59,best
7,0.22067261162485285,0.22067261162485285,0.0036194422599999995,[0.       0.070239 0.022727 0.068332 0.024966 0.047001 0.032493 0.039435 0.021404 0.046705 0.016827 0.       0.       0.       0.032113 0.       0.040917 0.       0.023429 0.032765 0.04139  0.       0.042916 0.       0.019374 0.069085 0.047301 0.136903 0.039429 0.015989 0.068261],[0. 1. 1. 1. 1. 1. 1. 1. 1. 1. 1. 0. 0. 0. 1. 0. 1. 0. 1. 1. 1. 0. 1. 0. 1. 1. 1. 1. 1. 1. 1.],500,100,0.3,0.003,1,23,best,59,best
8,0.21303470048152628,0.21303470048152628,0.0035688802639999998,[0.       0.067468 0.02183  0.065636 0.023981 0.045147 0.031211 0.037879 0.02056  0.044862 0.016163 0.       0.       0.       0.030846 0.       0.039303 0.       0.022505 0.031472 0.039757 0.       0.041223 0.       0.01861  0.066359 0.045435 0.170953 0.037873 0.015358 0.065568],[0. 1. 1. 1. 1. 1. 1. 1. 1. 1. 1. 0. 0. 0. 1. 0. 1. 0. 1. 1. 1. 0. 1. 0. 1. 1. 1. 1. 1. 1. 1.],500,100,0.3,0.003,1,23,best,59,best
9,0.2038500271964948,0.2038500271964948,0.0035088329829999995,[0.       0.064177 0.020765 0.062434 0.022811 0.042945 0.029688 0.036031 0.019557 0.042673 0.015375 0.       0.       0.       0.029341 0.       0.037386 0.       0.021407 0.029937 0.037818 0.       0.039212 0.       0.017702 0.063122 0.043219 0.211397 0.036025 0.014609 0.062369],[0. 1. 1. 1. 1. 1. 1. 1. 1. 1. 1. 0. 0. 0. 1. 0. 1. 0. 1. 1. 1. 0. 1. 0. 1. 1. 1. 1. 1. 1. 1.],500,100,0.3,0.003,1,23,best,59,best
10,0.19301468844520828,0.19301468844520828,0.00343902442,[0.       0.06035  0.019527 0.058711 0.021451 0.040384 0.027917 0.033882 0.018391 0.040128 0.014458 0.       0.       0.       0.027591 0.       0.035156 0.       0.02013  0.028152 0.035563 0.       0.036874 0.       0.016646 0.059358 0.040642 0.258427 0.033877 0.013738 0.05865 ],[0. 1. 1. 1. 1. 1. 1. 1. 1. 1. 1. 0. 0. 0. 1. 0. 1. 0. 1. 1. 1. 0. 1. 0. 1. 1. 1. 1. 1. 1. 1.],500,100,0.3,0.003,1,23,best,59,best
11,0.17989574872486463,0.17989574872486463,0.003342442972,[0.       0.06035  0.019527 0.058711 0.021451 0.040384 0.027917 0.033882 0.018391 0.040128 0.014458 0.       0.       0.       0.027591 0.       0.035156 0.       0.02013  0.013738 0.035563 0.       0.036874 0.       0.016646 0.059358 0.040642 0.258427 0.033877 0.       0.05865 ],[0. 1. 1. 1. 1. 1. 1. 1. 1. 1. 1. 0. 0. 0. 1. 0. 1. 0. 1. 1. 1. 0. 1. 0. 1. 1. 1. 1. 1. 0. 1.],500,100,0.3,0.003,1,23,best,59,best
12,0.1750654116145406,0.1750654116145406,0.0033040988179,[0.        0.06035   0.019527  0.0410977 0.021451  0.040384  0.027917  0.033882  0.018391  0.040128  0.014458  0.        0.        0.        0.027591  0.        0.035156  0.        0.02013   0.013738  0.035563  0.        0.036874  0.        0.016646  0.059358  0.040642  0.2760403 0.033877  0.        0.05865  ],[0. 1. 1. 1. 1. 1. 1. 1. 1. 1. 1. 0. 0. 0. 1. 0. 1. 0. 1. 1. 1. 0. 1. 0. 1. 1. 1. 1. 1. 0. 1.],500,100,0.3,0.003,1,23,best,59,best
13,0.166359216031562,0.166359216031562,0.0031543409349,[0.        0.06035   0.019527  0.0410977 0.013738  0.040384  0.027917  0.033882  0.018391  0.040128  0.014458  0.        0.        0.        0.027591  0.        0.035156  0.        0.02013   0.        0.035563  0.        0.036874  0.        0.016646  0.059358  0.040642  0.2760403 0.033877  0.        0.05865  ],[0. 1. 1. 1. 1. 1. 1. 1. 1. 1. 1. 0. 0. 0. 1. 0. 1. 0. 1. 0. 1. 0. 1. 0. 1. 1. 1. 1. 1. 0. 1.],500,100,0.3,0.003,1,23,best,59,best
14,0.16343761289992642,0.16343761289992642,0.0031910984517000006,[0.        0.06035   0.019527  0.0410977 0.013738  0.0282688 0.027917  0.033882  0.018391  0.040128  0.014458  0.        0.        0.        0.027591  0.        0.035156  0.        0.02013   0.        0.035563  0.        0.036874  0.        0.016646  0.0714732 0.040642  0.2760403 0.033877  0.        0.05865  ],[0. 1. 1. 1. 1. 1. 1. 1. 1. 1. 1. 0. 0. 0. 1. 0. 1. 0. 1. 0. 1. 0. 1. 0. 1. 1. 1. 1. 1. 0. 1.],500,100,0.3,0.003,1,23,best,59,best
15,0.16016835775849367,0.16016835775849367,0.0032104441605,[0.        0.06035   0.019527  0.0410977 0.013738  0.0282688 0.027917  0.033882  0.018391  0.0280896 0.014458  0.        0.        0.        0.027591  0.        0.035156  0.        0.02013   0.        0.035563  0.        0.036874  0.        0.016646  0.0835116 0.040642  0.2760403 0.033877  0.        0.05865  ],[0. 1. 1. 1. 1. 1. 1. 1. 1. 1. 1. 0. 0. 0. 1. 0. 1. 0. 1. 0. 1. 0. 1. 0. 1. 1. 1. 1. 1. 0. 1.],500,100,0.3,0.003,1,23,best,59,best
16,0.15626600517100275,0.15626600517100275,0.0030596738305000005,[0.        0.06035   0.019527  0.0410977 0.        0.0282688 0.027917  0.033882  0.018391  0.0280896 0.013738  0.        0.        0.        0.027591  0.        0.035156  0.        0.02013   0.        0.035563  0.        0.036874  0.        0.016646  0.0835116 0.040642  0.2760403 0.033877  0.        0.05865  ],[0. 1. 1. 1. 0. 1. 1. 1. 1. 1. 1. 0. 0. 0. 1. 0. 1. 0. 1. 0. 1. 0. 1. 0. 1. 1. 1. 1. 1. 0. 1.],500,100,0.3,0.003,1,23,best,59,best
17,0.15407234508626969,0.15407234508626969,0.0031807600705,[0.        0.042245  0.019527  0.0410977 0.018105  0.0282688 0.027917  0.033882  0.018391  0.0280896 0.013738  0.        0.        0.        0.027591  0.        0.035156  0.        0.02013   0.        0.035563  0.        0.036874  0.        0.016646  0.0835116 0.040642  0.2760403 0.033877  0.        0.05865  ],[0. 1. 1. 1. 1. 1. 1. 1. 1. 1. 1. 0. 0. 0. 1. 0. 1. 0. 1. 0. 1. 0. 1. 0. 1. 1. 1. 1. 1. 0. 1.],500,100,0.3,0.003,1,23,best,59,best
18,0.15152876196738024,0.15152876196738024,0.003157453504,[0.        0.0295715 0.019527  0.0410977 0.018105  0.0282688 0.027917  0.033882  0.018391  0.0280896 0.013738  0.        0.        0.        0.027591  0.        0.035156  0.        0.02013   0.        0.035563  0.        0.036874  0.        0.016646  0.0835116 0.040642  0.2887138 0.033877  0.        0.05865  ],[0. 1. 1. 1. 1. 1. 1. 1. 1. 1. 1. 0. 0. 0. 1. 0. 1. 0. 1. 0. 1. 0. 1. 0. 1. 1. 1. 1. 1. 0. 1.],500,100,0.3,0.003,1,23,best,59,best
19,0.1392225644682174,0.1392225644682174,0.0030919195440000003,[0.        0.0295715 0.019527  0.0410977 0.018105  0.0282688 0.013738  0.033882  0.018391  0.0280896 0.        0.        0.        0.        0.027591  0.        0.035156  0.        0.02013   0.        0.035563  0.        0.036874  0.        0.016646  0.0835116 0.040642  0.2887138 0.033877  0.        0.05865  ],[0. 1. 1. 1. 1. 1. 1. 1. 1. 1. 0. 0. 0. 0. 1. 0. 1. 0. 1. 0. 1. 0. 1. 0. 1. 1. 1. 1. 1. 0. 1.],500,100,0.3,0.003,1,23,best,59,best
20,0.1261980154436928,0.1261980154436928,0.0030105589744,[0.        0.0295715 0.019527  0.0410977 0.018105  0.0282688 0.        0.033882  0.018391  0.013738  0.        0.        0.        0.        0.027591  0.        0.035156  0.        0.02013   0.        0.035563  0.        0.036874  0.        0.016646  0.0835116 0.040642  0.2887138 0.033877  0.        0.05865  ],[0. 1. 1. 1. 1. 1. 0. 1. 1. 1. 0. 0. 0. 0. 1. 0. 1. 0. 1. 0. 1. 0. 1. 0. 1. 1. 1. 1. 1. 0. 1.],500,100,0.3,0.003,1,23,best,59,best
21,0.12491248009383907,0.12491248009383907,0.0030377609242,[0.        0.0295715 0.019527  0.0410977 0.018105  0.0282688 0.        0.033882  0.0294532 0.013738  0.        0.        0.        0.        0.027591  0.        0.035156  0.        0.02013   0.        0.035563  0.        0.0258118 0.        0.016646  0.0835116 0.040642  0.2887138 0.033877  0.        0.05865  ],[0. 1. 1. 1. 1. 1. 0. 1. 1. 1. 0. 0. 0. 0. 1. 0. 1. 0. 1. 0. 1. 0. 1. 0. 1. 1. 1. 1. 1. 0. 1.],500,100,0.3,0.003,1,23,best,59,best
22,0.12332485366545867,0.12332485366545867,0.0030446559151000004,[0.        0.0295715 0.019527  0.0410977 0.018105  0.0282688 0.        0.033882  0.0294532 0.013738  0.        0.        0.        0.        0.0193137 0.        0.035156  0.        0.02013   0.        0.035563  0.        0.0258118 0.        0.016646  0.0917889 0.040642  0.2887138 0.033877  0.        0.05865  ],[0. 1. 1. 1. 1. 1. 0. 1. 1. 1. 0. 0. 0. 0. 1. 0. 1. 0. 1. 0. 1. 0. 1. 0. 1. 1. 1. 1. 1. 0. 1.],500,100,0.3,0.003,1,23,best,59,best
23,0.12071808039459393,0.12071808039459393,0.0030439169251000003,[0.        0.0295715 0.019527  0.0410977 0.018105  0.0282688 0.        0.033882  0.0294532 0.013738  0.        0.        0.        0.        0.0193137 0.        0.035156  0.        0.02013   0.        0.035563  0.        0.0258118 0.        0.016646  0.0917889 0.040642  0.3063088 0.033877  0.        0.041055 ],[0. 1. 1. 1. 1. 1. 0. 1. 1. 1. 0. 0. 0. 0. 1. 0. 1. 0. 1. 0. 1. 0. 1. 0. 1. 1. 1. 1. 1. 0. 1.],500,100,0.3,0.003,1,23,best,59,best
24,0.11849269920136556,0.11849269920136556,0.0030132376571,[0.01      0.0295715 0.019527  0.0410977 0.018105  0.0282688 0.        0.033882  0.0294532 0.        0.        0.        0.        0.        0.0193137 0.        0.035156  0.        0.02013   0.        0.035563  0.        0.0258118 0.        0.016646  0.0917889 0.040642  0.3063088 0.033877  0.        0.041055 ],[1. 1. 1. 1. 1. 1. 0. 1. 1. 0. 0. 0. 0. 0. 1. 0. 1. 0. 1. 0. 1. 0. 1. 0. 1. 1. 1. 1. 1. 0. 1.],500,100,0.3,0.003,1,23,best,59,best
25,0.1158114659267418,0.1158114659267418,0.00301666520528,[0.01       0.0295715  0.019527   0.02876839 0.018105   0.0282688  0.         0.033882   0.0294532  0.         0.         0.         0.         0.         0.0193137  0.         0.035156   0.         0.02013    0.         0.035563   0.         0.0258118  0.         0.016646   0.10411821 0.040642   0.3063088  0.033877   0.         0.041055  ],[1. 1. 1. 1. 1. 1. 0. 1. 1. 0. 0. 0. 0. 0. 1. 0. 1. 0. 1. 0. 1. 0. 1. 0. 1. 1. 1. 1. 1. 0. 1.],500,100,0.3,0.003,1,23,best,59,best
26,0.1150170538170765,0.1150170538170765,0.0030216055838000002,[0.01       0.0295715  0.019527   0.02876839 0.018105   0.0282688  0.         0.033882   0.0294532  0.         0.         0.         0.         0.         0.0193137  0.         0.035156   0.         0.02787354 0.         0.035563   0.         0.01806826 0.         0.016646   0.10411821 0.040642   0.3063088  0.033877   0.         0.041055  ],[1. 1. 1. 1. 1. 1. 0. 1. 1. 0. 0. 0. 0. 0. 1. 0. 1. 0. 1. 0. 1. 0. 1. 0. 1. 1. 1. 1. 1. 0. 1.],500,100,0.3,0.003,1,23,best,59,best
27,0.11333463990692488,0.11333463990692488,0.0031087278212000003,[0.01       0.0295715  0.019527   0.02876839 0.0287739  0.0282688  0.         0.033882   0.0294532  0.         0.         0.         0.         0.         0.0193137  0.         0.035156   0.         0.02787354 0.         0.0248941  0.         0.01806826 0.         0.016646   0.10411821 0.040642   0.3063088  0.033877   0.         0.041055  ],[1. 1. 1. 1. 1. 1. 0. 1. 1. 0. 0. 0. 0. 0. 1. 0. 1. 0. 1. 0. 1. 0. 1. 0. 1. 1. 1. 1. 1. 0. 1.],500,100,0.3,0.003,1,23,best,59,best
28,0.10265059190824574,0.10265059190824574,0.003063503002,[0.         0.0295715  0.019527   0.02876839 0.0287739  0.01       0.         0.033882   0.0294532  0.         0.         0.         0.         0.         0.0193137  0.         0.035156   0.         0.02787354 0.         0.0248941  0.         0.01806826 0.         0.016646   0.10411821 0.040642   0.3063088  0.033877   0.         0.041055  ],[0. 1. 1. 1. 1. 1. 0. 1. 1. 0. 0. 0. 0. 0. 1. 0. 1. 0. 1. 0. 1. 0. 1. 0. 1. 1. 1. 1. 1. 0. 1.],500,100,0.3,0.003,1,23,best,59,best
29,0.1008366369862482,0.1008366369862482,0.0030629857090000005,[0.         0.0295715  0.019527   0.02876839 0.0287739  0.01       0.         0.033882   0.0294532  0.         0.         0.         0.         0.         0.0193137  0.         0.035156   0.         0.02787354 0.         0.0248941  0.         0.01806826 0.         0.016646   0.10411821 0.040642   0.3186253  0.033877   0.         0.0287385 ],[0. 1. 1. 1. 1. 1. 0. 1. 1. 0. 0. 0. 0. 0. 1. 0. 1. 0. 1. 0. 1. 0. 1. 0. 1. 1. 1. 1. 1. 0. 1.],500,100,0.3,0.003,1,23,best,59,best
30,0.09385027595901536,0.09385027595901536,0.003008513457,[0.         0.0295715  0.019527   0.02876839 0.0287739  0.         0.         0.033882   0.0294532  0.         0.         0.         0.         0.         0.01       0.         0.035156   0.         0.02787354 0.         0.0248941  0.         0.01806826 0.         0.016646   0.10411821 0.040642   0.3186253  0.033877   0.         0.0287385 ],[0. 1. 1. 1. 1. 0. 0. 1. 1. 0. 0. 0. 0. 0. 1. 0. 1. 0. 1. 0. 1. 0. 1. 0. 1. 1. 1. 1. 1. 0. 1.],500,100,0.3,0.003,1,23,best,59,best
31,0.09241680236812401,0.09241680236812401,0.00302415193062,[0.         0.0295715  0.019527   0.02876839 0.0287739  0.         0.         0.033882   0.0294532  0.         0.         0.         0.         0.         0.01       0.         0.035156   0.         0.02787354 0.         0.01742587 0.         0.01806826 0.         0.016646   0.11158644 0.040642   0.3186253  0.033877   0.         0.0287385 ],[0. 1. 1. 1. 1. 0. 0. 1. 1. 0. 0. 0. 0. 0. 1. 0. 1. 0. 1. 0. 1. 0. 1. 0. 1. 1. 1. 1. 1. 0. 1.],500,100,0.3,0.003,1,23,best,59,best
32,0.08955628706880792,0.08955628706880792,0.00301259334582,[0.         0.0295715  0.019527   0.02876839 0.0287739  0.         0.         0.033882   0.0294532  0.         0.         0.         0.         0.         0.01       0.         0.035156   0.         0.02787354 0.         0.01742587 0.         0.01806826 0.         0.016646   0.11158644 0.0284494  0.3308179  0.033877   0.         0.0287385 ],[0. 1. 1. 1. 1. 0. 0. 1. 1. 0. 0. 0. 0. 0. 1. 0. 1. 0. 1. 0. 1. 0. 1. 0. 1. 1. 1. 1. 1. 0. 1.],500,100,0.3,0.003,1,23,best,59,best
33,0.0883928415102257,0.0883928415102257,0.0030107061240990003,[0.         0.0295715  0.019527   0.02876839 0.0287739  0.         0.         0.033882   0.0294532  0.         0.         0.         0.         0.         0.01       0.         0.035156   0.         0.02787354 0.         0.01219811 0.         0.01806826 0.         0.016646   0.11158644 0.0284494  0.33604566 0.033877   0.         0.0287385 ],[0. 1. 1. 1. 1. 0. 0. 1. 1. 0. 0. 0. 0. 0. 1. 0. 1. 0. 1. 0. 1. 0. 1. 0. 1. 1. 1. 1. 1. 0. 1.],500,100,0.3,0.003,1,23,best,59,best
34,0.08759657784900256,0.08759657784900256,0.003014202746499,[0.         0.0295715  0.019527   0.02876839 0.0287739  0.         0.         0.0237174  0.0294532  0.         0.         0.         0.         0.         0.01       0.         0.035156   0.         0.03803814 0.         0.01219811 0.         0.01806826 0.         0.016646   0.11158644 0.0284494  0.33604566 0.033877   0.         0.0287385 ],[0. 1. 1. 1. 1. 0. 0. 1. 1. 0. 0. 0. 0. 0. 1. 0. 1. 0. 1. 0. 1. 0. 1. 0. 1. 1. 1. 1. 1. 0. 1.],500,100,0.3,0.003,1,23,best,59,best
35,0.08682094977713459,0.08682094977713459,0.0030088874451990005,[0.         0.0295715  0.019527   0.02876839 0.0287739  0.         0.         0.0237174  0.0294532  0.         0.         0.         0.         0.         0.01       0.         0.035156   0.         0.04820124 0.         0.01219811 0.         0.01806826 0.         0.016646   0.11158644 0.0284494  0.33604566 0.0237139  0.         0.0287385 ],[0. 1. 1. 1. 1. 0. 0. 1. 1. 0. 0. 0. 0. 0. 1. 0. 1. 0. 1. 0. 1. 0. 1. 0. 1. 1. 1. 1. 1. 0. 1.],500,100,0.3,0.003,1,23,best,59,best
36,0.08547157904834565,0.08547157904834565,0.003073572845979,[0.         0.0295715  0.019527   0.02876839 0.03730872 0.         0.         0.0237174  0.0294532  0.         0.         0.         0.         0.         0.01       0.         0.035156   0.         0.04820124 0.         0.01219811 0.         0.01806826 0.         0.016646   0.11158644 0.01991458 0.33604566 0.0237139  0.         0.0287385 ],[0. 1. 1. 1. 1. 0. 0. 1. 1. 0. 0. 0. 0. 0. 1. 0. 1. 0. 1. 0. 1. 0. 1. 0. 1. 1. 1. 1. 1. 0. 1.],500,100,0.3,0.003,1,23,best,59,best
37,0.07855269653198228,0.07855269653198228,0.003015293826082,[0.         0.0295715  0.019527   0.02876839 0.03730872 0.         0.         0.0237174  0.0294532  0.         0.         0.         0.         0.         0.01       0.         0.035156   0.         0.04820124 0.         0.         0.         0.01806826 0.         0.016646   0.11158644 0.01219811 0.33604566 0.0237139  0.         0.0287385 ],[0. 1. 1. 1. 1. 0. 0. 1. 1. 0. 0. 0. 0. 0. 1. 0. 1. 0. 1. 0. 0. 0. 1. 0. 1. 1. 1. 1. 1. 0. 1.],500,100,0.3,0.003,1,23,best,59,best
38,0.07749220055218037,0.07749220055218037,0.003016036431568,[0.         0.0295715  0.019527   0.02876839 0.03730872 0.         0.         0.0237174  0.0294532  0.         0.         0.         0.         0.         0.01       0.         0.035156   0.         0.04820124 0.         0.         0.         0.01264778 0.         0.016646   0.11700692 0.01219811 0.33604566 0.0237139  0.         0.0287385 ],[0. 1. 1. 1. 1. 0. 0. 1. 1. 0. 0. 0. 0. 0. 1. 0. 1. 0. 1. 0. 0. 0. 1. 0. 1. 1. 1. 1. 1. 0. 1.],500,100,0.3,0.003,1,23,best,59,best
39,0.07702538025205946,0.07702538025205946,0.003014488353568,[0.         0.0295715  0.019527   0.02876839 0.03730872 0.         0.         0.0237174  0.0294532  0.         0.         0.         0.         0.         0.01       0.         0.035156   0.         0.04820124 0.         0.         0.         0.01264778 0.         0.0116522  0.11700692 0.01219811 0.33604566 0.0237139  0.         0.0337323 ],[0. 1. 1. 1. 1. 0. 0. 1. 1. 0. 0. 0. 0. 0. 1. 0. 1. 0. 1. 0. 0. 0. 1. 0. 1. 1. 1. 1. 1. 0. 1.],500,100,0.3,0.003,1,23,best,59,best
40,0.07595006164020003,0.07595006164020003,0.003001933935568,[0.         0.0295715  0.019527   0.02876839 0.03730872 0.         0.         0.0237174  0.0294532  0.         0.         0.         0.         0.         0.01       0.         0.035156   0.         0.04820124 0.         0.         0.01       0.01264778 0.         0.         0.11700692 0.01219811 0.33604566 0.0237139  0.         0.0337323 ],[0. 1. 1. 1. 1. 0. 0. 1. 1. 0. 0. 0. 0. 0. 1. 0. 1. 0. 1. 0. 0. 1. 1. 0. 0. 1. 1. 1. 1. 0. 1.],500,100,0.3,0.003,1,23,best,59,best
41,0.07533224098033914,0.07533224098033914,0.003017338386868,[0.         0.0295715  0.019527   0.02876839 0.03730872 0.         0.         0.01660218 0.03656842 0.         0.         0.         0.         0.         0.01       0.         0.035156   0.         0.04820124 0.         0.         0.01       0.01264778 0.         0.         0.11700692 0.01219811 0.33604566 0.0237139  0.         0.0337323 ],[0. 1. 1. 1. 1. 0. 0. 1. 1. 0. 0. 0. 0. 0. 1. 0. 1. 0. 1. 0. 0. 1. 1. 0. 0. 1. 1. 1. 1. 0. 1.],500,100,0.3,0.003,1,23,best,59,best
42,0.07402409803611285,0.07402409803611285,0.003064915001668,[0.         0.0295715  0.019527   0.02876839 0.03730872 0.         0.         0.01660218 0.03656842 0.         0.         0.         0.         0.         0.01       0.         0.0246092  0.         0.04820124 0.         0.         0.01       0.01264778 0.         0.         0.12755372 0.01219811 0.33604566 0.0237139  0.         0.0337323 ],[0. 1. 1. 1. 1. 0. 0. 1. 1. 0. 0. 0. 0. 0. 1. 0. 1. 0. 1. 0. 0. 1. 1. 0. 0. 1. 1. 1. 1. 0. 1.],500,100,0.3,0.003,1,23,best,59,best
43,0.06729269775842563,0.06729269775842563,0.0030420052072679996,[0.         0.0295715  0.019527   0.02876839 0.03730872 0.         0.         0.01660218 0.03656842 0.         0.         0.         0.         0.         0.01       0.         0.01       0.         0.04820124 0.         0.         0.         0.01264778 0.         0.         0.12755372 0.01219811 0.33604566 0.0237139  0.         0.0337323 ],[0. 1. 1. 1. 1. 0. 0. 1. 1. 0. 0. 0. 0. 0. 1. 0. 1. 0. 1. 0. 0. 0. 1. 0. 0. 1. 1. 1. 1. 0. 1.],500,100,0.3,0.003,1,23,best,59,best
44,0.06587839035439767,0.06587839035439767,0.0030030471342759996,[0.         0.0295715  0.019527   0.02876839 0.03730872 0.         0.         0.01660218 0.03656842 0.         0.         0.         0.         0.         0.01       0.         0.01       0.         0.04820124 0.         0.         0.         0.         0.         0.         0.12755372 0.01219811 0.33604566 0.0237139  0.01       0.0337323 ],[0. 1. 1. 1. 1. 0. 0. 1. 1. 0. 0. 0. 0. 0. 1. 0. 1. 0. 1. 0. 0. 0. 0. 0. 0. 1. 1. 1. 1. 1. 1.],500,100,0.3,0.003,1,23,best,59,best
45,0.06517530349659732,0.06517530349659732,0.003057984396076,[0.         0.0295715  0.0136689  0.02876839 0.04316682 0.         0.         0.01660218 0.03656842 0.         0.         0.         0.         0.         0.01       0.         0.01       0.         0.04820124 0.         0.         0.         0.         0.         0.         0.12755372 0.01219811 0.33604566 0.0237139  0.01       0.0337323 ],[0. 1. 1. 1. 1. 0. 0. 1. 1. 0. 0. 0. 0. 0. 1. 0. 1. 0. 1. 0. 0. 0. 0. 0. 0. 1. 1. 1. 1. 1. 1.],500,100,0.3,0.003,1,23,best,59,best
46,0.06072305308436109,0.06072305308436109,0.003015714343685,[0.         0.0295715  0.01219811 0.02876839 0.04316682 0.         0.         0.01660218 0.03656842 0.         0.         0.         0.         0.         0.01       0.         0.01       0.         0.04820124 0.         0.         0.         0.         0.         0.         0.12755372 0.         0.33604566 0.0237139  0.01       0.0337323 ],[0. 1. 1. 1. 1. 0. 0. 1. 1. 0. 0. 0. 0. 0. 1. 0. 1. 0. 1. 0. 0. 0. 0. 0. 0. 1. 0. 1. 1. 1. 1.],500,100,0.3,0.003,1,23,best,59,best
47,0.05930371079012155,0.05930371079012155,0.0030181136274109997,[0.         0.0295715  0.01219811 0.02013787 0.04316682 0.         0.         0.01660218 0.03656842 0.         0.         0.         0.         0.         0.01       0.         0.01       0.         0.04820124 0.         0.         0.         0.         0.         0.         0.13618424 0.         0.33604566 0.0237139  0.01       0.0337323 ],[0. 1. 1. 1. 1. 0. 0. 1. 1. 0. 0. 0. 0. 0. 1. 0. 1. 0. 1. 0. 0. 0. 0. 0. 0. 1. 0. 1. 1. 1. 1.],500,100,0.3,0.003,1,23,best,59,best
48,0.05799141026513264,0.05799141026513264,0.003023578440611,[0.         0.02070005 0.01219811 0.02013787 0.04316682 0.         0.         0.01660218 0.03656842 0.         0.         0.         0.         0.         0.01       0.         0.01       0.         0.04820124 0.         0.         0.         0.         0.         0.         0.14505569 0.         0.33604566 0.0237139  0.01       0.0337323 ],[0. 1. 1. 1. 1. 0. 0. 1. 1. 0. 0. 0. 0. 0. 1. 0. 1. 0. 1. 0. 0. 0. 0. 0. 0. 1. 0. 1. 1. 1. 1.],500,100,0.3,0.003,1,23,best,59,best
49,0.056642829919338125,0.056642829919338125,0.003023153413631,[0.         0.02070005 0.01219811 0.02013787 0.04316682 0.         0.         0.01660218 0.03656842 0.         0.         0.         0.         0.         0.01       0.         0.01       0.         0.04820124 0.         0.         0.         0.         0.         0.         0.14505569 0.         0.34616535 0.0237139  0.01       0.02361261],[0. 1. 1. 1. 1. 0. 0. 1. 1. 0. 0. 0. 0. 0. 1. 0. 1. 0. 1. 0. 0. 0. 0. 0. 0. 1. 0. 1. 1. 1. 1.],500,100,0.3,0.003,1,23,best,59,best
50,0.05551859840991529,0.05551859840991529,0.003011733196046,[0.         0.01449004 0.01219811 0.02013787 0.04316682 0.         0.         0.01660218 0.03656842 0.         0.         0.         0.         0.         0.01       0.         0.01       0.         0.04820124 0.         0.         0.         0.         0.         0.         0.14505569 0.         0.35237537 0.0237139  0.01       0.02361261],[0. 1. 1. 1. 1. 0. 0. 1. 1. 0. 0. 0. 0. 0. 1. 0. 1. 0. 1. 0. 0. 0. 0. 0. 0. 1. 0. 1. 1. 1. 1.],500,100,0.3,0.003,1,23,best,59,best
51,0.054841679729241845,0.054841679729241845,0.003041604607963,[0.         0.01449004 0.         0.02013787 0.04316682 0.         0.         0.01660218 0.03656842 0.         0.         0.         0.         0.         0.01       0.         0.01       0.         0.04820124 0.01       0.         0.         0.         0.         0.         0.14505569 0.         0.35237537 0.0237139  0.01       0.02361261],[0. 1. 0. 1. 1. 0. 0. 1. 1. 0. 0. 0. 0. 0. 1. 0. 1. 0. 1. 1. 0. 0. 0. 0. 0. 1. 0. 1. 1. 1. 1.],500,100,0.3,0.003,1,23,best,59,best
52,0.05202756172083804,0.05202756172083804,0.003002004607963,[0.         0.01449004 0.         0.02013787 0.04316682 0.         0.         0.01660218 0.03656842 0.         0.         0.         0.         0.         0.         0.         0.01       0.         0.04820124 0.01       0.         0.         0.         0.         0.         0.14505569 0.         0.35237537 0.0237139  0.01       0.02361261],[0. 1. 0. 1. 1. 0. 0. 1. 1. 0. 0. 0. 0. 0. 0. 0. 1. 0. 1. 1. 0. 0. 0. 0. 0. 1. 0. 1. 1. 1. 1.],500,100,0.3,0.003,1,23,best,59,best
53,0.05128349442340181,0.05128349442340181,0.003019097776342,[0.         0.01449004 0.         0.02013787 0.04316682 0.         0.         0.01660218 0.03656842 0.         0.         0.         0.         0.         0.         0.         0.01       0.         0.04820124 0.01       0.         0.         0.         0.         0.         0.15213947 0.         0.35237537 0.0237139  0.01       0.01652883],[0. 1. 0. 1. 1. 0. 0. 1. 1. 0. 0. 0. 0. 0. 0. 0. 1. 0. 1. 1. 0. 0. 0. 0. 0. 1. 0. 1. 1. 1. 1.],500,100,0.3,0.003,1,23,best,59,best
54,0.047458857898527995,0.047458857898527995,0.0030007391680820002,[0.         0.01449004 0.         0.02013787 0.04316682 0.         0.         0.01660218 0.03656842 0.         0.         0.         0.         0.         0.         0.         0.         0.         0.04820124 0.01       0.         0.         0.         0.         0.         0.15213947 0.         0.35237537 0.0237139  0.01       0.01      ],[0. 1. 0. 1. 1. 0. 0. 1. 1. 0. 0. 0. 0. 0. 0. 0. 0. 0. 1. 1. 0. 0. 0. 0. 0. 1. 0. 1. 1. 1. 1.],500,100,0.3,0.003,1,23,best,59,best
55,0.04708834562577925,0.04708834562577925,0.003002452513058,[0.         0.01449004 0.         0.02013787 0.04316682 0.         0.         0.01162153 0.03656842 0.         0.         0.         0.         0.         0.         0.         0.         0.         0.05318189 0.01       0.         0.         0.         0.         0.         0.15213947 0.         0.35237537 0.0237139  0.01       0.01      ],[0. 1. 0. 1. 1. 0. 0. 1. 1. 0. 0. 0. 0. 0. 0. 0. 0. 0. 1. 1. 0. 0. 0. 0. 0. 1. 0. 1. 1. 1. 1.],500,100,0.3,0.003,1,23,best,59,best
56,0.04708834562577925,0.04708834562577925,0.003002452513058,[0.         0.01449004 0.         0.02013787 0.04316682 0.         0.         0.01162153 0.03656842 0.         0.         0.         0.         0.         0.         0.         0.         0.         0.05318189 0.01       0.         0.         0.         0.         0.         0.15213947 0.         0.35237537 0.0237139  0.01       0.01      ],[0. 1. 0. 1. 1. 0. 0. 1. 1. 0. 0. 0. 0. 0. 0. 0. 0. 0. 1. 1. 0. 0. 0. 0. 0. 1. 0. 1. 1. 1. 1.],500,100,0.3,0.003,1,23,best,59,best
57,0.04708834562577925,0.04708834562577925,0.003002452513058,[0.         0.01449004 0.         0.02013787 0.04316682 0.         0.         0.01162153 0.03656842 0.         0.         0.         0.         0.         0.         0.         0.         0.         0.05318189 0.01       0.         0.         0.         0.         0.         0.15213947 0.         0.35237537 0.0237139  0.01       0.01      ],[0. 1. 0. 1. 1. 0. 0. 1. 1. 0. 0. 0. 0. 0. 0. 0. 0. 0. 1. 1. 0. 0. 0. 0. 0. 1. 0. 1. 1. 1. 1.],500,100,0.3,0.003,1,23,best,59,best
58,0.04611442389493316,0.04611442389493316,0.0030041320116662,[0.         0.01449004 0.         0.01409651 0.04316682 0.         0.         0.01162153 0.03656842 0.         0.         0.         0.         0.         0.         0.         0.         0.         0.05318189 0.01       0.         0.         0.         0.         0.         0.15818083 0.         0.35237537 0.0237139  0.01       0.01      ],[0. 1. 0. 1. 1. 0. 0. 1. 1. 0. 0. 0. 0. 0. 0. 0. 0. 0. 1. 1. 0. 0. 0. 0. 0. 1. 0. 1. 1. 1. 1.],500,100,0.3,0.003,1,23,best,59,best
59,0.045315919271025316,0.045315919271025316,0.0030400443418262,[0.         0.01449004 0.         0.01409651 0.05028099 0.         0.         0.01162153 0.03656842 0.         0.         0.         0.         0.         0.         0.         0.         0.         0.05318189 0.01       0.         0.         0.         0.         0.         0.15818083 0.         0.35237537 0.01659973 0.01       0.01      ],[0. 1. 0. 1. 1. 0. 0. 1. 1. 0. 0. 0. 0. 0. 0. 0. 0. 0. 1. 1. 0. 0. 0. 0. 0. 1. 0. 1. 1. 1. 1.],500,100,0.3,0.003,1,23,best,59,best
60,0.043081584400555005,0.043081584400555005,0.0030201143418262,[0.         0.01449004 0.         0.01409651 0.05028099 0.         0.         0.01162153 0.03656842 0.         0.         0.         0.         0.         0.         0.         0.         0.         0.05318189 0.01       0.         0.         0.         0.         0.         0.15818083 0.         0.35237537 0.01659973 0.         0.01      ],[0. 1. 0. 1. 1. 0. 0. 1. 1. 0. 0. 0. 0. 0. 0. 0. 0. 0. 1. 1. 0. 0. 0. 0. 0. 1. 0. 1. 1. 0. 1.],500,100,0.3,0.003,1,23,best,59,best
61,0.04202772642105688,0.04202772642105688,0.0030084885942097002,[0.         0.01449004 0.         0.         0.05028099 0.         0.         0.01162153 0.03656842 0.         0.         0.01       0.         0.         0.         0.         0.         0.         0.05318189 0.01       0.         0.         0.         0.         0.         0.15818083 0.         0.35237537 0.01659973 0.         0.01      ],[0. 1. 0. 0. 1. 0. 0. 1. 1. 0. 0. 1. 0. 0. 0. 0. 0. 0. 1. 1. 0. 0. 0. 0. 0. 1. 0. 1. 1. 0. 1.],500,100,0.3,0.003,1,23,best,59,best
62,0.041387347736245826,0.041387347736245826,0.0030111663526777004,[0.         0.01014302 0.         0.         0.05028099 0.         0.         0.01162153 0.03656842 0.         0.         0.01       0.         0.         0.         0.         0.         0.         0.05318189 0.01       0.         0.         0.         0.         0.         0.16252784 0.         0.35237537 0.01659973 0.         0.01      ],[0. 1. 0. 0. 1. 0. 0. 1. 1. 0. 0. 1. 0. 0. 0. 0. 0. 0. 1. 1. 0. 0. 0. 0. 0. 1. 0. 1. 1. 0. 1.],500,100,0.3,0.003,1,23,best,59,best
63,0.04110899444255509,0.04110899444255509,0.0030052189393412003,[0.         0.         0.         0.         0.05028099 0.         0.         0.01162153 0.03656842 0.         0.         0.01       0.         0.01       0.         0.         0.         0.         0.05318189 0.01       0.         0.         0.         0.         0.         0.16252784 0.         0.35237537 0.01659973 0.         0.01      ],[0. 0. 0. 0. 1. 0. 0. 1. 1. 0. 0. 1. 0. 1. 0. 0. 0. 0. 1. 1. 0. 0. 0. 0. 0. 1. 0. 1. 1. 0. 1.],500,100,0.3,0.003,1,23,best,59,best
64,0.04070682140278157,0.04070682140278157,0.0030116828742032,[0.         0.         0.         0.         0.05028099 0.         0.         0.01162153 0.04154834 0.         0.         0.01       0.         0.01       0.         0.         0.         0.         0.05318189 0.01       0.         0.         0.         0.         0.         0.16252784 0.         0.35237537 0.01161981 0.         0.01      ],[0. 0. 0. 0. 1. 0. 0. 1. 1. 0. 0. 1. 0. 1. 0. 0. 0. 0. 1. 1. 0. 0. 0. 0. 0. 1. 0. 1. 1. 0. 1.],500,100,0.3,0.003,1,23,best,59,best
65,0.04027565832337736,0.04027565832337736,0.0030584247555782,[0.         0.         0.         0.         0.06274549 0.         0.         0.01162153 0.02908384 0.         0.         0.01       0.         0.01       0.         0.         0.         0.         0.05318189 0.01       0.         0.         0.         0.         0.         0.16252784 0.         0.35237537 0.01161981 0.         0.01      ],[0. 0. 0. 0. 1. 0. 0. 1. 1. 0. 0. 1. 0. 1. 0. 0. 0. 0. 1. 1. 0. 0. 0. 0. 0. 1. 0. 1. 1. 0. 1.],500,100,0.3,0.003,1,23,best,59,best
66,0.03874943574640603,0.03874943574640603,0.00305043151691,[0.         0.         0.         0.         0.06274549 0.         0.         0.01162153 0.02908384 0.         0.         0.01       0.         0.01       0.         0.         0.         0.         0.03722733 0.01       0.         0.         0.         0.         0.         0.17848241 0.         0.35237537 0.01161981 0.         0.01      ],[0. 0. 0. 0. 1. 0. 0. 1. 1. 0. 0. 1. 0. 1. 0. 0. 0. 0. 1. 1. 0. 0. 0. 0. 0. 1. 0. 1. 1. 0. 1.],500,100,0.3,0.003,1,23,best,59,best
67,0.03814646789639224,0.03814646789639224,0.00303779496321,[0.         0.         0.         0.         0.06274549 0.         0.         0.         0.02908384 0.         0.         0.01       0.01       0.01       0.         0.         0.         0.         0.03722733 0.01       0.         0.         0.         0.         0.         0.17848241 0.         0.35237537 0.01161981 0.         0.01      ],[0. 0. 0. 0. 1. 0. 0. 0. 1. 0. 0. 1. 1. 1. 0. 0. 0. 0. 1. 1. 0. 0. 0. 0. 0. 1. 0. 1. 1. 0. 1.],500,100,0.3,0.003,1,23,best,59,best
68,0.03576008350493411,0.03576008350493411,0.003004572522623,[0.         0.         0.         0.         0.06274549 0.         0.         0.         0.02908384 0.         0.         0.01       0.01       0.01       0.         0.         0.         0.         0.03722733 0.01       0.         0.         0.         0.         0.         0.17848241 0.         0.35237537 0.01       0.         0.        ],[0. 0. 0. 0. 1. 0. 0. 0. 1. 0. 0. 1. 1. 1. 0. 0. 0. 0. 1. 1. 0. 0. 0. 0. 0. 1. 0. 1. 1. 0. 0.],500,100,0.3,0.003,1,23,best,59,best
69,0.03573429939283322,0.03573429939283322,0.0030020525226230003,[0.         0.         0.         0.         0.06274549 0.         0.         0.01       0.02908384 0.         0.         0.         0.01       0.01       0.         0.         0.         0.         0.03722733 0.01       0.         0.         0.         0.         0.         0.17848241 0.         0.35237537 0.01       0.         0.        ],[0. 0. 0. 0. 1. 0. 0. 1. 1. 0. 0. 0. 1. 1. 0. 0. 0. 0. 1. 1. 0. 0. 0. 0. 0. 1. 0. 1. 1. 0. 0.],500,100,0.3,0.003,1,23,best,59,best
70,0.03573429939283322,0.03573429939283322,0.0030020525226230003,[0.         0.         0.         0.         0.06274549 0.         0.         0.01       0.02908384 0.         0.         0.         0.01       0.01       0.         0.         0.         0.         0.03722733 0.01       0.         0.         0.         0.         0.         0.17848241 0.         0.35237537 0.01       0.         0.        ],[0. 0. 0. 0. 1. 0. 0. 1. 1. 0. 0. 0. 1. 1. 0. 0. 0. 0. 1. 1. 0. 0. 0. 0. 0. 1. 0. 1. 1. 0. 0.],500,100,0.3,0.003,1,23,best,59,best
71,0.03573429939283322,0.03573429939283322,0.0030020525226230003,[0.         0.         0.         0.         0.06274549 0.         0.         0.01       0.02908384 0.         0.         0.         0.01       0.01       0.         0.         0.         0.         0.03722733 0.01       0.         0.         0.         0.         0.         0.17848241 0.         0.35237537 0.01       0.         0.        ],[0. 0. 0. 0. 1. 0. 0. 1. 1. 0. 0. 0. 1. 1. 0. 0. 0. 0. 1. 1. 0. 0. 0. 0. 0. 1. 0. 1. 1. 0. 0.],500,100,0.3,0.003,1,23,best,59,best
72,0.03573429939283322,0.03573429939283322,0.0030020525226230003,[0.         0.         0.         0.         0.06274549 0.         0.         0.01       0.02908384 0.         0.         0.         0.01       0.01       0.         0.         0.         0.         0.03722733 0.01       0.         0.         0.         0.         0.         0.17848241 0.         0.35237537 0.01       0.         0.        ],[0. 0. 0. 0. 1. 0. 0. 1. 1. 0. 0. 0. 1. 1. 0. 0. 0. 0. 1. 1. 0. 0. 0. 0. 0. 1. 0. 1. 1. 0. 0.],500,100,0.3,0.003,1,23,best,59,best
73,0.03573429939283322,0.03573429939283322,0.0030020525226230003,[0.         0.         0.         0.         0.06274549 0.         0.         0.01       0.02908384 0.         0.         0.         0.01       0.01       0.         0.         0.         0.         0.03722733 0.01       0.         0.         0.         0.         0.         0.17848241 0.         0.35237537 0.01       0.         0.        ],[0. 0. 0. 0. 1. 0. 0. 1. 1. 0. 0. 0. 1. 1. 0. 0. 0. 0. 1. 1. 0. 0. 0. 0. 0. 1. 0. 1. 1. 0. 0.],500,100,0.3,0.003,1,23,best,59,best
74,0.03573429939283322,0.03573429939283322,0.0030020525226230003,[0.         0.         0.         0.         0.06274549 0.         0.         0.01       0.02908384 0.         0.         0.         0.01       0.01       0.         0.         0.         0.         0.03722733 0.01       0.         0.         0.         0.         0.         0.17848241 0.         0.35237537 0.01       0.         0.        ],[0. 0. 0. 0. 1. 0. 0. 1. 1. 0. 0. 0. 1. 1. 0. 0. 0. 0. 1. 1. 0. 0. 0. 0. 0. 1. 0. 1. 1. 0. 0.],500,100,0.3,0.003,1,23,best,59,best
75,0.03573429939283322,0.03573429939283322,0.0030020525226230003,[0.         0.         0.         0.         0.06274549 0.         0.         0.01       0.02908384 0.         0.         0.         0.01       0.01       0.         0.         0.         0.         0.03722733 0.01       0.         0.         0.         0.         0.         0.17848241 0.         0.35237537 0.01       0.         0.        ],[0. 0. 0. 0. 1. 0. 0. 1. 1. 0. 0. 0. 1. 1. 0. 0. 0. 0. 1. 1. 0. 0. 0. 0. 0. 1. 0. 1. 1. 0. 0.],500,100,0.3,0.003,1,23,best,59,best
76,0.03536204709551133,0.03536204709551133,0.0030347718395855004,[0.         0.         0.         0.         0.07147064 0.         0.         0.01       0.02035869 0.         0.         0.         0.01       0.01       0.         0.         0.         0.         0.03722733 0.01       0.         0.         0.         0.         0.         0.17848241 0.         0.35237537 0.01       0.         0.        ],[0. 0. 0. 0. 1. 0. 0. 1. 1. 0. 0. 0. 1. 1. 0. 0. 0. 0. 1. 1. 0. 0. 0. 0. 0. 1. 0. 1. 1. 0. 0.],500,100,0.3,0.003,1,23,best,59,best
77,0.034681336151034296,0.034681336151034296,0.0030969898691950402,[0.         0.         0.         0.         0.08263884 0.         0.         0.01       0.02035869 0.         0.         0.         0.01       0.01       0.         0.         0.         0.         0.02605913 0.01       0.         0.         0.         0.         0.         0.17848241 0.         0.35237537 0.01       0.         0.        ],[0. 0. 0. 0. 1. 0. 0. 1. 1. 0. 0. 0. 1. 1. 0. 0. 0. 0. 1. 1. 0. 0. 0. 0. 0. 1. 0. 1. 1. 0. 0.],500,100,0.3,0.003,1,23,best,59,best
78,0.03412237403555901,0.03412237403555901,0.0031405424899217183,[0.         0.         0.         0.         0.09045658 0.         0.         0.01       0.02035869 0.         0.         0.         0.01       0.01       0.         0.         0.         0.         0.01824139 0.01       0.         0.         0.         0.         0.         0.17848241 0.         0.35237537 0.01       0.         0.        ],[0. 0. 0. 0. 1. 0. 0. 1. 1. 0. 0. 0. 1. 1. 0. 0. 0. 0. 1. 1. 0. 0. 0. 0. 0. 1. 0. 1. 1. 0. 0.],500,100,0.3,0.003,1,23,best,59,best
79,0.030023411272709105,0.030023411272709105,0.0030219504382490684,[0.         0.         0.         0.         0.09045658 0.         0.         0.01       0.01       0.         0.         0.         0.         0.01       0.         0.         0.         0.         0.01824139 0.01       0.         0.         0.         0.         0.         0.17848241 0.         0.35237537 0.01       0.         0.        ],[0. 0. 0. 0. 1. 0. 0. 1. 1. 0. 0. 0. 0. 1. 0. 0. 0. 0. 1. 1. 0. 0. 0. 0. 0. 1. 0. 1. 1. 0. 0.],500,100,0.3,0.003,1,23,best,59,best
80,0.029969422789650105,0.029969422789650105,0.0030054604382490683,[0.         0.         0.         0.         0.09045658 0.         0.         0.01       0.01       0.         0.         0.         0.         0.         0.         0.         0.         0.         0.01824139 0.01       0.         0.         0.         0.         0.         0.17848241 0.         0.35237537 0.01       0.01       0.        ],[0. 0. 0. 0. 1. 0. 0. 1. 1. 0. 0. 0. 0. 0. 0. 0. 0. 0. 1. 1. 0. 0. 0. 0. 0. 1. 0. 1. 1. 1. 0.],500,100,0.3,0.003,1,23,best,59,best
81,0.029969422789650105,0.029969422789650105,0.0030054604382490683,[0.         0.         0.         0.         0.09045658 0.         0.         0.01       0.01       0.         0.         0.         0.         0.         0.         0.         0.         0.         0.01824139 0.01       0.         0.         0.         0.         0.         0.17848241 0.         0.35237537 0.01       0.01       0.        ],[0. 0. 0. 0. 1. 0. 0. 1. 1. 0. 0. 0. 0. 0. 0. 0. 0. 0. 1. 1. 0. 0. 0. 0. 0. 1. 0. 1. 1. 1. 0.],500,100,0.3,0.003,1,23,best,59,best
82,0.029969422789650105,0.029969422789650105,0.0030054604382490683,[0.         0.         0.         0.         0.09045658 0.         0.         0.01       0.01       0.         0.         0.         0.         0.         0.         0.         0.         0.         0.01824139 0.01       0.         0.         0.         0.         0.         0.17848241 0.         0.35237537 0.01       0.01       0.        ],[0. 0. 0. 0. 1. 0. 0. 1. 1. 0. 0. 0. 0. 0. 0. 0. 0. 0. 1. 1. 0. 0. 0. 0. 0. 1. 0. 1. 1. 1. 0.],500,100,0.3,0.003,1,23,best,59,best
83,0.02983245611338128,0.02983245611338128,0.0030008504382490683,[0.         0.         0.         0.         0.09045658 0.         0.         0.         0.01       0.         0.         0.         0.01       0.         0.         0.         0.         0.         0.01824139 0.01       0.         0.         0.         0.         0.         0.17848241 0.         0.35237537 0.01       0.01       0.        ],[0. 0. 0. 0. 1. 0. 0. 0. 1. 0. 0. 0. 1. 0. 0. 0. 0. 0. 1. 1. 0. 0. 0. 0. 0. 1. 0. 1. 1. 1. 0.],500,100,0.3,0.003,1,23,best,59,best
84,0.02983245611338128,0.02983245611338128,0.0030008504382490683,[0.         0.         0.         0.         0.09045658 0.         0.         0.         0.01       0.         0.         0.         0.01       0.         0.         0.         0.         0.         0.01824139 0.01       0.         0.         0.         0.         0.         0.17848241 0.         0.35237537 0.01       0.01       0.        ],[0. 0. 0. 0. 1. 0. 0. 0. 1. 0. 0. 0. 1. 0. 0. 0. 0. 0. 1. 1. 0. 0. 0. 0. 0. 1. 0. 1. 1. 1. 0.],500,100,0.3,0.003,1,23,best,59,best
85,0.02983245611338128,0.02983245611338128,0.0030008504382490683,[0.         0.         0.         0.         0.09045658 0.         0.         0.         0.01       0.         0.         0.         0.01       0.         0.         0.         0.         0.         0.01824139 0.01       0.         0.         0.         0.         0.         0.17848241 0.         0.35237537 0.01       0.01       0.        ],[0. 0. 0. 0. 1. 0. 0. 0. 1. 0. 0. 0. 1. 0. 0. 0. 0. 0. 1. 1. 0. 0. 0. 0. 0. 1. 0. 1. 1. 1. 0.],500,100,0.3,0.003,1,23,best,59,best
86,0.029709221952947753,0.029709221952947753,0.0030047204382490683,[0.         0.         0.         0.         0.09045658 0.         0.         0.         0.01       0.         0.         0.         0.01       0.         0.         0.         0.         0.         0.01824139 0.01       0.         0.         0.         0.         0.         0.17848241 0.         0.35237537 0.01       0.         0.01      ],[0. 0. 0. 0. 1. 0. 0. 0. 1. 0. 0. 0. 1. 0. 0. 0. 0. 0. 1. 1. 0. 0. 0. 0. 0. 1. 0. 1. 1. 0. 1.],500,100,0.3,0.003,1,23,best,59,best
87,0.029709221952947753,0.029709221952947753,0.0030047204382490683,[0.         0.         0.         0.         0.09045658 0.         0.         0.         0.01       0.         0.         0.         0.01       0.         0.         0.         0.         0.         0.01824139 0.01       0.         0.         0.         0.         0.         0.17848241 0.         0.35237537 0.01       0.         0.01      ],[0. 0. 0. 0. 1. 0. 0. 0. 1. 0. 0. 0. 1. 0. 0. 0. 0. 0. 1. 1. 0. 0. 0. 0. 0. 1. 0. 1. 1. 0. 1.],500,100,0.3,0.003,1,23,best,59,best
88,0.0292872399172795,0.0292872399172795,0.003035207272757743,[0.         0.         0.         0.         0.095929   0.         0.         0.         0.01       0.         0.         0.         0.01       0.         0.         0.         0.         0.         0.01276897 0.01       0.         0.         0.         0.         0.         0.17848241 0.         0.35237537 0.01       0.         0.01      ],[0. 0. 0. 0. 1. 0. 0. 0. 1. 0. 0. 0. 1. 0. 0. 0. 0. 0. 1. 1. 0. 0. 0. 0. 0. 1. 0. 1. 1. 0. 1.],500,100,0.3,0.003,1,23,best,59,best
89,0.027516886497629216,0.027516886497629216,0.003011407272757743,[0.         0.         0.         0.         0.095929   0.         0.         0.         0.01       0.         0.         0.         0.01       0.         0.         0.         0.         0.         0.01276897 0.01       0.         0.         0.         0.         0.         0.17848241 0.         0.35237537 0.01       0.         0.        ],[0. 0. 0. 0. 1. 0. 0. 0. 1. 0. 0. 0. 1. 0. 0. 0. 0. 0. 1. 1. 0. 0. 0. 0. 0. 1. 0. 1. 1. 0. 0.],500,100,0.3,0.003,1,23,best,59,best
90,0.02727365699526079,0.02727365699526079,0.003002937272757743,[0.         0.         0.         0.         0.095929   0.         0.         0.         0.01       0.         0.         0.         0.         0.01       0.         0.         0.         0.         0.01276897 0.01       0.         0.         0.         0.         0.         0.17848241 0.         0.35237537 0.01       0.         0.        ],[0. 0. 0. 0. 1. 0. 0. 0. 1. 0. 0. 0. 0. 1. 0. 0. 0. 0. 1. 1. 0. 0. 0. 0. 0. 1. 0. 1. 1. 0. 0.],500,100,0.3,0.003,1,23,best,59,best
91,0.02727365699526079,0.02727365699526079,0.003002937272757743,[0.         0.         0.         0.         0.095929   0.         0.         0.         0.01       0.         0.         0.         0.         0.01       0.         0.         0.         0.         0.01276897 0.01       0.         0.         0.         0.         0.         0.17848241 0.         0.35237537 0.01       0.         0.        ],[0. 0. 0. 0. 1. 0. 0. 0. 1. 0. 0. 0. 0. 1. 0. 0. 0. 0. 1. 1. 0. 0. 0. 0. 0. 1. 0. 1. 1. 0. 0.],500,100,0.3,0.003,1,23,best,59,best
92,0.02727365699526079,0.02727365699526079,0.003002937272757743,[0.         0.         0.         0.         0.095929   0.         0.         0.         0.01       0.         0.         0.         0.         0.01       0.         0.         0.         0.         0.01276897 0.01       0.         0.         0.         0.         0.         0.17848241 0.         0.35237537 0.01       0.         0.        ],[0. 0. 0. 0. 1. 0. 0. 0. 1. 0. 0. 0. 0. 1. 0. 0. 0. 0. 1. 1. 0. 0. 0. 0. 0. 1. 0. 1. 1. 0. 0.],500,100,0.3,0.003,1,23,best,59,best
93,0.02727365699526079,0.02727365699526079,0.003002937272757743,[0.         0.         0.         0.         0.095929   0.         0.         0.         0.01       0.         0.         0.         0.         0.01       0.         0.         0.         0.         0.01276897 0.01       0.         0.         0.         0.         0.         0.17848241 0.         0.35237537 0.01       0.         0.        ],[0. 0. 0. 0. 1. 0. 0. 0. 1. 0. 0. 0. 0. 1. 0. 0. 0. 0. 1. 1. 0. 0. 0. 0. 0. 1. 0. 1. 1. 0. 0.],500,100,0.3,0.003,1,23,best,59,best
94,0.02727365699526079,0.02727365699526079,0.003002937272757743,[0.         0.         0.         0.         0.095929   0.         0.         0.         0.01       0.         0.         0.         0.         0.01       0.         0.         0.         0.         0.01276897 0.01       0.         0.         0.         0.         0.         0.17848241 0.         0.35237537 0.01       0.         0.        ],[0. 0. 0. 0. 1. 0. 0. 0. 1. 0. 0. 0. 0. 1. 0. 0. 0. 0. 1. 1. 0. 0. 0. 0. 0. 1. 0. 1. 1. 0. 0.],500,100,0.3,0.003,1,23,best,59,best
95,0.02727365699526079,0.02727365699526079,0.003002937272757743,[0.         0.         0.         0.         0.095929   0.         0.         0.         0.01       0.         0.         0.         0.         0.01       0.         0.         0.         0.         0.01276897 0.01       0.         0.         0.         0.         0.         0.17848241 0.         0.35237537 0.01       0.         0.        ],[0. 0. 0. 0. 1. 0. 0. 0. 1. 0. 0. 0. 0. 1. 0. 0. 0. 0. 1. 1. 0. 0. 0. 0. 0. 1. 0. 1. 1. 0. 0.],500,100,0.3,0.003,1,23,best,59,best
96,0.02727365699526079,0.02727365699526079,0.003002937272757743,[0.         0.         0.         0.         0.095929   0.         0.         0.         0.01       0.         0.         0.         0.         0.01       0.         0.         0.         0.         0.01276897 0.01       0.         0.         0.         0.         0.         0.17848241 0.         0.35237537 0.01       0.         0.        ],[0. 0. 0. 0. 1. 0. 0. 0. 1. 0. 0. 0. 0. 1. 0. 0. 0. 0. 1. 1. 0. 0. 0. 0. 0. 1. 0. 1. 1. 0. 0.],500,100,0.3,0.003,1,23,best,59,best
97,0.02727365699526079,0.02727365699526079,0.003002937272757743,[0.         0.         0.         0.         0.095929   0.         0.         0.         0.01       0.         0.         0.         0.         0.01       0.         0.         0.         0.         0.01276897 0.01       0.         0.         0.         0.         0.         0.17848241 0.         0.35237537 0.01       0.         0.        ],[0. 0. 0. 0. 1. 0. 0. 0. 1. 0. 0. 0. 0. 1. 0. 0. 0. 0. 1. 1. 0. 0. 0. 0. 0. 1. 0. 1. 1. 0. 0.],500,100,0.3,0.003,1,23,best,59,best
98,0.02727365699526079,0.02727365699526079,0.003002937272757743,[0.         0.         0.         0.         0.095929   0.         0.         0.         0.01       0.         0.         0.         0.         0.01       0.         0.         0.         0.         0.01276897 0.01       0.         0.         0.         0.         0.         0.17848241 0.         0.35237537 0.01       0.         0.        ],[0. 0. 0. 0. 1. 0. 0. 0. 1. 0. 0. 0. 0. 1. 0. 0. 0. 0. 1. 1. 0. 0. 0. 0. 0. 1. 0. 1. 1. 0. 0.],500,100,0.3,0.003,1,23,best,59,best
99,0.02727365699526079,0.02727365699526079,0.003002937272757743,[0.         0.         0.         0.         0.095929   0.         0.         0.         0.01       0.         0.         0.         0.         0.01       0.         0.         0.         0.         0.01276897 0.01       0.         0.         0.         0.         0.         0.17848241 0.         0.35237537 0.01       0.         0.        ],[0. 0. 0. 0. 1. 0. 0. 0. 1. 0. 0. 0. 0. 1. 0. 0. 0. 0. 1. 1. 0. 0. 0. 0. 0. 1. 0. 1. 1. 0. 0.],500,100,0.3,0.003,1,23,best,59,best
100,0.02727365699526079,0.02727365699526079,0.003002937272757743,[0.         0.         0.         0.         0.095929   0.         0.         0.         0.01       0.         0.         0.         0.         0.01       0.         0.         0.         0.         0.01276897 0.01       0.         0.         0.         0.         0.         0.17848241 0.         0.35237537 0.01       0.         0.        ],[0. 0. 0. 0. 1. 0. 0. 0. 1. 0. 0. 0. 0. 1. 0. 0. 0. 0. 1. 1. 0. 0. 0. 0. 0. 1. 0. 1. 1. 0. 0.],500,100,0.3,0.003,1,23,best,59,best
101,0.02727365699526079,0.02727365699526079,0.003002937272757743,[0.         0.         0.         0.         0.095929   0.         0.         0.         0.01       0.         0.         0.         0.         0.01       0.         0.         0.         0.         0.01276897 0.01       0.         0.         0.         0.         0.         0.17848241 0.         0.35237537 0.01       0.         0.        ],[0. 0. 0. 0. 1. 0. 0. 0. 1. 0. 0. 0. 0. 1. 0. 0. 0. 0. 1. 1. 0. 0. 0. 0. 0. 1. 0. 1. 1. 0. 0.],500,100,0.3,0.003,1,23,best,59,best
102,0.02727365699526079,0.02727365699526079,0.003002937272757743,[0.         0.         0.         0.         0.095929   0.         0.         0.         0.01       0.         0.         0.         0.         0.01       0.         0.         0.         0.         0.01276897 0.01       0.         0.         0.         0.         0.         0.17848241 0.         0.35237537 0.01       0.         0.        ],[0. 0. 0. 0. 1. 0. 0. 0. 1. 0. 0. 0. 0. 1. 0. 0. 0. 0. 1. 1. 0. 0. 0. 0. 0. 1. 0. 1. 1. 0. 0.],500,100,0.3,0.003,1,23,best,59,best
103,0.02727365699526079,0.02727365699526079,0.003002937272757743,[0.         0.         0.         0.         0.095929   0.         0.         0.         0.01       0.         0.         0.         0.         0.01       0.         0.         0.         0.         0.01276897 0.01       0.         0.         0.         0.         0.         0.17848241 0.         0.35237537 0.01       0.         0.        ],[0. 0. 0. 0. 1. 0. 0. 0. 1. 0. 0. 0. 0. 1. 0. 0. 0. 0. 1. 1. 0. 0. 0. 0. 0. 1. 0. 1. 1. 0. 0.],500,100,0.3,0.003,1,23,best,59,best
104,0.02727365699526079,0.02727365699526079,0.003002937272757743,[0.         0.         0.         0.         0.095929   0.         0.         0.         0.01       0.         0.         0.         0.         0.01       0.         0.         0.         0.         0.01276897 0.01       0.         0.         0.         0.         0.         0.17848241 0.         0.35237537 0.01       0.         0.        ],[0. 0. 0. 0. 1. 0. 0. 0. 1. 0. 0. 0. 0. 1. 0. 0. 0. 0. 1. 1. 0. 0. 0. 0. 0. 1. 0. 1. 1. 0. 0.],500,100,0.3,0.003,1,23,best,59,best
105,0.02727365699526079,0.02727365699526079,0.003002937272757743,[0.         0.         0.         0.         0.095929   0.         0.         0.         0.01       0.         0.         0.         0.         0.01       0.         0.         0.         0.         0.01276897 0.01       0.         0.         0.         0.         0.         0.17848241 0.         0.35237537 0.01       0.         0.        ],[0. 0. 0. 0. 1. 0. 0. 0. 1. 0. 0. 0. 0. 1. 0. 0. 0. 0. 1. 1. 0. 0. 0. 0. 0. 1. 0. 1. 1. 0. 0.],500,100,0.3,0.003,1,23,best,59,best
106,0.02727365699526079,0.02727365699526079,0.003002937272757743,[0.         0.         0.         0.         0.095929   0.         0.         0.         0.01       0.         0.         0.         0.         0.01       0.         0.         0.         0.         0.01276897 0.01       0.         0.         0.         0.         0.         0.17848241 0.         0.35237537 0.01       0.         0.        ],[0. 0. 0. 0. 1. 0. 0. 0. 1. 0. 0. 0. 0. 1. 0. 0. 0. 0. 1. 1. 0. 0. 0. 0. 0. 1. 0. 1. 1. 0. 0.],500,100,0.3,0.003,1,23,best,59,best
107,0.02727365699526079,0.02727365699526079,0.003002937272757743,[0.         0.         0.         0.         0.095929   0.         0.         0.         0.01       0.         0.         0.         0.         0.01       0.         0.         0.         0.         0.01276897 0.01       0.         0.         0.         0.         0.         0.17848241 0.         0.35237537 0.01       0.         0.        ],[0. 0. 0. 0. 1. 0. 0. 0. 1. 0. 0. 0. 0. 1. 0. 0. 0. 0. 1. 1. 0. 0. 0. 0. 0. 1. 0. 1. 1. 0. 0.],500,100,0.3,0.003,1,23,best,59,best
108,0.02727365699526079,0.02727365699526079,0.003002937272757743,[0.         0.         0.         0.         0.095929   0.         0.         0.         0.01       0.         0.         0.         0.         0.01       0.         0.         0.         0.         0.01276897 0.01       0.         0.         0.         0.         0.         0.17848241 0.         0.35237537 0.01       0.         0.        ],[0. 0. 0. 0. 1. 0. 0. 0. 1. 0. 0. 0. 0. 1. 0. 0. 0. 0. 1. 1. 0. 0. 0. 0. 0. 1. 0. 1. 1. 0. 0.],500,100,0.3,0.003,1,23,best,59,best
109,0.02727365699526079,0.02727365699526079,0.003002937272757743,[0.         0.         0.         0.         0.095929   0.         0.         0.         0.01       0.         0.         0.         0.         0.01       0.         0.         0.         0.         0.01276897 0.01       0.         0.         0.         0.         0.         0.17848241 0.         0.35237537 0.01       0.         0.        ],[0. 0. 0. 0. 1. 0. 0. 0. 1. 0. 0. 0. 0. 1. 0. 0. 0. 0. 1. 1. 0. 0. 0. 0. 0. 1. 0. 1. 1. 0. 0.],500,100,0.3,0.003,1,23,best,59,best
110,0.02727365699526079,0.02727365699526079,0.003002937272757743,[0.         0.         0.         0.         0.095929   0.         0.         0.         0.01       0.         0.         0.         0.         0.01       0.         0.         0.         0.         0.01276897 0.01       0.         0.         0.         0.         0.         0.17848241 0.         0.35237537 0.01       0.         0.        ],[0. 0. 0. 0. 1. 0. 0. 0. 1. 0. 0. 0. 0. 1. 0. 0. 0. 0. 1. 1. 0. 0. 0. 0. 0. 1. 0. 1. 1. 0. 0.],500,100,0.3,0.003,1,23,best,59,best
111,0.02727365699526079,0.02727365699526079,0.003002937272757743,[0.         0.         0.         0.         0.095929   0.         0.         0.         0.01       0.         0.         0.         0.         0.01       0.         0.         0.         0.         0.01276897 0.01       0.         0.         0.         0.         0.         0.17848241 0.         0.35237537 0.01       0.         0.        ],[0. 0. 0. 0. 1. 0. 0. 0. 1. 0. 0. 0. 0. 1. 0. 0. 0. 0. 1. 1. 0. 0. 0. 0. 0. 1. 0. 1. 1. 0. 0.],500,100,0.3,0.003,1,23,best,59,best
112,0.02727365699526079,0.02727365699526079,0.003002937272757743,[0.         0.         0.         0.         0.095929   0.         0.         0.         0.01       0.         0.         0.         0.         0.01       0.         0.         0.         0.         0.01276897 0.01       0.         0.         0.         0.         0.         0.17848241 0.         0.35237537 0.01       0.         0.        ],[0. 0. 0. 0. 1. 0. 0. 0. 1. 0. 0. 0. 0. 1. 0. 0. 0. 0. 1. 1. 0. 0. 0. 0. 0. 1. 0. 1. 1. 0. 0.],500,100,0.3,0.003,1,23,best,59,best
113,0.02727365699526079,0.02727365699526079,0.003002937272757743,[0.         0.         0.         0.         0.095929   0.         0.         0.         0.01       0.         0.         0.         0.         0.01       0.         0.         0.         0.         0.01276897 0.01       0.         0.         0.         0.         0.         0.17848241 0.         0.35237537 0.01       0.         0.        ],[0. 0. 0. 0. 1. 0. 0. 0. 1. 0. 0. 0. 0. 1. 0. 0. 0. 0. 1. 1. 0. 0. 0. 0. 0. 1. 0. 1. 1. 0. 0.],500,100,0.3,0.003,1,23,best,59,best
114,0.02727365699526079,0.02727365699526079,0.003002937272757743,[0.         0.         0.         0.         0.095929   0.         0.         0.         0.01       0.         0.         0.         0.         0.01       0.         0.         0.         0.         0.01276897 0.01       0.         0.         0.         0.         0.         0.17848241 0.         0.35237537 0.01       0.         0.        ],[0. 0. 0. 0. 1. 0. 0. 0. 1. 0. 0. 0. 0. 1. 0. 0. 0. 0. 1. 1. 0. 0. 0. 0. 0. 1. 0. 1. 1. 0. 0.],500,100,0.3,0.003,1,23,best,59,best
115,0.02727365699526079,0.02727365699526079,0.003002937272757743,[0.         0.         0.         0.         0.095929   0.         0.         0.         0.01       0.         0.         0.         0.         0.01       0.         0.         0.         0.         0.01276897 0.01       0.         0.         0.         0.         0.         0.17848241 0.         0.35237537 0.01       0.         0.        ],[0. 0. 0. 0. 1. 0. 0. 0. 1. 0. 0. 0. 0. 1. 0. 0. 0. 0. 1. 1. 0. 0. 0. 0. 0. 1. 0. 1. 1. 0. 0.],500,100,0.3,0.003,1,23,best,59,best
116,0.02727365699526079,0.02727365699526079,0.003002937272757743,[0.         0.         0.         0.         0.095929   0.         0.         0.         0.01       0.         0.         0.         0.         0.01       0.         0.         0.         0.         0.01276897 0.01       0.         0.         0.         0.         0.         0.17848241 0.         0.35237537 0.01       0.         0.        ],[0. 0. 0. 0. 1. 0. 0. 0. 1. 0. 0. 0. 0. 1. 0. 0. 0. 0. 1. 1. 0. 0. 0. 0. 0. 1. 0. 1. 1. 0. 0.],500,100,0.3,0.003,1,23,best,59,best
117,0.02727365699526079,0.02727365699526079,0.003002937272757743,[0.         0.         0.         0.         0.095929   0.         0.         0.         0.01       0.         0.         0.         0.         0.01       0.         0.         0.         0.         0.01276897 0.01       0.         0.         0.         0.         0.         0.17848241 0.         0.35237537 0.01       0.         0.        ],[0. 0. 0. 0. 1. 0. 0. 0. 1. 0. 0. 0. 0. 1. 0. 0. 0. 0. 1. 1. 0. 0. 0. 0. 0. 1. 0. 1. 1. 0. 0.],500,100,0.3,0.003,1,23,best,59,best
118,0.02727365699526079,0.02727365699526079,0.003002937272757743,[0.         0.         0.         0.         0.095929   0.         0.         0.         0.01       0.         0.         0.         0.         0.01       0.         0.         0.         0.         0.01276897 0.01       0.         0.         0.         0.         0.         0.17848241 0.         0.35237537 0.01       0.         0.        ],[0. 0. 0. 0. 1. 0. 0. 0. 1. 0. 0. 0. 0. 1. 0. 0. 0. 0. 1. 1. 0. 0. 0. 0. 0. 1. 0. 1. 1. 0. 0.],500,100,0.3,0.003,1,23,best,59,best
119,0.02727365699526079,0.02727365699526079,0.003002937272757743,[0.         0.         0.         0.         0.095929   0.         0.         0.         0.01       0.         0.         0.         0.         0.01       0.         0.         0.         0.         0.01276897 0.01       0.         0.         0.         0.         0.         0.17848241 0.         0.35237537 0.01       0.         0.        ],[0. 0. 0. 0. 1. 0. 0. 0. 1. 0. 0. 0. 0. 1. 0. 0. 0. 0. 1. 1. 0. 0. 0. 0. 0. 1. 0. 1. 1. 0. 0.],500,100,0.3,0.003,1,23,best,59,best
120,0.02727365699526079,0.02727365699526079,0.003002937272757743,[0.         0.         0.         0.         0.095929   0.         0.         0.         0.01       0.         0.         0.         0.         0.01       0.         0.         0.         0.         0.01276897 0.01       0.         0.         0.         0.         0.         0.17848241 0.         0.35237537 0.01       0.         0.        ],[0. 0. 0. 0. 1. 0. 0. 0. 1. 0. 0. 0. 0. 1. 0. 0. 0. 0. 1. 1. 0. 0. 0. 0. 0. 1. 0. 1. 1. 0. 0.],500,100,0.3,0.003,1,23,best,59,best
121,0.02727365699526079,0.02727365699526079,0.003002937272757743,[0.         0.         0.         0.         0.095929   0.         0.         0.         0.01       0.         0.         0.         0.         0.01       0.         0.         0.         0.         0.01276897 0.01       0.         0.         0.         0.         0.         0.17848241 0.         0.35237537 0.01       0.         0.        ],[0. 0. 0. 0. 1. 0. 0. 0. 1. 0. 0. 0. 0. 1. 0. 0. 0. 0. 1. 1. 0. 0. 0. 0. 0. 1. 0. 1. 1. 0. 0.],500,100,0.3,0.003,1,23,best,59,best
122,0.02727365699526079,0.02727365699526079,0.003002937272757743,[0.         0.         0.         0.         0.095929   0.         0.         0.         0.01       0.         0.         0.         0.         0.01       0.         0.         0.         0.         0.01276897 0.01       0.         0.         0.         0.         0.         0.17848241 0.         0.35237537 0.01       0.         0.        ],[0. 0. 0. 0. 1. 0. 0. 0. 1. 0. 0. 0. 0. 1. 0. 0. 0. 0. 1. 1. 0. 0. 0. 0. 0. 1. 0. 1. 1. 0. 0.],500,100,0.3,0.003,1,23,best,59,best
123,0.02727365699526079,0.02727365699526079,0.003002937272757743,[0.         0.         0.         0.         0.095929   0.         0.         0.         0.01       0.         0.         0.         0.         0.01       0.         0.         0.         0.         0.01276897 0.01       0.         0.         0.         0.         0.         0.17848241 0.         0.35237537 0.01       0.         0.        ],[0. 0. 0. 0. 1. 0. 0. 0. 1. 0. 0. 0. 0. 1. 0. 0. 0. 0. 1. 1. 0. 0. 0. 0. 0. 1. 0. 1. 1. 0. 0.],500,100,0.3,0.003,1,23,best,59,best
124,0.02727365699526079,0.02727365699526079,0.003002937272757743,[0.         0.         0.         0.         0.095929   0.         0.         0.         0.01       0.         0.         0.         0.         0.01       0.         0.         0.         0.         0.01276897 0.01       0.         0.         0.         0.         0.         0.17848241 0.         0.35237537 0.01       0.         0.        ],[0. 0. 0. 0. 1. 0. 0. 0. 1. 0. 0. 0. 0. 1. 0. 0. 0. 0. 1. 1. 0. 0. 0. 0. 0. 1. 0. 1. 1. 0. 0.],500,100,0.3,0.003,1,23,best,59,best
125,0.02727365699526079,0.02727365699526079,0.003002937272757743,[0.         0.         0.         0.         0.095929   0.         0.         0.         0.01       0.         0.         0.         0.         0.01       0.         0.         0.         0.         0.01276897 0.01       0.         0.         0.         0.         0.         0.17848241 0.         0.35237537 0.01       0.         0.        ],[0. 0. 0. 0. 1. 0. 0. 0. 1. 0. 0. 0. 0. 1. 0. 0. 0. 0. 1. 1. 0. 0. 0. 0. 0. 1. 0. 1. 1. 0. 0.],500,100,0.3,0.003,1,23,best,59,best
126,0.02727365699526079,0.02727365699526079,0.003002937272757743,[0.         0.         0.         0.         0.095929   0.         0.         0.         0.01       0.         0.         0.         0.         0.01       0.         0.         0.         0.         0.01276897 0.01       0.         0.         0.         0.         0.         0.17848241 0.         0.35237537 0.01       0.         0.        ],[0. 0. 0. 0. 1. 0. 0. 0. 1. 0. 0. 0. 0. 1. 0. 0. 0. 0. 1. 1. 0. 0. 0. 0. 0. 1. 0. 1. 1. 0. 0.],500,100,0.3,0.003,1,23,best,59,best
127,0.02727365699526079,0.02727365699526079,0.003002937272757743,[0.         0.         0.         0.         0.095929   0.         0.         0.         0.01       0.         0.         0.         0.         0.01       0.         0.         0.         0.         0.01276897 0.01       0.         0.         0.         0.         0.         0.17848241 0.         0.35237537 0.01       0.         0.        ],[0. 0. 0. 0. 1. 0. 0. 0. 1. 0. 0. 0. 0. 1. 0. 0. 0. 0. 1. 1. 0. 0. 0. 0. 0. 1. 0. 1. 1. 0. 0.],500,100,0.3,0.003,1,23,best,59,best
128,0.02727365699526079,0.02727365699526079,0.003002937272757743,[0.         0.         0.         0.         0.095929   0.         0.         0.         0.01       0.         0.         0.         0.         0.01       0.         0.         0.         0.         0.01276897 0.01       0.         0.         0.         0.         0.         0.17848241 0.         0.35237537 0.01       0.         0.        ],[0. 0. 0. 0. 1. 0. 0. 0. 1. 0. 0. 0. 0. 1. 0. 0. 0. 0. 1. 1. 0. 0. 0. 0. 0. 1. 0. 1. 1. 0. 0.],500,100,0.3,0.003,1,23,best,59,best
129,0.02727365699526079,0.02727365699526079,0.003002937272757743,[0.         0.         0.         0.         0.095929   0.         0.         0.         0.01       0.         0.         0.         0.         0.01       0.         0.         0.         0.         0.01276897 0.01       0.         0.         0.         0.         0.         0.17848241 0.         0.35237537 0.01       0.         0.        ],[0. 0. 0. 0. 1. 0. 0. 0. 1. 0. 0. 0. 0. 1. 0. 0. 0. 0. 1. 1. 0. 0. 0. 0. 0. 1. 0. 1. 1. 0. 0.],500,100,0.3,0.003,1,23,best,59,best
130,0.02727365699526079,0.02727365699526079,0.003002937272757743,[0.         0.         0.         0.         0.095929   0.         0.         0.         0.01       0.         0.         0.         0.         0.01       0.         0.         0.         0.         0.01276897 0.01       0.         0.         0.         0.         0.         0.17848241 0.         0.35237537 0.01       0.         0.        ],[0. 0. 0. 0. 1. 0. 0. 0. 1. 0. 0. 0. 0. 1. 0. 0. 0. 0. 1. 1. 0. 0. 0. 0. 0. 1. 0. 1. 1. 0. 0.],500,100,0.3,0.003,1,23,best,59,best
131,0.02727365699526079,0.02727365699526079,0.003002937272757743,[0.         0.         0.         0.         0.095929   0.         0.         0.         0.01       0.         0.         0.         0.         0.01       0.         0.         0.         0.         0.01276897 0.01       0.         0.         0.         0.         0.         0.17848241 0.         0.35237537 0.01       0.         0.        ],[0. 0. 0. 0. 1. 0. 0. 0. 1. 0. 0. 0. 0. 1. 0. 0. 0. 0. 1. 1. 0. 0. 0. 0. 0. 1. 0. 1. 1. 0. 0.],500,100,0.3,0.003,1,23,best,59,best
132,0.02727365699526079,0.02727365699526079,0.003002937272757743,[0.         0.         0.         0.         0.095929   0.         0.         0.         0.01       0.         0.         0.         0.         0.01       0.         0.         0.         0.         0.01276897 0.01       0.         0.         0.         0.         0.         0.17848241 0.         0.35237537 0.01       0.         0.        ],[0. 0. 0. 0. 1. 0. 0. 0. 1. 0. 0. 0. 0. 1. 0. 0. 0. 0. 1. 1. 0. 0. 0. 0. 0. 1. 0. 1. 1. 0. 0.],500,100,0.3,0.003,1,23,best,59,best
133,0.02727365699526079,0.02727365699526079,0.003002937272757743,[0.         0.         0.         0.         0.095929   0.         0.         0.         0.01       0.         0.         0.         0.         0.01       0.         0.         0.         0.         0.01276897 0.01       0.         0.         0.         0.         0.         0.17848241 0.         0.35237537 0.01       0.         0.        ],[0. 0. 0. 0. 1. 0. 0. 0. 1. 0. 0. 0. 0. 1. 0. 0. 0. 0. 1. 1. 0. 0. 0. 0. 0. 1. 0. 1. 1. 0. 0.],500,100,0.3,0.003,1,23,best,59,best
134,0.02727365699526079,0.02727365699526079,0.003002937272757743,[0.         0.         0.         0.         0.095929   0.         0.         0.         0.01       0.         0.         0.         0.         0.01       0.         0.         0.         0.         0.01276897 0.01       0.         0.         0.         0.         0.         0.17848241 0.         0.35237537 0.01       0.         0.        ],[0. 0. 0. 0. 1. 0. 0. 0. 1. 0. 0. 0. 0. 1. 0. 0. 0. 0. 1. 1. 0. 0. 0. 0. 0. 1. 0. 1. 1. 0. 0.],500,100,0.3,0.003,1,23,best,59,best
135,0.02727365699526079,0.02727365699526079,0.003002937272757743,[0.         0.         0.         0.         0.095929   0.         0.         0.         0.01       0.         0.         0.         0.         0.01       0.         0.         0.         0.         0.01276897 0.01       0.         0.         0.         0.         0.         0.17848241 0.         0.35237537 0.01       0.         0.        ],[0. 0. 0. 0. 1. 0. 0. 0. 1. 0. 0. 0. 0. 1. 0. 0. 0. 0. 1. 1. 0. 0. 0. 0. 0. 1. 0. 1. 1. 0. 0.],500,100,0.3,0.003,1,23,best,59,best
136,0.02727365699526079,0.02727365699526079,0.003002937272757743,[0.         0.         0.         0.         0.095929   0.         0.         0.         0.01       0.         0.         0.         0.         0.01       0.         0.         0.         0.         0.01276897 0.01       0.         0.         0.         0.         0.         0.17848241 0.         0.35237537 0.01       0.         0.        ],[0. 0. 0. 0. 1. 0. 0. 0. 1. 0. 0. 0. 0. 1. 0. 0. 0. 0. 1. 1. 0. 0. 0. 0. 0. 1. 0. 1. 1. 0. 0.],500,100,0.3,0.003,1,23,best,59,best
137,0.02727365699526079,0.02727365699526079,0.003002937272757743,[0.         0.         0.         0.         0.095929   0.         0.         0.         0.01       0.         0.         0.         0.         0.01       0.         0.         0.         0.         0.01276897 0.01       0.         0.         0.         0.         0.         0.17848241 0.         0.35237537 0.01       0.         0.        ],[0. 0. 0. 0. 1. 0. 0. 0. 1. 0. 0. 0. 0. 1. 0. 0. 0. 0. 1. 1. 0. 0. 0. 0. 0. 1. 0. 1. 1. 0. 0.],500,100,0.3,0.003,1,23,best,59,best
138,0.02727365699526079,0.02727365699526079,0.003002937272757743,[0.         0.         0.         0.         0.095929   0.         0.         0.         0.01       0.         0.         0.         0.         0.01       0.         0.         0.         0.         0.01276897 0.01       0.         0.         0.         0.         0.         0.17848241 0.         0.35237537 0.01       0.         0.        ],[0. 0. 0. 0. 1. 0. 0. 0. 1. 0. 0. 0. 0. 1. 0. 0. 0. 0. 1. 1. 0. 0. 0. 0. 0. 1. 0. 1. 1. 0. 0.],500,100,0.3,0.003,1,23,best,59,best
139,0.02727365699526079,0.02727365699526079,0.003002937272757743,[0.         0.         0.         0.         0.095929   0.         0.         0.         0.01       0.         0.         0.         0.         0.01       0.         0.         0.         0.         0.01276897 0.01       0.         0.         0.         0.         0.         0.17848241 0.         0.35237537 0.01       0.         0.        ],[0. 0. 0. 0. 1. 0. 0. 0. 1. 0. 0. 0. 0. 1. 0. 0. 0. 0. 1. 1. 0. 0. 0. 0. 0. 1. 0. 1. 1. 0. 0.],500,100,0.3,0.003,1,23,best,59,best
140,0.02727365699526079,0.02727365699526079,0.003002937272757743,[0.         0.         0.         0.         0.095929   0.         0.         0.         0.01       0.         0.         0.         0.         0.01       0.         0.         0.         0.         0.01276897 0.01       0.         0.         0.         0.         0.         0.17848241 0.         0.35237537 0.01       0.         0.        ],[0. 0. 0. 0. 1. 0. 0. 0. 1. 0. 0. 0. 0. 1. 0. 0. 0. 0. 1. 1. 0. 0. 0. 0. 0. 1. 0. 1. 1. 0. 0.],500,100,0.3,0.003,1,23,best,59,best
141,0.02727365699526079,0.02727365699526079,0.003002937272757743,[0.         0.         0.         0.         0.095929   0.         0.         0.         0.01       0.         0.         0.         0.         0.01       0.         0.         0.         0.         0.01276897 0.01       0.         0.         0.         0.         0.         0.17848241 0.         0.35237537 0.01       0.         0.        ],[0. 0. 0. 0. 1. 0. 0. 0. 1. 0. 0. 0. 0. 1. 0. 0. 0. 0. 1. 1. 0. 0. 0. 0. 0. 1. 0. 1. 1. 0. 0.],500,100,0.3,0.003,1,23,best,59,best
142,0.02727365699526079,0.02727365699526079,0.003002937272757743,[0.         0.         0.         0.         0.095929   0.         0.         0.         0.01       0.         0.         0.         0.         0.01       0.         0.         0.         0.         0.01276897 0.01       0.         0.         0.         0.         0.         0.17848241 0.         0.35237537 0.01       0.         0.        ],[0. 0. 0. 0. 1. 0. 0. 0. 1. 0. 0. 0. 0. 1. 0. 0. 0. 0. 1. 1. 0. 0. 0. 0. 0. 1. 0. 1. 1. 0. 0.],500,100,0.3,0.003,1,23,best,59,best
143,0.02727365699526079,0.02727365699526079,0.003002937272757743,[0.         0.         0.         0.         0.095929   0.         0.         0.         0.01       0.         0.         0.         0.         0.01       0.         0.         0.         0.         0.01276897 0.01       0.         0.         0.         0.         0.         0.17848241 0.         0.35237537 0.01       0.         0.        ],[0. 0. 0. 0. 1. 0. 0. 0. 1. 0. 0. 0. 0. 1. 0. 0. 0. 0. 1. 1. 0. 0. 0. 0. 0. 1. 0. 1. 1. 0. 0.],500,100,0.3,0.003,1,23,best,59,best
144,0.02727365699526079,0.02727365699526079,0.003002937272757743,[0.         0.         0.         0.         0.095929   0.         0.         0.         0.01       0.         0.         0.         0.         0.01       0.         0.         0.         0.         0.01276897 0.01       0.         0.         0.         0.         0.         0.17848241 0.         0.35237537 0.01       0.         0.        ],[0. 0. 0. 0. 1. 0. 0. 0. 1. 0. 0. 0. 0. 1. 0. 0. 0. 0. 1. 1. 0. 0. 0. 0. 0. 1. 0. 1. 1. 0. 0.],500,100,0.3,0.003,1,23,best,59,best
145,0.02727365699526079,0.02727365699526079,0.003002937272757743,[0.         0.         0.         0.         0.095929   0.         0.         0.         0.01       0.         0.         0.         0.         0.01       0.         0.         0.         0.         0.01276897 0.01       0.         0.         0.         0.         0.         0.17848241 0.         0.35237537 0.01       0.         0.        ],[0. 0. 0. 0. 1. 0. 0. 0. 1. 0. 0. 0. 0. 1. 0. 0. 0. 0. 1. 1. 0. 0. 0. 0. 0. 1. 0. 1. 1. 0. 0.],500,100,0.3,0.003,1,23,best,59,best
146,0.02727365699526079,0.02727365699526079,0.003002937272757743,[0.         0.         0.         0.         0.095929   0.         0.         0.         0.01       0.         0.         0.         0.         0.01       0.         0.         0.         0.         0.01276897 0.01       0.         0.         0.         0.         0.         0.17848241 0.         0.35237537 0.01       0.         0.        ],[0. 0. 0. 0. 1. 0. 0. 0. 1. 0. 0. 0. 0. 1. 0. 0. 0. 0. 1. 1. 0. 0. 0. 0. 0. 1. 0. 1. 1. 0. 0.],500,100,0.3,0.003,1,23,best,59,best
147,0.02727365699526079,0.02727365699526079,0.003002937272757743,[0.         0.         0.         0.         0.095929   0.         0.         0.         0.01       0.         0.         0.         0.         0.01       0.         0.         0.         0.         0.01276897 0.01       0.         0.         0.         0.         0.         0.17848241 0.         0.35237537 0.01       0.         0.        ],[0. 0. 0. 0. 1. 0. 0. 0. 1. 0. 0. 0. 0. 1. 0. 0. 0. 0. 1. 1. 0. 0. 0. 0. 0. 1. 0. 1. 1. 0. 0.],500,100,0.3,0.003,1,23,best,59,best
148,0.02727365699526079,0.02727365699526079,0.003002937272757743,[0.         0.         0.         0.         0.095929   0.         0.         0.         0.01       0.         0.         0.         0.         0.01       0.         0.         0.         0.         0.01276897 0.01       0.         0.         0.         0.         0.         0.17848241 0.         0.35237537 0.01       0.         0.        ],[0. 0. 0. 0. 1. 0. 0. 0. 1. 0. 0. 0. 0. 1. 0. 0. 0. 0. 1. 1. 0. 0. 0. 0. 0. 1. 0. 1. 1. 0. 0.],500,100,0.3,0.003,1,23,best,59,best
149,0.02727365699526079,0.02727365699526079,0.003002937272757743,[0.         0.         0.         0.         0.095929   0.         0.         0.         0.01       0.         0.         0.         0.         0.01       0.         0.         0.         0.         0.01276897 0.01       0.         0.         0.         0.         0.         0.17848241 0.         0.35237537 0.01       0.         0.        ],[0. 0. 0. 0. 1. 0. 0. 0. 1. 0. 0. 0. 0. 1. 0. 0. 0. 0. 1. 1. 0. 0. 0. 0. 0. 1. 0. 1. 1. 0. 0.],500,100,0.3,0.003,1,23,best,59,best
150,0.02727365699526079,0.02727365699526079,0.003002937272757743,[0.         0.         0.         0.         0.095929   0.         0.         0.         0.01       0.         0.         0.         0.         0.01       0.         0.         0.         0.         0.01276897 0.01       0.         0.         0.         0.         0.         0.17848241 0.         0.35237537 0.01       0.         0.        ],[0. 0. 0. 0. 1. 0. 0. 0. 1. 0. 0. 0. 0. 1. 0. 0. 0. 0. 1. 1. 0. 0. 0. 0. 0. 1. 0. 1. 1. 0. 0.],500,100,0.3,0.003,1,23,best,59,best
151,0.02727365699526079,0.02727365699526079,0.003002937272757743,[0.         0.         0.         0.         0.095929   0.         0.         0.         0.01       0.         0.         0.         0.         0.01       0.         0.         0.         0.         0.01276897 0.01       0.         0.         0.         0.         0.         0.17848241 0.         0.35237537 0.01       0.         0.        ],[0. 0. 0. 0. 1. 0. 0. 0. 1. 0. 0. 0. 0. 1. 0. 0. 0. 0. 1. 1. 0. 0. 0. 0. 0. 1. 0. 1. 1. 0. 0.],500,100,0.3,0.003,1,23,best,59,best
152,0.02727365699526079,0.02727365699526079,0.003002937272757743,[0.         0.         0.         0.         0.095929   0.         0.         0.         0.01       0.         0.         0.         0.         0.01       0.         0.         0.         0.         0.01276897 0.01       0.         0.         0.         0.         0.         0.17848241 0.         0.35237537 0.01       0.         0.        ],[0. 0. 0. 0. 1. 0. 0. 0. 1. 0. 0. 0. 0. 1. 0. 0. 0. 0. 1. 1. 0. 0. 0. 0. 0. 1. 0. 1. 1. 0. 0.],500,100,0.3,0.003,1,23,best,59,best
153,0.02727365699526079,0.02727365699526079,0.003002937272757743,[0.         0.         0.         0.         0.095929   0.         0.         0.         0.01       0.         0.         0.         0.         0.01       0.         0.         0.         0.         0.01276897 0.01       0.         0.         0.         0.         0.         0.17848241 0.         0.35237537 0.01       0.         0.        ],[0. 0. 0. 0. 1. 0. 0. 0. 1. 0. 0. 0. 0. 1. 0. 0. 0. 0. 1. 1. 0. 0. 0. 0. 0. 1. 0. 1. 1. 0. 0.],500,100,0.3,0.003,1,23,best,59,best
154,0.02727365699526079,0.02727365699526079,0.003002937272757743,[0.         0.         0.         0.         0.095929   0.         0.         0.         0.01       0.         0.         0.         0.         0.01       0.         0.         0.         0.         0.01276897 0.01       0.         0.         0.         0.         0.         0.17848241 0.         0.35237537 0.01       0.         0.        ],[0. 0. 0. 0. 1. 0. 0. 0. 1. 0. 0. 0. 0. 1. 0. 0. 0. 0. 1. 1. 0. 0. 0. 0. 0. 1. 0. 1. 1. 0. 0.],500,100,0.3,0.003,1,23,best,59,best
155,0.02727365699526079,0.02727365699526079,0.003002937272757743,[0.         0.         0.         0.         0.095929   0.         0.         0.         0.01       0.         0.         0.         0.         0.01       0.         0.         0.         0.         0.01276897 0.01       0.         0.         0.         0.         0.         0.17848241 0.         0.35237537 0.01       0.         0.        ],[0. 0. 0. 0. 1. 0. 0. 0. 1. 0. 0. 0. 0. 1. 0. 0. 0. 0. 1. 1. 0. 0. 0. 0. 0. 1. 0. 1. 1. 0. 0.],500,100,0.3,0.003,1,23,best,59,best
156,0.02727365699526079,0.02727365699526079,0.003002937272757743,[0.         0.         0.         0.         0.095929   0.         0.         0.         0.01       0.         0.         0.         0.         0.01       0.         0.         0.         0.         0.01276897 0.01       0.         0.         0.         0.         0.         0.17848241 0.         0.35237537 0.01       0.         0.        ],[0. 0. 0. 0. 1. 0. 0. 0. 1. 0. 0. 0. 0. 1. 0. 0. 0. 0. 1. 1. 0. 0. 0. 0. 0. 1. 0. 1. 1. 0. 0.],500,100,0.3,0.003,1,23,best,59,best
157,0.02727365699526079,0.02727365699526079,0.003002937272757743,[0.         0.         0.         0.         0.095929   0.         0.         0.         0.01       0.         0.         0.         0.         0.01       0.         0.         0.         0.         0.01276897 0.01       0.         0.         0.         0.         0.         0.17848241 0.         0.35237537 0.01       0.         0.        ],[0. 0. 0. 0. 1. 0. 0. 0. 1. 0. 0. 0. 0. 1. 0. 0. 0. 0. 1. 1. 0. 0. 0. 0. 0. 1. 0. 1. 1. 0. 0.],500,100,0.3,0.003,1,23,best,59,best
158,0.02727365699526079,0.02727365699526079,0.003002937272757743,[0.         0.         0.         0.         0.095929   0.         0.         0.         0.01       0.         0.         0.         0.         0.01       0.         0.         0.         0.         0.01276897 0.01       0.         0.         0.         0.         0.         0.17848241 0.         0.35237537 0.01       0.         0.        ],[0. 0. 0. 0. 1. 0. 0. 0. 1. 0. 0. 0. 0. 1. 0. 0. 0. 0. 1. 1. 0. 0. 0. 0. 0. 1. 0. 1. 1. 0. 0.],500,100,0.3,0.003,1,23,best,59,best
159,0.02727365699526079,0.02727365699526079,0.003002937272757743,[0.         0.         0.         0.         0.095929   0.         0.         0.         0.01       0.         0.         0.         0.         0.01       0.         0.         0.         0.         0.01276897 0.01       0.         0.         0.         0.         0.         0.17848241 0.         0.35237537 0.01       0.         0.        ],[0. 0. 0. 0. 1. 0. 0. 0. 1. 0. 0. 0. 0. 1. 0. 0. 0. 0. 1. 1. 0. 0. 0. 0. 0. 1. 0. 1. 1. 0. 0.],500,100,0.3,0.003,1,23,best,59,best
160,0.02727365699526079,0.02727365699526079,0.003002937272757743,[0.         0.         0.         0.         0.095929   0.         0.         0.         0.01       0.         0.         0.         0.         0.01       0.         0.         0.         0.         0.01276897 0.01       0.         0.         0.         0.         0.         0.17848241 0.         0.35237537 0.01       0.         0.        ],[0. 0. 0. 0. 1. 0. 0. 0. 1. 0. 0. 0. 0. 1. 0. 0. 0. 0. 1. 1. 0. 0. 0. 0. 0. 1. 0. 1. 1. 0. 0.],500,100,0.3,0.003,1,23,best,59,best
161,0.02727365699526079,0.02727365699526079,0.003002937272757743,[0.         0.         0.         0.         0.095929   0.         0.         0.         0.01       0.         0.         0.         0.         0.01       0.         0.         0.         0.         0.01276897 0.01       0.         0.         0.         0.         0.         0.17848241 0.         0.35237537 0.01       0.         0.        ],[0. 0. 0. 0. 1. 0. 0. 0. 1. 0. 0. 0. 0. 1. 0. 0. 0. 0. 1. 1. 0. 0. 0. 0. 0. 1. 0. 1. 1. 0. 0.],500,100,0.3,0.003,1,23,best,59,best
162,0.02727365699526079,0.02727365699526079,0.003002937272757743,[0.         0.         0.         0.         0.095929   0.         0.         0.         0.01       0.         0.         0.         0.         0.01       0.         0.         0.         0.         0.01276897 0.01       0.         0.         0.         0.         0.         0.17848241 0.         0.35237537 0.01       0.         0.        ],[0. 0. 0. 0. 1. 0. 0. 0. 1. 0. 0. 0. 0. 1. 0. 0. 0. 0. 1. 1. 0. 0. 0. 0. 0. 1. 0. 1. 1. 0. 0.],500,100,0.3,0.003,1,23,best,59,best
163,0.02727365699526079,0.02727365699526079,0.003002937272757743,[0.         0.         0.         0.         0.095929   0.         0.         0.         0.01       0.         0.         0.         0.         0.01       0.         0.         0.         0.         0.01276897 0.01       0.         0.         0.         0.         0.         0.17848241 0.         0.35237537 0.01       0.         0.        ],[0. 0. 0. 0. 1. 0. 0. 0. 1. 0. 0. 0. 0. 1. 0. 0. 0. 0. 1. 1. 0. 0. 0. 0. 0. 1. 0. 1. 1. 0. 0.],500,100,0.3,0.003,1,23,best,59,best
164,0.02727365699526079,0.02727365699526079,0.003002937272757743,[0.         0.         0.         0.         0.095929   0.         0.         0.         0.01       0.         0.         0.         0.         0.01       0.         0.         0.         0.         0.01276897 0.01       0.         0.         0.         0.         0.         0.17848241 0.         0.35237537 0.01       0.         0.        ],[0. 0. 0. 0. 1. 0. 0. 0. 1. 0. 0. 0. 0. 1. 0. 0. 0. 0. 1. 1. 0. 0. 0. 0. 0. 1. 0. 1. 1. 0. 0.],500,100,0.3,0.003,1,23,best,59,best
165,0.02727365699526079,0.02727365699526079,0.003002937272757743,[0.         0.         0.         0.         0.095929   0.         0.         0.         0.01       0.         0.         0.         0.         0.01       0.         0.         0.         0.         0.01276897 0.01       0.         0.         0.         0.         0.         0.17848241 0.         0.35237537 0.01       0.         0.        ],[0. 0. 0. 0. 1. 0. 0. 0. 1. 0. 0. 0. 0. 1. 0. 0. 0. 0. 1. 1. 0. 0. 0. 0. 0. 1. 0. 1. 1. 0. 0.],500,100,0.3,0.003,1,23,best,59,best
166,0.02727365699526079,0.02727365699526079,0.003002937272757743,[0.         0.         0.         0.         0.095929   0.         0.         0.         0.01       0.         0.         0.         0.         0.01       0.         0.         0.         0.         0.01276897 0.01       0.         0.         0.         0.         0.         0.17848241 0.         0.35237537 0.01       0.         0.        ],[0. 0. 0. 0. 1. 0. 0. 0. 1. 0. 0. 0. 0. 1. 0. 0. 0. 0. 1. 1. 0. 0. 0. 0. 0. 1. 0. 1. 1. 0. 0.],500,100,0.3,0.003,1,23,best,59,best
167,0.02727365699526079,0.02727365699526079,0.003002937272757743,[0.         0.         0.         0.         0.095929   0.         0.         0.         0.01       0.         0.         0.         0.         0.01       0.         0.         0.         0.         0.01276897 0.01       0.         0.         0.         0.         0.         0.17848241 0.         0.35237537 0.01       0.         0.        ],[0. 0. 0. 0. 1. 0. 0. 0. 1. 0. 0. 0. 0. 1. 0. 0. 0. 0. 1. 1. 0. 0. 0. 0. 0. 1. 0. 1. 1. 0. 0.],500,100,0.3,0.003,1,23,best,59,best
168,0.02727365699526079,0.02727365699526079,0.003002937272757743,[0.         0.         0.         0.         0.095929   0.         0.         0.         0.01       0.         0.         0.         0.         0.01       0.         0.         0.         0.         0.01276897 0.01       0.         0.         0.         0.         0.         0.17848241 0.         0.35237537 0.01       0.         0.        ],[0. 0. 0. 0. 1. 0. 0. 0. 1. 0. 0. 0. 0. 1. 0. 0. 0. 0. 1. 1. 0. 0. 0. 0. 0. 1. 0. 1. 1. 0. 0.],500,100,0.3,0.003,1,23,best,59,best
169,0.02727365699526079,0.02727365699526079,0.003002937272757743,[0.         0.         0.         0.         0.095929   0.         0.         0.         0.01       0.         0.         0.         0.         0.01       0.         0.         0.         0.         0.01276897 0.01       0.         0.         0.         0.         0.         0.17848241 0.         0.35237537 0.01       0.         0.        ],[0. 0. 0. 0. 1. 0. 0. 0. 1. 0. 0. 0. 0. 1. 0. 0. 0. 0. 1. 1. 0. 0. 0. 0. 0. 1. 0. 1. 1. 0. 0.],500,100,0.3,0.003,1,23,best,59,best
170,0.02727365699526079,0.02727365699526079,0.003002937272757743,[0.         0.         0.         0.         0.095929   0.         0.         0.         0.01       0.         0.         0.         0.         0.01       0.         0.         0.         0.         0.01276897 0.01       0.         0.         0.         0.         0.         0.17848241 0.         0.35237537 0.01       0.         0.        ],[0. 0. 0. 0. 1. 0. 0. 0. 1. 0. 0. 0. 0. 1. 0. 0. 0. 0. 1. 1. 0. 0. 0. 0. 0. 1. 0. 1. 1. 0. 0.],500,100,0.3,0.003,1,23,best,59,best
171,0.02727365699526079,0.02727365699526079,0.003002937272757743,[0.         0.         0.         0.         0.095929   0.         0.         0.         0.01       0.         0.         0.         0.         0.01       0.         0.         0.         0.         0.01276897 0.01       0.         0.         0.         0.         0.         0.17848241 0.         0.35237537 0.01       0.         0.        ],[0. 0. 0. 0. 1. 0. 0. 0. 1. 0. 0. 0. 0. 1. 0. 0. 0. 0. 1. 1. 0. 0. 0. 0. 0. 1. 0. 1. 1. 0. 0.],500,100,0.3,0.003,1,23,best,59,best
172,0.02727365699526079,0.02727365699526079,0.003002937272757743,[0.         0.         0.         0.         0.095929   0.         0.         0.         0.01       0.         0.         0.         0.         0.01       0.         0.         0.         0.         0.01276897 0.01       0.         0.         0.         0.         0.         0.17848241 0.         0.35237537 0.01       0.         0.        ],[0. 0. 0. 0. 1. 0. 0. 0. 1. 0. 0. 0. 0. 1. 0. 0. 0. 0. 1. 1. 0. 0. 0. 0. 0. 1. 0. 1. 1. 0. 0.],500,100,0.3,0.003,1,23,best,59,best
173,0.02727365699526079,0.02727365699526079,0.003002937272757743,[0.         0.         0.         0.         0.095929   0.         0.         0.         0.01       0.         0.         0.         0.         0.01       0.         0.         0.         0.         0.01276897 0.01       0.         0.         0.         0.         0.         0.17848241 0.         0.35237537 0.01       0.         0.        ],[0. 0. 0. 0. 1. 0. 0. 0. 1. 0. 0. 0. 0. 1. 0. 0. 0. 0. 1. 1. 0. 0. 0. 0. 0. 1. 0. 1. 1. 0. 0.],500,100,0.3,0.003,1,23,best,59,best
174,0.02727365699526079,0.02727365699526079,0.003002937272757743,[0.         0.         0.         0.         0.095929   0.         0.         0.         0.01       0.         0.         0.         0.         0.01       0.         0.         0.         0.         0.01276897 0.01       0.         0.         0.         0.         0.         0.17848241 0.         0.35237537 0.01       0.         0.        ],[0. 0. 0. 0. 1. 0. 0. 0. 1. 0. 0. 0. 0. 1. 0. 0. 0. 0. 1. 1. 0. 0. 0. 0. 0. 1. 0. 1. 1. 0. 0.],500,100,0.3,0.003,1,23,best,59,best
175,0.02727365699526079,0.02727365699526079,0.003002937272757743,[0.         0.         0.         0.         0.095929   0.         0.         0.         0.01       0.         0.         0.         0.         0.01       0.         0.         0.         0.         0.01276897 0.01       0.         0.         0.         0.         0.         0.17848241 0.         0.35237537 0.01       0.         0.        ],[0. 0. 0. 0. 1. 0. 0. 0. 1. 0. 0. 0. 0. 1. 0. 0. 0. 0. 1. 1. 0. 0. 0. 0. 0. 1. 0. 1. 1. 0. 0.],500,100,0.3,0.003,1,23,best,59,best
176,0.02727365699526079,0.02727365699526079,0.003002937272757743,[0.         0.         0.         0.         0.095929   0.         0.         0.         0.01       0.         0.         0.         0.         0.01       0.         0.         0.         0.         0.01276897 0.01       0.         0.         0.         0.         0.         0.17848241 0.         0.35237537 0.01       0.         0.        ],[0. 0. 0. 0. 1. 0. 0. 0. 1. 0. 0. 0. 0. 1. 0. 0. 0. 0. 1. 1. 0. 0. 0. 0. 0. 1. 0. 1. 1. 0. 0.],500,100,0.3,0.003,1,23,best,59,best
177,0.02727365699526079,0.02727365699526079,0.003002937272757743,[0.         0.         0.         0.         0.095929   0.         0.         0.         0.01       0.         0.         0.         0.         0.01       0.         0.         0.         0.         0.01276897 0.01       0.         0.         0.         0.         0.         0.17848241 0.         0.35237537 0.01       0.         0.        ],[0. 0. 0. 0. 1. 0. 0. 0. 1. 0. 0. 0. 0. 1. 0. 0. 0. 0. 1. 1. 0. 0. 0. 0. 0. 1. 0. 1. 1. 0. 0.],500,100,0.3,0.003,1,23,best,59,best
178,0.02727365699526079,0.02727365699526079,0.003002937272757743,[0.         0.         0.         0.         0.095929   0.         0.         0.         0.01       0.         0.         0.         0.         0.01       0.         0.         0.         0.         0.01276897 0.01       0.         0.         0.         0.         0.         0.17848241 0.         0.35237537 0.01       0.         0.        ],[0. 0. 0. 0. 1. 0. 0. 0. 1. 0. 0. 0. 0. 1. 0. 0. 0. 0. 1. 1. 0. 0. 0. 0. 0. 1. 0. 1. 1. 0. 0.],500,100,0.3,0.003,1,23,best,59,best
179,0.02727365699526079,0.02727365699526079,0.003002937272757743,[0.         0.         0.         0.         0.095929   0.         0.         0.         0.01       0.         0.         0.         0.         0.01       0.         0.         0.         0.         0.01276897 0.01       0.         0.         0.         0.         0.         0.17848241 0.         0.35237537 0.01       0.         0.        ],[0. 0. 0. 0. 1. 0. 0. 0. 1. 0. 0. 0. 0. 1. 0. 0. 0. 0. 1. 1. 0. 0. 0. 0. 0. 1. 0. 1. 1. 0. 0.],500,100,0.3,0.003,1,23,best,59,best
180,0.02727365699526079,0.02727365699526079,0.003002937272757743,[0.         0.         0.         0.         0.095929   0.         0.         0.         0.01       0.         0.         0.         0.         0.01       0.         0.         0.         0.         0.01276897 0.01       0.         0.         0.         0.         0.         0.17848241 0.         0.35237537 0.01       0.         0.        ],[0. 0. 0. 0. 1. 0. 0. 0. 1. 0. 0. 0. 0. 1. 0. 0. 0. 0. 1. 1. 0. 0. 0. 0. 0. 1. 0. 1. 1. 0. 0.],500,100,0.3,0.003,1,23,best,59,best
181,0.02727365699526079,0.02727365699526079,0.003002937272757743,[0.         0.         0.         0.         0.095929   0.         0.         0.         0.01       0.         0.         0.         0.         0.01       0.         0.         0.         0.         0.01276897 0.01       0.         0.         0.         0.         0.         0.17848241 0.         0.35237537 0.01       0.         0.        ],[0. 0. 0. 0. 1. 0. 0. 0. 1. 0. 0. 0. 0. 1. 0. 0. 0. 0. 1. 1. 0. 0. 0. 0. 0. 1. 0. 1. 1. 0. 0.],500,100,0.3,0.003,1,23,best,59,best
182,0.02727365699526079,0.02727365699526079,0.003002937272757743,[0.         0.         0.         0.         0.095929   0.         0.         0.         0.01       0.         0.         0.         0.         0.01       0.         0.         0.         0.         0.01276897 0.01       0.         0.         0.         0.         0.         0.17848241 0.         0.35237537 0.01       0.         0.        ],[0. 0. 0. 0. 1. 0. 0. 0. 1. 0. 0. 0. 0. 1. 0. 0. 0. 0. 1. 1. 0. 0. 0. 0. 0. 1. 0. 1. 1. 0. 0.],500,100,0.3,0.003,1,23,best,59,best
183,0.02727365699526079,0.02727365699526079,0.003002937272757743,[0.         0.         0.         0.         0.095929   0.         0.         0.         0.01       0.         0.         0.         0.         0.01       0.         0.         0.         0.         0.01276897 0.01       0.         0.         0.         0.         0.         0.17848241 0.         0.35237537 0.01       0.         0.        ],[0. 0. 0. 0. 1. 0. 0. 0. 1. 0. 0. 0. 0. 1. 0. 0. 0. 0. 1. 1. 0. 0. 0. 0. 0. 1. 0. 1. 1. 0. 0.],500,100,0.3,0.003,1,23,best,59,best
184,0.02727365699526079,0.02727365699526079,0.003002937272757743,[0.         0.         0.         0.         0.095929   0.         0.         0.         0.01       0.         0.         0.         0.         0.01       0.         0.         0.         0.         0.01276897 0.01       0.         0.         0.         0.         0.         0.17848241 0.         0.35237537 0.01       0.         0.        ],[0. 0. 0. 0. 1. 0. 0. 0. 1. 0. 0. 0. 0. 1. 0. 0. 0. 0. 1. 1. 0. 0. 0. 0. 0. 1. 0. 1. 1. 0. 0.],500,100,0.3,0.003,1,23,best,59,best
185,0.02727365699526079,0.02727365699526079,0.003002937272757743,[0.         0.         0.         0.         0.095929   0.         0.         0.         0.01       0.         0.         0.         0.         0.01       0.         0.         0.         0.         0.01276897 0.01       0.         0.         0.         0.         0.         0.17848241 0.         0.35237537 0.01       0.         0.        ],[0. 0. 0. 0. 1. 0. 0. 0. 1. 0. 0. 0. 0. 1. 0. 0. 0. 0. 1. 1. 0. 0. 0. 0. 0. 1. 0. 1. 1. 0. 0.],500,100,0.3,0.003,1,23,best,59,best
186,0.02727365699526079,0.02727365699526079,0.003002937272757743,[0.         0.         0.         0.         0.095929   0.         0.         0.         0.01       0.         0.         0.         0.         0.01       0.         0.         0.         0.         0.01276897 0.01       0.         0.         0.         0.         0.         0.17848241 0.         0.35237537 0.01       0.         0.        ],[0. 0. 0. 0. 1. 0. 0. 0. 1. 0. 0. 0. 0. 1. 0. 0. 0. 0. 1. 1. 0. 0. 0. 0. 0. 1. 0. 1. 1. 0. 0.],500,100,0.3,0.003,1,23,best,59,best
187,0.02727365699526079,0.02727365699526079,0.003002937272757743,[0.         0.         0.         0.         0.095929   0.         0.         0.         0.01       0.         0.         0.         0.         0.01       0.         0.         0.         0.         0.01276897 0.01       0.         0.         0.         0.         0.         0.17848241 0.         0.35237537 0.01       0.         0.        ],[0. 0. 0. 0. 1. 0. 0. 0. 1. 0. 0. 0. 0. 1. 0. 0. 0. 0. 1. 1. 0. 0. 0. 0. 0. 1. 0. 1. 1. 0. 0.],500,100,0.3,0.003,1,23,best,59,best
188,0.02727365699526079,0.02727365699526079,0.003002937272757743,[0.         0.         0.         0.         0.095929   0.         0.         0.         0.01       0.         0.         0.         0.         0.01       0.         0.         0.         0.         0.01276897 0.01       0.         0.         0.         0.         0.         0.17848241 0.         0.35237537 0.01       0.         0.        ],[0. 0. 0. 0. 1. 0. 0. 0. 1. 0. 0. 0. 0. 1. 0. 0. 0. 0. 1. 1. 0. 0. 0. 0. 0. 1. 0. 1. 1. 0. 0.],500,100,0.3,0.003,1,23,best,59,best
189,0.02727365699526079,0.02727365699526079,0.003002937272757743,[0.         0.         0.         0.         0.095929   0.         0.         0.         0.01       0.         0.         0.         0.         0.01       0.         0.         0.         0.         0.01276897 0.01       0.         0.         0.         0.         0.         0.17848241 0.         0.35237537 0.01       0.         0.        ],[0. 0. 0. 0. 1. 0. 0. 0. 1. 0. 0. 0. 0. 1. 0. 0. 0. 0. 1. 1. 0. 0. 0. 0. 0. 1. 0. 1. 1. 0. 0.],500,100,0.3,0.003,1,23,best,59,best
190,0.02727365699526079,0.02727365699526079,0.003002937272757743,[0.         0.         0.         0.         0.095929   0.         0.         0.         0.01       0.         0.         0.         0.         0.01       0.         0.         0.         0.         0.01276897 0.01       0.         0.         0.         0.         0.         0.17848241 0.         0.35237537 0.01       0.         0.        ],[0. 0. 0. 0. 1. 0. 0. 0. 1. 0. 0. 0. 0. 1. 0. 0. 0. 0. 1. 1. 0. 0. 0. 0. 0. 1. 0. 1. 1. 0. 0.],500,100,0.3,0.003,1,23,best,59,best
191,0.02727365699526079,0.02727365699526079,0.003002937272757743,[0.         0.         0.         0.         0.095929   0.         0.         0.         0.01       0.         0.         0.         0.         0.01       0.         0.         0.         0.         0.01276897 0.01       0.         0.         0.         0.         0.         0.17848241 0.         0.35237537 0.01       0.         0.        ],[0. 0. 0. 0. 1. 0. 0. 0. 1. 0. 0. 0. 0. 1. 0. 0. 0. 0. 1. 1. 0. 0. 0. 0. 0. 1. 0. 1. 1. 0. 0.],500,100,0.3,0.003,1,23,best,59,best
192,0.02727365699526079,0.02727365699526079,0.003002937272757743,[0.         0.         0.         0.         0.095929   0.         0.         0.         0.01       0.         0.         0.         0.         0.01       0.         0.         0.         0.         0.01276897 0.01       0.         0.         0.         0.         0.         0.17848241 0.         0.35237537 0.01       0.         0.        ],[0. 0. 0. 0. 1. 0. 0. 0. 1. 0. 0. 0. 0. 1. 0. 0. 0. 0. 1. 1. 0. 0. 0. 0. 0. 1. 0. 1. 1. 0. 0.],500,100,0.3,0.003,1,23,best,59,best
193,0.02727365699526079,0.02727365699526079,0.003002937272757743,[0.         0.         0.         0.         0.095929   0.         0.         0.         0.01       0.         0.         0.         0.         0.01       0.         0.         0.         0.         0.01276897 0.01       0.         0.         0.         0.         0.         0.17848241 0.         0.35237537 0.01       0.         0.        ],[0. 0. 0. 0. 1. 0. 0. 0. 1. 0. 0. 0. 0. 1. 0. 0. 0. 0. 1. 1. 0. 0. 0. 0. 0. 1. 0. 1. 1. 0. 0.],500,100,0.3,0.003,1,23,best,59,best
194,0.02727365699526079,0.02727365699526079,0.003002937272757743,[0.         0.         0.         0.         0.095929   0.         0.         0.         0.01       0.         0.         0.         0.         0.01       0.         0.         0.         0.         0.01276897 0.01       0.         0.         0.         0.         0.         0.17848241 0.         0.35237537 0.01       0.         0.        ],[0. 0. 0. 0. 1. 0. 0. 0. 1. 0. 0. 0. 0. 1. 0. 0. 0. 0. 1. 1. 0. 0. 0. 0. 0. 1. 0. 1. 1. 0. 0.],500,100,0.3,0.003,1,23,best,59,best
195,0.02727365699526079,0.02727365699526079,0.003002937272757743,[0.         0.         0.         0.         0.095929   0.         0.         0.         0.01       0.         0.         0.         0.         0.01       0.         0.         0.         0.         0.01276897 0.01       0.         0.         0.         0.         0.         0.17848241 0.         0.35237537 0.01       0.         0.        ],[0. 0. 0. 0. 1. 0. 0. 0. 1. 0. 0. 0. 0. 1. 0. 0. 0. 0. 1. 1. 0. 0. 0. 0. 0. 1. 0. 1. 1. 0. 0.],500,100,0.3,0.003,1,23,best,59,best
196,0.02727365699526079,0.02727365699526079,0.003002937272757743,[0.         0.         0.         0.         0.095929   0.         0.         0.         0.01       0.         0.         0.         0.         0.01       0.         0.         0.         0.         0.01276897 0.01       0.         0.         0.         0.         0.         0.17848241 0.         0.35237537 0.01       0.         0.        ],[0. 0. 0. 0. 1. 0. 0. 0. 1. 0. 0. 0. 0. 1. 0. 0. 0. 0. 1. 1. 0. 0. 0. 0. 0. 1. 0. 1. 1. 0. 0.],500,100,0.3,0.003,1,23,best,59,best
197,0.02727365699526079,0.02727365699526079,0.003002937272757743,[0.         0.         0.         0.         0.095929   0.         0.         0.         0.01       0.         0.         0.         0.         0.01       0.         0.         0.         0.         0.01276897 0.01       0.         0.         0.         0.         0.         0.17848241 0.         0.35237537 0.01       0.         0.        ],[0. 0. 0. 0. 1. 0. 0. 0. 1. 0. 0. 0. 0. 1. 0. 0. 0. 0. 1. 1. 0. 0. 0. 0. 0. 1. 0. 1. 1. 0. 0.],500,100,0.3,0.003,1,23,best,59,best
198,0.02727365699526079,0.02727365699526079,0.003002937272757743,[0.         0.         0.         0.         0.095929   0.         0.         0.         0.01       0.         0.         0.         0.         0.01       0.         0.         0.         0.         0.01276897 0.01       0.         0.         0.         0.         0.         0.17848241 0.         0.35237537 0.01       0.         0.        ],[0. 0. 0. 0. 1. 0. 0. 0. 1. 0. 0. 0. 0. 1. 0. 0. 0. 0. 1. 1. 0. 0. 0. 0. 0. 1. 0. 1. 1. 0. 0.],500,100,0.3,0.003,1,23,best,59,best
199,0.02727365699526079,0.02727365699526079,0.003002937272757743,[0.         0.         0.         0.         0.095929   0.         0.         0.         0.01       0.         0.         0.         0.         0.01       0.         0.         0.         0.         0.01276897 0.01       0.         0.         0.         0.         0.         0.17848241 0.         0.35237537 0.01       0.         0.        ],[0. 0. 0. 0. 1. 0. 0. 0. 1. 0. 0. 0. 0. 1. 0. 0. 0. 0. 1. 1. 0. 0. 0. 0. 0. 1. 0. 1. 1. 0. 0.],500,100,0.3,0.003,1,23,best,59,best
200,0.02727365699526079,0.02727365699526079,0.003002937272757743,[0.         0.         0.         0.         0.095929   0.         0.         0.         0.01       0.         0.         0.         0.         0.01       0.         0.         0.         0.         0.01276897 0.01       0.         0.         0.         0.         0.         0.17848241 0.         0.35237537 0.01       0.         0.        ],[0. 0. 0. 0. 1. 0. 0. 0. 1. 0. 0. 0. 0. 1. 0. 0. 0. 0. 1. 1. 0. 0. 0. 0. 0. 1. 0. 1. 1. 0. 0.],500,100,0.3,0.003,1,23,best,59,best
201,0.02727365699526079,0.02727365699526079,0.003002937272757743,[0.         0.         0.         0.         0.095929   0.         0.         0.         0.01       0.         0.         0.         0.         0.01       0.         0.         0.         0.         0.01276897 0.01       0.         0.         0.         0.         0.         0.17848241 0.         0.35237537 0.01       0.         0.        ],[0. 0. 0. 0. 1. 0. 0. 0. 1. 0. 0. 0. 0. 1. 0. 0. 0. 0. 1. 1. 0. 0. 0. 0. 0. 1. 0. 1. 1. 0. 0.],500,100,0.3,0.003,1,23,best,59,best
202,0.02727365699526079,0.02727365699526079,0.003002937272757743,[0.         0.         0.         0.         0.095929   0.         0.         0.         0.01       0.         0.         0.         0.         0.01       0.         0.         0.         0.         0.01276897 0.01       0.         0.         0.         0.         0.         0.17848241 0.         0.35237537 0.01       0.         0.        ],[0. 0. 0. 0. 1. 0. 0. 0. 1. 0. 0. 0. 0. 1. 0. 0. 0. 0. 1. 1. 0. 0. 0. 0. 0. 1. 0. 1. 1. 0. 0.],500,100,0.3,0.003,1,23,best,59,best
203,0.02727365699526079,0.02727365699526079,0.003002937272757743,[0.         0.         0.         0.         0.095929   0.         0.         0.         0.01       0.         0.         0.         0.         0.01       0.         0.         0.         0.         0.01276897 0.01       0.         0.         0.         0.         0.         0.17848241 0.         0.35237537 0.01       0.         0.        ],[0. 0. 0. 0. 1. 0. 0. 0. 1. 0. 0. 0. 0. 1. 0. 0. 0. 0. 1. 1. 0. 0. 0. 0. 0. 1. 0. 1. 1. 0. 0.],500,100,0.3,0.003,1,23,best,59,best
204,0.02727365699526079,0.02727365699526079,0.003002937272757743,[0.         0.         0.         0.         0.095929   0.         0.         0.         0.01       0.         0.         0.         0.         0.01       0.         0.         0.         0.         0.01276897 0.01       0.         0.         0.         0.         0.         0.17848241 0.         0.35237537 0.01       0.         0.        ],[0. 0. 0. 0. 1. 0. 0. 0. 1. 0. 0. 0. 0. 1. 0. 0. 0. 0. 1. 1. 0. 0. 0. 0. 0. 1. 0. 1. 1. 0. 0.],500,100,0.3,0.003,1,23,best,59,best
205,0.02727365699526079,0.02727365699526079,0.003002937272757743,[0.         0.         0.         0.         0.095929   0.         0.         0.         0.01       0.         0.         0.         0.         0.01       0.         0.         0.         0.         0.01276897 0.01       0.         0.         0.         0.         0.         0.17848241 0.         0.35237537 0.01       0.         0.        ],[0. 0. 0. 0. 1. 0. 0. 0. 1. 0. 0. 0. 0. 1. 0. 0. 0. 0. 1. 1. 0. 0. 0. 0. 0. 1. 0. 1. 1. 0. 0.],500,100,0.3,0.003,1,23,best,59,best
206,0.02727365699526079,0.02727365699526079,0.003002937272757743,[0.         0.         0.         0.         0.095929   0.         0.         0.         0.01       0.         0.         0.         0.         0.01       0.         0.         0.         0.         0.01276897 0.01       0.         0.         0.         0.         0.         0.17848241 0.         0.35237537 0.01       0.         0.        ],[0. 0. 0. 0. 1. 0. 0. 0. 1. 0. 0. 0. 0. 1. 0. 0. 0. 0. 1. 1. 0. 0. 0. 0. 0. 1. 0. 1. 1. 0. 0.],500,100,0.3,0.003,1,23,best,59,best
207,0.02727365699526079,0.02727365699526079,0.003002937272757743,[0.         0.         0.         0.         0.095929   0.         0.         0.         0.01       0.         0.         0.         0.         0.01       0.         0.         0.         0.         0.01276897 0.01       0.         0.         0.         0.         0.         0.17848241 0.         0.35237537 0.01       0.         0.        ],[0. 0. 0. 0. 1. 0. 0. 0. 1. 0. 0. 0. 0. 1. 0. 0. 0. 0. 1. 1. 0. 0. 0. 0. 0. 1. 0. 1. 1. 0. 0.],500,100,0.3,0.003,1,23,best,59,best
208,0.02727365699526079,0.02727365699526079,0.003002937272757743,[0.         0.         0.         0.         0.095929   0.         0.         0.         0.01       0.         0.         0.         0.         0.01       0.         0.         0.         0.         0.01276897 0.01       0.         0.         0.         0.         0.         0.17848241 0.         0.35237537 0.01       0.         0.        ],[0. 0. 0. 0. 1. 0. 0. 0. 1. 0. 0. 0. 0. 1. 0. 0. 0. 0. 1. 1. 0. 0. 0. 0. 0. 1. 0. 1. 1. 0. 0.],500,100,0.3,0.003,1,23,best,59,best
209,0.02727365699526079,0.02727365699526079,0.003002937272757743,[0.         0.         0.         0.         0.095929   0.         0.         0.         0.01       0.         0.         0.         0.         0.01       0.         0.         0.         0.         0.01276897 0.01       0.         0.         0.         0.         0.         0.17848241 0.         0.35237537 0.01       0.         0.        ],[0. 0. 0. 0. 1. 0. 0. 0. 1. 0. 0. 0. 0. 1. 0. 0. 0. 0. 1. 1. 0. 0. 0. 0. 0. 1. 0. 1. 1. 0. 0.],500,100,0.3,0.003,1,23,best,59,best
210,0.02727365699526079,0.02727365699526079,0.003002937272757743,[0.         0.         0.         0.         0.095929   0.         0.         0.         0.01       0.         0.         0.         0.         0.01       0.         0.         0.         0.         0.01276897 0.01       0.         0.         0.         0.         0.         0.17848241 0.         0.35237537 0.01       0.         0.        ],[0. 0. 0. 0. 1. 0. 0. 0. 1. 0. 0. 0. 0. 1. 0. 0. 0. 0. 1. 1. 0. 0. 0. 0. 0. 1. 0. 1. 1. 0. 0.],500,100,0.3,0.003,1,23,best,59,best
211,0.02727365699526079,0.02727365699526079,0.003002937272757743,[0.         0.         0.         0.         0.095929   0.         0.         0.         0.01       0.         0.         0.         0.         0.01       0.         0.         0.         0.         0.01276897 0.01       0.         0.         0.         0.         0.         0.17848241 0.         0.35237537 0.01       0.         0.        ],[0. 0. 0. 0. 1. 0. 0. 0. 1. 0. 0. 0. 0. 1. 0. 0. 0. 0. 1. 1. 0. 0. 0. 0. 0. 1. 0. 1. 1. 0. 0.],500,100,0.3,0.003,1,23,best,59,best
212,0.02727365699526079,0.02727365699526079,0.003002937272757743,[0.         0.         0.         0.         0.095929   0.         0.         0.         0.01       0.         0.         0.         0.         0.01       0.         0.         0.         0.         0.01276897 0.01       0.         0.         0.         0.         0.         0.17848241 0.         0.35237537 0.01       0.         0.        ],[0. 0. 0. 0. 1. 0. 0. 0. 1. 0. 0. 0. 0. 1. 0. 0. 0. 0. 1. 1. 0. 0. 0. 0. 0. 1. 0. 1. 1. 0. 0.],500,100,0.3,0.003,1,23,best,59,best
213,0.02727365699526079,0.02727365699526079,0.003002937272757743,[0.         0.         0.         0.         0.095929   0.         0.         0.         0.01       0.         0.         0.         0.         0.01       0.         0.         0.         0.         0.01276897 0.01       0.         0.         0.         0.         0.         0.17848241 0.         0.35237537 0.01       0.         0.        ],[0. 0. 0. 0. 1. 0. 0. 0. 1. 0. 0. 0. 0. 1. 0. 0. 0. 0. 1. 1. 0. 0. 0. 0. 0. 1. 0. 1. 1. 0. 0.],500,100,0.3,0.003,1,23,best,59,best
214,0.02727365699526079,0.02727365699526079,0.003002937272757743,[0.         0.         0.         0.         0.095929   0.         0.         0.         0.01       0.         0.         0.         0.         0.01       0.         0.         0.         0.         0.01276897 0.01       0.         0.         0.         0.         0.         0.17848241 0.         0.35237537 0.01       0.         0.        ],[0. 0. 0. 0. 1. 0. 0. 0. 1. 0. 0. 0. 0. 1. 0. 0. 0. 0. 1. 1. 0. 0. 0. 0. 0. 1. 0. 1. 1. 0. 0.],500,100,0.3,0.003,1,23,best,59,best
215,0.02727365699526079,0.02727365699526079,0.003002937272757743,[0.         0.         0.         0.         0.095929   0.         0.         0.         0.01       0.         0.         0.         0.         0.01       0.         0.         0.         0.         0.01276897 0.01       0.         0.         0.         0.         0.         0.17848241 0.         0.35237537 0.01       0.         0.        ],[0. 0. 0. 0. 1. 0. 0. 0. 1. 0. 0. 0. 0. 1. 0. 0. 0. 0. 1. 1. 0. 0. 0. 0. 0. 1. 0. 1. 1. 0. 0.],500,100,0.3,0.003,1,23,best,59,best
216,0.02727365699526079,0.02727365699526079,0.003002937272757743,[0.         0.         0.         0.         0.095929   0.         0.         0.         0.01       0.         0.         0.         0.         0.01       0.         0.         0.         0.         0.01276897 0.01       0.         0.         0.         0.         0.         0.17848241 0.         0.35237537 0.01       0.         0.        ],[0. 0. 0. 0. 1. 0. 0. 0. 1. 0. 0. 0. 0. 1. 0. 0. 0. 0. 1. 1. 0. 0. 0. 0. 0. 1. 0. 1. 1. 0. 0.],500,100,0.3,0.003,1,23,best,59,best
217,0.02727365699526079,0.02727365699526079,0.003002937272757743,[0.         0.         0.         0.         0.095929   0.         0.         0.         0.01       0.         0.         0.         0.         0.01       0.         0.         0.         0.         0.01276897 0.01       0.         0.         0.         0.         0.         0.17848241 0.         0.35237537 0.01       0.         0.        ],[0. 0. 0. 0. 1. 0. 0. 0. 1. 0. 0. 0. 0. 1. 0. 0. 0. 0. 1. 1. 0. 0. 0. 0. 0. 1. 0. 1. 1. 0. 0.],500,100,0.3,0.003,1,23,best,59,best
218,0.02727365699526079,0.02727365699526079,0.003002937272757743,[0.         0.         0.         0.         0.095929   0.         0.         0.         0.01       0.         0.         0.         0.         0.01       0.         0.         0.         0.         0.01276897 0.01       0.         0.         0.         0.         0.         0.17848241 0.         0.35237537 0.01       0.         0.        ],[0. 0. 0. 0. 1. 0. 0. 0. 1. 0. 0. 0. 0. 1. 0. 0. 0. 0. 1. 1. 0. 0. 0. 0. 0. 1. 0. 1. 1. 0. 0.],500,100,0.3,0.003,1,23,best,59,best
219,0.02727365699526079,0.02727365699526079,0.003002937272757743,[0.         0.         0.         0.         0.095929   0.         0.         0.         0.01       0.         0.         0.         0.         0.01       0.         0.         0.         0.         0.01276897 0.01       0.         0.         0.         0.         0.         0.17848241 0.         0.35237537 0.01       0.         0.        ],[0. 0. 0. 0. 1. 0. 0. 0. 1. 0. 0. 0. 0. 1. 0. 0. 0. 0. 1. 1. 0. 0. 0. 0. 0. 1. 0. 1. 1. 0. 0.],500,100,0.3,0.003,1,23,best,59,best
220,0.02727365699526079,0.02727365699526079,0.003002937272757743,[0.         0.         0.         0.         0.095929   0.         0.         0.         0.01       0.         0.         0.         0.         0.01       0.         0.         0.         0.         0.01276897 0.01       0.         0.         0.         0.         0.         0.17848241 0.         0.35237537 0.01       0.         0.        ],[0. 0. 0. 0. 1. 0. 0. 0. 1. 0. 0. 0. 0. 1. 0. 0. 0. 0. 1. 1. 0. 0. 0. 0. 0. 1. 0. 1. 1. 0. 0.],500,100,0.3,0.003,1,23,best,59,best
221,0.02727365699526079,0.02727365699526079,0.003002937272757743,[0.         0.         0.         0.         0.095929   0.         0.         0.         0.01       0.         0.         0.         0.         0.01       0.         0.         0.         0.         0.01276897 0.01       0.         0.         0.         0.         0.         0.17848241 0.         0.35237537 0.01       0.         0.        ],[0. 0. 0. 0. 1. 0. 0. 0. 1. 0. 0. 0. 0. 1. 0. 0. 0. 0. 1. 1. 0. 0. 0. 0. 0. 1. 0. 1. 1. 0. 0.],500,100,0.3,0.003,1,23,best,59,best
222,0.02727365699526079,0.02727365699526079,0.003002937272757743,[0.         0.         0.         0.         0.095929   0.         0.         0.         0.01       0.         0.         0.         0.         0.01       0.         0.         0.         0.         0.01276897 0.01       0.         0.         0.         0.         0.         0.17848241 0.         0.35237537 0.01       0.         0.        ],[0. 0. 0. 0. 1. 0. 0. 0. 1. 0. 0. 0. 0. 1. 0. 0. 0. 0. 1. 1. 0. 0. 0. 0. 0. 1. 0. 1. 1. 0. 0.],500,100,0.3,0.003,1,23,best,59,best
223,0.02727365699526079,0.02727365699526079,0.003002937272757743,[0.         0.         0.         0.         0.095929   0.         0.         0.         0.01       0.         0.         0.         0.         0.01       0.         0.         0.         0.         0.01276897 0.01       0.         0.         0.         0.         0.         0.17848241 0.         0.35237537 0.01       0.         0.        ],[0. 0. 0. 0. 1. 0. 0. 0. 1. 0. 0. 0. 0. 1. 0. 0. 0. 0. 1. 1. 0. 0. 0. 0. 0. 1. 0. 1. 1. 0. 0.],500,100,0.3,0.003,1,23,best,59,best
224,0.02727365699526079,0.02727365699526079,0.003002937272757743,[0.         0.         0.         0.         0.095929   0.         0.         0.         0.01       0.         0.         0.         0.         0.01       0.         0.         0.         0.         0.01276897 0.01       0.         0.         0.         0.         0.         0.17848241 0.         0.35237537 0.01       0.         0.        ],[0. 0. 0. 0. 1. 0. 0. 0. 1. 0. 0. 0. 0. 1. 0. 0. 0. 0. 1. 1. 0. 0. 0. 0. 0. 1. 0. 1. 1. 0. 0.],500,100,0.3,0.003,1,23,best,59,best
225,0.02727365699526079,0.02727365699526079,0.003002937272757743,[0.         0.         0.         0.         0.095929   0.         0.         0.         0.01       0.         0.         0.         0.         0.01       0.         0.         0.         0.         0.01276897 0.01       0.         0.         0.         0.         0.         0.17848241 0.         0.35237537 0.01       0.         0.        ],[0. 0. 0. 0. 1. 0. 0. 0. 1. 0. 0. 0. 0. 1. 0. 0. 0. 0. 1. 1. 0. 0. 0. 0. 0. 1. 0. 1. 1. 0. 0.],500,100,0.3,0.003,1,23,best,59,best
226,0.02727365699526079,0.02727365699526079,0.003002937272757743,[0.         0.         0.         0.         0.095929   0.         0.         0.         0.01       0.         0.         0.         0.         0.01       0.         0.         0.         0.         0.01276897 0.01       0.         0.         0.         0.         0.         0.17848241 0.         0.35237537 0.01       0.         0.        ],[0. 0. 0. 0. 1. 0. 0. 0. 1. 0. 0. 0. 0. 1. 0. 0. 0. 0. 1. 1. 0. 0. 0. 0. 0. 1. 0. 1. 1. 0. 0.],500,100,0.3,0.003,1,23,best,59,best
227,0.02727365699526079,0.02727365699526079,0.003002937272757743,[0.         0.         0.         0.         0.095929   0.         0.         0.         0.01       0.         0.         0.         0.         0.01       0.         0.         0.         0.         0.01276897 0.01       0.         0.         0.         0.         0.         0.17848241 0.         0.35237537 0.01       0.         0.        ],[0. 0. 0. 0. 1. 0. 0. 0. 1. 0. 0. 0. 0. 1. 0. 0. 0. 0. 1. 1. 0. 0. 0. 0. 0. 1. 0. 1. 1. 0. 0.],500,100,0.3,0.003,1,23,best,59,best
228,0.02727365699526079,0.02727365699526079,0.003002937272757743,[0.         0.         0.         0.         0.095929   0.         0.         0.         0.01       0.         0.         0.         0.         0.01       0.         0.         0.         0.         0.01276897 0.01       0.         0.         0.         0.         0.         0.17848241 0.         0.35237537 0.01       0.         0.        ],[0. 0. 0. 0. 1. 0. 0. 0. 1. 0. 0. 0. 0. 1. 0. 0. 0. 0. 1. 1. 0. 0. 0. 0. 0. 1. 0. 1. 1. 0. 0.],500,100,0.3,0.003,1,23,best,59,best
229,0.02727365699526079,0.02727365699526079,0.003002937272757743,[0.         0.         0.         0.         0.095929   0.         0.         0.         0.01       0.         0.         0.         0.         0.01       0.         0.         0.         0.         0.01276897 0.01       0.         0.         0.         0.         0.         0.17848241 0.         0.35237537 0.01       0.         0.        ],[0. 0. 0. 0. 1. 0. 0. 0. 1. 0. 0. 0. 0. 1. 0. 0. 0. 0. 1. 1. 0. 0. 0. 0. 0. 1. 0. 1. 1. 0. 0.],500,100,0.3,0.003,1,23,best,59,best
230,0.02727365699526079,0.02727365699526079,0.003002937272757743,[0.         0.         0.         0.         0.095929   0.         0.         0.         0.01       0.         0.         0.         0.         0.01       0.         0.         0.         0.         0.01276897 0.01       0.         0.         0.         0.         0.         0.17848241 0.         0.35237537 0.01       0.         0.        ],[0. 0. 0. 0. 1. 0. 0. 0. 1. 0. 0. 0. 0. 1. 0. 0. 0. 0. 1. 1. 0. 0. 0. 0. 0. 1. 0. 1. 1. 0. 0.],500,100,0.3,0.003,1,23,best,59,best
231,0.02727365699526079,0.02727365699526079,0.003002937272757743,[0.         0.         0.         0.         0.095929   0.         0.         0.         0.01       0.         0.         0.         0.         0.01       0.         0.         0.         0.         0.01276897 0.01       0.         0.         0.         0.         0.         0.17848241 0.         0.35237537 0.01       0.         0.        ],[0. 0. 0. 0. 1. 0. 0. 0. 1. 0. 0. 0. 0. 1. 0. 0. 0. 0. 1. 1. 0. 0. 0. 0. 0. 1. 0. 1. 1. 0. 0.],500,100,0.3,0.003,1,23,best,59,best
232,0.02727365699526079,0.02727365699526079,0.003002937272757743,[0.         0.         0.         0.         0.095929   0.         0.         0.         0.01       0.         0.         0.         0.         0.01       0.         0.         0.         0.         0.01276897 0.01       0.         0.         0.         0.         0.         0.17848241 0.         0.35237537 0.01       0.         0.        ],[0. 0. 0. 0. 1. 0. 0. 0. 1. 0. 0. 0. 0. 1. 0. 0. 0. 0. 1. 1. 0. 0. 0. 0. 0. 1. 0. 1. 1. 0. 0.],500,100,0.3,0.003,1,23,best,59,best
233,0.02727365699526079,0.02727365699526079,0.003002937272757743,[0.         0.         0.         0.         0.095929   0.         0.         0.         0.01       0.         0.         0.         0.         0.01       0.         0.         0.         0.         0.01276897 0.01       0.         0.         0.         0.         0.         0.17848241 0.         0.35237537 0.01       0.         0.        ],[0. 0. 0. 0. 1. 0. 0. 0. 1. 0. 0. 0. 0. 1. 0. 0. 0. 0. 1. 1. 0. 0. 0. 0. 0. 1. 0. 1. 1. 0. 0.],500,100,0.3,0.003,1,23,best,59,best
234,0.02727365699526079,0.02727365699526079,0.003002937272757743,[0.         0.         0.         0.         0.095929   0.         0.         0.         0.01       0.         0.         0.         0.         0.01       0.         0.         0.         0.         0.01276897 0.01       0.         0.         0.         0.         0.         0.17848241 0.         0.35237537 0.01       0.         0.        ],[0. 0. 0. 0. 1. 0. 0. 0. 1. 0. 0. 0. 0. 1. 0. 0. 0. 0. 1. 1. 0. 0. 0. 0. 0. 1. 0. 1. 1. 0. 0.],500,100,0.3,0.003,1,23,best,59,best
235,0.02727365699526079,0.02727365699526079,0.003002937272757743,[0.         0.         0.         0.         0.095929   0.         0.         0.         0.01       0.         0.         0.         0.         0.01       0.         0.         0.         0.         0.01276897 0.01       0.         0.         0.         0.         0.         0.17848241 0.         0.35237537 0.01       0.         0.        ],[0. 0. 0. 0. 1. 0. 0. 0. 1. 0. 0. 0. 0. 1. 0. 0. 0. 0. 1. 1. 0. 0. 0. 0. 0. 1. 0. 1. 1. 0. 0.],500,100,0.3,0.003,1,23,best,59,best
236,0.02727365699526079,0.02727365699526079,0.003002937272757743,[0.         0.         0.         0.         0.095929   0.         0.         0.         0.01       0.         0.         0.         0.         0.01       0.         0.         0.         0.         0.01276897 0.01       0.         0.         0.         0.         0.         0.17848241 0.         0.35237537 0.01       0.         0.        ],[0. 0. 0. 0. 1. 0. 0. 0. 1. 0. 0. 0. 0. 1. 0. 0. 0. 0. 1. 1. 0. 0. 0. 0. 0. 1. 0. 1. 1. 0. 0.],500,100,0.3,0.003,1,23,best,59,best
237,0.02727365699526079,0.02727365699526079,0.003002937272757743,[0.         0.         0.         0.         0.095929   0.         0.         0.         0.01       0.         0.         0.         0.         0.01       0.         0.         0.         0.         0.01276897 0.01       0.         0.         0.         0.         0.         0.17848241 0.         0.35237537 0.01       0.         0.        ],[0. 0. 0. 0. 1. 0. 0. 0. 1. 0. 0. 0. 0. 1. 0. 0. 0. 0. 1. 1. 0. 0. 0. 0. 0. 1. 0. 1. 1. 0. 0.],500,100,0.3,0.003,1,23,best,59,best
238,0.02727365699526079,0.02727365699526079,0.003002937272757743,[0.         0.         0.         0.         0.095929   0.         0.         0.         0.01       0.         0.         0.         0.         0.01       0.         0.         0.         0.         0.01276897 0.01       0.         0.         0.         0.         0.         0.17848241 0.         0.35237537 0.01       0.         0.        ],[0. 0. 0. 0. 1. 0. 0. 0. 1. 0. 0. 0. 0. 1. 0. 0. 0. 0. 1. 1. 0. 0. 0. 0. 0. 1. 0. 1. 1. 0. 0.],500,100,0.3,0.003,1,23,best,59,best
239,0.02727365699526079,0.02727365699526079,0.003002937272757743,[0.         0.         0.         0.         0.095929   0.         0.         0.         0.01       0.         0.         0.         0.         0.01       0.         0.         0.         0.         0.01276897 0.01       0.         0.         0.         0.         0.         0.17848241 0.         0.35237537 0.01       0.         0.        ],[0. 0. 0. 0. 1. 0. 0. 0. 1. 0. 0. 0. 0. 1. 0. 0. 0. 0. 1. 1. 0. 0. 0. 0. 0. 1. 0. 1. 1. 0. 0.],500,100,0.3,0.003,1,23,best,59,best
240,0.02727365699526079,0.02727365699526079,0.003002937272757743,[0.         0.         0.         0.         0.095929   0.         0.         0.         0.01       0.         0.         0.         0.         0.01       0.         0.         0.         0.         0.01276897 0.01       0.         0.         0.         0.         0.         0.17848241 0.         0.35237537 0.01       0.         0.        ],[0. 0. 0. 0. 1. 0. 0. 0. 1. 0. 0. 0. 0. 1. 0. 0. 0. 0. 1. 1. 0. 0. 0. 0. 0. 1. 0. 1. 1. 0. 0.],500,100,0.3,0.003,1,23,best,59,best
241,0.02727365699526079,0.02727365699526079,0.003002937272757743,[0.         0.         0.         0.         0.095929   0.         0.         0.         0.01       0.         0.         0.         0.         0.01       0.         0.         0.         0.         0.01276897 0.01       0.         0.         0.         0.         0.         0.17848241 0.         0.35237537 0.01       0.         0.        ],[0. 0. 0. 0. 1. 0. 0. 0. 1. 0. 0. 0. 0. 1. 0. 0. 0. 0. 1. 1. 0. 0. 0. 0. 0. 1. 0. 1. 1. 0. 0.],500,100,0.3,0.003,1,23,best,59,best
242,0.02727365699526079,0.02727365699526079,0.003002937272757743,[0.         0.         0.         0.         0.095929   0.         0.         0.         0.01       0.         0.         0.         0.         0.01       0.         0.         0.         0.         0.01276897 0.01       0.         0.         0.         0.         0.         0.17848241 0.         0.35237537 0.01       0.         0.        ],[0. 0. 0. 0. 1. 0. 0. 0. 1. 0. 0. 0. 0. 1. 0. 0. 0. 0. 1. 1. 0. 0. 0. 0. 0. 1. 0. 1. 1. 0. 0.],500,100,0.3,0.003,1,23,best,59,best
243,0.02727365699526079,0.02727365699526079,0.003002937272757743,[0.         0.         0.         0.         0.095929   0.         0.         0.         0.01       0.         0.         0.         0.         0.01       0.         0.         0.         0.         0.01276897 0.01       0.         0.         0.         0.         0.         0.17848241 0.         0.35237537 0.01       0.         0.        ],[0. 0. 0. 0. 1. 0. 0. 0. 1. 0. 0. 0. 0. 1. 0. 0. 0. 0. 1. 1. 0. 0. 0. 0. 0. 1. 0. 1. 1. 0. 0.],500,100,0.3,0.003,1,23,best,59,best
244,0.02727365699526079,0.02727365699526079,0.003002937272757743,[0.         0.         0.         0.         0.095929   0.         0.         0.         0.01       0.         0.         0.         0.         0.01       0.         0.         0.         0.         0.01276897 0.01       0.         0.         0.         0.         0.         0.17848241 0.         0.35237537 0.01       0.         0.        ],[0. 0. 0. 0. 1. 0. 0. 0. 1. 0. 0. 0. 0. 1. 0. 0. 0. 0. 1. 1. 0. 0. 0. 0. 0. 1. 0. 1. 1. 0. 0.],500,100,0.3,0.003,1,23,best,59,best
245,0.02727365699526079,0.02727365699526079,0.003002937272757743,[0.         0.         0.         0.         0.095929   0.         0.         0.         0.01       0.         0.         0.         0.         0.01       0.         0.         0.         0.         0.01276897 0.01       0.         0.         0.         0.         0.         0.17848241 0.         0.35237537 0.01       0.         0.        ],[0. 0. 0. 0. 1. 0. 0. 0. 1. 0. 0. 0. 0. 1. 0. 0. 0. 0. 1. 1. 0. 0. 0. 0. 0. 1. 0. 1. 1. 0. 0.],500,100,0.3,0.003,1,23,best,59,best
246,0.02727365699526079,0.02727365699526079,0.003002937272757743,[0.         0.         0.         0.         0.095929   0.         0.         0.         0.01       0.         0.         0.         0.         0.01       0.         0.         0.         0.         0.01276897 0.01       0.         0.         0.         0.         0.         0.17848241 0.         0.35237537 0.01       0.         0.        ],[0. 0. 0. 0. 1. 0. 0. 0. 1. 0. 0. 0. 0. 1. 0. 0. 0. 0. 1. 1. 0. 0. 0. 0. 0. 1. 0. 1. 1. 0. 0.],500,100,0.3,0.003,1,23,best,59,best
247,0.02727365699526079,0.02727365699526079,0.003002937272757743,[0.         0.         0.         0.         0.095929   0.         0.         0.         0.01       0.         0.         0.         0.         0.01       0.         0.         0.         0.         0.01276897 0.01       0.         0.         0.         0.         0.         0.17848241 0.         0.35237537 0.01       0.         0.        ],[0. 0. 0. 0. 1. 0. 0. 0. 1. 0. 0. 0. 0. 1. 0. 0. 0. 0. 1. 1. 0. 0. 0. 0. 0. 1. 0. 1. 1. 0. 0.],500,100,0.3,0.003,1,23,best,59,best
248,0.02727365699526079,0.02727365699526079,0.003002937272757743,[0.         0.         0.         0.         0.095929   0.         0.         0.         0.01       0.         0.         0.         0.         0.01       0.         0.         0.         0.         0.01276897 0.01       0.         0.         0.         0.         0.         0.17848241 0.         0.35237537 0.01       0.         0.        ],[0. 0. 0. 0. 1. 0. 0. 0. 1. 0. 0. 0. 0. 1. 0. 0. 0. 0. 1. 1. 0. 0. 0. 0. 0. 1. 0. 1. 1. 0. 0.],500,100,0.3,0.003,1,23,best,59,best
249,0.02727365699526079,0.02727365699526079,0.003002937272757743,[0.         0.         0.         0.         0.095929   0.         0.         0.         0.01       0.         0.         0.         0.         0.01       0.         0.         0.         0.         0.01276897 0.01       0.         0.         0.         0.         0.         0.17848241 0.         0.35237537 0.01       0.         0.        ],[0. 0. 0. 0. 1. 0. 0. 0. 1. 0. 0. 0. 0. 1. 0. 0. 0. 0. 1. 1. 0. 0. 0. 0. 0. 1. 0. 1. 1. 0. 0.],500,100,0.3,0.003,1,23,best,59,best
250,0.02727365699526079,0.02727365699526079,0.003002937272757743,[0.         0.         0.         0.         0.095929   0.         0.         0.         0.01       0.         0.         0.         0.         0.01       0.         0.         0.         0.         0.01276897 0.01       0.         0.         0.         0.         0.         0.17848241 0.         0.35237537 0.01       0.         0.        ],[0. 0. 0. 0. 1. 0. 0. 0. 1. 0. 0. 0. 0. 1. 0. 0. 0. 0. 1. 1. 0. 0. 0. 0. 0. 1. 0. 1. 1. 0. 0.],500,100,0.3,0.003,1,23,best,59,best
251,0.02727365699526079,0.02727365699526079,0.003002937272757743,[0.         0.         0.         0.         0.095929   0.         0.         0.         0.01       0.         0.         0.         0.         0.01       0.         0.         0.         0.         0.01276897 0.01       0.         0.         0.         0.         0.         0.17848241 0.         0.35237537 0.01       0.         0.        ],[0. 0. 0. 0. 1. 0. 0. 0. 1. 0. 0. 0. 0. 1. 0. 0. 0. 0. 1. 1. 0. 0. 0. 0. 0. 1. 0. 1. 1. 0. 0.],500,100,0.3,0.003,1,23,best,59,best
252,0.02727365699526079,0.02727365699526079,0.003002937272757743,[0.         0.         0.         0.         0.095929   0.         0.         0.         0.01       0.         0.         0.         0.         0.01       0.         0.         0.         0.         0.01276897 0.01       0.         0.         0.         0.         0.         0.17848241 0.         0.35237537 0.01       0.         0.        ],[0. 0. 0. 0. 1. 0. 0. 0. 1. 0. 0. 0. 0. 1. 0. 0. 0. 0. 1. 1. 0. 0. 0. 0. 0. 1. 0. 1. 1. 0. 0.],500,100,0.3,0.003,1,23,best,59,best
253,0.02727365699526079,0.02727365699526079,0.003002937272757743,[0.         0.         0.         0.         0.095929   0.         0.         0.         0.01       0.         0.         0.         0.         0.01       0.         0.         0.         0.         0.01276897 0.01       0.         0.         0.         0.         0.         0.17848241 0.         0.35237537 0.01       0.         0.        ],[0. 0. 0. 0. 1. 0. 0. 0. 1. 0. 0. 0. 0. 1. 0. 0. 0. 0. 1. 1. 0. 0. 0. 0. 0. 1. 0. 1. 1. 0. 0.],500,100,0.3,0.003,1,23,best,59,best
254,0.02727365699526079,0.02727365699526079,0.003002937272757743,[0.         0.         0.         0.         0.095929   0.         0.         0.         0.01       0.         0.         0.         0.         0.01       0.         0.         0.         0.         0.01276897 0.01       0.         0.         0.         0.         0.         0.17848241 0.         0.35237537 0.01       0.         0.        ],[0. 0. 0. 0. 1. 0. 0. 0. 1. 0. 0. 0. 0. 1. 0. 0. 0. 0. 1. 1. 0. 0. 0. 0. 0. 1. 0. 1. 1. 0. 0.],500,100,0.3,0.003,1,23,best,59,best
255,0.02727365699526079,0.02727365699526079,0.003002937272757743,[0.         0.         0.         0.         0.095929   0.         0.         0.         0.01       0.         0.         0.         0.         0.01       0.         0.         0.         0.         0.01276897 0.01       0.         0.         0.         0.         0.         0.17848241 0.         0.35237537 0.01       0.         0.        ],[0. 0. 0. 0. 1. 0. 0. 0. 1. 0. 0. 0. 0. 1. 0. 0. 0. 0. 1. 1. 0. 0. 0. 0. 0. 1. 0. 1. 1. 0. 0.],500,100,0.3,0.003,1,23,best,59,best
256,0.02727365699526079,0.02727365699526079,0.003002937272757743,[0.         0.         0.         0.         0.095929   0.         0.         0.         0.01       0.         0.         0.         0.         0.01       0.         0.         0.         0.         0.01276897 0.01       0.         0.         0.         0.         0.         0.17848241 0.         0.35237537 0.01       0.         0.        ],[0. 0. 0. 0. 1. 0. 0. 0. 1. 0. 0. 0. 0. 1. 0. 0. 0. 0. 1. 1. 0. 0. 0. 0. 0. 1. 0. 1. 1. 0. 0.],500,100,0.3,0.003,1,23,best,59,best
257,0.02727365699526079,0.02727365699526079,0.003002937272757743,[0.         0.         0.         0.         0.095929   0.         0.         0.         0.01       0.         0.         0.         0.         0.01       0.         0.         0.         0.         0.01276897 0.01       0.         0.         0.         0.         0.         0.17848241 0.         0.35237537 0.01       0.         0.        ],[0. 0. 0. 0. 1. 0. 0. 0. 1. 0. 0. 0. 0. 1. 0. 0. 0. 0. 1. 1. 0. 0. 0. 0. 0. 1. 0. 1. 1. 0. 0.],500,100,0.3,0.003,1,23,best,59,best
258,0.02727365699526079,0.02727365699526079,0.003002937272757743,[0.         0.         0.         0.         0.095929   0.         0.         0.         0.01       0.         0.         0.         0.         0.01       0.         0.         0.         0.         0.01276897 0.01       0.         0.         0.         0.         0.         0.17848241 0.         0.35237537 0.01       0.         0.        ],[0. 0. 0. 0. 1. 0. 0. 0. 1. 0. 0. 0. 0. 1. 0. 0. 0. 0. 1. 1. 0. 0. 0. 0. 0. 1. 0. 1. 1. 0. 0.],500,100,0.3,0.003,1,23,best,59,best
259,0.02727365699526079,0.02727365699526079,0.003002937272757743,[0.         0.         0.         0.         0.095929   0.         0.         0.         0.01       0.         0.         0.         0.         0.01       0.         0.         0.         0.         0.01276897 0.01       0.         0.         0.         0.         0.         0.17848241 0.         0.35237537 0.01       0.         0.        ],[0. 0. 0. 0. 1. 0. 0. 0. 1. 0. 0. 0. 0. 1. 0. 0. 0. 0. 1. 1. 0. 0. 0. 0. 0. 1. 0. 1. 1. 0. 0.],500,100,0.3,0.003,1,23,best,59,best
260,0.02727365699526079,0.02727365699526079,0.003002937272757743,[0.         0.         0.         0.         0.095929   0.         0.         0.         0.01       0.         0.         0.         0.         0.01       0.         0.         0.         0.         0.01276897 0.01       0.         0.         0.         0.         0.         0.17848241 0.         0.35237537 0.01       0.         0.        ],[0. 0. 0. 0. 1. 0. 0. 0. 1. 0. 0. 0. 0. 1. 0. 0. 0. 0. 1. 1. 0. 0. 0. 0. 0. 1. 0. 1. 1. 0. 0.],500,100,0.3,0.003,1,23,best,59,best
261,0.02727365699526079,0.02727365699526079,0.003002937272757743,[0.         0.         0.         0.         0.095929   0.         0.         0.         0.01       0.         0.         0.         0.         0.01       0.         0.         0.         0.         0.01276897 0.01       0.         0.         0.         0.         0.         0.17848241 0.         0.35237537 0.01       0.         0.        ],[0. 0. 0. 0. 1. 0. 0. 0. 1. 0. 0. 0. 0. 1. 0. 0. 0. 0. 1. 1. 0. 0. 0. 0. 0. 1. 0. 1. 1. 0. 0.],500,100,0.3,0.003,1,23,best,59,best
262,0.02727365699526079,0.02727365699526079,0.003002937272757743,[0.         0.         0.         0.         0.095929   0.         0.         0.         0.01       0.         0.         0.         0.         0.01       0.         0.         0.         0.         0.01276897 0.01       0.         0.         0.         0.         0.         0.17848241 0.         0.35237537 0.01       0.         0.        ],[0. 0. 0. 0. 1. 0. 0. 0. 1. 0. 0. 0. 0. 1. 0. 0. 0. 0. 1. 1. 0. 0. 0. 0. 0. 1. 0. 1. 1. 0. 0.],500,100,0.3,0.003,1,23,best,59,best
263,0.02727365699526079,0.02727365699526079,0.003002937272757743,[0.         0.         0.         0.         0.095929   0.         0.         0.         0.01       0.         0.         0.         0.         0.01       0.         0.         0.         0.         0.01276897 0.01       0.         0.         0.         0.         0.         0.17848241 0.         0.35237537 0.01       0.         0.        ],[0. 0. 0. 0. 1. 0. 0. 0. 1. 0. 0. 0. 0. 1. 0. 0. 0. 0. 1. 1. 0. 0. 0. 0. 0. 1. 0. 1. 1. 0. 0.],500,100,0.3,0.003,1,23,best,59,best
264,0.02727365699526079,0.02727365699526079,0.003002937272757743,[0.         0.         0.         0.         0.095929   0.         0.         0.         0.01       0.         0.         0.         0.         0.01       0.         0.         0.         0.         0.01276897 0.01       0.         0.         0.         0.         0.         0.17848241 0.         0.35237537 0.01       0.         0.        ],[0. 0. 0. 0. 1. 0. 0. 0. 1. 0. 0. 0. 0. 1. 0. 0. 0. 0. 1. 1. 0. 0. 0. 0. 0. 1. 0. 1. 1. 0. 0.],500,100,0.3,0.003,1,23,best,59,best
265,0.02727365699526079,0.02727365699526079,0.003002937272757743,[0.         0.         0.         0.         0.095929   0.         0.         0.         0.01       0.         0.         0.         0.         0.01       0.         0.         0.         0.         0.01276897 0.01       0.         0.         0.         0.         0.         0.17848241 0.         0.35237537 0.01       0.         0.        ],[0. 0. 0. 0. 1. 0. 0. 0. 1. 0. 0. 0. 0. 1. 0. 0. 0. 0. 1. 1. 0. 0. 0. 0. 0. 1. 0. 1. 1. 0. 0.],500,100,0.3,0.003,1,23,best,59,best
266,0.02727365699526079,0.02727365699526079,0.003002937272757743,[0.         0.         0.         0.         0.095929   0.         0.         0.         0.01       0.         0.         0.         0.         0.01       0.         0.         0.         0.         0.01276897 0.01       0.         0.         0.         0.         0.         0.17848241 0.         0.35237537 0.01       0.         0.        ],[0. 0. 0. 0. 1. 0. 0. 0. 1. 0. 0. 0. 0. 1. 0. 0. 0. 0. 1. 1. 0. 0. 0. 0. 0. 1. 0. 1. 1. 0. 0.],500,100,0.3,0.003,1,23,best,59,best
267,0.02727365699526079,0.02727365699526079,0.003002937272757743,[0.         0.         0.         0.         0.095929   0.         0.         0.         0.01       0.         0.         0.         0.         0.01       0.         0.         0.         0.         0.01276897 0.01       0.         0.         0.         0.         0.         0.17848241 0.         0.35237537 0.01       0.         0.        ],[0. 0. 0. 0. 1. 0. 0. 0. 1. 0. 0. 0. 0. 1. 0. 0. 0. 0. 1. 1. 0. 0. 0. 0. 0. 1. 0. 1. 1. 0. 0.],500,100,0.3,0.003,1,23,best,59,best
268,0.02727365699526079,0.02727365699526079,0.003002937272757743,[0.         0.         0.         0.         0.095929   0.         0.         0.         0.01       0.         0.         0.         0.         0.01       0.         0.         0.         0.         0.01276897 0.01       0.         0.         0.         0.         0.         0.17848241 0.         0.35237537 0.01       0.         0.        ],[0. 0. 0. 0. 1. 0. 0. 0. 1. 0. 0. 0. 0. 1. 0. 0. 0. 0. 1. 1. 0. 0. 0. 0. 0. 1. 0. 1. 1. 0. 0.],500,100,0.3,0.003,1,23,best,59,best
269,0.02727365699526079,0.02727365699526079,0.003002937272757743,[0.         0.         0.         0.         0.095929   0.         0.         0.         0.01       0.         0.         0.         0.         0.01       0.         0.         0.         0.         0.01276897 0.01       0.         0.         0.         0.         0.         0.17848241 0.         0.35237537 0.01       0.         0.        ],[0. 0. 0. 0. 1. 0. 0. 0. 1. 0. 0. 0. 0. 1. 0. 0. 0. 0. 1. 1. 0. 0. 0. 0. 0. 1. 0. 1. 1. 0. 0.],500,100,0.3,0.003,1,23,best,59,best
270,0.02727365699526079,0.02727365699526079,0.003002937272757743,[0.         0.         0.         0.         0.095929   0.         0.         0.         0.01       0.         0.         0.         0.         0.01       0.         0.         0.         0.         0.01276897 0.01       0.         0.         0.         0.         0.         0.17848241 0.         0.35237537 0.01       0.         0.        ],[0. 0. 0. 0. 1. 0. 0. 0. 1. 0. 0. 0. 0. 1. 0. 0. 0. 0. 1. 1. 0. 0. 0. 0. 0. 1. 0. 1. 1. 0. 0.],500,100,0.3,0.003,1,23,best,59,best
271,0.02727365699526079,0.02727365699526079,0.003002937272757743,[0.         0.         0.         0.         0.095929   0.         0.         0.         0.01       0.         0.         0.         0.         0.01       0.         0.         0.         0.         0.01276897 0.01       0.         0.         0.         0.         0.         0.17848241 0.         0.35237537 0.01       0.         0.        ],[0. 0. 0. 0. 1. 0. 0. 0. 1. 0. 0. 0. 0. 1. 0. 0. 0. 0. 1. 1. 0. 0. 0. 0. 0. 1. 0. 1. 1. 0. 0.],500,100,0.3,0.003,1,23,best,59,best
272,0.02727365699526079,0.02727365699526079,0.003002937272757743,[0.         0.         0.         0.         0.095929   0.         0.         0.         0.01       0.         0.         0.         0.         0.01       0.         0.         0.         0.         0.01276897 0.01       0.         0.         0.         0.         0.         0.17848241 0.         0.35237537 0.01       0.         0.        ],[0. 0. 0. 0. 1. 0. 0. 0. 1. 0. 0. 0. 0. 1. 0. 0. 0. 0. 1. 1. 0. 0. 0. 0. 0. 1. 0. 1. 1. 0. 0.],500,100,0.3,0.003,1,23,best,59,best
273,0.02727365699526079,0.02727365699526079,0.003002937272757743,[0.         0.         0.         0.         0.095929   0.         0.         0.         0.01       0.         0.         0.         0.         0.01       0.         0.         0.         0.         0.01276897 0.01       0.         0.         0.         0.         0.         0.17848241 0.         0.35237537 0.01       0.         0.        ],[0. 0. 0. 0. 1. 0. 0. 0. 1. 0. 0. 0. 0. 1. 0. 0. 0. 0. 1. 1. 0. 0. 0. 0. 0. 1. 0. 1. 1. 0. 0.],500,100,0.3,0.003,1,23,best,59,best
274,0.02727365699526079,0.02727365699526079,0.003002937272757743,[0.         0.         0.         0.         0.095929   0.         0.         0.         0.01       0.         0.         0.         0.         0.01       0.         0.         0.         0.         0.01276897 0.01       0.         0.         0.         0.         0.         0.17848241 0.         0.35237537 0.01       0.         0.        ],[0. 0. 0. 0. 1. 0. 0. 0. 1. 0. 0. 0. 0. 1. 0. 0. 0. 0. 1. 1. 0. 0. 0. 0. 0. 1. 0. 1. 1. 0. 0.],500,100,0.3,0.003,1,23,best,59,best
275,0.02727365699526079,0.02727365699526079,0.003002937272757743,[0.         0.         0.         0.         0.095929   0.         0.         0.         0.01       0.         0.         0.         0.         0.01       0.         0.         0.         0.         0.01276897 0.01       0.         0.         0.         0.         0.         0.17848241 0.         0.35237537 0.01       0.         0.        ],[0. 0. 0. 0. 1. 0. 0. 0. 1. 0. 0. 0. 0. 1. 0. 0. 0. 0. 1. 1. 0. 0. 0. 0. 0. 1. 0. 1. 1. 0. 0.],500,100,0.3,0.003,1,23,best,59,best
276,0.02727365699526079,0.02727365699526079,0.003002937272757743,[0.         0.         0.         0.         0.095929   0.         0.         0.         0.01       0.         0.         0.         0.         0.01       0.         0.         0.         0.         0.01276897 0.01       0.         0.         0.         0.         0.         0.17848241 0.         0.35237537 0.01       0.         0.        ],[0. 0. 0. 0. 1. 0. 0. 0. 1. 0. 0. 0. 0. 1. 0. 0. 0. 0. 1. 1. 0. 0. 0. 0. 0. 1. 0. 1. 1. 0. 0.],500,100,0.3,0.003,1,23,best,59,best
277,0.02727365699526079,0.02727365699526079,0.003002937272757743,[0.         0.         0.         0.         0.095929   0.         0.         0.         0.01       0.         0.         0.         0.         0.01       0.         0.         0.         0.         0.01276897 0.01       0.         0.         0.         0.         0.         0.17848241 0.         0.35237537 0.01       0.         0.        ],[0. 0. 0. 0. 1. 0. 0. 0. 1. 0. 0. 0. 0. 1. 0. 0. 0. 0. 1. 1. 0. 0. 0. 0. 0. 1. 0. 1. 1. 0. 0.],500,100,0.3,0.003,1,23,best,59,best
278,0.02727365699526079,0.02727365699526079,0.003002937272757743,[0.         0.         0.         0.         0.095929   0.         0.         0.         0.01       0.         0.         0.         0.         0.01       0.         0.         0.         0.         0.01276897 0.01       0.         0.         0.         0.         0.         0.17848241 0.         0.35237537 0.01       0.         0.        ],[0. 0. 0. 0. 1. 0. 0. 0. 1. 0. 0. 0. 0. 1. 0. 0. 0. 0. 1. 1. 0. 0. 0. 0. 0. 1. 0. 1. 1. 0. 0.],500,100,0.3,0.003,1,23,best,59,best
279,0.02727365699526079,0.02727365699526079,0.003002937272757743,[0.         0.         0.         0.         0.095929   0.         0.         0.         0.01       0.         0.         0.         0.         0.01       0.         0.         0.         0.         0.01276897 0.01       0.         0.         0.         0.         0.         0.17848241 0.         0.35237537 0.01       0.         0.        ],[0. 0. 0. 0. 1. 0. 0. 0. 1. 0. 0. 0. 0. 1. 0. 0. 0. 0. 1. 1. 0. 0. 0. 0. 0. 1. 0. 1. 1. 0. 0.],500,100,0.3,0.003,1,23,best,59,best
280,0.02727365699526079,0.02727365699526079,0.003002937272757743,[0.         0.         0.         0.         0.095929   0.         0.         0.         0.01       0.         0.         0.         0.         0.01       0.         0.         0.         0.         0.01276897 0.01       0.         0.         0.         0.         0.         0.17848241 0.         0.35237537 0.01       0.         0.        ],[0. 0. 0. 0. 1. 0. 0. 0. 1. 0. 0. 0. 0. 1. 0. 0. 0. 0. 1. 1. 0. 0. 0. 0. 0. 1. 0. 1. 1. 0. 0.],500,100,0.3,0.003,1,23,best,59,best
281,0.02727365699526079,0.02727365699526079,0.003002937272757743,[0.         0.         0.         0.         0.095929   0.         0.         0.         0.01       0.         0.         0.         0.         0.01       0.         0.         0.         0.         0.01276897 0.01       0.         0.         0.         0.         0.         0.17848241 0.         0.35237537 0.01       0.         0.        ],[0. 0. 0. 0. 1. 0. 0. 0. 1. 0. 0. 0. 0. 1. 0. 0. 0. 0. 1. 1. 0. 0. 0. 0. 0. 1. 0. 1. 1. 0. 0.],500,100,0.3,0.003,1,23,best,59,best
282,0.02727365699526079,0.02727365699526079,0.003002937272757743,[0.         0.         0.         0.         0.095929   0.         0.         0.         0.01       0.         0.         0.         0.         0.01       0.         0.         0.         0.         0.01276897 0.01       0.         0.         0.         0.         0.         0.17848241 0.         0.35237537 0.01       0.         0.        ],[0. 0. 0. 0. 1. 0. 0. 0. 1. 0. 0. 0. 0. 1. 0. 0. 0. 0. 1. 1. 0. 0. 0. 0. 0. 1. 0. 1. 1. 0. 0.],500,100,0.3,0.003,1,23,best,59,best
283,0.02727365699526079,0.02727365699526079,0.003002937272757743,[0.         0.         0.         0.         0.095929   0.         0.         0.         0.01       0.         0.         0.         0.         0.01       0.         0.         0.         0.         0.01276897 0.01       0.         0.         0.         0.         0.         0.17848241 0.         0.35237537 0.01       0.         0.        ],[0. 0. 0. 0. 1. 0. 0. 0. 1. 0. 0. 0. 0. 1. 0. 0. 0. 0. 1. 1. 0. 0. 0. 0. 0. 1. 0. 1. 1. 0. 0.],500,100,0.3,0.003,1,23,best,59,best
284,0.02727365699526079,0.02727365699526079,0.003002937272757743,[0.         0.         0.         0.         0.095929   0.         0.         0.         0.01       0.         0.         0.         0.         0.01       0.         0.         0.         0.         0.01276897 0.01       0.         0.         0.         0.         0.         0.17848241 0.         0.35237537 0.01       0.         0.        ],[0. 0. 0. 0. 1. 0. 0. 0. 1. 0. 0. 0. 0. 1. 0. 0. 0. 0. 1. 1. 0. 0. 0. 0. 0. 1. 0. 1. 1. 0. 0.],500,100,0.3,0.003,1,23,best,59,best
285,0.02727365699526079,0.02727365699526079,0.003002937272757743,[0.         0.         0.         0.         0.095929   0.         0.         0.         0.01       0.         0.         0.         0.         0.01       0.         0.         0.         0.         0.01276897 0.01       0.         0.         0.         0.         0.         0.17848241 0.         0.35237537 0.01       0.         0.        ],[0. 0. 0. 0. 1. 0. 0. 0. 1. 0. 0. 0. 0. 1. 0. 0. 0. 0. 1. 1. 0. 0. 0. 0. 0. 1. 0. 1. 1. 0. 0.],500,100,0.3,0.003,1,23,best,59,best
286,0.02727365699526079,0.02727365699526079,0.003002937272757743,[0.         0.         0.         0.         0.095929   0.         0.         0.         0.01       0.         0.         0.         0.         0.01       0.         0.         0.         0.         0.01276897 0.01       0.         0.         0.         0.         0.         0.17848241 0.         0.35237537 0.01       0.         0.        ],[0. 0. 0. 0. 1. 0. 0. 0. 1. 0. 0. 0. 0. 1. 0. 0. 0. 0. 1. 1. 0. 0. 0. 0. 0. 1. 0. 1. 1. 0. 0.],500,100,0.3,0.003,1,23,best,59,best
287,0.02727365699526079,0.02727365699526079,0.003002937272757743,[0.         0.         0.         0.         0.095929   0.         0.         0.         0.01       0.         0.         0.         0.         0.01       0.         0.         0.         0.         0.01276897 0.01       0.         0.         0.         0.         0.         0.17848241 0.         0.35237537 0.01       0.         0.        ],[0. 0. 0. 0. 1. 0. 0. 0. 1. 0. 0. 0. 0. 1. 0. 0. 0. 0. 1. 1. 0. 0. 0. 0. 0. 1. 0. 1. 1. 0. 0.],500,100,0.3,0.003,1,23,best,59,best
288,0.02727365699526079,0.02727365699526079,0.003002937272757743,[0.         0.         0.         0.         0.095929   0.         0.         0.         0.01       0.         0.         0.         0.         0.01       0.         0.         0.         0.         0.01276897 0.01       0.         0.         0.         0.         0.         0.17848241 0.         0.35237537 0.01       0.         0.        ],[0. 0. 0. 0. 1. 0. 0. 0. 1. 0. 0. 0. 0. 1. 0. 0. 0. 0. 1. 1. 0. 0. 0. 0. 0. 1. 0. 1. 1. 0. 0.],500,100,0.3,0.003,1,23,best,59,best
289,0.02727365699526079,0.02727365699526079,0.003002937272757743,[0.         0.         0.         0.         0.095929   0.         0.         0.         0.01       0.         0.         0.         0.         0.01       0.         0.         0.         0.         0.01276897 0.01       0.         0.         0.         0.         0.         0.17848241 0.         0.35237537 0.01       0.         0.        ],[0. 0. 0. 0. 1. 0. 0. 0. 1. 0. 0. 0. 0. 1. 0. 0. 0. 0. 1. 1. 0. 0. 0. 0. 0. 1. 0. 1. 1. 0. 0.],500,100,0.3,0.003,1,23,best,59,best
290,0.02727365699526079,0.02727365699526079,0.003002937272757743,[0.         0.         0.         0.         0.095929   0.         0.         0.         0.01       0.         0.         0.         0.         0.01       0.         0.         0.         0.         0.01276897 0.01       0.         0.         0.         0.         0.         0.17848241 0.         0.35237537 0.01       0.         0.        ],[0. 0. 0. 0. 1. 0. 0. 0. 1. 0. 0. 0. 0. 1. 0. 0. 0. 0. 1. 1. 0. 0. 0. 0. 0. 1. 0. 1. 1. 0. 0.],500,100,0.3,0.003,1,23,best,59,best
291,0.02727365699526079,0.02727365699526079,0.003002937272757743,[0.         0.         0.         0.         0.095929   0.         0.         0.         0.01       0.         0.         0.         0.         0.01       0.         0.         0.         0.         0.01276897 0.01       0.         0.         0.         0.         0.         0.17848241 0.         0.35237537 0.01       0.         0.        ],[0. 0. 0. 0. 1. 0. 0. 0. 1. 0. 0. 0. 0. 1. 0. 0. 0. 0. 1. 1. 0. 0. 0. 0. 0. 1. 0. 1. 1. 0. 0.],500,100,0.3,0.003,1,23,best,59,best
292,0.02727365699526079,0.02727365699526079,0.003002937272757743,[0.         0.         0.         0.         0.095929   0.         0.         0.         0.01       0.         0.         0.         0.         0.01       0.         0.         0.         0.         0.01276897 0.01       0.         0.         0.         0.         0.         0.17848241 0.         0.35237537 0.01       0.         0.        ],[0. 0. 0. 0. 1. 0. 0. 0. 1. 0. 0. 0. 0. 1. 0. 0. 0. 0. 1. 1. 0. 0. 0. 0. 0. 1. 0. 1. 1. 0. 0.],500,100,0.3,0.003,1,23,best,59,best
293,0.02727365699526079,0.02727365699526079,0.003002937272757743,[0.         0.         0.         0.         0.095929   0.         0.         0.         0.01       0.         0.         0.         0.         0.01       0.         0.         0.         0.         0.01276897 0.01       0.         0.         0.         0.         0.         0.17848241 0.         0.35237537 0.01       0.         0.        ],[0. 0. 0. 0. 1. 0. 0. 0. 1. 0. 0. 0. 0. 1. 0. 0. 0. 0. 1. 1. 0. 0. 0. 0. 0. 1. 0. 1. 1. 0. 0.],500,100,0.3,0.003,1,23,best,59,best
294,0.02727365699526079,0.02727365699526079,0.003002937272757743,[0.         0.         0.         0.         0.095929   0.         0.         0.         0.01       0.         0.         0.         0.         0.01       0.         0.         0.         0.         0.01276897 0.01       0.         0.         0.         0.         0.         0.17848241 0.         0.35237537 0.01       0.         0.        ],[0. 0. 0. 0. 1. 0. 0. 0. 1. 0. 0. 0. 0. 1. 0. 0. 0. 0. 1. 1. 0. 0. 0. 0. 0. 1. 0. 1. 1. 0. 0.],500,100,0.3,0.003,1,23,best,59,best
295,0.02727365699526079,0.02727365699526079,0.003002937272757743,[0.         0.         0.         0.         0.095929   0.         0.         0.         0.01       0.         0.         0.         0.         0.01       0.         0.         0.         0.         0.01276897 0.01       0.         0.         0.         0.         0.         0.17848241 0.         0.35237537 0.01       0.         0.        ],[0. 0. 0. 0. 1. 0. 0. 0. 1. 0. 0. 0. 0. 1. 0. 0. 0. 0. 1. 1. 0. 0. 0. 0. 0. 1. 0. 1. 1. 0. 0.],500,100,0.3,0.003,1,23,best,59,best
296,0.02727365699526079,0.02727365699526079,0.003002937272757743,[0.         0.         0.         0.         0.095929   0.         0.         0.         0.01       0.         0.         0.         0.         0.01       0.         0.         0.         0.         0.01276897 0.01       0.         0.         0.         0.         0.         0.17848241 0.         0.35237537 0.01       0.         0.        ],[0. 0. 0. 0. 1. 0. 0. 0. 1. 0. 0. 0. 0. 1. 0. 0. 0. 0. 1. 1. 0. 0. 0. 0. 0. 1. 0. 1. 1. 0. 0.],500,100,0.3,0.003,1,23,best,59,best
297,0.02727365699526079,0.02727365699526079,0.003002937272757743,[0.         0.         0.         0.         0.095929   0.         0.         0.         0.01       0.         0.         0.         0.         0.01       0.         0.         0.         0.         0.01276897 0.01       0.         0.         0.         0.         0.         0.17848241 0.         0.35237537 0.01       0.         0.        ],[0. 0. 0. 0. 1. 0. 0. 0. 1. 0. 0. 0. 0. 1. 0. 0. 0. 0. 1. 1. 0. 0. 0. 0. 0. 1. 0. 1. 1. 0. 0.],500,100,0.3,0.003,1,23,best,59,best
298,0.02727365699526079,0.02727365699526079,0.003002937272757743,[0.         0.         0.         0.         0.095929   0.         0.         0.         0.01       0.         0.         0.         0.         0.01       0.         0.         0.         0.         0.01276897 0.01       0.         0.         0.         0.         0.         0.17848241 0.         0.35237537 0.01       0.         0.        ],[0. 0. 0. 0. 1. 0. 0. 0. 1. 0. 0. 0. 0. 1. 0. 0. 0. 0. 1. 1. 0. 0. 0. 0. 0. 1. 0. 1. 1. 0. 0.],500,100,0.3,0.003,1,23,best,59,best
299,0.02727365699526079,0.02727365699526079,0.003002937272757743,[0.         0.         0.         0.         0.095929   0.         0.         0.         0.01       0.         0.         0.         0.         0.01       0.         0.         0.         0.         0.01276897 0.01       0.         0.         0.         0.         0.         0.17848241 0.         0.35237537 0.01       0.         0.        ],[0. 0. 0. 0. 1. 0. 0. 0. 1. 0. 0. 0. 0. 1. 0. 0. 0. 0. 1. 1. 0. 0. 0. 0. 0. 1. 0. 1. 1. 0. 0.],500,100,0.3,0.003,1,23,best,59,best
300,0.02727365699526079,0.02727365699526079,0.003002937272757743,[0.         0.         0.         0.         0.095929   0.         0.         0.         0.01       0.         0.         0.         0.         0.01       0.         0.         0.         0.         0.01276897 0.01       0.         0.         0.         0.         0.         0.17848241 0.         0.35237537 0.01       0.         0.        ],[0. 0. 0. 0. 1. 0. 0. 0. 1. 0. 0. 0. 0. 1. 0. 0. 0. 0. 1. 1. 0. 0. 0. 0. 0. 1. 0. 1. 1. 0. 0.],500,100,0.3,0.003,1,23,best,59,best
301,0.02727365699526079,0.02727365699526079,0.003002937272757743,[0.         0.         0.         0.         0.095929   0.         0.         0.         0.01       0.         0.         0.         0.         0.01       0.         0.         0.         0.         0.01276897 0.01       0.         0.         0.         0.         0.         0.17848241 0.         0.35237537 0.01       0.         0.        ],[0. 0. 0. 0. 1. 0. 0. 0. 1. 0. 0. 0. 0. 1. 0. 0. 0. 0. 1. 1. 0. 0. 0. 0. 0. 1. 0. 1. 1. 0. 0.],500,100,0.3,0.003,1,23,best,59,best
302,0.02727365699526079,0.02727365699526079,0.003002937272757743,[0.         0.         0.         0.         0.095929   0.         0.         0.         0.01       0.         0.         0.         0.         0.01       0.         0.         0.         0.         0.01276897 0.01       0.         0.         0.         0.         0.         0.17848241 0.         0.35237537 0.01       0.         0.        ],[0. 0. 0. 0. 1. 0. 0. 0. 1. 0. 0. 0. 0. 1. 0. 0. 0. 0. 1. 1. 0. 0. 0. 0. 0. 1. 0. 1. 1. 0. 0.],500,100,0.3,0.003,1,23,best,59,best
303,0.02727365699526079,0.02727365699526079,0.003002937272757743,[0.         0.         0.         0.         0.095929   0.         0.         0.         0.01       0.         0.         0.         0.         0.01       0.         0.         0.         0.         0.01276897 0.01       0.         0.         0.         0.         0.         0.17848241 0.         0.35237537 0.01       0.         0.        ],[0. 0. 0. 0. 1. 0. 0. 0. 1. 0. 0. 0. 0. 1. 0. 0. 0. 0. 1. 1. 0. 0. 0. 0. 0. 1. 0. 1. 1. 0. 0.],500,100,0.3,0.003,1,23,best,59,best
304,0.02727365699526079,0.02727365699526079,0.003002937272757743,[0.         0.         0.         0.         0.095929   0.         0.         0.         0.01       0.         0.         0.         0.         0.01       0.         0.         0.         0.         0.01276897 0.01       0.         0.         0.         0.         0.         0.17848241 0.         0.35237537 0.01       0.         0.        ],[0. 0. 0. 0. 1. 0. 0. 0. 1. 0. 0. 0. 0. 1. 0. 0. 0. 0. 1. 1. 0. 0. 0. 0. 0. 1. 0. 1. 1. 0. 0.],500,100,0.3,0.003,1,23,best,59,best
305,0.02727365699526079,0.02727365699526079,0.003002937272757743,[0.         0.         0.         0.         0.095929   0.         0.         0.         0.01       0.         0.         0.         0.         0.01       0.         0.         0.         0.         0.01276897 0.01       0.         0.         0.         0.         0.         0.17848241 0.         0.35237537 0.01       0.         0.        ],[0. 0. 0. 0. 1. 0. 0. 0. 1. 0. 0. 0. 0. 1. 0. 0. 0. 0. 1. 1. 0. 0. 0. 0. 0. 1. 0. 1. 1. 0. 0.],500,100,0.3,0.003,1,23,best,59,best
306,0.02727365699526079,0.02727365699526079,0.003002937272757743,[0.         0.         0.         0.         0.095929   0.         0.         0.         0.01       0.         0.         0.         0.         0.01       0.         0.         0.         0.         0.01276897 0.01       0.         0.         0.         0.         0.         0.17848241 0.         0.35237537 0.01       0.         0.        ],[0. 0. 0. 0. 1. 0. 0. 0. 1. 0. 0. 0. 0. 1. 0. 0. 0. 0. 1. 1. 0. 0. 0. 0. 0. 1. 0. 1. 1. 0. 0.],500,100,0.3,0.003,1,23,best,59,best
307,0.02727365699526079,0.02727365699526079,0.003002937272757743,[0.         0.         0.         0.         0.095929   0.         0.         0.         0.01       0.         0.         0.         0.         0.01       0.         0.         0.         0.         0.01276897 0.01       0.         0.         0.         0.         0.         0.17848241 0.         0.35237537 0.01       0.         0.        ],[0. 0. 0. 0. 1. 0. 0. 0. 1. 0. 0. 0. 0. 1. 0. 0. 0. 0. 1. 1. 0. 0. 0. 0. 0. 1. 0. 1. 1. 0. 0.],500,100,0.3,0.003,1,23,best,59,best
308,0.02727365699526079,0.02727365699526079,0.003002937272757743,[0.         0.         0.         0.         0.095929   0.         0.         0.         0.01       0.         0.         0.         0.         0.01       0.         0.         0.         0.         0.01276897 0.01       0.         0.         0.         0.         0.         0.17848241 0.         0.35237537 0.01       0.         0.        ],[0. 0. 0. 0. 1. 0. 0. 0. 1. 0. 0. 0. 0. 1. 0. 0. 0. 0. 1. 1. 0. 0. 0. 0. 0. 1. 0. 1. 1. 0. 0.],500,100,0.3,0.003,1,23,best,59,best
309,0.02727365699526079,0.02727365699526079,0.003002937272757743,[0.         0.         0.         0.         0.095929   0.         0.         0.         0.01       0.         0.         0.         0.         0.01       0.         0.         0.         0.         0.01276897 0.01       0.         0.         0.         0.         0.         0.17848241 0.         0.35237537 0.01       0.         0.        ],[0. 0. 0. 0. 1. 0. 0. 0. 1. 0. 0. 0. 0. 1. 0. 0. 0. 0. 1. 1. 0. 0. 0. 0. 0. 1. 0. 1. 1. 0. 0.],500,100,0.3,0.003,1,23,best,59,best
310,0.02727365699526079,0.02727365699526079,0.003002937272757743,[0.         0.         0.         0.         0.095929   0.         0.         0.         0.01       0.         0.         0.         0.         0.01       0.         0.         0.         0.         0.01276897 0.01       0.         0.         0.         0.         0.         0.17848241 0.         0.35237537 0.01       0.         0.        ],[0. 0. 0. 0. 1. 0. 0. 0. 1. 0. 0. 0. 0. 1. 0. 0. 0. 0. 1. 1. 0. 0. 0. 0. 0. 1. 0. 1. 1. 0. 0.],500,100,0.3,0.003,1,23,best,59,best
311,0.02727365699526079,0.02727365699526079,0.003002937272757743,[0.         0.         0.         0.         0.095929   0.         0.         0.         0.01       0.         0.         0.         0.         0.01       0.         0.         0.         0.         0.01276897 0.01       0.         0.         0.         0.         0.         0.17848241 0.         0.35237537 0.01       0.         0.        ],[0. 0. 0. 0. 1. 0. 0. 0. 1. 0. 0. 0. 0. 1. 0. 0. 0. 0. 1. 1. 0. 0. 0. 0. 0. 1. 0. 1. 1. 0. 0.],500,100,0.3,0.003,1,23,best,59,best
312,0.02727365699526079,0.02727365699526079,0.003002937272757743,[0.         0.         0.         0.         0.095929   0.         0.         0.         0.01       0.         0.         0.         0.         0.01       0.         0.         0.         0.         0.01276897 0.01       0.         0.         0.         0.         0.         0.17848241 0.         0.35237537 0.01       0.         0.        ],[0. 0. 0. 0. 1. 0. 0. 0. 1. 0. 0. 0. 0. 1. 0. 0. 0. 0. 1. 1. 0. 0. 0. 0. 0. 1. 0. 1. 1. 0. 0.],500,100,0.3,0.003,1,23,best,59,best
313,0.02727365699526079,0.02727365699526079,0.003002937272757743,[0.         0.         0.         0.         0.095929   0.         0.         0.         0.01       0.         0.         0.         0.         0.01       0.         0.         0.         0.         0.01276897 0.01       0.         0.         0.         0.         0.         0.17848241 0.         0.35237537 0.01       0.         0.        ],[0. 0. 0. 0. 1. 0. 0. 0. 1. 0. 0. 0. 0. 1. 0. 0. 0. 0. 1. 1. 0. 0. 0. 0. 0. 1. 0. 1. 1. 0. 0.],500,100,0.3,0.003,1,23,best,59,best
314,0.02727365699526079,0.02727365699526079,0.003002937272757743,[0.         0.         0.         0.         0.095929   0.         0.         0.         0.01       0.         0.         0.         0.         0.01       0.         0.         0.         0.         0.01276897 0.01       0.         0.         0.         0.         0.         0.17848241 0.         0.35237537 0.01       0.         0.        ],[0. 0. 0. 0. 1. 0. 0. 0. 1. 0. 0. 0. 0. 1. 0. 0. 0. 0. 1. 1. 0. 0. 0. 0. 0. 1. 0. 1. 1. 0. 0.],500,100,0.3,0.003,1,23,best,59,best
315,0.02727365699526079,0.02727365699526079,0.003002937272757743,[0.         0.         0.         0.         0.095929   0.         0.         0.         0.01       0.         0.         0.         0.         0.01       0.         0.         0.         0.         0.01276897 0.01       0.         0.         0.         0.         0.         0.17848241 0.         0.35237537 0.01       0.         0.        ],[0. 0. 0. 0. 1. 0. 0. 0. 1. 0. 0. 0. 0. 1. 0. 0. 0. 0. 1. 1. 0. 0. 0. 0. 0. 1. 0. 1. 1. 0. 0.],500,100,0.3,0.003,1,23,best,59,best
316,0.02727365699526079,0.02727365699526079,0.003002937272757743,[0.         0.         0.         0.         0.095929   0.         0.         0.         0.01       0.         0.         0.         0.         0.01       0.         0.         0.         0.         0.01276897 0.01       0.         0.         0.         0.         0.         0.17848241 0.         0.35237537 0.01       0.         0.        ],[0. 0. 0. 0. 1. 0. 0. 0. 1. 0. 0. 0. 0. 1. 0. 0. 0. 0. 1. 1. 0. 0. 0. 0. 0. 1. 0. 1. 1. 0. 0.],500,100,0.3,0.003,1,23,best,59,best
317,0.02727365699526079,0.02727365699526079,0.003002937272757743,[0.         0.         0.         0.         0.095929   0.         0.         0.         0.01       0.         0.         0.         0.         0.01       0.         0.         0.         0.         0.01276897 0.01       0.         0.         0.         0.         0.         0.17848241 0.         0.35237537 0.01       0.         0.        ],[0. 0. 0. 0. 1. 0. 0. 0. 1. 0. 0. 0. 0. 1. 0. 0. 0. 0. 1. 1. 0. 0. 0. 0. 0. 1. 0. 1. 1. 0. 0.],500,100,0.3,0.003,1,23,best,59,best
318,0.02727365699526079,0.02727365699526079,0.003002937272757743,[0.         0.         0.         0.         0.095929   0.         0.         0.         0.01       0.         0.         0.         0.         0.01       0.         0.         0.         0.         0.01276897 0.01       0.         0.         0.         0.         0.         0.17848241 0.         0.35237537 0.01       0.         0.        ],[0. 0. 0. 0. 1. 0. 0. 0. 1. 0. 0. 0. 0. 1. 0. 0. 0. 0. 1. 1. 0. 0. 0. 0. 0. 1. 0. 1. 1. 0. 0.],500,100,0.3,0.003,1,23,best,59,best
319,0.02727365699526079,0.02727365699526079,0.003002937272757743,[0.         0.         0.         0.         0.095929   0.         0.         0.         0.01       0.         0.         0.         0.         0.01       0.         0.         0.         0.         0.01276897 0.01       0.         0.         0.         0.         0.         0.17848241 0.         0.35237537 0.01       0.         0.        ],[0. 0. 0. 0. 1. 0. 0. 0. 1. 0. 0. 0. 0. 1. 0. 0. 0. 0. 1. 1. 0. 0. 0. 0. 0. 1. 0. 1. 1. 0. 0.],500,100,0.3,0.003,1,23,best,59,best
320,0.02727365699526079,0.02727365699526079,0.003002937272757743,[0.         0.         0.         0.         0.095929   0.         0.         0.         0.01       0.         0.         0.         0.         0.01       0.         0.         0.         0.         0.01276897 0.01       0.         0.         0.         0.         0.         0.17848241 0.         0.35237537 0.01       0.         0.        ],[0. 0. 0. 0. 1. 0. 0. 0. 1. 0. 0. 0. 0. 1. 0. 0. 0. 0. 1. 1. 0. 0. 0. 0. 0. 1. 0. 1. 1. 0. 0.],500,100,0.3,0.003,1,23,best,59,best
321,0.02727365699526079,0.02727365699526079,0.003002937272757743,[0.         0.         0.         0.         0.095929   0.         0.         0.         0.01       0.         0.         0.         0.         0.01       0.         0.         0.         0.         0.01276897 0.01       0.         0.         0.         0.         0.         0.17848241 0.         0.35237537 0.01       0.         0.        ],[0. 0. 0. 0. 1. 0. 0. 0. 1. 0. 0. 0. 0. 1. 0. 0. 0. 0. 1. 1. 0. 0. 0. 0. 0. 1. 0. 1. 1. 0. 0.],500,100,0.3,0.003,1,23,best,59,best
322,0.02727365699526079,0.02727365699526079,0.003002937272757743,[0.         0.         0.         0.         0.095929   0.         0.         0.         0.01       0.         0.         0.         0.         0.01       0.         0.         0.         0.         0.01276897 0.01       0.         0.         0.         0.         0.         0.17848241 0.         0.35237537 0.01       0.         0.        ],[0. 0. 0. 0. 1. 0. 0. 0. 1. 0. 0. 0. 0. 1. 0. 0. 0. 0. 1. 1. 0. 0. 0. 0. 0. 1. 0. 1. 1. 0. 0.],500,100,0.3,0.003,1,23,best,59,best
323,0.02727365699526079,0.02727365699526079,0.003002937272757743,[0.         0.         0.         0.         0.095929   0.         0.         0.         0.01       0.         0.         0.         0.         0.01       0.         0.         0.         0.         0.01276897 0.01       0.         0.         0.         0.         0.         0.17848241 0.         0.35237537 0.01       0.         0.        ],[0. 0. 0. 0. 1. 0. 0. 0. 1. 0. 0. 0. 0. 1. 0. 0. 0. 0. 1. 1. 0. 0. 0. 0. 0. 1. 0. 1. 1. 0. 0.],500,100,0.3,0.003,1,23,best,59,best
324,0.02727365699526079,0.02727365699526079,0.003002937272757743,[0.         0.         0.         0.         0.095929   0.         0.         0.         0.01       0.         0.         0.         0.         0.01       0.         0.         0.         0.         0.01276897 0.01       0.         0.         0.         0.         0.         0.17848241 0.         0.35237537 0.01       0.         0.        ],[0. 0. 0. 0. 1. 0. 0. 0. 1. 0. 0. 0. 0. 1. 0. 0. 0. 0. 1. 1. 0. 0. 0. 0. 0. 1. 0. 1. 1. 0. 0.],500,100,0.3,0.003,1,23,best,59,best
325,0.02727365699526079,0.02727365699526079,0.003002937272757743,[0.         0.         0.         0.         0.095929   0.         0.         0.         0.01       0.         0.         0.         0.         0.01       0.         0.         0.         0.         0.01276897 0.01       0.         0.         0.         0.         0.         0.17848241 0.         0.35237537 0.01       0.         0.        ],[0. 0. 0. 0. 1. 0. 0. 0. 1. 0. 0. 0. 0. 1. 0. 0. 0. 0. 1. 1. 0. 0. 0. 0. 0. 1. 0. 1. 1. 0. 0.],500,100,0.3,0.003,1,23,best,59,best
326,0.02727365699526079,0.02727365699526079,0.003002937272757743,[0.         0.         0.         0.         0.095929   0.         0.         0.         0.01       0.         0.         0.         0.         0.01       0.         0.         0.         0.         0.01276897 0.01       0.         0.         0.         0.         0.         0.17848241 0.         0.35237537 0.01       0.         0.        ],[0. 0. 0. 0. 1. 0. 0. 0. 1. 0. 0. 0. 0. 1. 0. 0. 0. 0. 1. 1. 0. 0. 0. 0. 0. 1. 0. 1. 1. 0. 0.],500,100,0.3,0.003,1,23,best,59,best
327,0.02727365699526079,0.02727365699526079,0.003002937272757743,[0.         0.         0.         0.         0.095929   0.         0.         0.         0.01       0.         0.         0.         0.         0.01       0.         0.         0.         0.         0.01276897 0.01       0.         0.         0.         0.         0.         0.17848241 0.         0.35237537 0.01       0.         0.        ],[0. 0. 0. 0. 1. 0. 0. 0. 1. 0. 0. 0. 0. 1. 0. 0. 0. 0. 1. 1. 0. 0. 0. 0. 0. 1. 0. 1. 1. 0. 0.],500,100,0.3,0.003,1,23,best,59,best
328,0.02727365699526079,0.02727365699526079,0.003002937272757743,[0.         0.         0.         0.         0.095929   0.         0.         0.         0.01       0.         0.         0.         0.         0.01       0.         0.         0.         0.         0.01276897 0.01       0.         0.         0.         0.         0.         0.17848241 0.         0.35237537 0.01       0.         0.        ],[0. 0. 0. 0. 1. 0. 0. 0. 1. 0. 0. 0. 0. 1. 0. 0. 0. 0. 1. 1. 0. 0. 0. 0. 0. 1. 0. 1. 1. 0. 0.],500,100,0.3,0.003,1,23,best,59,best
329,0.02727365699526079,0.02727365699526079,0.003002937272757743,[0.         0.         0.         0.         0.095929   0.         0.         0.         0.01       0.         0.         0.         0.         0.01       0.         0.         0.         0.         0.01276897 0.01       0.         0.         0.         0.         0.         0.17848241 0.         0.35237537 0.01       0.         0.        ],[0. 0. 0. 0. 1. 0. 0. 0. 1. 0. 0. 0. 0. 1. 0. 0. 0. 0. 1. 1. 0. 0. 0. 0. 0. 1. 0. 1. 1. 0. 0.],500,100,0.3,0.003,1,23,best,59,best
330,0.02727365699526079,0.02727365699526079,0.003002937272757743,[0.         0.         0.         0.         0.095929   0.         0.         0.         0.01       0.         0.         0.         0.         0.01       0.         0.         0.         0.         0.01276897 0.01       0.         0.         0.         0.         0.         0.17848241 0.         0.35237537 0.01       0.         0.        ],[0. 0. 0. 0. 1. 0. 0. 0. 1. 0. 0. 0. 0. 1. 0. 0. 0. 0. 1. 1. 0. 0. 0. 0. 0. 1. 0. 1. 1. 0. 0.],500,100,0.3,0.003,1,23,best,59,best
331,0.02727365699526079,0.02727365699526079,0.003002937272757743,[0.         0.         0.         0.         0.095929   0.         0.         0.         0.01       0.         0.         0.         0.         0.01       0.         0.         0.         0.         0.01276897 0.01       0.         0.         0.         0.         0.         0.17848241 0.         0.35237537 0.01       0.         0.        ],[0. 0. 0. 0. 1. 0. 0. 0. 1. 0. 0. 0. 0. 1. 0. 0. 0. 0. 1. 1. 0. 0. 0. 0. 0. 1. 0. 1. 1. 0. 0.],500,100,0.3,0.003,1,23,best,59,best
332,0.02727365699526079,0.02727365699526079,0.003002937272757743,[0.         0.         0.         0.         0.095929   0.         0.         0.         0.01       0.         0.         0.         0.         0.01       0.         0.         0.         0.         0.01276897 0.01       0.         0.         0.         0.         0.         0.17848241 0.         0.35237537 0.01       0.         0.        ],[0. 0. 0. 0. 1. 0. 0. 0. 1. 0. 0. 0. 0. 1. 0. 0. 0. 0. 1. 1. 0. 0. 0. 0. 0. 1. 0. 1. 1. 0. 0.],500,100,0.3,0.003,1,23,best,59,best
333,0.02727365699526079,0.02727365699526079,0.003002937272757743,[0.         0.         0.         0.         0.095929   0.         0.         0.         0.01       0.         0.         0.         0.         0.01       0.         0.         0.         0.         0.01276897 0.01       0.         0.         0.         0.         0.         0.17848241 0.         0.35237537 0.01       0.         0.        ],[0. 0. 0. 0. 1. 0. 0. 0. 1. 0. 0. 0. 0. 1. 0. 0. 0. 0. 1. 1. 0. 0. 0. 0. 0. 1. 0. 1. 1. 0. 0.],500,100,0.3,0.003,1,23,best,59,best
334,0.02727365699526079,0.02727365699526079,0.003002937272757743,[0.         0.         0.         0.         0.095929   0.         0.         0.         0.01       0.         0.         0.         0.         0.01       0.         0.         0.         0.         0.01276897 0.01       0.         0.         0.         0.         0.         0.17848241 0.         0.35237537 0.01       0.         0.        ],[0. 0. 0. 0. 1. 0. 0. 0. 1. 0. 0. 0. 0. 1. 0. 0. 0. 0. 1. 1. 0. 0. 0. 0. 0. 1. 0. 1. 1. 0. 0.],500,100,0.3,0.003,1,23,best,59,best
335,0.02727365699526079,0.02727365699526079,0.003002937272757743,[0.         0.         0.         0.         0.095929   0.         0.         0.         0.01       0.         0.         0.         0.         0.01       0.         0.         0.         0.         0.01276897 0.01       0.         0.         0.         0.         0.         0.17848241 0.         0.35237537 0.01       0.         0.        ],[0. 0. 0. 0. 1. 0. 0. 0. 1. 0. 0. 0. 0. 1. 0. 0. 0. 0. 1. 1. 0. 0. 0. 0. 0. 1. 0. 1. 1. 0. 0.],500,100,0.3,0.003,1,23,best,59,best
336,0.02727365699526079,0.02727365699526079,0.003002937272757743,[0.         0.         0.         0.         0.095929   0.         0.         0.         0.01       0.         0.         0.         0.         0.01       0.         0.         0.         0.         0.01276897 0.01       0.         0.         0.         0.         0.         0.17848241 0.         0.35237537 0.01       0.         0.        ],[0. 0. 0. 0. 1. 0. 0. 0. 1. 0. 0. 0. 0. 1. 0. 0. 0. 0. 1. 1. 0. 0. 0. 0. 0. 1. 0. 1. 1. 0. 0.],500,100,0.3,0.003,1,23,best,59,best
337,0.02727365699526079,0.02727365699526079,0.003002937272757743,[0.         0.         0.         0.         0.095929   0.         0.         0.         0.01       0.         0.         0.         0.         0.01       0.         0.         0.         0.         0.01276897 0.01       0.         0.         0.         0.         0.         0.17848241 0.         0.35237537 0.01       0.         0.        ],[0. 0. 0. 0. 1. 0. 0. 0. 1. 0. 0. 0. 0. 1. 0. 0. 0. 0. 1. 1. 0. 0. 0. 0. 0. 1. 0. 1. 1. 0. 0.],500,100,0.3,0.003,1,23,best,59,best
338,0.02727365699526079,0.02727365699526079,0.003002937272757743,[0.         0.         0.         0.         0.095929   0.         0.         0.         0.01       0.         0.         0.         0.         0.01       0.         0.         0.         0.         0.01276897 0.01       0.         0.         0.         0.         0.         0.17848241 0.         0.35237537 0.01       0.         0.        ],[0. 0. 0. 0. 1. 0. 0. 0. 1. 0. 0. 0. 0. 1. 0. 0. 0. 0. 1. 1. 0. 0. 0. 0. 0. 1. 0. 1. 1. 0. 0.],500,100,0.3,0.003,1,23,best,59,best
339,0.02727365699526079,0.02727365699526079,0.003002937272757743,[0.         0.         0.         0.         0.095929   0.         0.         0.         0.01       0.         0.         0.         0.         0.01       0.         0.         0.         0.         0.01276897 0.01       0.         0.         0.         0.         0.         0.17848241 0.         0.35237537 0.01       0.         0.        ],[0. 0. 0. 0. 1. 0. 0. 0. 1. 0. 0. 0. 0. 1. 0. 0. 0. 0. 1. 1. 0. 0. 0. 0. 0. 1. 0. 1. 1. 0. 0.],500,100,0.3,0.003,1,23,best,59,best
340,0.02727365699526079,0.02727365699526079,0.003002937272757743,[0.         0.         0.         0.         0.095929   0.         0.         0.         0.01       0.         0.         0.         0.         0.01       0.         0.         0.         0.         0.01276897 0.01       0.         0.         0.         0.         0.         0.17848241 0.         0.35237537 0.01       0.         0.        ],[0. 0. 0. 0. 1. 0. 0. 0. 1. 0. 0. 0. 0. 1. 0. 0. 0. 0. 1. 1. 0. 0. 0. 0. 0. 1. 0. 1. 1. 0. 0.],500,100,0.3,0.003,1,23,best,59,best
341,0.02727365699526079,0.02727365699526079,0.003002937272757743,[0.         0.         0.         0.         0.095929   0.         0.         0.         0.01       0.         0.         0.         0.         0.01       0.         0.         0.         0.         0.01276897 0.01       0.         0.         0.         0.         0.         0.17848241 0.         0.35237537 0.01       0.         0.        ],[0. 0. 0. 0. 1. 0. 0. 0. 1. 0. 0. 0. 0. 1. 0. 0. 0. 0. 1. 1. 0. 0. 0. 0. 0. 1. 0. 1. 1. 0. 0.],500,100,0.3,0.003,1,23,best,59,best
342,0.02727365699526079,0.02727365699526079,0.003002937272757743,[0.         0.         0.         0.         0.095929   0.         0.         0.         0.01       0.         0.         0.         0.         0.01       0.         0.         0.         0.         0.01276897 0.01       0.         0.         0.         0.         0.         0.17848241 0.         0.35237537 0.01       0.         0.        ],[0. 0. 0. 0. 1. 0. 0. 0. 1. 0. 0. 0. 0. 1. 0. 0. 0. 0. 1. 1. 0. 0. 0. 0. 0. 1. 0. 1. 1. 0. 0.],500,100,0.3,0.003,1,23,best,59,best
343,0.02727365699526079,0.02727365699526079,0.003002937272757743,[0.         0.         0.         0.         0.095929   0.         0.         0.         0.01       0.         0.         0.         0.         0.01       0.         0.         0.         0.         0.01276897 0.01       0.         0.         0.         0.         0.         0.17848241 0.         0.35237537 0.01       0.         0.        ],[0. 0. 0. 0. 1. 0. 0. 0. 1. 0. 0. 0. 0. 1. 0. 0. 0. 0. 1. 1. 0. 0. 0. 0. 0. 1. 0. 1. 1. 0. 0.],500,100,0.3,0.003,1,23,best,59,best
344,0.02727365699526079,0.02727365699526079,0.003002937272757743,[0.         0.         0.         0.         0.095929   0.         0.         0.         0.01       0.         0.         0.         0.         0.01       0.         0.         0.         0.         0.01276897 0.01       0.         0.         0.         0.         0.         0.17848241 0.         0.35237537 0.01       0.         0.        ],[0. 0. 0. 0. 1. 0. 0. 0. 1. 0. 0. 0. 0. 1. 0. 0. 0. 0. 1. 1. 0. 0. 0. 0. 0. 1. 0. 1. 1. 0. 0.],500,100,0.3,0.003,1,23,best,59,best
345,0.02727365699526079,0.02727365699526079,0.003002937272757743,[0.         0.         0.         0.         0.095929   0.         0.         0.         0.01       0.         0.         0.         0.         0.01       0.         0.         0.         0.         0.01276897 0.01       0.         0.         0.         0.         0.         0.17848241 0.         0.35237537 0.01       0.         0.        ],[0. 0. 0. 0. 1. 0. 0. 0. 1. 0. 0. 0. 0. 1. 0. 0. 0. 0. 1. 1. 0. 0. 0. 0. 0. 1. 0. 1. 1. 0. 0.],500,100,0.3,0.003,1,23,best,59,best
346,0.02727365699526079,0.02727365699526079,0.003002937272757743,[0.         0.         0.         0.         0.095929   0.         0.         0.         0.01       0.         0.         0.         0.         0.01       0.         0.         0.         0.         0.01276897 0.01       0.         0.         0.         0.         0.         0.17848241 0.         0.35237537 0.01       0.         0.        ],[0. 0. 0. 0. 1. 0. 0. 0. 1. 0. 0. 0. 0. 1. 0. 0. 0. 0. 1. 1. 0. 0. 0. 0. 0. 1. 0. 1. 1. 0. 0.],500,100,0.3,0.003,1,23,best,59,best
347,0.02727365699526079,0.02727365699526079,0.003002937272757743,[0.         0.         0.         0.         0.095929   0.         0.         0.         0.01       0.         0.         0.         0.         0.01       0.         0.         0.         0.         0.01276897 0.01       0.         0.         0.         0.         0.         0.17848241 0.         0.35237537 0.01       0.         0.        ],[0. 0. 0. 0. 1. 0. 0. 0. 1. 0. 0. 0. 0. 1. 0. 0. 0. 0. 1. 1. 0. 0. 0. 0. 0. 1. 0. 1. 1. 0. 0.],500,100,0.3,0.003,1,23,best,59,best
348,0.02727365699526079,0.02727365699526079,0.003002937272757743,[0.         0.         0.         0.         0.095929   0.         0.         0.         0.01       0.         0.         0.         0.         0.01       0.         0.         0.         0.         0.01276897 0.01       0.         0.         0.         0.         0.         0.17848241 0.         0.35237537 0.01       0.         0.        ],[0. 0. 0. 0. 1. 0. 0. 0. 1. 0. 0. 0. 0. 1. 0. 0. 0. 0. 1. 1. 0. 0. 0. 0. 0. 1. 0. 1. 1. 0. 0.],500,100,0.3,0.003,1,23,best,59,best
349,0.02727365699526079,0.02727365699526079,0.003002937272757743,[0.         0.         0.         0.         0.095929   0.         0.         0.         0.01       0.         0.         0.         0.         0.01       0.         0.         0.         0.         0.01276897 0.01       0.         0.         0.         0.         0.         0.17848241 0.         0.35237537 0.01       0.         0.        ],[0. 0. 0. 0. 1. 0. 0. 0. 1. 0. 0. 0. 0. 1. 0. 0. 0. 0. 1. 1. 0. 0. 0. 0. 0. 1. 0. 1. 1. 0. 0.],500,100,0.3,0.003,1,23,best,59,best
350,0.02727365699526079,0.02727365699526079,0.003002937272757743,[0.         0.         0.         0.         0.095929   0.         0.         0.         0.01       0.         0.         0.         0.         0.01       0.         0.         0.         0.         0.01276897 0.01       0.         0.         0.         0.         0.         0.17848241 0.         0.35237537 0.01       0.         0.        ],[0. 0. 0. 0. 1. 0. 0. 0. 1. 0. 0. 0. 0. 1. 0. 0. 0. 0. 1. 1. 0. 0. 0. 0. 0. 1. 0. 1. 1. 0. 0.],500,100,0.3,0.003,1,23,best,59,best
351,0.02727365699526079,0.02727365699526079,0.003002937272757743,[0.         0.         0.         0.         0.095929   0.         0.         0.         0.01       0.         0.         0.         0.         0.01       0.         0.         0.         0.         0.01276897 0.01       0.         0.         0.         0.         0.         0.17848241 0.         0.35237537 0.01       0.         0.        ],[0. 0. 0. 0. 1. 0. 0. 0. 1. 0. 0. 0. 0. 1. 0. 0. 0. 0. 1. 1. 0. 0. 0. 0. 0. 1. 0. 1. 1. 0. 0.],500,100,0.3,0.003,1,23,best,59,best
352,0.02727365699526079,0.02727365699526079,0.003002937272757743,[0.         0.         0.         0.         0.095929   0.         0.         0.         0.01       0.         0.         0.         0.         0.01       0.         0.         0.         0.         0.01276897 0.01       0.         0.         0.         0.         0.         0.17848241 0.         0.35237537 0.01       0.         0.        ],[0. 0. 0. 0. 1. 0. 0. 0. 1. 0. 0. 0. 0. 1. 0. 0. 0. 0. 1. 1. 0. 0. 0. 0. 0. 1. 0. 1. 1. 0. 0.],500,100,0.3,0.003,1,23,best,59,best
353,0.02727365699526079,0.02727365699526079,0.003002937272757743,[0.         0.         0.         0.         0.095929   0.         0.         0.         0.01       0.         0.         0.         0.         0.01       0.         0.         0.         0.         0.01276897 0.01       0.         0.         0.         0.         0.         0.17848241 0.         0.35237537 0.01       0.         0.        ],[0. 0. 0. 0. 1. 0. 0. 0. 1. 0. 0. 0. 0. 1. 0. 0. 0. 0. 1. 1. 0. 0. 0. 0. 0. 1. 0. 1. 1. 0. 0.],500,100,0.3,0.003,1,23,best,59,best
354,0.02727365699526079,0.02727365699526079,0.003002937272757743,[0.         0.         0.         0.         0.095929   0.         0.         0.         0.01       0.         0.         0.         0.         0.01       0.         0.         0.         0.         0.01276897 0.01       0.         0.         0.         0.         0.         0.17848241 0.         0.35237537 0.01       0.         0.        ],[0. 0. 0. 0. 1. 0. 0. 0. 1. 0. 0. 0. 0. 1. 0. 0. 0. 0. 1. 1. 0. 0. 0. 0. 0. 1. 0. 1. 1. 0. 0.],500,100,0.3,0.003,1,23,best,59,best
355,0.02727365699526079,0.02727365699526079,0.003002937272757743,[0.         0.         0.         0.         0.095929   0.         0.         0.         0.01       0.         0.         0.         0.         0.01       0.         0.         0.         0.         0.01276897 0.01       0.         0.         0.         0.         0.         0.17848241 0.         0.35237537 0.01       0.         0.        ],[0. 0. 0. 0. 1. 0. 0. 0. 1. 0. 0. 0. 0. 1. 0. 0. 0. 0. 1. 1. 0. 0. 0. 0. 0. 1. 0. 1. 1. 0. 0.],500,100,0.3,0.003,1,23,best,59,best
356,0.02727365699526079,0.02727365699526079,0.003002937272757743,[0.         0.         0.         0.         0.095929   0.         0.         0.         0.01       0.         0.         0.         0.         0.01       0.         0.         0.         0.         0.01276897 0.01       0.         0.         0.         0.         0.         0.17848241 0.         0.35237537 0.01       0.         0.        ],[0. 0. 0. 0. 1. 0. 0. 0. 1. 0. 0. 0. 0. 1. 0. 0. 0. 0. 1. 1. 0. 0. 0. 0. 0. 1. 0. 1. 1. 0. 0.],500,100,0.3,0.003,1,23,best,59,best
357,0.02727365699526079,0.02727365699526079,0.003002937272757743,[0.         0.         0.         0.         0.095929   0.         0.         0.         0.01       0.         0.         0.         0.         0.01       0.         0.         0.         0.         0.01276897 0.01       0.         0.         0.         0.         0.         0.17848241 0.         0.35237537 0.01       0.         0.        ],[0. 0. 0. 0. 1. 0. 0. 0. 1. 0. 0. 0. 0. 1. 0. 0. 0. 0. 1. 1. 0. 0. 0. 0. 0. 1. 0. 1. 1. 0. 0.],500,100,0.3,0.003,1,23,best,59,best
358,0.02727365699526079,0.02727365699526079,0.003002937272757743,[0.         0.         0.         0.         0.095929   0.         0.         0.         0.01       0.         0.         0.         0.         0.01       0.         0.         0.         0.         0.01276897 0.01       0.         0.         0.         0.         0.         0.17848241 0.         0.35237537 0.01       0.         0.        ],[0. 0. 0. 0. 1. 0. 0. 0. 1. 0. 0. 0. 0. 1. 0. 0. 0. 0. 1. 1. 0. 0. 0. 0. 0. 1. 0. 1. 1. 0. 0.],500,100,0.3,0.003,1,23,best,59,best
359,0.02727365699526079,0.02727365699526079,0.003002937272757743,[0.         0.         0.         0.         0.095929   0.         0.         0.         0.01       0.         0.         0.         0.         0.01       0.         0.         0.         0.         0.01276897 0.01       0.         0.         0.         0.         0.         0.17848241 0.         0.35237537 0.01       0.         0.        ],[0. 0. 0. 0. 1. 0. 0. 0. 1. 0. 0. 0. 0. 1. 0. 0. 0. 0. 1. 1. 0. 0. 0. 0. 0. 1. 0. 1. 1. 0. 0.],500,100,0.3,0.003,1,23,best,59,best
360,0.02727365699526079,0.02727365699526079,0.003002937272757743,[0.         0.         0.         0.         0.095929   0.         0.         0.         0.01       0.         0.         0.         0.         0.01       0.         0.         0.         0.         0.01276897 0.01       0.         0.         0.         0.         0.         0.17848241 0.         0.35237537 0.01       0.         0.        ],[0. 0. 0. 0. 1. 0. 0. 0. 1. 0. 0. 0. 0. 1. 0. 0. 0. 0. 1. 1. 0. 0. 0. 0. 0. 1. 0. 1. 1. 0. 0.],500,100,0.3,0.003,1,23,best,59,best
361,0.02727365699526079,0.02727365699526079,0.003002937272757743,[0.         0.         0.         0.         0.095929   0.         0.         0.         0.01       0.         0.         0.         0.         0.01       0.         0.         0.         0.         0.01276897 0.01       0.         0.         0.         0.         0.         0.17848241 0.         0.35237537 0.01       0.         0.        ],[0. 0. 0. 0. 1. 0. 0. 0. 1. 0. 0. 0. 0. 1. 0. 0. 0. 0. 1. 1. 0. 0. 0. 0. 0. 1. 0. 1. 1. 0. 0.],500,100,0.3,0.003,1,23,best,59,best
362,0.02727365699526079,0.02727365699526079,0.003002937272757743,[0.         0.         0.         0.         0.095929   0.         0.         0.         0.01       0.         0.         0.         0.         0.01       0.         0.         0.         0.         0.01276897 0.01       0.         0.         0.         0.         0.         0.17848241 0.         0.35237537 0.01       0.         0.        ],[0. 0. 0. 0. 1. 0. 0. 0. 1. 0. 0. 0. 0. 1. 0. 0. 0. 0. 1. 1. 0. 0. 0. 0. 0. 1. 0. 1. 1. 0. 0.],500,100,0.3,0.003,1,23,best,59,best
363,0.02727365699526079,0.02727365699526079,0.003002937272757743,[0.         0.         0.         0.         0.095929   0.         0.         0.         0.01       0.         0.         0.         0.         0.01       0.         0.         0.         0.         0.01276897 0.01       0.         0.         0.         0.         0.         0.17848241 0.         0.35237537 0.01       0.         0.        ],[0. 0. 0. 0. 1. 0. 0. 0. 1. 0. 0. 0. 0. 1. 0. 0. 0. 0. 1. 1. 0. 0. 0. 0. 0. 1. 0. 1. 1. 0. 0.],500,100,0.3,0.003,1,23,best,59,best
364,0.02727365699526079,0.02727365699526079,0.003002937272757743,[0.         0.         0.         0.         0.095929   0.         0.         0.         0.01       0.         0.         0.         0.         0.01       0.         0.         0.         0.         0.01276897 0.01       0.         0.         0.         0.         0.         0.17848241 0.         0.35237537 0.01       0.         0.        ],[0. 0. 0. 0. 1. 0. 0. 0. 1. 0. 0. 0. 0. 1. 0. 0. 0. 0. 1. 1. 0. 0. 0. 0. 0. 1. 0. 1. 1. 0. 0.],500,100,0.3,0.003,1,23,best,59,best
365,0.02727365699526079,0.02727365699526079,0.003002937272757743,[0.         0.         0.         0.         0.095929   0.         0.         0.         0.01       0.         0.         0.         0.         0.01       0.         0.         0.         0.         0.01276897 0.01       0.         0.         0.         0.         0.         0.17848241 0.         0.35237537 0.01       0.         0.        ],[0. 0. 0. 0. 1. 0. 0. 0. 1. 0. 0. 0. 0. 1. 0. 0. 0. 0. 1. 1. 0. 0. 0. 0. 0. 1. 0. 1. 1. 0. 0.],500,100,0.3,0.003,1,23,best,59,best
366,0.02727365699526079,0.02727365699526079,0.003002937272757743,[0.         0.         0.         0.         0.095929   0.         0.         0.         0.01       0.         0.         0.         0.         0.01       0.         0.         0.         0.         0.01276897 0.01       0.         0.         0.         0.         0.         0.17848241 0.         0.35237537 0.01       0.         0.        ],[0. 0. 0. 0. 1. 0. 0. 0. 1. 0. 0. 0. 0. 1. 0. 0. 0. 0. 1. 1. 0. 0. 0. 0. 0. 1. 0. 1. 1. 0. 0.],500,100,0.3,0.003,1,23,best,59,best
367,0.02727365699526079,0.02727365699526079,0.003002937272757743,[0.         0.         0.         0.         0.095929   0.         0.         0.         0.01       0.         0.         0.         0.         0.01       0.         0.         0.         0.         0.01276897 0.01       0.         0.         0.         0.         0.         0.17848241 0.         0.35237537 0.01       0.         0.        ],[0. 0. 0. 0. 1. 0. 0. 0. 1. 0. 0. 0. 0. 1. 0. 0. 0. 0. 1. 1. 0. 0. 0. 0. 0. 1. 0. 1. 1. 0. 0.],500,100,0.3,0.003,1,23,best,59,best
368,0.02727365699526079,0.02727365699526079,0.003002937272757743,[0.         0.         0.         0.         0.095929   0.         0.         0.         0.01       0.         0.         0.         0.         0.01       0.         0.         0.         0.         0.01276897 0.01       0.         0.         0.         0.         0.         0.17848241 0.         0.35237537 0.01       0.         0.        ],[0. 0. 0. 0. 1. 0. 0. 0. 1. 0. 0. 0. 0. 1. 0. 0. 0. 0. 1. 1. 0. 0. 0. 0. 0. 1. 0. 1. 1. 0. 0.],500,100,0.3,0.003,1,23,best,59,best
369,0.02727365699526079,0.02727365699526079,0.003002937272757743,[0.         0.         0.         0.         0.095929   0.         0.         0.         0.01       0.         0.         0.         0.         0.01       0.         0.         0.         0.         0.01276897 0.01       0.         0.         0.         0.         0.         0.17848241 0.         0.35237537 0.01       0.         0.        ],[0. 0. 0. 0. 1. 0. 0. 0. 1. 0. 0. 0. 0. 1. 0. 0. 0. 0. 1. 1. 0. 0. 0. 0. 0. 1. 0. 1. 1. 0. 0.],500,100,0.3,0.003,1,23,best,59,best
370,0.02727365699526079,0.02727365699526079,0.003002937272757743,[0.         0.         0.         0.         0.095929   0.         0.         0.         0.01       0.         0.         0.         0.         0.01       0.         0.         0.         0.         0.01276897 0.01       0.         0.         0.         0.         0.         0.17848241 0.         0.35237537 0.01       0.         0.        ],[0. 0. 0. 0. 1. 0. 0. 0. 1. 0. 0. 0. 0. 1. 0. 0. 0. 0. 1. 1. 0. 0. 0. 0. 0. 1. 0. 1. 1. 0. 0.],500,100,0.3,0.003,1,23,best,59,best
371,0.02727365699526079,0.02727365699526079,0.003002937272757743,[0.         0.         0.         0.         0.095929   0.         0.         0.         0.01       0.         0.         0.         0.         0.01       0.         0.         0.         0.         0.01276897 0.01       0.         0.         0.         0.         0.         0.17848241 0.         0.35237537 0.01       0.         0.        ],[0. 0. 0. 0. 1. 0. 0. 0. 1. 0. 0. 0. 0. 1. 0. 0. 0. 0. 1. 1. 0. 0. 0. 0. 0. 1. 0. 1. 1. 0. 0.],500,100,0.3,0.003,1,23,best,59,best
372,0.02727365699526079,0.02727365699526079,0.003002937272757743,[0.         0.         0.         0.         0.095929   0.         0.         0.         0.01       0.         0.         0.         0.         0.01       0.         0.         0.         0.         0.01276897 0.01       0.         0.         0.         0.         0.         0.17848241 0.         0.35237537 0.01       0.         0.        ],[0. 0. 0. 0. 1. 0. 0. 0. 1. 0. 0. 0. 0. 1. 0. 0. 0. 0. 1. 1. 0. 0. 0. 0. 0. 1. 0. 1. 1. 0. 0.],500,100,0.3,0.003,1,23,best,59,best
373,0.02727365699526079,0.02727365699526079,0.003002937272757743,[0.         0.         0.         0.         0.095929   0.         0.         0.         0.01       0.         0.         0.         0.         0.01       0.         0.         0.         0.         0.01276897 0.01       0.         0.         0.         0.         0.         0.17848241 0.         0.35237537 0.01       0.         0.        ],[0. 0. 0. 0. 1. 0. 0. 0. 1. 0. 0. 0. 0. 1. 0. 0. 0. 0. 1. 1. 0. 0. 0. 0. 0. 1. 0. 1. 1. 0. 0.],500,100,0.3,0.003,1,23,best,59,best
374,0.02727365699526079,0.02727365699526079,0.003002937272757743,[0.         0.         0.         0.         0.095929   0.         0.         0.         0.01       0.         0.         0.         0.         0.01       0.         0.         0.         0.         0.01276897 0.01       0.         0.         0.         0.         0.         0.17848241 0.         0.35237537 0.01       0.         0.        ],[0. 0. 0. 0. 1. 0. 0. 0. 1. 0. 0. 0. 0. 1. 0. 0. 0. 0. 1. 1. 0. 0. 0. 0. 0. 1. 0. 1. 1. 0. 0.],500,100,0.3,0.003,1,23,best,59,best
375,0.02727365699526079,0.02727365699526079,0.003002937272757743,[0.         0.         0.         0.         0.095929   0.         0.         0.         0.01       0.         0.         0.         0.         0.01       0.         0.         0.         0.         0.01276897 0.01       0.         0.         0.         0.         0.         0.17848241 0.         0.35237537 0.01       0.         0.        ],[0. 0. 0. 0. 1. 0. 0. 0. 1. 0. 0. 0. 0. 1. 0. 0. 0. 0. 1. 1. 0. 0. 0. 0. 0. 1. 0. 1. 1. 0. 0.],500,100,0.3,0.003,1,23,best,59,best
376,0.02727365699526079,0.02727365699526079,0.003002937272757743,[0.         0.         0.         0.         0.095929   0.         0.         0.         0.01       0.         0.         0.         0.         0.01       0.         0.         0.         0.         0.01276897 0.01       0.         0.         0.         0.         0.         0.17848241 0.         0.35237537 0.01       0.         0.        ],[0. 0. 0. 0. 1. 0. 0. 0. 1. 0. 0. 0. 0. 1. 0. 0. 0. 0. 1. 1. 0. 0. 0. 0. 0. 1. 0. 1. 1. 0. 0.],500,100,0.3,0.003,1,23,best,59,best
377,0.02727365699526079,0.02727365699526079,0.003002937272757743,[0.         0.         0.         0.         0.095929   0.         0.         0.         0.01       0.         0.         0.         0.         0.01       0.         0.         0.         0.         0.01276897 0.01       0.         0.         0.         0.         0.         0.17848241 0.         0.35237537 0.01       0.         0.        ],[0. 0. 0. 0. 1. 0. 0. 0. 1. 0. 0. 0. 0. 1. 0. 0. 0. 0. 1. 1. 0. 0. 0. 0. 0. 1. 0. 1. 1. 0. 0.],500,100,0.3,0.003,1,23,best,59,best
378,0.02727365699526079,0.02727365699526079,0.003002937272757743,[0.         0.         0.         0.         0.095929   0.         0.         0.         0.01       0.         0.         0.         0.         0.01       0.         0.         0.         0.         0.01276897 0.01       0.         0.         0.         0.         0.         0.17848241 0.         0.35237537 0.01       0.         0.        ],[0. 0. 0. 0. 1. 0. 0. 0. 1. 0. 0. 0. 0. 1. 0. 0. 0. 0. 1. 1. 0. 0. 0. 0. 0. 1. 0. 1. 1. 0. 0.],500,100,0.3,0.003,1,23,best,59,best
379,0.02727365699526079,0.02727365699526079,0.003002937272757743,[0.         0.         0.         0.         0.095929   0.         0.         0.         0.01       0.         0.         0.         0.         0.01       0.         0.         0.         0.         0.01276897 0.01       0.         0.         0.         0.         0.         0.17848241 0.         0.35237537 0.01       0.         0.        ],[0. 0. 0. 0. 1. 0. 0. 0. 1. 0. 0. 0. 0. 1. 0. 0. 0. 0. 1. 1. 0. 0. 0. 0. 0. 1. 0. 1. 1. 0. 0.],500,100,0.3,0.003,1,23,best,59,best
380,0.02727365699526079,0.02727365699526079,0.003002937272757743,[0.         0.         0.         0.         0.095929   0.         0.         0.         0.01       0.         0.         0.         0.         0.01       0.         0.         0.         0.         0.01276897 0.01       0.         0.         0.         0.         0.         0.17848241 0.         0.35237537 0.01       0.         0.        ],[0. 0. 0. 0. 1. 0. 0. 0. 1. 0. 0. 0. 0. 1. 0. 0. 0. 0. 1. 1. 0. 0. 0. 0. 0. 1. 0. 1. 1. 0. 0.],500,100,0.3,0.003,1,23,best,59,best
381,0.02727365699526079,0.02727365699526079,0.003002937272757743,[0.         0.         0.         0.         0.095929   0.         0.         0.         0.01       0.         0.         0.         0.         0.01       0.         0.         0.         0.         0.01276897 0.01       0.         0.         0.         0.         0.         0.17848241 0.         0.35237537 0.01       0.         0.        ],[0. 0. 0. 0. 1. 0. 0. 0. 1. 0. 0. 0. 0. 1. 0. 0. 0. 0. 1. 1. 0. 0. 0. 0. 0. 1. 0. 1. 1. 0. 0.],500,100,0.3,0.003,1,23,best,59,best
382,0.02727365699526079,0.02727365699526079,0.003002937272757743,[0.         0.         0.         0.         0.095929   0.         0.         0.         0.01       0.         0.         0.         0.         0.01       0.         0.         0.         0.         0.01276897 0.01       0.         0.         0.         0.         0.         0.17848241 0.         0.35237537 0.01       0.         0.        ],[0. 0. 0. 0. 1. 0. 0. 0. 1. 0. 0. 0. 0. 1. 0. 0. 0. 0. 1. 1. 0. 0. 0. 0. 0. 1. 0. 1. 1. 0. 0.],500,100,0.3,0.003,1,23,best,59,best
383,0.02727365699526079,0.02727365699526079,0.003002937272757743,[0.         0.         0.         0.         0.095929   0.         0.         0.         0.01       0.         0.         0.         0.         0.01       0.         0.         0.         0.         0.01276897 0.01       0.         0.         0.         0.         0.         0.17848241 0.         0.35237537 0.01       0.         0.        ],[0. 0. 0. 0. 1. 0. 0. 0. 1. 0. 0. 0. 0. 1. 0. 0. 0. 0. 1. 1. 0. 0. 0. 0. 0. 1. 0. 1. 1. 0. 0.],500,100,0.3,0.003,1,23,best,59,best
384,0.02727365699526079,0.02727365699526079,0.003002937272757743,[0.         0.         0.         0.         0.095929   0.         0.         0.         0.01       0.         0.         0.         0.         0.01       0.         0.         0.         0.         0.01276897 0.01       0.         0.         0.         0.         0.         0.17848241 0.         0.35237537 0.01       0.         0.        ],[0. 0. 0. 0. 1. 0. 0. 0. 1. 0. 0. 0. 0. 1. 0. 0. 0. 0. 1. 1. 0. 0. 0. 0. 0. 1. 0. 1. 1. 0. 0.],500,100,0.3,0.003,1,23,best,59,best
385,0.02727365699526079,0.02727365699526079,0.003002937272757743,[0.         0.         0.         0.         0.095929   0.         0.         0.         0.01       0.         0.         0.         0.         0.01       0.         0.         0.         0.         0.01276897 0.01       0.         0.         0.         0.         0.         0.17848241 0.         0.35237537 0.01       0.         0.        ],[0. 0. 0. 0. 1. 0. 0. 0. 1. 0. 0. 0. 0. 1. 0. 0. 0. 0. 1. 1. 0. 0. 0. 0. 0. 1. 0. 1. 1. 0. 0.],500,100,0.3,0.003,1,23,best,59,best
386,0.02727365699526079,0.02727365699526079,0.003002937272757743,[0.         0.         0.         0.         0.095929   0.         0.         0.         0.01       0.         0.         0.         0.         0.01       0.         0.         0.         0.         0.01276897 0.01       0.         0.         0.         0.         0.         0.17848241 0.         0.35237537 0.01       0.         0.        ],[0. 0. 0. 0. 1. 0. 0. 0. 1. 0. 0. 0. 0. 1. 0. 0. 0. 0. 1. 1. 0. 0. 0. 0. 0. 1. 0. 1. 1. 0. 0.],500,100,0.3,0.003,1,23,best,59,best
387,0.02727365699526079,0.02727365699526079,0.003002937272757743,[0.         0.         0.         0.         0.095929   0.         0.         0.         0.01       0.         0.         0.         0.         0.01       0.         0.         0.         0.         0.01276897 0.01       0.         0.         0.         0.         0.         0.17848241 0.         0.35237537 0.01       0.         0.        ],[0. 0. 0. 0. 1. 0. 0. 0. 1. 0. 0. 0. 0. 1. 0. 0. 0. 0. 1. 1. 0. 0. 0. 0. 0. 1. 0. 1. 1. 0. 0.],500,100,0.3,0.003,1,23,best,59,best
388,0.02727365699526079,0.02727365699526079,0.003002937272757743,[0.         0.         0.         0.         0.095929   0.         0.         0.         0.01       0.         0.         0.         0.         0.01       0.         0.         0.         0.         0.01276897 0.01       0.         0.         0.         0.         0.         0.17848241 0.         0.35237537 0.01       0.         0.        ],[0. 0. 0. 0. 1. 0. 0. 0. 1. 0. 0. 0. 0. 1. 0. 0. 0. 0. 1. 1. 0. 0. 0. 0. 0. 1. 0. 1. 1. 0. 0.],500,100,0.3,0.003,1,23,best,59,best
389,0.02727365699526079,0.02727365699526079,0.003002937272757743,[0.         0.         0.         0.         0.095929   0.         0.         0.         0.01       0.         0.         0.         0.         0.01       0.         0.         0.         0.         0.01276897 0.01       0.         0.         0.         0.         0.         0.17848241 0.         0.35237537 0.01       0.         0.        ],[0. 0. 0. 0. 1. 0. 0. 0. 1. 0. 0. 0. 0. 1. 0. 0. 0. 0. 1. 1. 0. 0. 0. 0. 0. 1. 0. 1. 1. 0. 0.],500,100,0.3,0.003,1,23,best,59,best
390,0.02727365699526079,0.02727365699526079,0.003002937272757743,[0.         0.         0.         0.         0.095929   0.         0.         0.         0.01       0.         0.         0.         0.         0.01       0.         0.         0.         0.         0.01276897 0.01       0.         0.         0.         0.         0.         0.17848241 0.         0.35237537 0.01       0.         0.        ],[0. 0. 0. 0. 1. 0. 0. 0. 1. 0. 0. 0. 0. 1. 0. 0. 0. 0. 1. 1. 0. 0. 0. 0. 0. 1. 0. 1. 1. 0. 0.],500,100,0.3,0.003,1,23,best,59,best
391,0.02727365699526079,0.02727365699526079,0.003002937272757743,[0.         0.         0.         0.         0.095929   0.         0.         0.         0.01       0.         0.         0.         0.         0.01       0.         0.         0.         0.         0.01276897 0.01       0.         0.         0.         0.         0.         0.17848241 0.         0.35237537 0.01       0.         0.        ],[0. 0. 0. 0. 1. 0. 0. 0. 1. 0. 0. 0. 0. 1. 0. 0. 0. 0. 1. 1. 0. 0. 0. 0. 0. 1. 0. 1. 1. 0. 0.],500,100,0.3,0.003,1,23,best,59,best
392,0.02727365699526079,0.02727365699526079,0.003002937272757743,[0.         0.         0.         0.         0.095929   0.         0.         0.         0.01       0.         0.         0.         0.         0.01       0.         0.         0.         0.         0.01276897 0.01       0.         0.         0.         0.         0.         0.17848241 0.         0.35237537 0.01       0.         0.        ],[0. 0. 0. 0. 1. 0. 0. 0. 1. 0. 0. 0. 0. 1. 0. 0. 0. 0. 1. 1. 0. 0. 0. 0. 0. 1. 0. 1. 1. 0. 0.],500,100,0.3,0.003,1,23,best,59,best
393,0.02727365699526079,0.02727365699526079,0.003002937272757743,[0.         0.         0.         0.         0.095929   0.         0.         0.         0.01       0.         0.         0.         0.         0.01       0.         0.         0.         0.         0.01276897 0.01       0.         0.         0.         0.         0.         0.17848241 0.         0.35237537 0.01       0.         0.        ],[0. 0. 0. 0. 1. 0. 0. 0. 1. 0. 0. 0. 0. 1. 0. 0. 0. 0. 1. 1. 0. 0. 0. 0. 0. 1. 0. 1. 1. 0. 0.],500,100,0.3,0.003,1,23,best,59,best
394,0.02727365699526079,0.02727365699526079,0.003002937272757743,[0.         0.         0.         0.         0.095929   0.         0.         0.         0.01       0.         0.         0.         0.         0.01       0.         0.         0.         0.         0.01276897 0.01       0.         0.         0.         0.         0.         0.17848241 0.         0.35237537 0.01       0.         0.        ],[0. 0. 0. 0. 1. 0. 0. 0. 1. 0. 0. 0. 0. 1. 0. 0. 0. 0. 1. 1. 0. 0. 0. 0. 0. 1. 0. 1. 1. 0. 0.],500,100,0.3,0.003,1,23,best,59,best
395,0.02727365699526079,0.02727365699526079,0.003002937272757743,[0.         0.         0.         0.         0.095929   0.         0.         0.         0.01       0.         0.         0.         0.         0.01       0.         0.         0.         0.         0.01276897 0.01       0.         0.         0.         0.         0.         0.17848241 0.         0.35237537 0.01       0.         0.        ],[0. 0. 0. 0. 1. 0. 0. 0. 1. 0. 0. 0. 0. 1. 0. 0. 0. 0. 1. 1. 0. 0. 0. 0. 0. 1. 0. 1. 1. 0. 0.],500,100,0.3,0.003,1,23,best,59,best
396,0.02727365699526079,0.02727365699526079,0.003002937272757743,[0.         0.         0.         0.         0.095929   0.         0.         0.         0.01       0.         0.         0.         0.         0.01       0.         0.         0.         0.         0.01276897 0.01       0.         0.         0.         0.         0.         0.17848241 0.         0.35237537 0.01       0.         0.        ],[0. 0. 0. 0. 1. 0. 0. 0. 1. 0. 0. 0. 0. 1. 0. 0. 0. 0. 1. 1. 0. 0. 0. 0. 0. 1. 0. 1. 1. 0. 0.],500,100,0.3,0.003,1,23,best,59,best
397,0.02727365699526079,0.02727365699526079,0.003002937272757743,[0.         0.         0.         0.         0.095929   0.         0.         0.         0.01       0.         0.         0.         0.         0.01       0.         0.         0.         0.         0.01276897 0.01       0.         0.         0.         0.         0.         0.17848241 0.         0.35237537 0.01       0.         0.        ],[0. 0. 0. 0. 1. 0. 0. 0. 1. 0. 0. 0. 0. 1. 0. 0. 0. 0. 1. 1. 0. 0. 0. 0. 0. 1. 0. 1. 1. 0. 0.],500,100,0.3,0.003,1,23,best,59,best
398,0.02727365699526079,0.02727365699526079,0.003002937272757743,[0.         0.         0.         0.         0.095929   0.         0.         0.         0.01       0.         0.         0.         0.         0.01       0.         0.         0.         0.         0.01276897 0.01       0.         0.         0.         0.         0.         0.17848241 0.         0.35237537 0.01       0.         0.        ],[0. 0. 0. 0. 1. 0. 0. 0. 1. 0. 0. 0. 0. 1. 0. 0. 0. 0. 1. 1. 0. 0. 0. 0. 0. 1. 0. 1. 1. 0. 0.],500,100,0.3,0.003,1,23,best,59,best
399,0.02727365699526079,0.02727365699526079,0.003002937272757743,[0.         0.         0.         0.         0.095929   0.         0.         0.         0.01       0.         0.         0.         0.         0.01       0.         0.         0.         0.         0.01276897 0.01       0.         0.         0.         0.         0.         0.17848241 0.         0.35237537 0.01       0.         0.        ],[0. 0. 0. 0. 1. 0. 0. 0. 1. 0. 0. 0. 0. 1. 0. 0. 0. 0. 1. 1. 0. 0. 0. 0. 0. 1. 0. 1. 1. 0. 0.],500,100,0.3,0.003,1,23,best,59,best
400,0.02727365699526079,0.02727365699526079,0.003002937272757743,[0.         0.         0.         0.         0.095929   0.         0.         0.         0.01       0.         0.         0.         0.         0.01       0.         0.         0.         0.         0.01276897 0.01       0.         0.         0.         0.         0.         0.17848241 0.         0.35237537 0.01       0.         0.        ],[0. 0. 0. 0. 1. 0. 0. 0. 1. 0. 0. 0. 0. 1. 0. 0. 0. 0. 1. 1. 0. 0. 0. 0. 0. 1. 0. 1. 1. 0. 0.],500,100,0.3,0.003,1,23,best,59,best
401,0.02727365699526079,0.02727365699526079,0.003002937272757743,[0.         0.         0.         0.         0.095929   0.         0.         0.         0.01       0.         0.         0.         0.         0.01       0.         0.         0.         0.         0.01276897 0.01       0.         0.         0.         0.         0.         0.17848241 0.         0.35237537 0.01       0.         0.        ],[0. 0. 0. 0. 1. 0. 0. 0. 1. 0. 0. 0. 0. 1. 0. 0. 0. 0. 1. 1. 0. 0. 0. 0. 0. 1. 0. 1. 1. 0. 0.],500,100,0.3,0.003,1,23,best,59,best
402,0.02727365699526079,0.02727365699526079,0.003002937272757743,[0.         0.         0.         0.         0.095929   0.         0.         0.         0.01       0.         0.         0.         0.         0.01       0.         0.         0.         0.         0.01276897 0.01       0.         0.         0.         0.         0.         0.17848241 0.         0.35237537 0.01       0.         0.        ],[0. 0. 0. 0. 1. 0. 0. 0. 1. 0. 0. 0. 0. 1. 0. 0. 0. 0. 1. 1. 0. 0. 0. 0. 0. 1. 0. 1. 1. 0. 0.],500,100,0.3,0.003,1,23,best,59,best
403,0.02727365699526079,0.02727365699526079,0.003002937272757743,[0.         0.         0.         0.         0.095929   0.         0.         0.         0.01       0.         0.         0.         0.         0.01       0.         0.         0.         0.         0.01276897 0.01       0.         0.         0.         0.         0.         0.17848241 0.         0.35237537 0.01       0.         0.        ],[0. 0. 0. 0. 1. 0. 0. 0. 1. 0. 0. 0. 0. 1. 0. 0. 0. 0. 1. 1. 0. 0. 0. 0. 0. 1. 0. 1. 1. 0. 0.],500,100,0.3,0.003,1,23,best,59,best
404,0.02727365699526079,0.02727365699526079,0.003002937272757743,[0.         0.         0.         0.         0.095929   0.         0.         0.         0.01       0.         0.         0.         0.         0.01       0.         0.         0.         0.         0.01276897 0.01       0.         0.         0.         0.         0.         0.17848241 0.         0.35237537 0.01       0.         0.        ],[0. 0. 0. 0. 1. 0. 0. 0. 1. 0. 0. 0. 0. 1. 0. 0. 0. 0. 1. 1. 0. 0. 0. 0. 0. 1. 0. 1. 1. 0. 0.],500,100,0.3,0.003,1,23,best,59,best
405,0.02727365699526079,0.02727365699526079,0.003002937272757743,[0.         0.         0.         0.         0.095929   0.         0.         0.         0.01       0.         0.         0.         0.         0.01       0.         0.         0.         0.         0.01276897 0.01       0.         0.         0.         0.         0.         0.17848241 0.         0.35237537 0.01       0.         0.        ],[0. 0. 0. 0. 1. 0. 0. 0. 1. 0. 0. 0. 0. 1. 0. 0. 0. 0. 1. 1. 0. 0. 0. 0. 0. 1. 0. 1. 1. 0. 0.],500,100,0.3,0.003,1,23,best,59,best
406,0.02727365699526079,0.02727365699526079,0.003002937272757743,[0.         0.         0.         0.         0.095929   0.         0.         0.         0.01       0.         0.         0.         0.         0.01       0.         0.         0.         0.         0.01276897 0.01       0.         0.         0.         0.         0.         0.17848241 0.         0.35237537 0.01       0.         0.        ],[0. 0. 0. 0. 1. 0. 0. 0. 1. 0. 0. 0. 0. 1. 0. 0. 0. 0. 1. 1. 0. 0. 0. 0. 0. 1. 0. 1. 1. 0. 0.],500,100,0.3,0.003,1,23,best,59,best
407,0.02727365699526079,0.02727365699526079,0.003002937272757743,[0.         0.         0.         0.         0.095929   0.         0.         0.         0.01       0.         0.         0.         0.         0.01       0.         0.         0.         0.         0.01276897 0.01       0.         0.         0.         0.         0.         0.17848241 0.         0.35237537 0.01       0.         0.        ],[0. 0. 0. 0. 1. 0. 0. 0. 1. 0. 0. 0. 0. 1. 0. 0. 0. 0. 1. 1. 0. 0. 0. 0. 0. 1. 0. 1. 1. 0. 0.],500,100,0.3,0.003,1,23,best,59,best
408,0.02727365699526079,0.02727365699526079,0.003002937272757743,[0.         0.         0.         0.         0.095929   0.         0.         0.         0.01       0.         0.         0.         0.         0.01       0.         0.         0.         0.         0.01276897 0.01       0.         0.         0.         0.         0.         0.17848241 0.         0.35237537 0.01       0.         0.        ],[0. 0. 0. 0. 1. 0. 0. 0. 1. 0. 0. 0. 0. 1. 0. 0. 0. 0. 1. 1. 0. 0. 0. 0. 0. 1. 0. 1. 1. 0. 0.],500,100,0.3,0.003,1,23,best,59,best
409,0.02727365699526079,0.02727365699526079,0.003002937272757743,[0.         0.         0.         0.         0.095929   0.         0.         0.         0.01       0.         0.         0.         0.         0.01       0.         0.         0.         0.         0.01276897 0.01       0.         0.         0.         0.         0.         0.17848241 0.         0.35237537 0.01       0.         0.        ],[0. 0. 0. 0. 1. 0. 0. 0. 1. 0. 0. 0. 0. 1. 0. 0. 0. 0. 1. 1. 0. 0. 0. 0. 0. 1. 0. 1. 1. 0. 0.],500,100,0.3,0.003,1,23,best,59,best
410,0.02727365699526079,0.02727365699526079,0.003002937272757743,[0.         0.         0.         0.         0.095929   0.         0.         0.         0.01       0.         0.         0.         0.         0.01       0.         0.         0.         0.         0.01276897 0.01       0.         0.         0.         0.         0.         0.17848241 0.         0.35237537 0.01       0.         0.        ],[0. 0. 0. 0. 1. 0. 0. 0. 1. 0. 0. 0. 0. 1. 0. 0. 0. 0. 1. 1. 0. 0. 0. 0. 0. 1. 0. 1. 1. 0. 0.],500,100,0.3,0.003,1,23,best,59,best
411,0.02727365699526079,0.02727365699526079,0.003002937272757743,[0.         0.         0.         0.         0.095929   0.         0.         0.         0.01       0.         0.         0.         0.         0.01       0.         0.         0.         0.         0.01276897 0.01       0.         0.         0.         0.         0.         0.17848241 0.         0.35237537 0.01       0.         0.        ],[0. 0. 0. 0. 1. 0. 0. 0. 1. 0. 0. 0. 0. 1. 0. 0. 0. 0. 1. 1. 0. 0. 0. 0. 0. 1. 0. 1. 1. 0. 0.],500,100,0.3,0.003,1,23,best,59,best
412,0.02727365699526079,0.02727365699526079,0.003002937272757743,[0.         0.         0.         0.         0.095929   0.         0.         0.         0.01       0.         0.         0.         0.         0.01       0.         0.         0.         0.         0.01276897 0.01       0.         0.         0.         0.         0.         0.17848241 0.         0.35237537 0.01       0.         0.        ],[0. 0. 0. 0. 1. 0. 0. 0. 1. 0. 0. 0. 0. 1. 0. 0. 0. 0. 1. 1. 0. 0. 0. 0. 0. 1. 0. 1. 1. 0. 0.],500,100,0.3,0.003,1,23,best,59,best
413,0.02727365699526079,0.02727365699526079,0.003002937272757743,[0.         0.         0.         0.         0.095929   0.         0.         0.         0.01       0.         0.         0.         0.         0.01       0.         0.         0.         0.         0.01276897 0.01       0.         0.         0.         0.         0.         0.17848241 0.         0.35237537 0.01       0.         0.        ],[0. 0. 0. 0. 1. 0. 0. 0. 1. 0. 0. 0. 0. 1. 0. 0. 0. 0. 1. 1. 0. 0. 0. 0. 0. 1. 0. 1. 1. 0. 0.],500,100,0.3,0.003,1,23,best,59,best
414,0.02727365699526079,0.02727365699526079,0.003002937272757743,[0.         0.         0.         0.         0.095929   0.         0.         0.         0.01       0.         0.         0.         0.         0.01       0.         0.         0.         0.         0.01276897 0.01       0.         0.         0.         0.         0.         0.17848241 0.         0.35237537 0.01       0.         0.        ],[0. 0. 0. 0. 1. 0. 0. 0. 1. 0. 0. 0. 0. 1. 0. 0. 0. 0. 1. 1. 0. 0. 0. 0. 0. 1. 0. 1. 1. 0. 0.],500,100,0.3,0.003,1,23,best,59,best
415,0.02727365699526079,0.02727365699526079,0.003002937272757743,[0.         0.         0.         0.         0.095929   0.         0.         0.         0.01       0.         0.         0.         0.         0.01       0.         0.         0.         0.         0.01276897 0.01       0.         0.         0.         0.         0.         0.17848241 0.         0.35237537 0.01       0.         0.        ],[0. 0. 0. 0. 1. 0. 0. 0. 1. 0. 0. 0. 0. 1. 0. 0. 0. 0. 1. 1. 0. 0. 0. 0. 0. 1. 0. 1. 1. 0. 0.],500,100,0.3,0.003,1,23,best,59,best
416,0.02727365699526079,0.02727365699526079,0.003002937272757743,[0.         0.         0.         0.         0.095929   0.         0.         0.         0.01       0.         0.         0.         0.         0.01       0.         0.         0.         0.         0.01276897 0.01       0.         0.         0.         0.         0.         0.17848241 0.         0.35237537 0.01       0.         0.        ],[0. 0. 0. 0. 1. 0. 0. 0. 1. 0. 0. 0. 0. 1. 0. 0. 0. 0. 1. 1. 0. 0. 0. 0. 0. 1. 0. 1. 1. 0. 0.],500,100,0.3,0.003,1,23,best,59,best
417,0.02727365699526079,0.02727365699526079,0.003002937272757743,[0.         0.         0.         0.         0.095929   0.         0.         0.         0.01       0.         0.         0.         0.         0.01       0.         0.         0.         0.         0.01276897 0.01       0.         0.         0.         0.         0.         0.17848241 0.         0.35237537 0.01       0.         0.        ],[0. 0. 0. 0. 1. 0. 0. 0. 1. 0. 0. 0. 0. 1. 0. 0. 0. 0. 1. 1. 0. 0. 0. 0. 0. 1. 0. 1. 1. 0. 0.],500,100,0.3,0.003,1,23,best,59,best
418,0.02727365699526079,0.02727365699526079,0.003002937272757743,[0.         0.         0.         0.         0.095929   0.         0.         0.         0.01       0.         0.         0.         0.         0.01       0.         0.         0.         0.         0.01276897 0.01       0.         0.         0.         0.         0.         0.17848241 0.         0.35237537 0.01       0.         0.        ],[0. 0. 0. 0. 1. 0. 0. 0. 1. 0. 0. 0. 0. 1. 0. 0. 0. 0. 1. 1. 0. 0. 0. 0. 0. 1. 0. 1. 1. 0. 0.],500,100,0.3,0.003,1,23,best,59,best
419,0.02727365699526079,0.02727365699526079,0.003002937272757743,[0.         0.         0.         0.         0.095929   0.         0.         0.         0.01       0.         0.         0.         0.         0.01       0.         0.         0.         0.         0.01276897 0.01       0.         0.         0.         0.         0.         0.17848241 0.         0.35237537 0.01       0.         0.        ],[0. 0. 0. 0. 1. 0. 0. 0. 1. 0. 0. 0. 0. 1. 0. 0. 0. 0. 1. 1. 0. 0. 0. 0. 0. 1. 0. 1. 1. 0. 0.],500,100,0.3,0.003,1,23,best,59,best
420,0.02727365699526079,0.02727365699526079,0.003002937272757743,[0.         0.         0.         0.         0.095929   0.         0.         0.         0.01       0.         0.         0.         0.         0.01       0.         0.         0.         0.         0.01276897 0.01       0.         0.         0.         0.         0.         0.17848241 0.         0.35237537 0.01       0.         0.        ],[0. 0. 0. 0. 1. 0. 0. 0. 1. 0. 0. 0. 0. 1. 0. 0. 0. 0. 1. 1. 0. 0. 0. 0. 0. 1. 0. 1. 1. 0. 0.],500,100,0.3,0.003,1,23,best,59,best
421,0.02727365699526079,0.02727365699526079,0.003002937272757743,[0.         0.         0.         0.         0.095929   0.         0.         0.         0.01       0.         0.         0.         0.         0.01       0.         0.         0.         0.         0.01276897 0.01       0.         0.         0.         0.         0.         0.17848241 0.         0.35237537 0.01       0.         0.        ],[0. 0. 0. 0. 1. 0. 0. 0. 1. 0. 0. 0. 0. 1. 0. 0. 0. 0. 1. 1. 0. 0. 0. 0. 0. 1. 0. 1. 1. 0. 0.],500,100,0.3,0.003,1,23,best,59,best
422,0.02727365699526079,0.02727365699526079,0.003002937272757743,[0.         0.         0.         0.         0.095929   0.         0.         0.         0.01       0.         0.         0.         0.         0.01       0.         0.         0.         0.         0.01276897 0.01       0.         0.         0.         0.         0.         0.17848241 0.         0.35237537 0.01       0.         0.        ],[0. 0. 0. 0. 1. 0. 0. 0. 1. 0. 0. 0. 0. 1. 0. 0. 0. 0. 1. 1. 0. 0. 0. 0. 0. 1. 0. 1. 1. 0. 0.],500,100,0.3,0.003,1,23,best,59,best
423,0.02727365699526079,0.02727365699526079,0.003002937272757743,[0.         0.         0.         0.         0.095929   0.         0.         0.         0.01       0.         0.         0.         0.         0.01       0.         0.         0.         0.         0.01276897 0.01       0.         0.         0.         0.         0.         0.17848241 0.         0.35237537 0.01       0.         0.        ],[0. 0. 0. 0. 1. 0. 0. 0. 1. 0. 0. 0. 0. 1. 0. 0. 0. 0. 1. 1. 0. 0. 0. 0. 0. 1. 0. 1. 1. 0. 0.],500,100,0.3,0.003,1,23,best,59,best
424,0.02727365699526079,0.02727365699526079,0.003002937272757743,[0.         0.         0.         0.         0.095929   0.         0.         0.         0.01       0.         0.         0.         0.         0.01       0.         0.         0.         0.         0.01276897 0.01       0.         0.         0.         0.         0.         0.17848241 0.         0.35237537 0.01       0.         0.        ],[0. 0. 0. 0. 1. 0. 0. 0. 1. 0. 0. 0. 0. 1. 0. 0. 0. 0. 1. 1. 0. 0. 0. 0. 0. 1. 0. 1. 1. 0. 0.],500,100,0.3,0.003,1,23,best,59,best
425,0.02727365699526079,0.02727365699526079,0.003002937272757743,[0.         0.         0.         0.         0.095929   0.         0.         0.         0.01       0.         0.         0.         0.         0.01       0.         0.         0.         0.         0.01276897 0.01       0.         0.         0.         0.         0.         0.17848241 0.         0.35237537 0.01       0.         0.        ],[0. 0. 0. 0. 1. 0. 0. 0. 1. 0. 0. 0. 0. 1. 0. 0. 0. 0. 1. 1. 0. 0. 0. 0. 0. 1. 0. 1. 1. 0. 0.],500,100,0.3,0.003,1,23,best,59,best
426,0.02727365699526079,0.02727365699526079,0.003002937272757743,[0.         0.         0.         0.         0.095929   0.         0.         0.         0.01       0.         0.         0.         0.         0.01       0.         0.         0.         0.         0.01276897 0.01       0.         0.         0.         0.         0.         0.17848241 0.         0.35237537 0.01       0.         0.        ],[0. 0. 0. 0. 1. 0. 0. 0. 1. 0. 0. 0. 0. 1. 0. 0. 0. 0. 1. 1. 0. 0. 0. 0. 0. 1. 0. 1. 1. 0. 0.],500,100,0.3,0.003,1,23,best,59,best
427,0.02727365699526079,0.02727365699526079,0.003002937272757743,[0.         0.         0.         0.         0.095929   0.         0.         0.         0.01       0.         0.         0.         0.         0.01       0.         0.         0.         0.         0.01276897 0.01       0.         0.         0.         0.         0.         0.17848241 0.         0.35237537 0.01       0.         0.        ],[0. 0. 0. 0. 1. 0. 0. 0. 1. 0. 0. 0. 0. 1. 0. 0. 0. 0. 1. 1. 0. 0. 0. 0. 0. 1. 0. 1. 1. 0. 0.],500,100,0.3,0.003,1,23,best,59,best
428,0.02727365699526079,0.02727365699526079,0.003002937272757743,[0.         0.         0.         0.         0.095929   0.         0.         0.         0.01       0.         0.         0.         0.         0.01       0.         0.         0.         0.         0.01276897 0.01       0.         0.         0.         0.         0.         0.17848241 0.         0.35237537 0.01       0.         0.        ],[0. 0. 0. 0. 1. 0. 0. 0. 1. 0. 0. 0. 0. 1. 0. 0. 0. 0. 1. 1. 0. 0. 0. 0. 0. 1. 0. 1. 1. 0. 0.],500,100,0.3,0.003,1,23,best,59,best
429,0.02727365699526079,0.02727365699526079,0.003002937272757743,[0.         0.         0.         0.         0.095929   0.         0.         0.         0.01       0.         0.         0.         0.         0.01       0.         0.         0.         0.         0.01276897 0.01       0.         0.         0.         0.         0.         0.17848241 0.         0.35237537 0.01       0.         0.        ],[0. 0. 0. 0. 1. 0. 0. 0. 1. 0. 0. 0. 0. 1. 0. 0. 0. 0. 1. 1. 0. 0. 0. 0. 0. 1. 0. 1. 1. 0. 0.],500,100,0.3,0.003,1,23,best,59,best
430,0.02727365699526079,0.02727365699526079,0.003002937272757743,[0.         0.         0.         0.         0.095929   0.         0.         0.         0.01       0.         0.         0.         0.         0.01       0.         0.         0.         0.         0.01276897 0.01       0.         0.         0.         0.         0.         0.17848241 0.         0.35237537 0.01       0.         0.        ],[0. 0. 0. 0. 1. 0. 0. 0. 1. 0. 0. 0. 0. 1. 0. 0. 0. 0. 1. 1. 0. 0. 0. 0. 0. 1. 0. 1. 1. 0. 0.],500,100,0.3,0.003,1,23,best,59,best
431,0.02727365699526079,0.02727365699526079,0.003002937272757743,[0.         0.         0.         0.         0.095929   0.         0.         0.         0.01       0.         0.         0.         0.         0.01       0.         0.         0.         0.         0.01276897 0.01       0.         0.         0.         0.         0.         0.17848241 0.         0.35237537 0.01       0.         0.        ],[0. 0. 0. 0. 1. 0. 0. 0. 1. 0. 0. 0. 0. 1. 0. 0. 0. 0. 1. 1. 0. 0. 0. 0. 0. 1. 0. 1. 1. 0. 0.],500,100,0.3,0.003,1,23,best,59,best
432,0.02727365699526079,0.02727365699526079,0.003002937272757743,[0.         0.         0.         0.         0.095929   0.         0.         0.         0.01       0.         0.         0.         0.         0.01       0.         0.         0.         0.         0.01276897 0.01       0.         0.         0.         0.         0.         0.17848241 0.         0.35237537 0.01       0.         0.        ],[0. 0. 0. 0. 1. 0. 0. 0. 1. 0. 0. 0. 0. 1. 0. 0. 0. 0. 1. 1. 0. 0. 0. 0. 0. 1. 0. 1. 1. 0. 0.],500,100,0.3,0.003,1,23,best,59,best
433,0.02727365699526079,0.02727365699526079,0.003002937272757743,[0.         0.         0.         0.         0.095929   0.         0.         0.         0.01       0.         0.         0.         0.         0.01       0.         0.         0.         0.         0.01276897 0.01       0.         0.         0.         0.         0.         0.17848241 0.         0.35237537 0.01       0.         0.        ],[0. 0. 0. 0. 1. 0. 0. 0. 1. 0. 0. 0. 0. 1. 0. 0. 0. 0. 1. 1. 0. 0. 0. 0. 0. 1. 0. 1. 1. 0. 0.],500,100,0.3,0.003,1,23,best,59,best
434,0.02727365699526079,0.02727365699526079,0.003002937272757743,[0.         0.         0.         0.         0.095929   0.         0.         0.         0.01       0.         0.         0.         0.         0.01       0.         0.         0.         0.         0.01276897 0.01       0.         0.         0.         0.         0.         0.17848241 0.         0.35237537 0.01       0.         0.        ],[0. 0. 0. 0. 1. 0. 0. 0. 1. 0. 0. 0. 0. 1. 0. 0. 0. 0. 1. 1. 0. 0. 0. 0. 0. 1. 0. 1. 1. 0. 0.],500,100,0.3,0.003,1,23,best,59,best
435,0.02727365699526079,0.02727365699526079,0.003002937272757743,[0.         0.         0.         0.         0.095929   0.         0.         0.         0.01       0.         0.         0.         0.         0.01       0.         0.         0.         0.         0.01276897 0.01       0.         0.         0.         0.         0.         0.17848241 0.         0.35237537 0.01       0.         0.        ],[0. 0. 0. 0. 1. 0. 0. 0. 1. 0. 0. 0. 0. 1. 0. 0. 0. 0. 1. 1. 0. 0. 0. 0. 0. 1. 0. 1. 1. 0. 0.],500,100,0.3,0.003,1,23,best,59,best
436,0.02727365699526079,0.02727365699526079,0.003002937272757743,[0.         0.         0.         0.         0.095929   0.         0.         0.         0.01       0.         0.         0.         0.         0.01       0.         0.         0.         0.         0.01276897 0.01       0.         0.         0.         0.         0.         0.17848241 0.         0.35237537 0.01       0.         0.        ],[0. 0. 0. 0. 1. 0. 0. 0. 1. 0. 0. 0. 0. 1. 0. 0. 0. 0. 1. 1. 0. 0. 0. 0. 0. 1. 0. 1. 1. 0. 0.],500,100,0.3,0.003,1,23,best,59,best
437,0.02727365699526079,0.02727365699526079,0.003002937272757743,[0.         0.         0.         0.         0.095929   0.         0.         0.         0.01       0.         0.         0.         0.         0.01       0.         0.         0.         0.         0.01276897 0.01       0.         0.         0.         0.         0.         0.17848241 0.         0.35237537 0.01       0.         0.        ],[0. 0. 0. 0. 1. 0. 0. 0. 1. 0. 0. 0. 0. 1. 0. 0. 0. 0. 1. 1. 0. 0. 0. 0. 0. 1. 0. 1. 1. 0. 0.],500,100,0.3,0.003,1,23,best,59,best
438,0.02727365699526079,0.02727365699526079,0.003002937272757743,[0.         0.         0.         0.         0.095929   0.         0.         0.         0.01       0.         0.         0.         0.         0.01       0.         0.         0.         0.         0.01276897 0.01       0.         0.         0.         0.         0.         0.17848241 0.         0.35237537 0.01       0.         0.        ],[0. 0. 0. 0. 1. 0. 0. 0. 1. 0. 0. 0. 0. 1. 0. 0. 0. 0. 1. 1. 0. 0. 0. 0. 0. 1. 0. 1. 1. 0. 0.],500,100,0.3,0.003,1,23,best,59,best
439,0.02727365699526079,0.02727365699526079,0.003002937272757743,[0.         0.         0.         0.         0.095929   0.         0.         0.         0.01       0.         0.         0.         0.         0.01       0.         0.         0.         0.         0.01276897 0.01       0.         0.         0.         0.         0.         0.17848241 0.         0.35237537 0.01       0.         0.        ],[0. 0. 0. 0. 1. 0. 0. 0. 1. 0. 0. 0. 0. 1. 0. 0. 0. 0. 1. 1. 0. 0. 0. 0. 0. 1. 0. 1. 1. 0. 0.],500,100,0.3,0.003,1,23,best,59,best
440,0.02727365699526079,0.02727365699526079,0.003002937272757743,[0.         0.         0.         0.         0.095929   0.         0.         0.         0.01       0.         0.         0.         0.         0.01       0.         0.         0.         0.         0.01276897 0.01       0.         0.         0.         0.         0.         0.17848241 0.         0.35237537 0.01       0.         0.        ],[0. 0. 0. 0. 1. 0. 0. 0. 1. 0. 0. 0. 0. 1. 0. 0. 0. 0. 1. 1. 0. 0. 0. 0. 0. 1. 0. 1. 1. 0. 0.],500,100,0.3,0.003,1,23,best,59,best
441,0.02727365699526079,0.02727365699526079,0.003002937272757743,[0.         0.         0.         0.         0.095929   0.         0.         0.         0.01       0.         0.         0.         0.         0.01       0.         0.         0.         0.         0.01276897 0.01       0.         0.         0.         0.         0.         0.17848241 0.         0.35237537 0.01       0.         0.        ],[0. 0. 0. 0. 1. 0. 0. 0. 1. 0. 0. 0. 0. 1. 0. 0. 0. 0. 1. 1. 0. 0. 0. 0. 0. 1. 0. 1. 1. 0. 0.],500,100,0.3,0.003,1,23,best,59,best
442,0.02727365699526079,0.02727365699526079,0.003002937272757743,[0.         0.         0.         0.         0.095929   0.         0.         0.         0.01       0.         0.         0.         0.         0.01       0.         0.         0.         0.         0.01276897 0.01       0.         0.         0.         0.         0.         0.17848241 0.         0.35237537 0.01       0.         0.        ],[0. 0. 0. 0. 1. 0. 0. 0. 1. 0. 0. 0. 0. 1. 0. 0. 0. 0. 1. 1. 0. 0. 0. 0. 0. 1. 0. 1. 1. 0. 0.],500,100,0.3,0.003,1,23,best,59,best
443,0.02727365699526079,0.02727365699526079,0.003002937272757743,[0.         0.         0.         0.         0.095929   0.         0.         0.         0.01       0.         0.         0.         0.         0.01       0.         0.         0.         0.         0.01276897 0.01       0.         0.         0.         0.         0.         0.17848241 0.         0.35237537 0.01       0.         0.        ],[0. 0. 0. 0. 1. 0. 0. 0. 1. 0. 0. 0. 0. 1. 0. 0. 0. 0. 1. 1. 0. 0. 0. 0. 0. 1. 0. 1. 1. 0. 0.],500,100,0.3,0.003,1,23,best,59,best
444,0.02727365699526079,0.02727365699526079,0.003002937272757743,[0.         0.         0.         0.         0.095929   0.         0.         0.         0.01       0.         0.         0.         0.         0.01       0.         0.         0.         0.         0.01276897 0.01       0.         0.         0.         0.         0.         0.17848241 0.         0.35237537 0.01       0.         0.        ],[0. 0. 0. 0. 1. 0. 0. 0. 1. 0. 0. 0. 0. 1. 0. 0. 0. 0. 1. 1. 0. 0. 0. 0. 0. 1. 0. 1. 1. 0. 0.],500,100,0.3,0.003,1,23,best,59,best
445,0.02727365699526079,0.02727365699526079,0.003002937272757743,[0.         0.         0.         0.         0.095929   0.         0.         0.         0.01       0.         0.         0.         0.         0.01       0.         0.         0.         0.         0.01276897 0.01       0.         0.         0.         0.         0.         0.17848241 0.         0.35237537 0.01       0.         0.        ],[0. 0. 0. 0. 1. 0. 0. 0. 1. 0. 0. 0. 0. 1. 0. 0. 0. 0. 1. 1. 0. 0. 0. 0. 0. 1. 0. 1. 1. 0. 0.],500,100,0.3,0.003,1,23,best,59,best
446,0.02727365699526079,0.02727365699526079,0.003002937272757743,[0.         0.         0.         0.         0.095929   0.         0.         0.         0.01       0.         0.         0.         0.         0.01       0.         0.         0.         0.         0.01276897 0.01       0.         0.         0.         0.         0.         0.17848241 0.         0.35237537 0.01       0.         0.        ],[0. 0. 0. 0. 1. 0. 0. 0. 1. 0. 0. 0. 0. 1. 0. 0. 0. 0. 1. 1. 0. 0. 0. 0. 0. 1. 0. 1. 1. 0. 0.],500,100,0.3,0.003,1,23,best,59,best
447,0.02727365699526079,0.02727365699526079,0.003002937272757743,[0.         0.         0.         0.         0.095929   0.         0.         0.         0.01       0.         0.         0.         0.         0.01       0.         0.         0.         0.         0.01276897 0.01       0.         0.         0.         0.         0.         0.17848241 0.         0.35237537 0.01       0.         0.        ],[0. 0. 0. 0. 1. 0. 0. 0. 1. 0. 0. 0. 0. 1. 0. 0. 0. 0. 1. 1. 0. 0. 0. 0. 0. 1. 0. 1. 1. 0. 0.],500,100,0.3,0.003,1,23,best,59,best
448,0.02727365699526079,0.02727365699526079,0.003002937272757743,[0.         0.         0.         0.         0.095929   0.         0.         0.         0.01       0.         0.         0.         0.         0.01       0.         0.         0.         0.         0.01276897 0.01       0.         0.         0.         0.         0.         0.17848241 0.         0.35237537 0.01       0.         0.        ],[0. 0. 0. 0. 1. 0. 0. 0. 1. 0. 0. 0. 0. 1. 0. 0. 0. 0. 1. 1. 0. 0. 0. 0. 0. 1. 0. 1. 1. 0. 0.],500,100,0.3,0.003,1,23,best,59,best
449,0.02727365699526079,0.02727365699526079,0.003002937272757743,[0.         0.         0.         0.         0.095929   0.         0.         0.         0.01       0.         0.         0.         0.         0.01       0.         0.         0.         0.         0.01276897 0.01       0.         0.         0.         0.         0.         0.17848241 0.         0.35237537 0.01       0.         0.        ],[0. 0. 0. 0. 1. 0. 0. 0. 1. 0. 0. 0. 0. 1. 0. 0. 0. 0. 1. 1. 0. 0. 0. 0. 0. 1. 0. 1. 1. 0. 0.],500,100,0.3,0.003,1,23,best,59,best
450,0.02727365699526079,0.02727365699526079,0.003002937272757743,[0.         0.         0.         0.         0.095929   0.         0.         0.         0.01       0.         0.         0.         0.         0.01       0.         0.         0.         0.         0.01276897 0.01       0.         0.         0.         0.         0.         0.17848241 0.         0.35237537 0.01       0.         0.        ],[0. 0. 0. 0. 1. 0. 0. 0. 1. 0. 0. 0. 0. 1. 0. 0. 0. 0. 1. 1. 0. 0. 0. 0. 0. 1. 0. 1. 1. 0. 0.],500,100,0.3,0.003,1,23,best,59,best
451,0.02727365699526079,0.02727365699526079,0.003002937272757743,[0.         0.         0.         0.         0.095929   0.         0.         0.         0.01       0.         0.         0.         0.         0.01       0.         0.         0.         0.         0.01276897 0.01       0.         0.         0.         0.         0.         0.17848241 0.         0.35237537 0.01       0.         0.        ],[0. 0. 0. 0. 1. 0. 0. 0. 1. 0. 0. 0. 0. 1. 0. 0. 0. 0. 1. 1. 0. 0. 0. 0. 0. 1. 0. 1. 1. 0. 0.],500,100,0.3,0.003,1,23,best,59,best
452,0.02727365699526079,0.02727365699526079,0.003002937272757743,[0.         0.         0.         0.         0.095929   0.         0.         0.         0.01       0.         0.         0.         0.         0.01       0.         0.         0.         0.         0.01276897 0.01       0.         0.         0.         0.         0.         0.17848241 0.         0.35237537 0.01       0.         0.        ],[0. 0. 0. 0. 1. 0. 0. 0. 1. 0. 0. 0. 0. 1. 0. 0. 0. 0. 1. 1. 0. 0. 0. 0. 0. 1. 0. 1. 1. 0. 0.],500,100,0.3,0.003,1,23,best,59,best
453,0.02727365699526079,0.02727365699526079,0.003002937272757743,[0.         0.         0.         0.         0.095929   0.         0.         0.         0.01       0.         0.         0.         0.         0.01       0.         0.         0.         0.         0.01276897 0.01       0.         0.         0.         0.         0.         0.17848241 0.         0.35237537 0.01       0.         0.        ],[0. 0. 0. 0. 1. 0. 0. 0. 1. 0. 0. 0. 0. 1. 0. 0. 0. 0. 1. 1. 0. 0. 0. 0. 0. 1. 0. 1. 1. 0. 0.],500,100,0.3,0.003,1,23,best,59,best
454,0.02727365699526079,0.02727365699526079,0.003002937272757743,[0.         0.         0.         0.         0.095929   0.         0.         0.         0.01       0.         0.         0.         0.         0.01       0.         0.         0.         0.         0.01276897 0.01       0.         0.         0.         0.         0.         0.17848241 0.         0.35237537 0.01       0.         0.        ],[0. 0. 0. 0. 1. 0. 0. 0. 1. 0. 0. 0. 0. 1. 0. 0. 0. 0. 1. 1. 0. 0. 0. 0. 0. 1. 0. 1. 1. 0. 0.],500,100,0.3,0.003,1,23,best,59,best
455,0.02727365699526079,0.02727365699526079,0.003002937272757743,[0.         0.         0.         0.         0.095929   0.         0.         0.         0.01       0.         0.         0.         0.         0.01       0.         0.         0.         0.         0.01276897 0.01       0.         0.         0.         0.         0.         0.17848241 0.         0.35237537 0.01       0.         0.        ],[0. 0. 0. 0. 1. 0. 0. 0. 1. 0. 0. 0. 0. 1. 0. 0. 0. 0. 1. 1. 0. 0. 0. 0. 0. 1. 0. 1. 1. 0. 0.],500,100,0.3,0.003,1,23,best,59,best
456,0.02727365699526079,0.02727365699526079,0.003002937272757743,[0.         0.         0.         0.         0.095929   0.         0.         0.         0.01       0.         0.         0.         0.         0.01       0.         0.         0.         0.         0.01276897 0.01       0.         0.         0.         0.         0.         0.17848241 0.         0.35237537 0.01       0.         0.        ],[0. 0. 0. 0. 1. 0. 0. 0. 1. 0. 0. 0. 0. 1. 0. 0. 0. 0. 1. 1. 0. 0. 0. 0. 0. 1. 0. 1. 1. 0. 0.],500,100,0.3,0.003,1,23,best,59,best
457,0.02727365699526079,0.02727365699526079,0.003002937272757743,[0.         0.         0.         0.         0.095929   0.         0.         0.         0.01       0.         0.         0.         0.         0.01       0.         0.         0.         0.         0.01276897 0.01       0.         0.         0.         0.         0.         0.17848241 0.         0.35237537 0.01       0.         0.        ],[0. 0. 0. 0. 1. 0. 0. 0. 1. 0. 0. 0. 0. 1. 0. 0. 0. 0. 1. 1. 0. 0. 0. 0. 0. 1. 0. 1. 1. 0. 0.],500,100,0.3,0.003,1,23,best,59,best
458,0.02727365699526079,0.02727365699526079,0.003002937272757743,[0.         0.         0.         0.         0.095929   0.         0.         0.         0.01       0.         0.         0.         0.         0.01       0.         0.         0.         0.         0.01276897 0.01       0.         0.         0.         0.         0.         0.17848241 0.         0.35237537 0.01       0.         0.        ],[0. 0. 0. 0. 1. 0. 0. 0. 1. 0. 0. 0. 0. 1. 0. 0. 0. 0. 1. 1. 0. 0. 0. 0. 0. 1. 0. 1. 1. 0. 0.],500,100,0.3,0.003,1,23,best,59,best
459,0.02727365699526079,0.02727365699526079,0.003002937272757743,[0.         0.         0.         0.         0.095929   0.         0.         0.         0.01       0.         0.         0.         0.         0.01       0.         0.         0.         0.         0.01276897 0.01       0.         0.         0.         0.         0.         0.17848241 0.         0.35237537 0.01       0.         0.        ],[0. 0. 0. 0. 1. 0. 0. 0. 1. 0. 0. 0. 0. 1. 0. 0. 0. 0. 1. 1. 0. 0. 0. 0. 0. 1. 0. 1. 1. 0. 0.],500,100,0.3,0.003,1,23,best,59,best
460,0.02727365699526079,0.02727365699526079,0.003002937272757743,[0.         0.         0.         0.         0.095929   0.         0.         0.         0.01       0.         0.         0.         0.         0.01       0.         0.         0.         0.         0.01276897 0.01       0.         0.         0.         0.         0.         0.17848241 0.         0.35237537 0.01       0.         0.        ],[0. 0. 0. 0. 1. 0. 0. 0. 1. 0. 0. 0. 0. 1. 0. 0. 0. 0. 1. 1. 0. 0. 0. 0. 0. 1. 0. 1. 1. 0. 0.],500,100,0.3,0.003,1,23,best,59,best
461,0.02727365699526079,0.02727365699526079,0.003002937272757743,[0.         0.         0.         0.         0.095929   0.         0.         0.         0.01       0.         0.         0.         0.         0.01       0.         0.         0.         0.         0.01276897 0.01       0.         0.         0.         0.         0.         0.17848241 0.         0.35237537 0.01       0.         0.        ],[0. 0. 0. 0. 1. 0. 0. 0. 1. 0. 0. 0. 0. 1. 0. 0. 0. 0. 1. 1. 0. 0. 0. 0. 0. 1. 0. 1. 1. 0. 0.],500,100,0.3,0.003,1,23,best,59,best
462,0.02727365699526079,0.02727365699526079,0.003002937272757743,[0.         0.         0.         0.         0.095929   0.         0.         0.         0.01       0.         0.         0.         0.         0.01       0.         0.         0.         0.         0.01276897 0.01       0.         0.         0.         0.         0.         0.17848241 0.         0.35237537 0.01       0.         0.        ],[0. 0. 0. 0. 1. 0. 0. 0. 1. 0. 0. 0. 0. 1. 0. 0. 0. 0. 1. 1. 0. 0. 0. 0. 0. 1. 0. 1. 1. 0. 0.],500,100,0.3,0.003,1,23,best,59,best
463,0.02727365699526079,0.02727365699526079,0.003002937272757743,[0.         0.         0.         0.         0.095929   0.         0.         0.         0.01       0.         0.         0.         0.         0.01       0.         0.         0.         0.         0.01276897 0.01       0.         0.         0.         0.         0.         0.17848241 0.         0.35237537 0.01       0.         0.        ],[0. 0. 0. 0. 1. 0. 0. 0. 1. 0. 0. 0. 0. 1. 0. 0. 0. 0. 1. 1. 0. 0. 0. 0. 0. 1. 0. 1. 1. 0. 0.],500,100,0.3,0.003,1,23,best,59,best
464,0.02727365699526079,0.02727365699526079,0.003002937272757743,[0.         0.         0.         0.         0.095929   0.         0.         0.         0.01       0.         0.         0.         0.         0.01       0.         0.         0.         0.         0.01276897 0.01       0.         0.         0.         0.         0.         0.17848241 0.         0.35237537 0.01       0.         0.        ],[0. 0. 0. 0. 1. 0. 0. 0. 1. 0. 0. 0. 0. 1. 0. 0. 0. 0. 1. 1. 0. 0. 0. 0. 0. 1. 0. 1. 1. 0. 0.],500,100,0.3,0.003,1,23,best,59,best
465,0.02727365699526079,0.02727365699526079,0.003002937272757743,[0.         0.         0.         0.         0.095929   0.         0.         0.         0.01       0.         0.         0.         0.         0.01       0.         0.         0.         0.         0.01276897 0.01       0.         0.         0.         0.         0.         0.17848241 0.         0.35237537 0.01       0.         0.        ],[0. 0. 0. 0. 1. 0. 0. 0. 1. 0. 0. 0. 0. 1. 0. 0. 0. 0. 1. 1. 0. 0. 0. 0. 0. 1. 0. 1. 1. 0. 0.],500,100,0.3,0.003,1,23,best,59,best
466,0.02727365699526079,0.02727365699526079,0.003002937272757743,[0.         0.         0.         0.         0.095929   0.         0.         0.         0.01       0.         0.         0.         0.         0.01       0.         0.         0.         0.         0.01276897 0.01       0.         0.         0.         0.         0.         0.17848241 0.         0.35237537 0.01       0.         0.        ],[0. 0. 0. 0. 1. 0. 0. 0. 1. 0. 0. 0. 0. 1. 0. 0. 0. 0. 1. 1. 0. 0. 0. 0. 0. 1. 0. 1. 1. 0. 0.],500,100,0.3,0.003,1,23,best,59,best
467,0.02727365699526079,0.02727365699526079,0.003002937272757743,[0.         0.         0.         0.         0.095929   0.         0.         0.         0.01       0.         0.         0.         0.         0.01       0.         0.         0.         0.         0.01276897 0.01       0.         0.         0.         0.         0.         0.17848241 0.         0.35237537 0.01       0.         0.        ],[0. 0. 0. 0. 1. 0. 0. 0. 1. 0. 0. 0. 0. 1. 0. 0. 0. 0. 1. 1. 0. 0. 0. 0. 0. 1. 0. 1. 1. 0. 0.],500,100,0.3,0.003,1,23,best,59,best
468,0.02727365699526079,0.02727365699526079,0.003002937272757743,[0.         0.         0.         0.         0.095929   0.         0.         0.         0.01       0.         0.         0.         0.         0.01       0.         0.         0.         0.         0.01276897 0.01       0.         0.         0.         0.         0.         0.17848241 0.         0.35237537 0.01       0.         0.        ],[0. 0. 0. 0. 1. 0. 0. 0. 1. 0. 0. 0. 0. 1. 0. 0. 0. 0. 1. 1. 0. 0. 0. 0. 0. 1. 0. 1. 1. 0. 0.],500,100,0.3,0.003,1,23,best,59,best
469,0.02727365699526079,0.02727365699526079,0.003002937272757743,[0.         0.         0.         0.         0.095929   0.         0.         0.         0.01       0.         0.         0.         0.         0.01       0.         0.         0.         0.         0.01276897 0.01       0.         0.         0.         0.         0.         0.17848241 0.         0.35237537 0.01       0.         0.        ],[0. 0. 0. 0. 1. 0. 0. 0. 1. 0. 0. 0. 0. 1. 0. 0. 0. 0. 1. 1. 0. 0. 0. 0. 0. 1. 0. 1. 1. 0. 0.],500,100,0.3,0.003,1,23,best,59,best
470,0.02727365699526079,0.02727365699526079,0.003002937272757743,[0.         0.         0.         0.         0.095929   0.         0.         0.         0.01       0.         0.         0.         0.         0.01       0.         0.         0.         0.         0.01276897 0.01       0.         0.         0.         0.         0.         0.17848241 0.         0.35237537 0.01       0.         0.        ],[0. 0. 0. 0. 1. 0. 0. 0. 1. 0. 0. 0. 0. 1. 0. 0. 0. 0. 1. 1. 0. 0. 0. 0. 0. 1. 0. 1. 1. 0. 0.],500,100,0.3,0.003,1,23,best,59,best
471,0.02727365699526079,0.02727365699526079,0.003002937272757743,[0.         0.         0.         0.         0.095929   0.         0.         0.         0.01       0.         0.         0.         0.         0.01       0.         0.         0.         0.         0.01276897 0.01       0.         0.         0.         0.         0.         0.17848241 0.         0.35237537 0.01       0.         0.        ],[0. 0. 0. 0. 1. 0. 0. 0. 1. 0. 0. 0. 0. 1. 0. 0. 0. 0. 1. 1. 0. 0. 0. 0. 0. 1. 0. 1. 1. 0. 0.],500,100,0.3,0.003,1,23,best,59,best
472,0.02727365699526079,0.02727365699526079,0.003002937272757743,[0.         0.         0.         0.         0.095929   0.         0.         0.         0.01       0.         0.         0.         0.         0.01       0.         0.         0.         0.         0.01276897 0.01       0.         0.         0.         0.         0.         0.17848241 0.         0.35237537 0.01       0.         0.        ],[0. 0. 0. 0. 1. 0. 0. 0. 1. 0. 0. 0. 0. 1. 0. 0. 0. 0. 1. 1. 0. 0. 0. 0. 0. 1. 0. 1. 1. 0. 0.],500,100,0.3,0.003,1,23,best,59,best
473,0.02727365699526079,0.02727365699526079,0.003002937272757743,[0.         0.         0.         0.         0.095929   0.         0.         0.         0.01       0.         0.         0.         0.         0.01       0.         0.         0.         0.         0.01276897 0.01       0.         0.         0.         0.         0.         0.17848241 0.         0.35237537 0.01       0.         0.        ],[0. 0. 0. 0. 1. 0. 0. 0. 1. 0. 0. 0. 0. 1. 0. 0. 0. 0. 1. 1. 0. 0. 0. 0. 0. 1. 0. 1. 1. 0. 0.],500,100,0.3,0.003,1,23,best,59,best
474,0.02727365699526079,0.02727365699526079,0.003002937272757743,[0.         0.         0.         0.         0.095929   0.         0.         0.         0.01       0.         0.         0.         0.         0.01       0.         0.         0.         0.         0.01276897 0.01       0.         0.         0.         0.         0.         0.17848241 0.         0.35237537 0.01       0.         0.        ],[0. 0. 0. 0. 1. 0. 0. 0. 1. 0. 0. 0. 0. 1. 0. 0. 0. 0. 1. 1. 0. 0. 0. 0. 0. 1. 0. 1. 1. 0. 0.],500,100,0.3,0.003,1,23,best,59,best
475,0.02727365699526079,0.02727365699526079,0.003002937272757743,[0.         0.         0.         0.         0.095929   0.         0.         0.         0.01       0.         0.         0.         0.         0.01       0.         0.         0.         0.         0.01276897 0.01       0.         0.         0.         0.         0.         0.17848241 0.         0.35237537 0.01       0.         0.        ],[0. 0. 0. 0. 1. 0. 0. 0. 1. 0. 0. 0. 0. 1. 0. 0. 0. 0. 1. 1. 0. 0. 0. 0. 0. 1. 0. 1. 1. 0. 0.],500,100,0.3,0.003,1,23,best,59,best
476,0.02727365699526079,0.02727365699526079,0.003002937272757743,[0.         0.         0.         0.         0.095929   0.         0.         0.         0.01       0.         0.         0.         0.         0.01       0.         0.         0.         0.         0.01276897 0.01       0.         0.         0.         0.         0.         0.17848241 0.         0.35237537 0.01       0.         0.        ],[0. 0. 0. 0. 1. 0. 0. 0. 1. 0. 0. 0. 0. 1. 0. 0. 0. 0. 1. 1. 0. 0. 0. 0. 0. 1. 0. 1. 1. 0. 0.],500,100,0.3,0.003,1,23,best,59,best
477,0.02727365699526079,0.02727365699526079,0.003002937272757743,[0.         0.         0.         0.         0.095929   0.         0.         0.         0.01       0.         0.         0.         0.         0.01       0.         0.         0.         0.         0.01276897 0.01       0.         0.         0.         0.         0.         0.17848241 0.         0.35237537 0.01       0.         0.        ],[0. 0. 0. 0. 1. 0. 0. 0. 1. 0. 0. 0. 0. 1. 0. 0. 0. 0. 1. 1. 0. 0. 0. 0. 0. 1. 0. 1. 1. 0. 0.],500,100,0.3,0.003,1,23,best,59,best
478,0.02727365699526079,0.02727365699526079,0.003002937272757743,[0.         0.         0.         0.         0.095929   0.         0.         0.         0.01       0.         0.         0.         0.         0.01       0.         0.         0.         0.         0.01276897 0.01       0.         0.         0.         0.         0.         0.17848241 0.         0.35237537 0.01       0.         0.        ],[0. 0. 0. 0. 1. 0. 0. 0. 1. 0. 0. 0. 0. 1. 0. 0. 0. 0. 1. 1. 0. 0. 0. 0. 0. 1. 0. 1. 1. 0. 0.],500,100,0.3,0.003,1,23,best,59,best
479,0.02727365699526079,0.02727365699526079,0.003002937272757743,[0.         0.         0.         0.         0.095929   0.         0.         0.         0.01       0.         0.         0.         0.         0.01       0.         0.         0.         0.         0.01276897 0.01       0.         0.         0.         0.         0.         0.17848241 0.         0.35237537 0.01       0.         0.        ],[0. 0. 0. 0. 1. 0. 0. 0. 1. 0. 0. 0. 0. 1. 0. 0. 0. 0. 1. 1. 0. 0. 0. 0. 0. 1. 0. 1. 1. 0. 0.],500,100,0.3,0.003,1,23,best,59,best
480,0.02727365699526079,0.02727365699526079,0.003002937272757743,[0.         0.         0.         0.         0.095929   0.         0.         0.         0.01       0.         0.         0.         0.         0.01       0.         0.         0.         0.         0.01276897 0.01       0.         0.         0.         0.         0.         0.17848241 0.         0.35237537 0.01       0.         0.        ],[0. 0. 0. 0. 1. 0. 0. 0. 1. 0. 0. 0. 0. 1. 0. 0. 0. 0. 1. 1. 0. 0. 0. 0. 0. 1. 0. 1. 1. 0. 0.],500,100,0.3,0.003,1,23,best,59,best
481,0.02727365699526079,0.02727365699526079,0.003002937272757743,[0.         0.         0.         0.         0.095929   0.         0.         0.         0.01       0.         0.         0.         0.         0.01       0.         0.         0.         0.         0.01276897 0.01       0.         0.         0.         0.         0.         0.17848241 0.         0.35237537 0.01       0.         0.        ],[0. 0. 0. 0. 1. 0. 0. 0. 1. 0. 0. 0. 0. 1. 0. 0. 0. 0. 1. 1. 0. 0. 0. 0. 0. 1. 0. 1. 1. 0. 0.],500,100,0.3,0.003,1,23,best,59,best
482,0.02727365699526079,0.02727365699526079,0.003002937272757743,[0.         0.         0.         0.         0.095929   0.         0.         0.         0.01       0.         0.         0.         0.         0.01       0.         0.         0.         0.         0.01276897 0.01       0.         0.         0.         0.         0.         0.17848241 0.         0.35237537 0.01       0.         0.        ],[0. 0. 0. 0. 1. 0. 0. 0. 1. 0. 0. 0. 0. 1. 0. 0. 0. 0. 1. 1. 0. 0. 0. 0. 0. 1. 0. 1. 1. 0. 0.],500,100,0.3,0.003,1,23,best,59,best
483,0.02727365699526079,0.02727365699526079,0.003002937272757743,[0.         0.         0.         0.         0.095929   0.         0.         0.         0.01       0.         0.         0.         0.         0.01       0.         0.         0.         0.         0.01276897 0.01       0.         0.         0.         0.         0.         0.17848241 0.         0.35237537 0.01       0.         0.        ],[0. 0. 0. 0. 1. 0. 0. 0. 1. 0. 0. 0. 0. 1. 0. 0. 0. 0. 1. 1. 0. 0. 0. 0. 0. 1. 0. 1. 1. 0. 0.],500,100,0.3,0.003,1,23,best,59,best
484,0.02727365699526079,0.02727365699526079,0.003002937272757743,[0.         0.         0.         0.         0.095929   0.         0.         0.         0.01       0.         0.         0.         0.         0.01       0.         0.         0.         0.         0.01276897 0.01       0.         0.         0.         0.         0.         0.17848241 0.         0.35237537 0.01       0.         0.        ],[0. 0. 0. 0. 1. 0. 0. 0. 1. 0. 0. 0. 0. 1. 0. 0. 0. 0. 1. 1. 0. 0. 0. 0. 0. 1. 0. 1. 1. 0. 0.],500,100,0.3,0.003,1,23,best,59,best
485,0.02727365699526079,0.02727365699526079,0.003002937272757743,[0.         0.         0.         0.         0.095929   0.         0.         0.         0.01       0.         0.         0.         0.         0.01       0.         0.         0.         0.         0.01276897 0.01       0.         0.         0.         0.         0.         0.17848241 0.         0.35237537 0.01       0.         0.        ],[0. 0. 0. 0. 1. 0. 0. 0. 1. 0. 0. 0. 0. 1. 0. 0. 0. 0. 1. 1. 0. 0. 0. 0. 0. 1. 0. 1. 1. 0. 0.],500,100,0.3,0.003,1,23,best,59,best
486,0.02727365699526079,0.02727365699526079,0.003002937272757743,[0.         0.         0.         0.         0.095929   0.         0.         0.         0.01       0.         0.         0.         0.         0.01       0.         0.         0.         0.         0.01276897 0.01       0.         0.         0.         0.         0.         0.17848241 0.         0.35237537 0.01       0.         0.        ],[0. 0. 0. 0. 1. 0. 0. 0. 1. 0. 0. 0. 0. 1. 0. 0. 0. 0. 1. 1. 0. 0. 0. 0. 0. 1. 0. 1. 1. 0. 0.],500,100,0.3,0.003,1,23,best,59,best
487,0.02727365699526079,0.02727365699526079,0.003002937272757743,[0.         0.         0.         0.         0.095929   0.         0.         0.         0.01       0.         0.         0.         0.         0.01       0.         0.         0.         0.         0.01276897 0.01       0.         0.         0.         0.         0.         0.17848241 0.         0.35237537 0.01       0.         0.        ],[0. 0. 0. 0. 1. 0. 0. 0. 1. 0. 0. 0. 0. 1. 0. 0. 0. 0. 1. 1. 0. 0. 0. 0. 0. 1. 0. 1. 1. 0. 0.],500,100,0.3,0.003,1,23,best,59,best
488,0.02727365699526079,0.02727365699526079,0.003002937272757743,[0.         0.         0.         0.         0.095929   0.         0.         0.         0.01       0.         0.         0.         0.         0.01       0.         0.         0.         0.         0.01276897 0.01       0.         0.         0.         0.         0.         0.17848241 0.         0.35237537 0.01       0.         0.        ],[0. 0. 0. 0. 1. 0. 0. 0. 1. 0. 0. 0. 0. 1. 0. 0. 0. 0. 1. 1. 0. 0. 0. 0. 0. 1. 0. 1. 1. 0. 0.],500,100,0.3,0.003,1,23,best,59,best
489,0.02727365699526079,0.02727365699526079,0.003002937272757743,[0.         0.         0.         0.         0.095929   0.         0.         0.         0.01       0.         0.         0.         0.         0.01       0.         0.         0.         0.         0.01276897 0.01       0.         0.         0.         0.         0.         0.17848241 0.         0.35237537 0.01       0.         0.        ],[0. 0. 0. 0. 1. 0. 0. 0. 1. 0. 0. 0. 0. 1. 0. 0. 0. 0. 1. 1. 0. 0. 0. 0. 0. 1. 0. 1. 1. 0. 0.],500,100,0.3,0.003,1,23,best,59,best
490,0.02727365699526079,0.02727365699526079,0.003002937272757743,[0.         0.         0.         0.         0.095929   0.         0.         0.         0.01       0.         0.         0.         0.         0.01       0.         0.         0.         0.         0.01276897 0.01       0.         0.         0.         0.         0.         0.17848241 0.         0.35237537 0.01       0.         0.        ],[0. 0. 0. 0. 1. 0. 0. 0. 1. 0. 0. 0. 0. 1. 0. 0. 0. 0. 1. 1. 0. 0. 0. 0. 0. 1. 0. 1. 1. 0. 0.],500,100,0.3,0.003,1,23,best,59,best
491,0.02727365699526079,0.02727365699526079,0.003002937272757743,[0.         0.         0.         0.         0.095929   0.         0.         0.         0.01       0.         0.         0.         0.         0.01       0.         0.         0.         0.         0.01276897 0.01       0.         0.         0.         0.         0.         0.17848241 0.         0.35237537 0.01       0.         0.        ],[0. 0. 0. 0. 1. 0. 0. 0. 1. 0. 0. 0. 0. 1. 0. 0. 0. 0. 1. 1. 0. 0. 0. 0. 0. 1. 0. 1. 1. 0. 0.],500,100,0.3,0.003,1,23,best,59,best
492,0.02727365699526079,0.02727365699526079,0.003002937272757743,[0.         0.         0.         0.         0.095929   0.         0.         0.         0.01       0.         0.         0.         0.         0.01       0.         0.         0.         0.         0.01276897 0.01       0.         0.         0.         0.         0.         0.17848241 0.         0.35237537 0.01       0.         0.        ],[0. 0. 0. 0. 1. 0. 0. 0. 1. 0. 0. 0. 0. 1. 0. 0. 0. 0. 1. 1. 0. 0. 0. 0. 0. 1. 0. 1. 1. 0. 0.],500,100,0.3,0.003,1,23,best,59,best
493,0.02727365699526079,0.02727365699526079,0.003002937272757743,[0.         0.         0.         0.         0.095929   0.         0.         0.         0.01       0.         0.         0.         0.         0.01       0.         0.         0.         0.         0.01276897 0.01       0.         0.         0.         0.         0.         0.17848241 0.         0.35237537 0.01       0.         0.        ],[0. 0. 0. 0. 1. 0. 0. 0. 1. 0. 0. 0. 0. 1. 0. 0. 0. 0. 1. 1. 0. 0. 0. 0. 0. 1. 0. 1. 1. 0. 0.],500,100,0.3,0.003,1,23,best,59,best
494,0.02727365699526079,0.02727365699526079,0.003002937272757743,[0.         0.         0.         0.         0.095929   0.         0.         0.         0.01       0.         0.         0.         0.         0.01       0.         0.         0.         0.         0.01276897 0.01       0.         0.         0.         0.         0.         0.17848241 0.         0.35237537 0.01       0.         0.        ],[0. 0. 0. 0. 1. 0. 0. 0. 1. 0. 0. 0. 0. 1. 0. 0. 0. 0. 1. 1. 0. 0. 0. 0. 0. 1. 0. 1. 1. 0. 0.],500,100,0.3,0.003,1,23,best,59,best
495,0.02727365699526079,0.02727365699526079,0.003002937272757743,[0.         0.         0.         0.         0.095929   0.         0.         0.         0.01       0.         0.         0.         0.         0.01       0.         0.         0.         0.         0.01276897 0.01       0.         0.         0.         0.         0.         0.17848241 0.         0.35237537 0.01       0.         0.        ],[0. 0. 0. 0. 1. 0. 0. 0. 1. 0. 0. 0. 0. 1. 0. 0. 0. 0. 1. 1. 0. 0. 0. 0. 0. 1. 0. 1. 1. 0. 0.],500,100,0.3,0.003,1,23,best,59,best
496,0.02727365699526079,0.02727365699526079,0.003002937272757743,[0.         0.         0.         0.         0.095929   0.         0.         0.         0.01       0.         0.         0.         0.         0.01       0.         0.         0.         0.         0.01276897 0.01       0.         0.         0.         0.         0.         0.17848241 0.         0.35237537 0.01       0.         0.        ],[0. 0. 0. 0. 1. 0. 0. 0. 1. 0. 0. 0. 0. 1. 0. 0. 0. 0. 1. 1. 0. 0. 0. 0. 0. 1. 0. 1. 1. 0. 0.],500,100,0.3,0.003,1,23,best,59,best
497,0.02727365699526079,0.02727365699526079,0.003002937272757743,[0.         0.         0.         0.         0.095929   0.         0.         0.         0.01       0.         0.         0.         0.         0.01       0.         0.         0.         0.         0.01276897 0.01       0.         0.         0.         0.         0.         0.17848241 0.         0.35237537 0.01       0.         0.        ],[0. 0. 0. 0. 1. 0. 0. 0. 1. 0. 0. 0. 0. 1. 0. 0. 0. 0. 1. 1. 0. 0. 0. 0. 0. 1. 0. 1. 1. 0. 0.],500,100,0.3,0.003,1,23,best,59,best
498,0.02727365699526079,0.02727365699526079,0.003002937272757743,[0.         0.         0.         0.         0.095929   0.         0.         0.         0.01       0.         0.         0.         0.         0.01       0.         0.         0.         0.         0.01276897 0.01       0.         0.         0.         0.         0.         0.17848241 0.         0.35237537 0.01       0.         0.        ],[0. 0. 0. 0. 1. 0. 0. 0. 1. 0. 0. 0. 0. 1. 0. 0. 0. 0. 1. 1. 0. 0. 0. 0. 0. 1. 0. 1. 1. 0. 0.],500,100,0.3,0.003,1,23,best,59,best
499,0.02727365699526079,0.02727365699526079,0.003002937272757743,[0.         0.         0.         0.         0.095929   0.         0.         0.         0.01       0.         0.         0.         0.         0.01       0.         0.         0.         0.         0.01276897 0.01       0.         0.         0.         0.         0.         0.17848241 0.         0.35237537 0.01       0.         0.        ],[0. 0. 0. 0. 1. 0. 0. 0. 1. 0. 0. 0. 0. 1. 0. 0. 0. 0. 1. 1. 0. 0. 0. 0. 0. 1. 0. 1. 1. 0. 0.],500,100,0.3,0.003,1,23,best,59,best
