iter,obj,aug_obj,return,X,Z,max_iter,neighbours,alpha,exp_return,n_port,k,move_strategy,seed,selection_strategy
0,0.20362613092805532,0.20362613092805532,0.003109953855,[0.       0.044235 0.037154 0.       0.       0.       0.036294 0.036421 0.038459 0.       0.019223 0.021782 0.043946 0.015992 0.       0.032649 0.       0.030869 0.040499 0.018109 0.       0.       0.       0.028909 0.525663 0.       0.       0.029795 0.       0.       0.      ],[0. 1. 1. 0. 0. 0. 1. 1. 1. 0. 1. 1. 1. 1. 0. 1. 0. 1. 1. 1. 0. 0. 0. 1. 1. 0. 0. 1. 0. 0. 0.],500,100,0.1,0.001,1,16,iDR,51,first
1,0.15602315910962694,0.15602315910962694,0.0029748377260000003,[0.       0.030003 0.0252   0.       0.       0.       0.024617 0.024703 0.026086 0.       0.013038 0.014774 0.029807 0.010847 0.       0.022145 0.       0.020938 0.027469 0.012283 0.       0.       0.       0.019608 0.678271 0.       0.       0.020209 0.       0.       0.      ],[0. 1. 1. 0. 0. 0. 1. 1. 1. 0. 1. 1. 1. 1. 0. 1. 0. 1. 1. 1. 0. 0. 0. 1. 1. 0. 0. 1. 0. 0. 0.],500,100,0.1,0.001,1,16,iDR,51,first
2,0.148358983452345,0.148358983452345,0.002956750752,[0.       0.028097 0.023599 0.       0.       0.       0.023053 0.023134 0.024429 0.       0.01221  0.013836 0.027914 0.010158 0.       0.020738 0.       0.019608 0.025724 0.011503 0.       0.       0.       0.018363 0.698708 0.       0.       0.018925 0.       0.       0.      ],[0. 1. 1. 0. 0. 0. 1. 1. 1. 0. 1. 1. 1. 1. 0. 1. 0. 1. 1. 1. 0. 0. 0. 1. 1. 0. 0. 1. 0. 0. 0.],500,100,0.1,0.001,1,16,iDR,51,first
3,0.1358550599431845,0.1358550599431845,0.002818217151,[0.       0.028097 0.023599 0.       0.       0.       0.023053 0.023134 0.010158 0.       0.01221  0.013836 0.027914 0.       0.       0.020738 0.       0.019608 0.025724 0.011503 0.       0.       0.       0.018363 0.698708 0.       0.       0.018925 0.       0.       0.      ],[0. 1. 1. 0. 0. 0. 1. 1. 1. 0. 1. 1. 1. 0. 0. 1. 0. 1. 1. 1. 0. 0. 0. 1. 1. 0. 0. 1. 0. 0. 0.],500,100,0.1,0.001,1,16,iDR,51,first
4,0.134894439814597,0.134894439814597,0.0028131954224,[0.        0.028097  0.023599  0.        0.        0.        0.023053  0.023134  0.010158  0.        0.01221   0.013836  0.0251226 0.        0.        0.020738  0.        0.019608  0.025724  0.011503  0.        0.        0.        0.018363  0.7014994 0.        0.        0.018925  0.        0.        0.       ],[0. 1. 1. 0. 0. 0. 1. 1. 1. 0. 1. 1. 1. 0. 0. 1. 0. 1. 1. 1. 0. 0. 0. 1. 1. 0. 0. 1. 0. 0. 0.],500,100,0.1,0.001,1,16,iDR,51,first
5,0.12215511195560562,0.12215511195560562,0.0027074716224,[0.        0.028097  0.023599  0.        0.        0.        0.010158  0.023134  0.        0.        0.01221   0.013836  0.0251226 0.        0.        0.020738  0.        0.019608  0.025724  0.011503  0.        0.        0.        0.018363  0.7014994 0.        0.        0.018925  0.        0.        0.       ],[0. 1. 1. 0. 0. 0. 1. 1. 0. 0. 1. 1. 1. 0. 0. 1. 0. 1. 1. 1. 0. 0. 0. 1. 1. 0. 0. 1. 0. 0. 0.],500,100,0.1,0.001,1,16,iDR,51,first
6,0.12092893065006026,0.12092893065006026,0.0027103105821,[0.        0.028097  0.0212391 0.        0.        0.        0.010158  0.023134  0.        0.        0.01221   0.013836  0.0251226 0.        0.        0.020738  0.        0.019608  0.025724  0.011503  0.        0.        0.        0.018363  0.7038593 0.        0.        0.018925  0.        0.        0.       ],[0. 1. 1. 0. 0. 0. 1. 1. 0. 0. 1. 1. 1. 0. 0. 1. 0. 1. 1. 1. 0. 0. 0. 1. 1. 0. 0. 1. 0. 0. 0.],500,100,0.1,0.001,1,16,iDR,51,first
7,0.12001074942015647,0.12001074942015647,0.0027081951645,[0.        0.028097  0.0212391 0.        0.        0.        0.010158  0.023134  0.        0.        0.01221   0.013836  0.0251226 0.        0.        0.020738  0.        0.019608  0.025724  0.011503  0.        0.        0.        0.0165267 0.7056956 0.        0.        0.018925  0.        0.        0.       ],[0. 1. 1. 0. 0. 0. 1. 1. 0. 0. 1. 1. 1. 0. 0. 1. 0. 1. 1. 1. 0. 0. 0. 1. 1. 0. 0. 1. 0. 0. 0.],500,100,0.1,0.001,1,16,iDR,51,first
8,0.10602152721332707,0.10602152721332707,0.0026653677168,[0.        0.028097  0.010158  0.        0.        0.        0.        0.023134  0.        0.        0.01221   0.013836  0.0251226 0.        0.        0.020738  0.        0.019608  0.025724  0.011503  0.        0.        0.        0.0165267 0.7056956 0.        0.        0.018925  0.        0.        0.       ],[0. 1. 1. 0. 0. 0. 0. 1. 0. 0. 1. 1. 1. 0. 0. 1. 0. 1. 1. 1. 0. 0. 0. 1. 1. 0. 0. 1. 0. 0. 0.],500,100,0.1,0.001,1,16,iDR,51,first
9,0.10228611487316486,0.10228611487316486,0.0026981927708,[0.        0.028097  0.        0.        0.        0.        0.        0.023134  0.        0.        0.01221   0.013836  0.0251226 0.        0.        0.020738  0.        0.019608  0.025724  0.011503  0.        0.        0.        0.0165267 0.7056956 0.01      0.        0.018925  0.        0.        0.       ],[0. 1. 0. 0. 0. 0. 0. 1. 0. 0. 1. 1. 1. 0. 0. 1. 0. 1. 1. 1. 0. 0. 0. 1. 1. 1. 0. 1. 0. 0. 0.],500,100,0.1,0.001,1,16,iDR,51,first
10,0.09708794953392928,0.09708794953392928,0.0026303078988000003,[0.        0.028097  0.        0.        0.        0.        0.        0.023134  0.        0.        0.01221   0.01      0.0251226 0.        0.        0.020738  0.        0.019608  0.025724  0.011503  0.        0.        0.        0.0165267 0.7056956 0.        0.        0.018925  0.        0.        0.       ],[0. 1. 0. 0. 0. 0. 0. 1. 0. 0. 1. 1. 1. 0. 0. 1. 0. 1. 1. 1. 0. 0. 0. 1. 1. 0. 0. 1. 0. 0. 0.],500,100,0.1,0.001,1,16,iDR,51,first
11,0.08399349358711826,0.08399349358711826,0.0025132745988,[0.        0.028097  0.        0.        0.        0.        0.        0.01      0.        0.        0.01221   0.        0.0251226 0.        0.        0.020738  0.        0.019608  0.025724  0.011503  0.        0.        0.        0.0165267 0.7056956 0.        0.        0.018925  0.        0.        0.       ],[0. 1. 0. 0. 0. 0. 0. 1. 0. 0. 1. 0. 1. 0. 0. 1. 0. 1. 1. 1. 0. 0. 0. 1. 1. 0. 0. 1. 0. 0. 0.],500,100,0.1,0.001,1,16,iDR,51,first
12,0.08124883855298323,0.08124883855298323,0.0025117045988,[0.        0.028097  0.        0.        0.        0.        0.        0.        0.        0.        0.01221   0.        0.0251226 0.        0.        0.020738  0.        0.019608  0.025724  0.011503  0.        0.        0.        0.0165267 0.7056956 0.01      0.        0.018925  0.        0.        0.       ],[0. 1. 0. 0. 0. 0. 0. 0. 0. 0. 1. 0. 1. 0. 0. 1. 0. 1. 1. 1. 0. 0. 0. 1. 1. 1. 0. 1. 0. 0. 0.],500,100,0.1,0.001,1,16,iDR,51,first
13,0.06898508334400473,0.06898508334400473,0.0023881834298,[0.        0.01      0.        0.        0.        0.        0.        0.        0.        0.        0.01221   0.        0.0251226 0.        0.        0.020738  0.        0.019608  0.025724  0.011503  0.        0.        0.        0.0165267 0.7056956 0.        0.        0.018925  0.        0.        0.       ],[0. 1. 0. 0. 0. 0. 0. 0. 0. 0. 1. 0. 1. 0. 0. 1. 0. 1. 1. 1. 0. 0. 0. 1. 1. 0. 0. 1. 0. 0. 0.],500,100,0.1,0.001,1,16,iDR,51,first
14,0.05680437224229215,0.05680437224229215,0.0022631705738000002,[0.        0.        0.        0.        0.        0.        0.        0.        0.        0.        0.01221   0.        0.0251226 0.        0.        0.020738  0.        0.019608  0.01      0.011503  0.        0.        0.        0.0165267 0.7056956 0.        0.        0.018925  0.        0.        0.       ],[0. 0. 0. 0. 0. 0. 0. 0. 0. 0. 1. 0. 1. 0. 0. 1. 0. 1. 1. 1. 0. 0. 0. 1. 1. 0. 0. 1. 0. 0. 0.],500,100,0.1,0.001,1,16,iDR,51,first
15,0.05604700014896309,0.05604700014896309,0.0022676764922,[0.        0.        0.        0.        0.        0.        0.        0.        0.        0.        0.01221   0.        0.0251226 0.        0.        0.020738  0.        0.0176472 0.01      0.011503  0.        0.        0.        0.0165267 0.7076564 0.        0.        0.018925  0.        0.        0.       ],[0. 0. 0. 0. 0. 0. 0. 0. 0. 0. 1. 0. 1. 0. 0. 1. 0. 1. 1. 1. 0. 0. 0. 1. 1. 0. 0. 1. 0. 0. 0.],500,100,0.1,0.001,1,16,iDR,51,first
16,0.05433310373810009,0.05433310373810009,0.0022626664922000004,[0.        0.        0.        0.        0.        0.        0.        0.        0.        0.        0.01221   0.        0.0251226 0.        0.        0.020738  0.        0.0176472 0.        0.011503  0.        0.        0.        0.0165267 0.7076564 0.01      0.        0.018925  0.        0.        0.       ],[0. 0. 0. 0. 0. 0. 0. 0. 0. 0. 1. 0. 1. 0. 0. 1. 0. 1. 0. 1. 0. 0. 0. 1. 1. 1. 0. 1. 0. 0. 0.],500,100,0.1,0.001,1,16,iDR,51,first
17,0.04784984884841323,0.04784984884841323,0.0021896609108,[0.        0.        0.        0.        0.        0.        0.        0.        0.        0.        0.01221   0.        0.0251226 0.        0.        0.020738  0.        0.0176472 0.        0.011503  0.        0.        0.        0.01      0.7076564 0.        0.        0.018925  0.        0.        0.       ],[0. 0. 0. 0. 0. 0. 0. 0. 0. 0. 1. 0. 1. 0. 0. 1. 0. 1. 0. 1. 0. 0. 0. 1. 1. 0. 0. 1. 0. 0. 0.],500,100,0.1,0.001,1,16,iDR,51,first
18,0.037763710187439,0.037763710187439,0.0021497268528,[0.        0.        0.        0.        0.        0.        0.        0.        0.        0.        0.01221   0.        0.0251226 0.        0.        0.01      0.        0.0176472 0.        0.011503  0.        0.        0.        0.        0.7076564 0.        0.        0.018925  0.        0.        0.       ],[0. 0. 0. 0. 0. 0. 0. 0. 0. 0. 1. 0. 1. 0. 0. 1. 0. 1. 0. 1. 0. 0. 0. 0. 1. 0. 0. 1. 0. 0. 0.],500,100,0.1,0.001,1,16,iDR,51,first
19,0.03741338204341687,0.03741338204341687,0.0021468936639,[0.        0.        0.        0.        0.        0.        0.        0.        0.        0.        0.01221   0.        0.0251226 0.        0.        0.01      0.        0.0176472 0.        0.0103527 0.        0.        0.        0.        0.7076564 0.        0.        0.0200753 0.        0.        0.       ],[0. 0. 0. 0. 0. 0. 0. 0. 0. 0. 1. 0. 1. 0. 0. 1. 0. 1. 0. 1. 0. 0. 0. 0. 1. 0. 0. 1. 0. 0. 0.],500,100,0.1,0.001,1,16,iDR,51,first
20,0.034293297108565136,0.034293297108565136,0.0021451203512,[0.        0.        0.        0.        0.        0.        0.        0.        0.        0.        0.01221   0.        0.0251226 0.        0.        0.01      0.        0.0176472 0.        0.        0.        0.        0.        0.        0.7076564 0.01      0.        0.0200753 0.        0.        0.       ],[0. 0. 0. 0. 0. 0. 0. 0. 0. 0. 1. 0. 1. 0. 0. 1. 0. 1. 0. 0. 0. 0. 0. 0. 1. 1. 0. 1. 0. 0. 0.],500,100,0.1,0.001,1,16,iDR,51,first
21,0.033982938775823965,0.033982938775823965,0.0021528868839200003,[0.         0.         0.         0.         0.         0.         0.         0.         0.         0.         0.01221    0.         0.0251226  0.         0.         0.01       0.         0.01588248 0.         0.         0.         0.         0.         0.         0.7076564  0.01176472 0.         0.0200753  0.         0.         0.        ],[0. 0. 0. 0. 0. 0. 0. 0. 0. 0. 1. 0. 1. 0. 0. 1. 0. 1. 0. 0. 0. 0. 0. 0. 1. 1. 0. 1. 0. 0. 0.],500,100,0.1,0.001,1,16,iDR,51,first
22,0.027398837310665374,0.027398837310665374,0.0021491709517600004,[0.         0.         0.         0.         0.         0.         0.         0.         0.         0.         0.01221    0.         0.0251226  0.         0.         0.         0.         0.01       0.         0.         0.         0.         0.         0.         0.7076564  0.01176472 0.         0.0200753  0.         0.         0.        ],[0. 0. 0. 0. 0. 0. 0. 0. 0. 0. 1. 0. 1. 0. 0. 0. 0. 1. 0. 0. 0. 0. 0. 0. 1. 1. 0. 1. 0. 0. 0.],500,100,0.1,0.001,1,16,iDR,51,first
23,0.026457119884239374,0.026457119884239374,0.00221640095176,[0.         0.         0.         0.         0.         0.         0.         0.         0.01       0.         0.01221    0.         0.0251226  0.         0.         0.         0.         0.         0.         0.         0.         0.         0.         0.         0.7076564  0.01176472 0.         0.0200753  0.         0.         0.        ],[0. 0. 0. 0. 0. 0. 0. 0. 1. 0. 1. 0. 1. 0. 0. 0. 0. 0. 0. 0. 0. 0. 0. 0. 1. 1. 0. 1. 0. 0. 0.],500,100,0.1,0.001,1,16,iDR,51,first
24,0.02202708320682625,0.02202708320682625,0.0021406254217600004,[0.         0.         0.         0.         0.         0.         0.         0.         0.         0.         0.01       0.         0.0251226  0.         0.         0.         0.         0.         0.         0.         0.         0.         0.         0.         0.7076564  0.01176472 0.         0.0200753  0.         0.         0.        ],[0. 0. 0. 0. 0. 0. 0. 0. 0. 0. 1. 0. 1. 0. 0. 0. 0. 0. 0. 0. 0. 0. 0. 0. 1. 1. 0. 1. 0. 0. 0.],500,100,0.1,0.001,1,16,iDR,51,first
25,0.011435744503885773,0.011435744503885773,0.00205181007036,[0.         0.         0.         0.         0.         0.         0.         0.         0.         0.         0.         0.         0.01       0.         0.         0.         0.         0.         0.         0.         0.         0.         0.         0.         0.7076564  0.01176472 0.         0.0200753  0.         0.         0.        ],[0. 0. 0. 0. 0. 0. 0. 0. 0. 0. 0. 0. 1. 0. 0. 0. 0. 0. 0. 0. 0. 0. 0. 0. 1. 1. 0. 1. 0. 0. 0.],500,100,0.1,0.001,1,16,iDR,51,first
26,0.010960613145990773,0.010960613145990773,0.0020097400703600003,[0.         0.         0.         0.         0.         0.         0.         0.         0.         0.         0.         0.         0.         0.         0.         0.         0.01       0.         0.         0.         0.         0.         0.         0.         0.7076564  0.01176472 0.         0.0200753  0.         0.         0.        ],[0. 0. 0. 0. 0. 0. 0. 0. 0. 0. 0. 0. 0. 0. 0. 0. 1. 0. 0. 0. 0. 0. 0. 0. 1. 1. 0. 1. 0. 0. 0.],500,100,0.1,0.001,1,16,iDR,51,first
27,0.010747398952347371,0.010747398952347371,0.0020780700703600004,[0.         0.         0.         0.         0.         0.         0.         0.         0.01       0.         0.         0.         0.         0.         0.         0.         0.         0.         0.         0.         0.         0.         0.         0.         0.7076564  0.01176472 0.         0.0200753  0.         0.         0.        ],[0. 0. 0. 0. 0. 0. 0. 0. 1. 0. 0. 0. 0. 0. 0. 0. 0. 0. 0. 0. 0. 0. 0. 0. 1. 1. 0. 1. 0. 0. 0.],500,100,0.1,0.001,1,16,iDR,51,first
28,0.010306672911408632,0.010306672911408632,0.00207877672092,[0.         0.         0.         0.         0.         0.         0.         0.         0.01       0.         0.         0.         0.         0.         0.         0.         0.         0.         0.         0.         0.         0.         0.         0.         0.70966393 0.01176472 0.         0.01806777 0.         0.         0.        ],[0. 0. 0. 0. 0. 0. 0. 0. 1. 0. 0. 0. 0. 0. 0. 0. 0. 0. 0. 0. 0. 0. 0. 0. 1. 1. 0. 1. 0. 0. 0.],500,100,0.1,0.001,1,16,iDR,51,first
29,0.010306672911408632,0.010306672911408632,0.00207877672092,[0.         0.         0.         0.         0.         0.         0.         0.         0.01       0.         0.         0.         0.         0.         0.         0.         0.         0.         0.         0.         0.         0.         0.         0.         0.70966393 0.01176472 0.         0.01806777 0.         0.         0.        ],[0. 0. 0. 0. 0. 0. 0. 0. 1. 0. 0. 0. 0. 0. 0. 0. 0. 0. 0. 0. 0. 0. 0. 0. 1. 1. 0. 1. 0. 0. 0.],500,100,0.1,0.001,1,16,iDR,51,first
30,0.009752142991019732,0.009752142991019732,0.0021162767209199997,[0.         0.         0.         0.         0.01       0.         0.         0.         0.         0.         0.         0.         0.         0.         0.         0.         0.         0.         0.         0.         0.         0.         0.         0.         0.70966393 0.01176472 0.         0.01806777 0.         0.         0.        ],[0. 0. 0. 0. 1. 0. 0. 0. 0. 0. 0. 0. 0. 0. 0. 0. 0. 0. 0. 0. 0. 0. 0. 0. 1. 1. 0. 1. 0. 0. 0.],500,100,0.1,0.001,1,16,iDR,51,first
31,0.009752142991019732,0.009752142991019732,0.0021162767209199997,[0.         0.         0.         0.         0.01       0.         0.         0.         0.         0.         0.         0.         0.         0.         0.         0.         0.         0.         0.         0.         0.         0.         0.         0.         0.70966393 0.01176472 0.         0.01806777 0.         0.         0.        ],[0. 0. 0. 0. 1. 0. 0. 0. 0. 0. 0. 0. 0. 0. 0. 0. 0. 0. 0. 0. 0. 0. 0. 0. 1. 1. 0. 1. 0. 0. 0.],500,100,0.1,0.001,1,16,iDR,51,first
32,0.009353334293825526,0.009353334293825526,0.002116912706424,[0.         0.         0.         0.         0.01       0.         0.         0.         0.         0.         0.         0.         0.         0.         0.         0.         0.         0.         0.         0.         0.         0.         0.         0.         0.71147071 0.01176472 0.         0.01626099 0.         0.         0.        ],[0. 0. 0. 0. 1. 0. 0. 0. 0. 0. 0. 0. 0. 0. 0. 0. 0. 0. 0. 0. 0. 0. 0. 0. 1. 1. 0. 1. 0. 0. 0.],500,100,0.1,0.001,1,16,iDR,51,first
33,0.005187202247090144,0.005187202247090144,0.0019936245047899996,[0.         0.         0.         0.         0.         0.         0.         0.         0.         0.         0.         0.         0.         0.         0.         0.         0.         0.         0.         0.         0.         0.         0.         0.         0.71147071 0.01176472 0.         0.01       0.         0.         0.        ],[0. 0. 0. 0. 0. 0. 0. 0. 0. 0. 0. 0. 0. 0. 0. 0. 0. 0. 0. 0. 0. 0. 0. 0. 1. 1. 0. 1. 0. 0. 0.],500,100,0.1,0.001,1,16,iDR,51,first
34,0.00243128750290989,0.00243128750290989,0.00196178620183,[0.         0.         0.         0.         0.         0.         0.         0.         0.         0.         0.         0.         0.         0.         0.         0.         0.         0.         0.         0.         0.         0.         0.         0.         0.71147071 0.01       0.         0.         0.         0.         0.        ],[0. 0. 0. 0. 0. 0. 0. 0. 0. 0. 0. 0. 0. 0. 0. 0. 0. 0. 0. 0. 0. 0. 0. 0. 1. 1. 0. 0. 0. 0. 0.],500,100,0.1,0.001,1,16,iDR,51,first
35,0.00243128750290989,0.00243128750290989,0.00196178620183,[0.         0.         0.         0.         0.         0.         0.         0.         0.         0.         0.         0.         0.         0.         0.         0.         0.         0.         0.         0.         0.         0.         0.         0.         0.71147071 0.01       0.         0.         0.         0.         0.        ],[0. 0. 0. 0. 0. 0. 0. 0. 0. 0. 0. 0. 0. 0. 0. 0. 0. 0. 0. 0. 0. 0. 0. 0. 1. 1. 0. 0. 0. 0. 0.],500,100,0.1,0.001,1,16,iDR,51,first
36,0.0023104442033259395,0.0023104442033259395,0.0019372362018299997,[0.         0.         0.         0.         0.         0.         0.         0.         0.         0.         0.         0.         0.         0.         0.         0.         0.         0.         0.         0.         0.         0.         0.         0.         0.71147071 0.         0.         0.01       0.         0.         0.        ],[0. 0. 0. 0. 0. 0. 0. 0. 0. 0. 0. 0. 0. 0. 0. 0. 0. 0. 0. 0. 0. 0. 0. 0. 1. 0. 0. 1. 0. 0. 0.],500,100,0.1,0.001,1,16,iDR,51,first
37,0.0023104442033259395,0.0023104442033259395,0.0019372362018299997,[0.         0.         0.         0.         0.         0.         0.         0.         0.         0.         0.         0.         0.         0.         0.         0.         0.         0.         0.         0.         0.         0.         0.         0.         0.71147071 0.         0.         0.01       0.         0.         0.        ],[0. 0. 0. 0. 0. 0. 0. 0. 0. 0. 0. 0. 0. 0. 0. 0. 0. 0. 0. 0. 0. 0. 0. 0. 1. 0. 0. 1. 0. 0. 0.],500,100,0.1,0.001,1,16,iDR,51,first
38,0.0023104442033259395,0.0023104442033259395,0.0019372362018299997,[0.         0.         0.         0.         0.         0.         0.         0.         0.         0.         0.         0.         0.         0.         0.         0.         0.         0.         0.         0.         0.         0.         0.         0.         0.71147071 0.         0.         0.01       0.         0.         0.        ],[0. 0. 0. 0. 0. 0. 0. 0. 0. 0. 0. 0. 0. 0. 0. 0. 0. 0. 0. 0. 0. 0. 0. 0. 1. 0. 0. 1. 0. 0. 0.],500,100,0.1,0.001,1,16,iDR,51,first
39,0.0023104442033259395,0.0023104442033259395,0.0019372362018299997,[0.         0.         0.         0.         0.         0.         0.         0.         0.         0.         0.         0.         0.         0.         0.         0.         0.         0.         0.         0.         0.         0.         0.         0.         0.71147071 0.         0.         0.01       0.         0.         0.        ],[0. 0. 0. 0. 0. 0. 0. 0. 0. 0. 0. 0. 0. 0. 0. 0. 0. 0. 0. 0. 0. 0. 0. 0. 1. 0. 0. 1. 0. 0. 0.],500,100,0.1,0.001,1,16,iDR,51,first
40,0.0023104442033259395,0.0023104442033259395,0.0019372362018299997,[0.         0.         0.         0.         0.         0.         0.         0.         0.         0.         0.         0.         0.         0.         0.         0.         0.         0.         0.         0.         0.         0.         0.         0.         0.71147071 0.         0.         0.01       0.         0.         0.        ],[0. 0. 0. 0. 0. 0. 0. 0. 0. 0. 0. 0. 0. 0. 0. 0. 0. 0. 0. 0. 0. 0. 0. 0. 1. 0. 0. 1. 0. 0. 0.],500,100,0.1,0.001,1,16,iDR,51,first
41,0.0023104442033259395,0.0023104442033259395,0.0019372362018299997,[0.         0.         0.         0.         0.         0.         0.         0.         0.         0.         0.         0.         0.         0.         0.         0.         0.         0.         0.         0.         0.         0.         0.         0.         0.71147071 0.         0.         0.01       0.         0.         0.        ],[0. 0. 0. 0. 0. 0. 0. 0. 0. 0. 0. 0. 0. 0. 0. 0. 0. 0. 0. 0. 0. 0. 0. 0. 1. 0. 0. 1. 0. 0. 0.],500,100,0.1,0.001,1,16,iDR,51,first
42,0.0023104442033259395,0.0023104442033259395,0.0019372362018299997,[0.         0.         0.         0.         0.         0.         0.         0.         0.         0.         0.         0.         0.         0.         0.         0.         0.         0.         0.         0.         0.         0.         0.         0.         0.71147071 0.         0.         0.01       0.         0.         0.        ],[0. 0. 0. 0. 0. 0. 0. 0. 0. 0. 0. 0. 0. 0. 0. 0. 0. 0. 0. 0. 0. 0. 0. 0. 1. 0. 0. 1. 0. 0. 0.],500,100,0.1,0.001,1,16,iDR,51,first
43,0.0023104442033259395,0.0023104442033259395,0.0019372362018299997,[0.         0.         0.         0.         0.         0.         0.         0.         0.         0.         0.         0.         0.         0.         0.         0.         0.         0.         0.         0.         0.         0.         0.         0.         0.71147071 0.         0.         0.01       0.         0.         0.        ],[0. 0. 0. 0. 0. 0. 0. 0. 0. 0. 0. 0. 0. 0. 0. 0. 0. 0. 0. 0. 0. 0. 0. 0. 1. 0. 0. 1. 0. 0. 0.],500,100,0.1,0.001,1,16,iDR,51,first
44,0.0023104442033259395,0.0023104442033259395,0.0019372362018299997,[0.         0.         0.         0.         0.         0.         0.         0.         0.         0.         0.         0.         0.         0.         0.         0.         0.         0.         0.         0.         0.         0.         0.         0.         0.71147071 0.         0.         0.01       0.         0.         0.        ],[0. 0. 0. 0. 0. 0. 0. 0. 0. 0. 0. 0. 0. 0. 0. 0. 0. 0. 0. 0. 0. 0. 0. 0. 1. 0. 0. 1. 0. 0. 0.],500,100,0.1,0.001,1,16,iDR,51,first
45,0.0023104442033259395,0.0023104442033259395,0.0019372362018299997,[0.         0.         0.         0.         0.         0.         0.         0.         0.         0.         0.         0.         0.         0.         0.         0.         0.         0.         0.         0.         0.         0.         0.         0.         0.71147071 0.         0.         0.01       0.         0.         0.        ],[0. 0. 0. 0. 0. 0. 0. 0. 0. 0. 0. 0. 0. 0. 0. 0. 0. 0. 0. 0. 0. 0. 0. 0. 1. 0. 0. 1. 0. 0. 0.],500,100,0.1,0.001,1,16,iDR,51,first
46,0.0023104442033259395,0.0023104442033259395,0.0019372362018299997,[0.         0.         0.         0.         0.         0.         0.         0.         0.         0.         0.         0.         0.         0.         0.         0.         0.         0.         0.         0.         0.         0.         0.         0.         0.71147071 0.         0.         0.01       0.         0.         0.        ],[0. 0. 0. 0. 0. 0. 0. 0. 0. 0. 0. 0. 0. 0. 0. 0. 0. 0. 0. 0. 0. 0. 0. 0. 1. 0. 0. 1. 0. 0. 0.],500,100,0.1,0.001,1,16,iDR,51,first
47,0.0023104442033259395,0.0023104442033259395,0.0019372362018299997,[0.         0.         0.         0.         0.         0.         0.         0.         0.         0.         0.         0.         0.         0.         0.         0.         0.         0.         0.         0.         0.         0.         0.         0.         0.71147071 0.         0.         0.01       0.         0.         0.        ],[0. 0. 0. 0. 0. 0. 0. 0. 0. 0. 0. 0. 0. 0. 0. 0. 0. 0. 0. 0. 0. 0. 0. 0. 1. 0. 0. 1. 0. 0. 0.],500,100,0.1,0.001,1,16,iDR,51,first
48,0.0023104442033259395,0.0023104442033259395,0.0019372362018299997,[0.         0.         0.         0.         0.         0.         0.         0.         0.         0.         0.         0.         0.         0.         0.         0.         0.         0.         0.         0.         0.         0.         0.         0.         0.71147071 0.         0.         0.01       0.         0.         0.        ],[0. 0. 0. 0. 0. 0. 0. 0. 0. 0. 0. 0. 0. 0. 0. 0. 0. 0. 0. 0. 0. 0. 0. 0. 1. 0. 0. 1. 0. 0. 0.],500,100,0.1,0.001,1,16,iDR,51,first
49,0.0023104442033259395,0.0023104442033259395,0.0019372362018299997,[0.         0.         0.         0.         0.         0.         0.         0.         0.         0.         0.         0.         0.         0.         0.         0.         0.         0.         0.         0.         0.         0.         0.         0.         0.71147071 0.         0.         0.01       0.         0.         0.        ],[0. 0. 0. 0. 0. 0. 0. 0. 0. 0. 0. 0. 0. 0. 0. 0. 0. 0. 0. 0. 0. 0. 0. 0. 1. 0. 0. 1. 0. 0. 0.],500,100,0.1,0.001,1,16,iDR,51,first
50,0.0023104442033259395,0.0023104442033259395,0.0019372362018299997,[0.         0.         0.         0.         0.         0.         0.         0.         0.         0.         0.         0.         0.         0.         0.         0.         0.         0.         0.         0.         0.         0.         0.         0.         0.71147071 0.         0.         0.01       0.         0.         0.        ],[0. 0. 0. 0. 0. 0. 0. 0. 0. 0. 0. 0. 0. 0. 0. 0. 0. 0. 0. 0. 0. 0. 0. 0. 1. 0. 0. 1. 0. 0. 0.],500,100,0.1,0.001,1,16,iDR,51,first
51,0.0023104442033259395,0.0023104442033259395,0.0019372362018299997,[0.         0.         0.         0.         0.         0.         0.         0.         0.         0.         0.         0.         0.         0.         0.         0.         0.         0.         0.         0.         0.         0.         0.         0.         0.71147071 0.         0.         0.01       0.         0.         0.        ],[0. 0. 0. 0. 0. 0. 0. 0. 0. 0. 0. 0. 0. 0. 0. 0. 0. 0. 0. 0. 0. 0. 0. 0. 1. 0. 0. 1. 0. 0. 0.],500,100,0.1,0.001,1,16,iDR,51,first
52,0.0023104442033259395,0.0023104442033259395,0.0019372362018299997,[0.         0.         0.         0.         0.         0.         0.         0.         0.         0.         0.         0.         0.         0.         0.         0.         0.         0.         0.         0.         0.         0.         0.         0.         0.71147071 0.         0.         0.01       0.         0.         0.        ],[0. 0. 0. 0. 0. 0. 0. 0. 0. 0. 0. 0. 0. 0. 0. 0. 0. 0. 0. 0. 0. 0. 0. 0. 1. 0. 0. 1. 0. 0. 0.],500,100,0.1,0.001,1,16,iDR,51,first
53,0.0023104442033259395,0.0023104442033259395,0.0019372362018299997,[0.         0.         0.         0.         0.         0.         0.         0.         0.         0.         0.         0.         0.         0.         0.         0.         0.         0.         0.         0.         0.         0.         0.         0.         0.71147071 0.         0.         0.01       0.         0.         0.        ],[0. 0. 0. 0. 0. 0. 0. 0. 0. 0. 0. 0. 0. 0. 0. 0. 0. 0. 0. 0. 0. 0. 0. 0. 1. 0. 0. 1. 0. 0. 0.],500,100,0.1,0.001,1,16,iDR,51,first
54,0.0023104442033259395,0.0023104442033259395,0.0019372362018299997,[0.         0.         0.         0.         0.         0.         0.         0.         0.         0.         0.         0.         0.         0.         0.         0.         0.         0.         0.         0.         0.         0.         0.         0.         0.71147071 0.         0.         0.01       0.         0.         0.        ],[0. 0. 0. 0. 0. 0. 0. 0. 0. 0. 0. 0. 0. 0. 0. 0. 0. 0. 0. 0. 0. 0. 0. 0. 1. 0. 0. 1. 0. 0. 0.],500,100,0.1,0.001,1,16,iDR,51,first
55,0.0023104442033259395,0.0023104442033259395,0.0019372362018299997,[0.         0.         0.         0.         0.         0.         0.         0.         0.         0.         0.         0.         0.         0.         0.         0.         0.         0.         0.         0.         0.         0.         0.         0.         0.71147071 0.         0.         0.01       0.         0.         0.        ],[0. 0. 0. 0. 0. 0. 0. 0. 0. 0. 0. 0. 0. 0. 0. 0. 0. 0. 0. 0. 0. 0. 0. 0. 1. 0. 0. 1. 0. 0. 0.],500,100,0.1,0.001,1,16,iDR,51,first
56,0.0023104442033259395,0.0023104442033259395,0.0019372362018299997,[0.         0.         0.         0.         0.         0.         0.         0.         0.         0.         0.         0.         0.         0.         0.         0.         0.         0.         0.         0.         0.         0.         0.         0.         0.71147071 0.         0.         0.01       0.         0.         0.        ],[0. 0. 0. 0. 0. 0. 0. 0. 0. 0. 0. 0. 0. 0. 0. 0. 0. 0. 0. 0. 0. 0. 0. 0. 1. 0. 0. 1. 0. 0. 0.],500,100,0.1,0.001,1,16,iDR,51,first
57,0.0023104442033259395,0.0023104442033259395,0.0019372362018299997,[0.         0.         0.         0.         0.         0.         0.         0.         0.         0.         0.         0.         0.         0.         0.         0.         0.         0.         0.         0.         0.         0.         0.         0.         0.71147071 0.         0.         0.01       0.         0.         0.        ],[0. 0. 0. 0. 0. 0. 0. 0. 0. 0. 0. 0. 0. 0. 0. 0. 0. 0. 0. 0. 0. 0. 0. 0. 1. 0. 0. 1. 0. 0. 0.],500,100,0.1,0.001,1,16,iDR,51,first
58,0.0023104442033259395,0.0023104442033259395,0.0019372362018299997,[0.         0.         0.         0.         0.         0.         0.         0.         0.         0.         0.         0.         0.         0.         0.         0.         0.         0.         0.         0.         0.         0.         0.         0.         0.71147071 0.         0.         0.01       0.         0.         0.        ],[0. 0. 0. 0. 0. 0. 0. 0. 0. 0. 0. 0. 0. 0. 0. 0. 0. 0. 0. 0. 0. 0. 0. 0. 1. 0. 0. 1. 0. 0. 0.],500,100,0.1,0.001,1,16,iDR,51,first
59,0.0023104442033259395,0.0023104442033259395,0.0019372362018299997,[0.         0.         0.         0.         0.         0.         0.         0.         0.         0.         0.         0.         0.         0.         0.         0.         0.         0.         0.         0.         0.         0.         0.         0.         0.71147071 0.         0.         0.01       0.         0.         0.        ],[0. 0. 0. 0. 0. 0. 0. 0. 0. 0. 0. 0. 0. 0. 0. 0. 0. 0. 0. 0. 0. 0. 0. 0. 1. 0. 0. 1. 0. 0. 0.],500,100,0.1,0.001,1,16,iDR,51,first
60,0.0023104442033259395,0.0023104442033259395,0.0019372362018299997,[0.         0.         0.         0.         0.         0.         0.         0.         0.         0.         0.         0.         0.         0.         0.         0.         0.         0.         0.         0.         0.         0.         0.         0.         0.71147071 0.         0.         0.01       0.         0.         0.        ],[0. 0. 0. 0. 0. 0. 0. 0. 0. 0. 0. 0. 0. 0. 0. 0. 0. 0. 0. 0. 0. 0. 0. 0. 1. 0. 0. 1. 0. 0. 0.],500,100,0.1,0.001,1,16,iDR,51,first
61,0.0023104442033259395,0.0023104442033259395,0.0019372362018299997,[0.         0.         0.         0.         0.         0.         0.         0.         0.         0.         0.         0.         0.         0.         0.         0.         0.         0.         0.         0.         0.         0.         0.         0.         0.71147071 0.         0.         0.01       0.         0.         0.        ],[0. 0. 0. 0. 0. 0. 0. 0. 0. 0. 0. 0. 0. 0. 0. 0. 0. 0. 0. 0. 0. 0. 0. 0. 1. 0. 0. 1. 0. 0. 0.],500,100,0.1,0.001,1,16,iDR,51,first
62,0.0023104442033259395,0.0023104442033259395,0.0019372362018299997,[0.         0.         0.         0.         0.         0.         0.         0.         0.         0.         0.         0.         0.         0.         0.         0.         0.         0.         0.         0.         0.         0.         0.         0.         0.71147071 0.         0.         0.01       0.         0.         0.        ],[0. 0. 0. 0. 0. 0. 0. 0. 0. 0. 0. 0. 0. 0. 0. 0. 0. 0. 0. 0. 0. 0. 0. 0. 1. 0. 0. 1. 0. 0. 0.],500,100,0.1,0.001,1,16,iDR,51,first
63,0.0023104442033259395,0.0023104442033259395,0.0019372362018299997,[0.         0.         0.         0.         0.         0.         0.         0.         0.         0.         0.         0.         0.         0.         0.         0.         0.         0.         0.         0.         0.         0.         0.         0.         0.71147071 0.         0.         0.01       0.         0.         0.        ],[0. 0. 0. 0. 0. 0. 0. 0. 0. 0. 0. 0. 0. 0. 0. 0. 0. 0. 0. 0. 0. 0. 0. 0. 1. 0. 0. 1. 0. 0. 0.],500,100,0.1,0.001,1,16,iDR,51,first
64,0.0023104442033259395,0.0023104442033259395,0.0019372362018299997,[0.         0.         0.         0.         0.         0.         0.         0.         0.         0.         0.         0.         0.         0.         0.         0.         0.         0.         0.         0.         0.         0.         0.         0.         0.71147071 0.         0.         0.01       0.         0.         0.        ],[0. 0. 0. 0. 0. 0. 0. 0. 0. 0. 0. 0. 0. 0. 0. 0. 0. 0. 0. 0. 0. 0. 0. 0. 1. 0. 0. 1. 0. 0. 0.],500,100,0.1,0.001,1,16,iDR,51,first
65,0.0023104442033259395,0.0023104442033259395,0.0019372362018299997,[0.         0.         0.         0.         0.         0.         0.         0.         0.         0.         0.         0.         0.         0.         0.         0.         0.         0.         0.         0.         0.         0.         0.         0.         0.71147071 0.         0.         0.01       0.         0.         0.        ],[0. 0. 0. 0. 0. 0. 0. 0. 0. 0. 0. 0. 0. 0. 0. 0. 0. 0. 0. 0. 0. 0. 0. 0. 1. 0. 0. 1. 0. 0. 0.],500,100,0.1,0.001,1,16,iDR,51,first
66,0.0023104442033259395,0.0023104442033259395,0.0019372362018299997,[0.         0.         0.         0.         0.         0.         0.         0.         0.         0.         0.         0.         0.         0.         0.         0.         0.         0.         0.         0.         0.         0.         0.         0.         0.71147071 0.         0.         0.01       0.         0.         0.        ],[0. 0. 0. 0. 0. 0. 0. 0. 0. 0. 0. 0. 0. 0. 0. 0. 0. 0. 0. 0. 0. 0. 0. 0. 1. 0. 0. 1. 0. 0. 0.],500,100,0.1,0.001,1,16,iDR,51,first
67,0.0023104442033259395,0.0023104442033259395,0.0019372362018299997,[0.         0.         0.         0.         0.         0.         0.         0.         0.         0.         0.         0.         0.         0.         0.         0.         0.         0.         0.         0.         0.         0.         0.         0.         0.71147071 0.         0.         0.01       0.         0.         0.        ],[0. 0. 0. 0. 0. 0. 0. 0. 0. 0. 0. 0. 0. 0. 0. 0. 0. 0. 0. 0. 0. 0. 0. 0. 1. 0. 0. 1. 0. 0. 0.],500,100,0.1,0.001,1,16,iDR,51,first
68,0.0023104442033259395,0.0023104442033259395,0.0019372362018299997,[0.         0.         0.         0.         0.         0.         0.         0.         0.         0.         0.         0.         0.         0.         0.         0.         0.         0.         0.         0.         0.         0.         0.         0.         0.71147071 0.         0.         0.01       0.         0.         0.        ],[0. 0. 0. 0. 0. 0. 0. 0. 0. 0. 0. 0. 0. 0. 0. 0. 0. 0. 0. 0. 0. 0. 0. 0. 1. 0. 0. 1. 0. 0. 0.],500,100,0.1,0.001,1,16,iDR,51,first
69,0.0023104442033259395,0.0023104442033259395,0.0019372362018299997,[0.         0.         0.         0.         0.         0.         0.         0.         0.         0.         0.         0.         0.         0.         0.         0.         0.         0.         0.         0.         0.         0.         0.         0.         0.71147071 0.         0.         0.01       0.         0.         0.        ],[0. 0. 0. 0. 0. 0. 0. 0. 0. 0. 0. 0. 0. 0. 0. 0. 0. 0. 0. 0. 0. 0. 0. 0. 1. 0. 0. 1. 0. 0. 0.],500,100,0.1,0.001,1,16,iDR,51,first
70,0.0023104442033259395,0.0023104442033259395,0.0019372362018299997,[0.         0.         0.         0.         0.         0.         0.         0.         0.         0.         0.         0.         0.         0.         0.         0.         0.         0.         0.         0.         0.         0.         0.         0.         0.71147071 0.         0.         0.01       0.         0.         0.        ],[0. 0. 0. 0. 0. 0. 0. 0. 0. 0. 0. 0. 0. 0. 0. 0. 0. 0. 0. 0. 0. 0. 0. 0. 1. 0. 0. 1. 0. 0. 0.],500,100,0.1,0.001,1,16,iDR,51,first
71,0.0023104442033259395,0.0023104442033259395,0.0019372362018299997,[0.         0.         0.         0.         0.         0.         0.         0.         0.         0.         0.         0.         0.         0.         0.         0.         0.         0.         0.         0.         0.         0.         0.         0.         0.71147071 0.         0.         0.01       0.         0.         0.        ],[0. 0. 0. 0. 0. 0. 0. 0. 0. 0. 0. 0. 0. 0. 0. 0. 0. 0. 0. 0. 0. 0. 0. 0. 1. 0. 0. 1. 0. 0. 0.],500,100,0.1,0.001,1,16,iDR,51,first
72,0.0023104442033259395,0.0023104442033259395,0.0019372362018299997,[0.         0.         0.         0.         0.         0.         0.         0.         0.         0.         0.         0.         0.         0.         0.         0.         0.         0.         0.         0.         0.         0.         0.         0.         0.71147071 0.         0.         0.01       0.         0.         0.        ],[0. 0. 0. 0. 0. 0. 0. 0. 0. 0. 0. 0. 0. 0. 0. 0. 0. 0. 0. 0. 0. 0. 0. 0. 1. 0. 0. 1. 0. 0. 0.],500,100,0.1,0.001,1,16,iDR,51,first
73,0.0023104442033259395,0.0023104442033259395,0.0019372362018299997,[0.         0.         0.         0.         0.         0.         0.         0.         0.         0.         0.         0.         0.         0.         0.         0.         0.         0.         0.         0.         0.         0.         0.         0.         0.71147071 0.         0.         0.01       0.         0.         0.        ],[0. 0. 0. 0. 0. 0. 0. 0. 0. 0. 0. 0. 0. 0. 0. 0. 0. 0. 0. 0. 0. 0. 0. 0. 1. 0. 0. 1. 0. 0. 0.],500,100,0.1,0.001,1,16,iDR,51,first
74,0.0023104442033259395,0.0023104442033259395,0.0019372362018299997,[0.         0.         0.         0.         0.         0.         0.         0.         0.         0.         0.         0.         0.         0.         0.         0.         0.         0.         0.         0.         0.         0.         0.         0.         0.71147071 0.         0.         0.01       0.         0.         0.        ],[0. 0. 0. 0. 0. 0. 0. 0. 0. 0. 0. 0. 0. 0. 0. 0. 0. 0. 0. 0. 0. 0. 0. 0. 1. 0. 0. 1. 0. 0. 0.],500,100,0.1,0.001,1,16,iDR,51,first
75,0.0023104442033259395,0.0023104442033259395,0.0019372362018299997,[0.         0.         0.         0.         0.         0.         0.         0.         0.         0.         0.         0.         0.         0.         0.         0.         0.         0.         0.         0.         0.         0.         0.         0.         0.71147071 0.         0.         0.01       0.         0.         0.        ],[0. 0. 0. 0. 0. 0. 0. 0. 0. 0. 0. 0. 0. 0. 0. 0. 0. 0. 0. 0. 0. 0. 0. 0. 1. 0. 0. 1. 0. 0. 0.],500,100,0.1,0.001,1,16,iDR,51,first
76,0.0023104442033259395,0.0023104442033259395,0.0019372362018299997,[0.         0.         0.         0.         0.         0.         0.         0.         0.         0.         0.         0.         0.         0.         0.         0.         0.         0.         0.         0.         0.         0.         0.         0.         0.71147071 0.         0.         0.01       0.         0.         0.        ],[0. 0. 0. 0. 0. 0. 0. 0. 0. 0. 0. 0. 0. 0. 0. 0. 0. 0. 0. 0. 0. 0. 0. 0. 1. 0. 0. 1. 0. 0. 0.],500,100,0.1,0.001,1,16,iDR,51,first
77,0.0023104442033259395,0.0023104442033259395,0.0019372362018299997,[0.         0.         0.         0.         0.         0.         0.         0.         0.         0.         0.         0.         0.         0.         0.         0.         0.         0.         0.         0.         0.         0.         0.         0.         0.71147071 0.         0.         0.01       0.         0.         0.        ],[0. 0. 0. 0. 0. 0. 0. 0. 0. 0. 0. 0. 0. 0. 0. 0. 0. 0. 0. 0. 0. 0. 0. 0. 1. 0. 0. 1. 0. 0. 0.],500,100,0.1,0.001,1,16,iDR,51,first
78,0.0023104442033259395,0.0023104442033259395,0.0019372362018299997,[0.         0.         0.         0.         0.         0.         0.         0.         0.         0.         0.         0.         0.         0.         0.         0.         0.         0.         0.         0.         0.         0.         0.         0.         0.71147071 0.         0.         0.01       0.         0.         0.        ],[0. 0. 0. 0. 0. 0. 0. 0. 0. 0. 0. 0. 0. 0. 0. 0. 0. 0. 0. 0. 0. 0. 0. 0. 1. 0. 0. 1. 0. 0. 0.],500,100,0.1,0.001,1,16,iDR,51,first
79,0.0023104442033259395,0.0023104442033259395,0.0019372362018299997,[0.         0.         0.         0.         0.         0.         0.         0.         0.         0.         0.         0.         0.         0.         0.         0.         0.         0.         0.         0.         0.         0.         0.         0.         0.71147071 0.         0.         0.01       0.         0.         0.        ],[0. 0. 0. 0. 0. 0. 0. 0. 0. 0. 0. 0. 0. 0. 0. 0. 0. 0. 0. 0. 0. 0. 0. 0. 1. 0. 0. 1. 0. 0. 0.],500,100,0.1,0.001,1,16,iDR,51,first
80,0.0023104442033259395,0.0023104442033259395,0.0019372362018299997,[0.         0.         0.         0.         0.         0.         0.         0.         0.         0.         0.         0.         0.         0.         0.         0.         0.         0.         0.         0.         0.         0.         0.         0.         0.71147071 0.         0.         0.01       0.         0.         0.        ],[0. 0. 0. 0. 0. 0. 0. 0. 0. 0. 0. 0. 0. 0. 0. 0. 0. 0. 0. 0. 0. 0. 0. 0. 1. 0. 0. 1. 0. 0. 0.],500,100,0.1,0.001,1,16,iDR,51,first
81,0.0023104442033259395,0.0023104442033259395,0.0019372362018299997,[0.         0.         0.         0.         0.         0.         0.         0.         0.         0.         0.         0.         0.         0.         0.         0.         0.         0.         0.         0.         0.         0.         0.         0.         0.71147071 0.         0.         0.01       0.         0.         0.        ],[0. 0. 0. 0. 0. 0. 0. 0. 0. 0. 0. 0. 0. 0. 0. 0. 0. 0. 0. 0. 0. 0. 0. 0. 1. 0. 0. 1. 0. 0. 0.],500,100,0.1,0.001,1,16,iDR,51,first
82,0.0023104442033259395,0.0023104442033259395,0.0019372362018299997,[0.         0.         0.         0.         0.         0.         0.         0.         0.         0.         0.         0.         0.         0.         0.         0.         0.         0.         0.         0.         0.         0.         0.         0.         0.71147071 0.         0.         0.01       0.         0.         0.        ],[0. 0. 0. 0. 0. 0. 0. 0. 0. 0. 0. 0. 0. 0. 0. 0. 0. 0. 0. 0. 0. 0. 0. 0. 1. 0. 0. 1. 0. 0. 0.],500,100,0.1,0.001,1,16,iDR,51,first
83,0.0023104442033259395,0.0023104442033259395,0.0019372362018299997,[0.         0.         0.         0.         0.         0.         0.         0.         0.         0.         0.         0.         0.         0.         0.         0.         0.         0.         0.         0.         0.         0.         0.         0.         0.71147071 0.         0.         0.01       0.         0.         0.        ],[0. 0. 0. 0. 0. 0. 0. 0. 0. 0. 0. 0. 0. 0. 0. 0. 0. 0. 0. 0. 0. 0. 0. 0. 1. 0. 0. 1. 0. 0. 0.],500,100,0.1,0.001,1,16,iDR,51,first
84,0.0023104442033259395,0.0023104442033259395,0.0019372362018299997,[0.         0.         0.         0.         0.         0.         0.         0.         0.         0.         0.         0.         0.         0.         0.         0.         0.         0.         0.         0.         0.         0.         0.         0.         0.71147071 0.         0.         0.01       0.         0.         0.        ],[0. 0. 0. 0. 0. 0. 0. 0. 0. 0. 0. 0. 0. 0. 0. 0. 0. 0. 0. 0. 0. 0. 0. 0. 1. 0. 0. 1. 0. 0. 0.],500,100,0.1,0.001,1,16,iDR,51,first
85,0.0023104442033259395,0.0023104442033259395,0.0019372362018299997,[0.         0.         0.         0.         0.         0.         0.         0.         0.         0.         0.         0.         0.         0.         0.         0.         0.         0.         0.         0.         0.         0.         0.         0.         0.71147071 0.         0.         0.01       0.         0.         0.        ],[0. 0. 0. 0. 0. 0. 0. 0. 0. 0. 0. 0. 0. 0. 0. 0. 0. 0. 0. 0. 0. 0. 0. 0. 1. 0. 0. 1. 0. 0. 0.],500,100,0.1,0.001,1,16,iDR,51,first
86,0.0023104442033259395,0.0023104442033259395,0.0019372362018299997,[0.         0.         0.         0.         0.         0.         0.         0.         0.         0.         0.         0.         0.         0.         0.         0.         0.         0.         0.         0.         0.         0.         0.         0.         0.71147071 0.         0.         0.01       0.         0.         0.        ],[0. 0. 0. 0. 0. 0. 0. 0. 0. 0. 0. 0. 0. 0. 0. 0. 0. 0. 0. 0. 0. 0. 0. 0. 1. 0. 0. 1. 0. 0. 0.],500,100,0.1,0.001,1,16,iDR,51,first
87,0.0023104442033259395,0.0023104442033259395,0.0019372362018299997,[0.         0.         0.         0.         0.         0.         0.         0.         0.         0.         0.         0.         0.         0.         0.         0.         0.         0.         0.         0.         0.         0.         0.         0.         0.71147071 0.         0.         0.01       0.         0.         0.        ],[0. 0. 0. 0. 0. 0. 0. 0. 0. 0. 0. 0. 0. 0. 0. 0. 0. 0. 0. 0. 0. 0. 0. 0. 1. 0. 0. 1. 0. 0. 0.],500,100,0.1,0.001,1,16,iDR,51,first
88,0.0023104442033259395,0.0023104442033259395,0.0019372362018299997,[0.         0.         0.         0.         0.         0.         0.         0.         0.         0.         0.         0.         0.         0.         0.         0.         0.         0.         0.         0.         0.         0.         0.         0.         0.71147071 0.         0.         0.01       0.         0.         0.        ],[0. 0. 0. 0. 0. 0. 0. 0. 0. 0. 0. 0. 0. 0. 0. 0. 0. 0. 0. 0. 0. 0. 0. 0. 1. 0. 0. 1. 0. 0. 0.],500,100,0.1,0.001,1,16,iDR,51,first
89,0.0023104442033259395,0.0023104442033259395,0.0019372362018299997,[0.         0.         0.         0.         0.         0.         0.         0.         0.         0.         0.         0.         0.         0.         0.         0.         0.         0.         0.         0.         0.         0.         0.         0.         0.71147071 0.         0.         0.01       0.         0.         0.        ],[0. 0. 0. 0. 0. 0. 0. 0. 0. 0. 0. 0. 0. 0. 0. 0. 0. 0. 0. 0. 0. 0. 0. 0. 1. 0. 0. 1. 0. 0. 0.],500,100,0.1,0.001,1,16,iDR,51,first
90,0.0023104442033259395,0.0023104442033259395,0.0019372362018299997,[0.         0.         0.         0.         0.         0.         0.         0.         0.         0.         0.         0.         0.         0.         0.         0.         0.         0.         0.         0.         0.         0.         0.         0.         0.71147071 0.         0.         0.01       0.         0.         0.        ],[0. 0. 0. 0. 0. 0. 0. 0. 0. 0. 0. 0. 0. 0. 0. 0. 0. 0. 0. 0. 0. 0. 0. 0. 1. 0. 0. 1. 0. 0. 0.],500,100,0.1,0.001,1,16,iDR,51,first
91,0.0023104442033259395,0.0023104442033259395,0.0019372362018299997,[0.         0.         0.         0.         0.         0.         0.         0.         0.         0.         0.         0.         0.         0.         0.         0.         0.         0.         0.         0.         0.         0.         0.         0.         0.71147071 0.         0.         0.01       0.         0.         0.        ],[0. 0. 0. 0. 0. 0. 0. 0. 0. 0. 0. 0. 0. 0. 0. 0. 0. 0. 0. 0. 0. 0. 0. 0. 1. 0. 0. 1. 0. 0. 0.],500,100,0.1,0.001,1,16,iDR,51,first
92,0.0023104442033259395,0.0023104442033259395,0.0019372362018299997,[0.         0.         0.         0.         0.         0.         0.         0.         0.         0.         0.         0.         0.         0.         0.         0.         0.         0.         0.         0.         0.         0.         0.         0.         0.71147071 0.         0.         0.01       0.         0.         0.        ],[0. 0. 0. 0. 0. 0. 0. 0. 0. 0. 0. 0. 0. 0. 0. 0. 0. 0. 0. 0. 0. 0. 0. 0. 1. 0. 0. 1. 0. 0. 0.],500,100,0.1,0.001,1,16,iDR,51,first
93,0.0023104442033259395,0.0023104442033259395,0.0019372362018299997,[0.         0.         0.         0.         0.         0.         0.         0.         0.         0.         0.         0.         0.         0.         0.         0.         0.         0.         0.         0.         0.         0.         0.         0.         0.71147071 0.         0.         0.01       0.         0.         0.        ],[0. 0. 0. 0. 0. 0. 0. 0. 0. 0. 0. 0. 0. 0. 0. 0. 0. 0. 0. 0. 0. 0. 0. 0. 1. 0. 0. 1. 0. 0. 0.],500,100,0.1,0.001,1,16,iDR,51,first
94,0.0023104442033259395,0.0023104442033259395,0.0019372362018299997,[0.         0.         0.         0.         0.         0.         0.         0.         0.         0.         0.         0.         0.         0.         0.         0.         0.         0.         0.         0.         0.         0.         0.         0.         0.71147071 0.         0.         0.01       0.         0.         0.        ],[0. 0. 0. 0. 0. 0. 0. 0. 0. 0. 0. 0. 0. 0. 0. 0. 0. 0. 0. 0. 0. 0. 0. 0. 1. 0. 0. 1. 0. 0. 0.],500,100,0.1,0.001,1,16,iDR,51,first
95,0.0023104442033259395,0.0023104442033259395,0.0019372362018299997,[0.         0.         0.         0.         0.         0.         0.         0.         0.         0.         0.         0.         0.         0.         0.         0.         0.         0.         0.         0.         0.         0.         0.         0.         0.71147071 0.         0.         0.01       0.         0.         0.        ],[0. 0. 0. 0. 0. 0. 0. 0. 0. 0. 0. 0. 0. 0. 0. 0. 0. 0. 0. 0. 0. 0. 0. 0. 1. 0. 0. 1. 0. 0. 0.],500,100,0.1,0.001,1,16,iDR,51,first
96,0.0023104442033259395,0.0023104442033259395,0.0019372362018299997,[0.         0.         0.         0.         0.         0.         0.         0.         0.         0.         0.         0.         0.         0.         0.         0.         0.         0.         0.         0.         0.         0.         0.         0.         0.71147071 0.         0.         0.01       0.         0.         0.        ],[0. 0. 0. 0. 0. 0. 0. 0. 0. 0. 0. 0. 0. 0. 0. 0. 0. 0. 0. 0. 0. 0. 0. 0. 1. 0. 0. 1. 0. 0. 0.],500,100,0.1,0.001,1,16,iDR,51,first
97,0.0023104442033259395,0.0023104442033259395,0.0019372362018299997,[0.         0.         0.         0.         0.         0.         0.         0.         0.         0.         0.         0.         0.         0.         0.         0.         0.         0.         0.         0.         0.         0.         0.         0.         0.71147071 0.         0.         0.01       0.         0.         0.        ],[0. 0. 0. 0. 0. 0. 0. 0. 0. 0. 0. 0. 0. 0. 0. 0. 0. 0. 0. 0. 0. 0. 0. 0. 1. 0. 0. 1. 0. 0. 0.],500,100,0.1,0.001,1,16,iDR,51,first
98,0.0023104442033259395,0.0023104442033259395,0.0019372362018299997,[0.         0.         0.         0.         0.         0.         0.         0.         0.         0.         0.         0.         0.         0.         0.         0.         0.         0.         0.         0.         0.         0.         0.         0.         0.71147071 0.         0.         0.01       0.         0.         0.        ],[0. 0. 0. 0. 0. 0. 0. 0. 0. 0. 0. 0. 0. 0. 0. 0. 0. 0. 0. 0. 0. 0. 0. 0. 1. 0. 0. 1. 0. 0. 0.],500,100,0.1,0.001,1,16,iDR,51,first
99,0.0023104442033259395,0.0023104442033259395,0.0019372362018299997,[0.         0.         0.         0.         0.         0.         0.         0.         0.         0.         0.         0.         0.         0.         0.         0.         0.         0.         0.         0.         0.         0.         0.         0.         0.71147071 0.         0.         0.01       0.         0.         0.        ],[0. 0. 0. 0. 0. 0. 0. 0. 0. 0. 0. 0. 0. 0. 0. 0. 0. 0. 0. 0. 0. 0. 0. 0. 1. 0. 0. 1. 0. 0. 0.],500,100,0.1,0.001,1,16,iDR,51,first
100,0.0023104442033259395,0.0023104442033259395,0.0019372362018299997,[0.         0.         0.         0.         0.         0.         0.         0.         0.         0.         0.         0.         0.         0.         0.         0.         0.         0.         0.         0.         0.         0.         0.         0.         0.71147071 0.         0.         0.01       0.         0.         0.        ],[0. 0. 0. 0. 0. 0. 0. 0. 0. 0. 0. 0. 0. 0. 0. 0. 0. 0. 0. 0. 0. 0. 0. 0. 1. 0. 0. 1. 0. 0. 0.],500,100,0.1,0.001,1,16,iDR,51,first
101,0.0023104442033259395,0.0023104442033259395,0.0019372362018299997,[0.         0.         0.         0.         0.         0.         0.         0.         0.         0.         0.         0.         0.         0.         0.         0.         0.         0.         0.         0.         0.         0.         0.         0.         0.71147071 0.         0.         0.01       0.         0.         0.        ],[0. 0. 0. 0. 0. 0. 0. 0. 0. 0. 0. 0. 0. 0. 0. 0. 0. 0. 0. 0. 0. 0. 0. 0. 1. 0. 0. 1. 0. 0. 0.],500,100,0.1,0.001,1,16,iDR,51,first
102,0.0023104442033259395,0.0023104442033259395,0.0019372362018299997,[0.         0.         0.         0.         0.         0.         0.         0.         0.         0.         0.         0.         0.         0.         0.         0.         0.         0.         0.         0.         0.         0.         0.         0.         0.71147071 0.         0.         0.01       0.         0.         0.        ],[0. 0. 0. 0. 0. 0. 0. 0. 0. 0. 0. 0. 0. 0. 0. 0. 0. 0. 0. 0. 0. 0. 0. 0. 1. 0. 0. 1. 0. 0. 0.],500,100,0.1,0.001,1,16,iDR,51,first
103,0.0023104442033259395,0.0023104442033259395,0.0019372362018299997,[0.         0.         0.         0.         0.         0.         0.         0.         0.         0.         0.         0.         0.         0.         0.         0.         0.         0.         0.         0.         0.         0.         0.         0.         0.71147071 0.         0.         0.01       0.         0.         0.        ],[0. 0. 0. 0. 0. 0. 0. 0. 0. 0. 0. 0. 0. 0. 0. 0. 0. 0. 0. 0. 0. 0. 0. 0. 1. 0. 0. 1. 0. 0. 0.],500,100,0.1,0.001,1,16,iDR,51,first
104,0.0023104442033259395,0.0023104442033259395,0.0019372362018299997,[0.         0.         0.         0.         0.         0.         0.         0.         0.         0.         0.         0.         0.         0.         0.         0.         0.         0.         0.         0.         0.         0.         0.         0.         0.71147071 0.         0.         0.01       0.         0.         0.        ],[0. 0. 0. 0. 0. 0. 0. 0. 0. 0. 0. 0. 0. 0. 0. 0. 0. 0. 0. 0. 0. 0. 0. 0. 1. 0. 0. 1. 0. 0. 0.],500,100,0.1,0.001,1,16,iDR,51,first
105,0.0023104442033259395,0.0023104442033259395,0.0019372362018299997,[0.         0.         0.         0.         0.         0.         0.         0.         0.         0.         0.         0.         0.         0.         0.         0.         0.         0.         0.         0.         0.         0.         0.         0.         0.71147071 0.         0.         0.01       0.         0.         0.        ],[0. 0. 0. 0. 0. 0. 0. 0. 0. 0. 0. 0. 0. 0. 0. 0. 0. 0. 0. 0. 0. 0. 0. 0. 1. 0. 0. 1. 0. 0. 0.],500,100,0.1,0.001,1,16,iDR,51,first
106,0.0023104442033259395,0.0023104442033259395,0.0019372362018299997,[0.         0.         0.         0.         0.         0.         0.         0.         0.         0.         0.         0.         0.         0.         0.         0.         0.         0.         0.         0.         0.         0.         0.         0.         0.71147071 0.         0.         0.01       0.         0.         0.        ],[0. 0. 0. 0. 0. 0. 0. 0. 0. 0. 0. 0. 0. 0. 0. 0. 0. 0. 0. 0. 0. 0. 0. 0. 1. 0. 0. 1. 0. 0. 0.],500,100,0.1,0.001,1,16,iDR,51,first
107,0.0023104442033259395,0.0023104442033259395,0.0019372362018299997,[0.         0.         0.         0.         0.         0.         0.         0.         0.         0.         0.         0.         0.         0.         0.         0.         0.         0.         0.         0.         0.         0.         0.         0.         0.71147071 0.         0.         0.01       0.         0.         0.        ],[0. 0. 0. 0. 0. 0. 0. 0. 0. 0. 0. 0. 0. 0. 0. 0. 0. 0. 0. 0. 0. 0. 0. 0. 1. 0. 0. 1. 0. 0. 0.],500,100,0.1,0.001,1,16,iDR,51,first
108,0.0023104442033259395,0.0023104442033259395,0.0019372362018299997,[0.         0.         0.         0.         0.         0.         0.         0.         0.         0.         0.         0.         0.         0.         0.         0.         0.         0.         0.         0.         0.         0.         0.         0.         0.71147071 0.         0.         0.01       0.         0.         0.        ],[0. 0. 0. 0. 0. 0. 0. 0. 0. 0. 0. 0. 0. 0. 0. 0. 0. 0. 0. 0. 0. 0. 0. 0. 1. 0. 0. 1. 0. 0. 0.],500,100,0.1,0.001,1,16,iDR,51,first
109,0.0023104442033259395,0.0023104442033259395,0.0019372362018299997,[0.         0.         0.         0.         0.         0.         0.         0.         0.         0.         0.         0.         0.         0.         0.         0.         0.         0.         0.         0.         0.         0.         0.         0.         0.71147071 0.         0.         0.01       0.         0.         0.        ],[0. 0. 0. 0. 0. 0. 0. 0. 0. 0. 0. 0. 0. 0. 0. 0. 0. 0. 0. 0. 0. 0. 0. 0. 1. 0. 0. 1. 0. 0. 0.],500,100,0.1,0.001,1,16,iDR,51,first
110,0.0023104442033259395,0.0023104442033259395,0.0019372362018299997,[0.         0.         0.         0.         0.         0.         0.         0.         0.         0.         0.         0.         0.         0.         0.         0.         0.         0.         0.         0.         0.         0.         0.         0.         0.71147071 0.         0.         0.01       0.         0.         0.        ],[0. 0. 0. 0. 0. 0. 0. 0. 0. 0. 0. 0. 0. 0. 0. 0. 0. 0. 0. 0. 0. 0. 0. 0. 1. 0. 0. 1. 0. 0. 0.],500,100,0.1,0.001,1,16,iDR,51,first
111,0.0023104442033259395,0.0023104442033259395,0.0019372362018299997,[0.         0.         0.         0.         0.         0.         0.         0.         0.         0.         0.         0.         0.         0.         0.         0.         0.         0.         0.         0.         0.         0.         0.         0.         0.71147071 0.         0.         0.01       0.         0.         0.        ],[0. 0. 0. 0. 0. 0. 0. 0. 0. 0. 0. 0. 0. 0. 0. 0. 0. 0. 0. 0. 0. 0. 0. 0. 1. 0. 0. 1. 0. 0. 0.],500,100,0.1,0.001,1,16,iDR,51,first
112,0.0023104442033259395,0.0023104442033259395,0.0019372362018299997,[0.         0.         0.         0.         0.         0.         0.         0.         0.         0.         0.         0.         0.         0.         0.         0.         0.         0.         0.         0.         0.         0.         0.         0.         0.71147071 0.         0.         0.01       0.         0.         0.        ],[0. 0. 0. 0. 0. 0. 0. 0. 0. 0. 0. 0. 0. 0. 0. 0. 0. 0. 0. 0. 0. 0. 0. 0. 1. 0. 0. 1. 0. 0. 0.],500,100,0.1,0.001,1,16,iDR,51,first
113,0.0023104442033259395,0.0023104442033259395,0.0019372362018299997,[0.         0.         0.         0.         0.         0.         0.         0.         0.         0.         0.         0.         0.         0.         0.         0.         0.         0.         0.         0.         0.         0.         0.         0.         0.71147071 0.         0.         0.01       0.         0.         0.        ],[0. 0. 0. 0. 0. 0. 0. 0. 0. 0. 0. 0. 0. 0. 0. 0. 0. 0. 0. 0. 0. 0. 0. 0. 1. 0. 0. 1. 0. 0. 0.],500,100,0.1,0.001,1,16,iDR,51,first
114,0.0023104442033259395,0.0023104442033259395,0.0019372362018299997,[0.         0.         0.         0.         0.         0.         0.         0.         0.         0.         0.         0.         0.         0.         0.         0.         0.         0.         0.         0.         0.         0.         0.         0.         0.71147071 0.         0.         0.01       0.         0.         0.        ],[0. 0. 0. 0. 0. 0. 0. 0. 0. 0. 0. 0. 0. 0. 0. 0. 0. 0. 0. 0. 0. 0. 0. 0. 1. 0. 0. 1. 0. 0. 0.],500,100,0.1,0.001,1,16,iDR,51,first
115,0.0023104442033259395,0.0023104442033259395,0.0019372362018299997,[0.         0.         0.         0.         0.         0.         0.         0.         0.         0.         0.         0.         0.         0.         0.         0.         0.         0.         0.         0.         0.         0.         0.         0.         0.71147071 0.         0.         0.01       0.         0.         0.        ],[0. 0. 0. 0. 0. 0. 0. 0. 0. 0. 0. 0. 0. 0. 0. 0. 0. 0. 0. 0. 0. 0. 0. 0. 1. 0. 0. 1. 0. 0. 0.],500,100,0.1,0.001,1,16,iDR,51,first
116,0.0023104442033259395,0.0023104442033259395,0.0019372362018299997,[0.         0.         0.         0.         0.         0.         0.         0.         0.         0.         0.         0.         0.         0.         0.         0.         0.         0.         0.         0.         0.         0.         0.         0.         0.71147071 0.         0.         0.01       0.         0.         0.        ],[0. 0. 0. 0. 0. 0. 0. 0. 0. 0. 0. 0. 0. 0. 0. 0. 0. 0. 0. 0. 0. 0. 0. 0. 1. 0. 0. 1. 0. 0. 0.],500,100,0.1,0.001,1,16,iDR,51,first
117,0.0023104442033259395,0.0023104442033259395,0.0019372362018299997,[0.         0.         0.         0.         0.         0.         0.         0.         0.         0.         0.         0.         0.         0.         0.         0.         0.         0.         0.         0.         0.         0.         0.         0.         0.71147071 0.         0.         0.01       0.         0.         0.        ],[0. 0. 0. 0. 0. 0. 0. 0. 0. 0. 0. 0. 0. 0. 0. 0. 0. 0. 0. 0. 0. 0. 0. 0. 1. 0. 0. 1. 0. 0. 0.],500,100,0.1,0.001,1,16,iDR,51,first
118,0.0023104442033259395,0.0023104442033259395,0.0019372362018299997,[0.         0.         0.         0.         0.         0.         0.         0.         0.         0.         0.         0.         0.         0.         0.         0.         0.         0.         0.         0.         0.         0.         0.         0.         0.71147071 0.         0.         0.01       0.         0.         0.        ],[0. 0. 0. 0. 0. 0. 0. 0. 0. 0. 0. 0. 0. 0. 0. 0. 0. 0. 0. 0. 0. 0. 0. 0. 1. 0. 0. 1. 0. 0. 0.],500,100,0.1,0.001,1,16,iDR,51,first
119,0.0023104442033259395,0.0023104442033259395,0.0019372362018299997,[0.         0.         0.         0.         0.         0.         0.         0.         0.         0.         0.         0.         0.         0.         0.         0.         0.         0.         0.         0.         0.         0.         0.         0.         0.71147071 0.         0.         0.01       0.         0.         0.        ],[0. 0. 0. 0. 0. 0. 0. 0. 0. 0. 0. 0. 0. 0. 0. 0. 0. 0. 0. 0. 0. 0. 0. 0. 1. 0. 0. 1. 0. 0. 0.],500,100,0.1,0.001,1,16,iDR,51,first
120,0.0023104442033259395,0.0023104442033259395,0.0019372362018299997,[0.         0.         0.         0.         0.         0.         0.         0.         0.         0.         0.         0.         0.         0.         0.         0.         0.         0.         0.         0.         0.         0.         0.         0.         0.71147071 0.         0.         0.01       0.         0.         0.        ],[0. 0. 0. 0. 0. 0. 0. 0. 0. 0. 0. 0. 0. 0. 0. 0. 0. 0. 0. 0. 0. 0. 0. 0. 1. 0. 0. 1. 0. 0. 0.],500,100,0.1,0.001,1,16,iDR,51,first
121,0.0023104442033259395,0.0023104442033259395,0.0019372362018299997,[0.         0.         0.         0.         0.         0.         0.         0.         0.         0.         0.         0.         0.         0.         0.         0.         0.         0.         0.         0.         0.         0.         0.         0.         0.71147071 0.         0.         0.01       0.         0.         0.        ],[0. 0. 0. 0. 0. 0. 0. 0. 0. 0. 0. 0. 0. 0. 0. 0. 0. 0. 0. 0. 0. 0. 0. 0. 1. 0. 0. 1. 0. 0. 0.],500,100,0.1,0.001,1,16,iDR,51,first
122,0.0023104442033259395,0.0023104442033259395,0.0019372362018299997,[0.         0.         0.         0.         0.         0.         0.         0.         0.         0.         0.         0.         0.         0.         0.         0.         0.         0.         0.         0.         0.         0.         0.         0.         0.71147071 0.         0.         0.01       0.         0.         0.        ],[0. 0. 0. 0. 0. 0. 0. 0. 0. 0. 0. 0. 0. 0. 0. 0. 0. 0. 0. 0. 0. 0. 0. 0. 1. 0. 0. 1. 0. 0. 0.],500,100,0.1,0.001,1,16,iDR,51,first
123,0.0023104442033259395,0.0023104442033259395,0.0019372362018299997,[0.         0.         0.         0.         0.         0.         0.         0.         0.         0.         0.         0.         0.         0.         0.         0.         0.         0.         0.         0.         0.         0.         0.         0.         0.71147071 0.         0.         0.01       0.         0.         0.        ],[0. 0. 0. 0. 0. 0. 0. 0. 0. 0. 0. 0. 0. 0. 0. 0. 0. 0. 0. 0. 0. 0. 0. 0. 1. 0. 0. 1. 0. 0. 0.],500,100,0.1,0.001,1,16,iDR,51,first
124,0.0023104442033259395,0.0023104442033259395,0.0019372362018299997,[0.         0.         0.         0.         0.         0.         0.         0.         0.         0.         0.         0.         0.         0.         0.         0.         0.         0.         0.         0.         0.         0.         0.         0.         0.71147071 0.         0.         0.01       0.         0.         0.        ],[0. 0. 0. 0. 0. 0. 0. 0. 0. 0. 0. 0. 0. 0. 0. 0. 0. 0. 0. 0. 0. 0. 0. 0. 1. 0. 0. 1. 0. 0. 0.],500,100,0.1,0.001,1,16,iDR,51,first
125,0.0023104442033259395,0.0023104442033259395,0.0019372362018299997,[0.         0.         0.         0.         0.         0.         0.         0.         0.         0.         0.         0.         0.         0.         0.         0.         0.         0.         0.         0.         0.         0.         0.         0.         0.71147071 0.         0.         0.01       0.         0.         0.        ],[0. 0. 0. 0. 0. 0. 0. 0. 0. 0. 0. 0. 0. 0. 0. 0. 0. 0. 0. 0. 0. 0. 0. 0. 1. 0. 0. 1. 0. 0. 0.],500,100,0.1,0.001,1,16,iDR,51,first
126,0.0023104442033259395,0.0023104442033259395,0.0019372362018299997,[0.         0.         0.         0.         0.         0.         0.         0.         0.         0.         0.         0.         0.         0.         0.         0.         0.         0.         0.         0.         0.         0.         0.         0.         0.71147071 0.         0.         0.01       0.         0.         0.        ],[0. 0. 0. 0. 0. 0. 0. 0. 0. 0. 0. 0. 0. 0. 0. 0. 0. 0. 0. 0. 0. 0. 0. 0. 1. 0. 0. 1. 0. 0. 0.],500,100,0.1,0.001,1,16,iDR,51,first
127,0.0023104442033259395,0.0023104442033259395,0.0019372362018299997,[0.         0.         0.         0.         0.         0.         0.         0.         0.         0.         0.         0.         0.         0.         0.         0.         0.         0.         0.         0.         0.         0.         0.         0.         0.71147071 0.         0.         0.01       0.         0.         0.        ],[0. 0. 0. 0. 0. 0. 0. 0. 0. 0. 0. 0. 0. 0. 0. 0. 0. 0. 0. 0. 0. 0. 0. 0. 1. 0. 0. 1. 0. 0. 0.],500,100,0.1,0.001,1,16,iDR,51,first
128,0.0023104442033259395,0.0023104442033259395,0.0019372362018299997,[0.         0.         0.         0.         0.         0.         0.         0.         0.         0.         0.         0.         0.         0.         0.         0.         0.         0.         0.         0.         0.         0.         0.         0.         0.71147071 0.         0.         0.01       0.         0.         0.        ],[0. 0. 0. 0. 0. 0. 0. 0. 0. 0. 0. 0. 0. 0. 0. 0. 0. 0. 0. 0. 0. 0. 0. 0. 1. 0. 0. 1. 0. 0. 0.],500,100,0.1,0.001,1,16,iDR,51,first
129,0.0023104442033259395,0.0023104442033259395,0.0019372362018299997,[0.         0.         0.         0.         0.         0.         0.         0.         0.         0.         0.         0.         0.         0.         0.         0.         0.         0.         0.         0.         0.         0.         0.         0.         0.71147071 0.         0.         0.01       0.         0.         0.        ],[0. 0. 0. 0. 0. 0. 0. 0. 0. 0. 0. 0. 0. 0. 0. 0. 0. 0. 0. 0. 0. 0. 0. 0. 1. 0. 0. 1. 0. 0. 0.],500,100,0.1,0.001,1,16,iDR,51,first
130,0.0023104442033259395,0.0023104442033259395,0.0019372362018299997,[0.         0.         0.         0.         0.         0.         0.         0.         0.         0.         0.         0.         0.         0.         0.         0.         0.         0.         0.         0.         0.         0.         0.         0.         0.71147071 0.         0.         0.01       0.         0.         0.        ],[0. 0. 0. 0. 0. 0. 0. 0. 0. 0. 0. 0. 0. 0. 0. 0. 0. 0. 0. 0. 0. 0. 0. 0. 1. 0. 0. 1. 0. 0. 0.],500,100,0.1,0.001,1,16,iDR,51,first
131,0.0023104442033259395,0.0023104442033259395,0.0019372362018299997,[0.         0.         0.         0.         0.         0.         0.         0.         0.         0.         0.         0.         0.         0.         0.         0.         0.         0.         0.         0.         0.         0.         0.         0.         0.71147071 0.         0.         0.01       0.         0.         0.        ],[0. 0. 0. 0. 0. 0. 0. 0. 0. 0. 0. 0. 0. 0. 0. 0. 0. 0. 0. 0. 0. 0. 0. 0. 1. 0. 0. 1. 0. 0. 0.],500,100,0.1,0.001,1,16,iDR,51,first
132,0.0023104442033259395,0.0023104442033259395,0.0019372362018299997,[0.         0.         0.         0.         0.         0.         0.         0.         0.         0.         0.         0.         0.         0.         0.         0.         0.         0.         0.         0.         0.         0.         0.         0.         0.71147071 0.         0.         0.01       0.         0.         0.        ],[0. 0. 0. 0. 0. 0. 0. 0. 0. 0. 0. 0. 0. 0. 0. 0. 0. 0. 0. 0. 0. 0. 0. 0. 1. 0. 0. 1. 0. 0. 0.],500,100,0.1,0.001,1,16,iDR,51,first
133,0.0023104442033259395,0.0023104442033259395,0.0019372362018299997,[0.         0.         0.         0.         0.         0.         0.         0.         0.         0.         0.         0.         0.         0.         0.         0.         0.         0.         0.         0.         0.         0.         0.         0.         0.71147071 0.         0.         0.01       0.         0.         0.        ],[0. 0. 0. 0. 0. 0. 0. 0. 0. 0. 0. 0. 0. 0. 0. 0. 0. 0. 0. 0. 0. 0. 0. 0. 1. 0. 0. 1. 0. 0. 0.],500,100,0.1,0.001,1,16,iDR,51,first
134,0.0023104442033259395,0.0023104442033259395,0.0019372362018299997,[0.         0.         0.         0.         0.         0.         0.         0.         0.         0.         0.         0.         0.         0.         0.         0.         0.         0.         0.         0.         0.         0.         0.         0.         0.71147071 0.         0.         0.01       0.         0.         0.        ],[0. 0. 0. 0. 0. 0. 0. 0. 0. 0. 0. 0. 0. 0. 0. 0. 0. 0. 0. 0. 0. 0. 0. 0. 1. 0. 0. 1. 0. 0. 0.],500,100,0.1,0.001,1,16,iDR,51,first
135,0.0023104442033259395,0.0023104442033259395,0.0019372362018299997,[0.         0.         0.         0.         0.         0.         0.         0.         0.         0.         0.         0.         0.         0.         0.         0.         0.         0.         0.         0.         0.         0.         0.         0.         0.71147071 0.         0.         0.01       0.         0.         0.        ],[0. 0. 0. 0. 0. 0. 0. 0. 0. 0. 0. 0. 0. 0. 0. 0. 0. 0. 0. 0. 0. 0. 0. 0. 1. 0. 0. 1. 0. 0. 0.],500,100,0.1,0.001,1,16,iDR,51,first
136,0.0023104442033259395,0.0023104442033259395,0.0019372362018299997,[0.         0.         0.         0.         0.         0.         0.         0.         0.         0.         0.         0.         0.         0.         0.         0.         0.         0.         0.         0.         0.         0.         0.         0.         0.71147071 0.         0.         0.01       0.         0.         0.        ],[0. 0. 0. 0. 0. 0. 0. 0. 0. 0. 0. 0. 0. 0. 0. 0. 0. 0. 0. 0. 0. 0. 0. 0. 1. 0. 0. 1. 0. 0. 0.],500,100,0.1,0.001,1,16,iDR,51,first
137,0.0023104442033259395,0.0023104442033259395,0.0019372362018299997,[0.         0.         0.         0.         0.         0.         0.         0.         0.         0.         0.         0.         0.         0.         0.         0.         0.         0.         0.         0.         0.         0.         0.         0.         0.71147071 0.         0.         0.01       0.         0.         0.        ],[0. 0. 0. 0. 0. 0. 0. 0. 0. 0. 0. 0. 0. 0. 0. 0. 0. 0. 0. 0. 0. 0. 0. 0. 1. 0. 0. 1. 0. 0. 0.],500,100,0.1,0.001,1,16,iDR,51,first
138,0.0023104442033259395,0.0023104442033259395,0.0019372362018299997,[0.         0.         0.         0.         0.         0.         0.         0.         0.         0.         0.         0.         0.         0.         0.         0.         0.         0.         0.         0.         0.         0.         0.         0.         0.71147071 0.         0.         0.01       0.         0.         0.        ],[0. 0. 0. 0. 0. 0. 0. 0. 0. 0. 0. 0. 0. 0. 0. 0. 0. 0. 0. 0. 0. 0. 0. 0. 1. 0. 0. 1. 0. 0. 0.],500,100,0.1,0.001,1,16,iDR,51,first
139,0.0023104442033259395,0.0023104442033259395,0.0019372362018299997,[0.         0.         0.         0.         0.         0.         0.         0.         0.         0.         0.         0.         0.         0.         0.         0.         0.         0.         0.         0.         0.         0.         0.         0.         0.71147071 0.         0.         0.01       0.         0.         0.        ],[0. 0. 0. 0. 0. 0. 0. 0. 0. 0. 0. 0. 0. 0. 0. 0. 0. 0. 0. 0. 0. 0. 0. 0. 1. 0. 0. 1. 0. 0. 0.],500,100,0.1,0.001,1,16,iDR,51,first
140,0.0023104442033259395,0.0023104442033259395,0.0019372362018299997,[0.         0.         0.         0.         0.         0.         0.         0.         0.         0.         0.         0.         0.         0.         0.         0.         0.         0.         0.         0.         0.         0.         0.         0.         0.71147071 0.         0.         0.01       0.         0.         0.        ],[0. 0. 0. 0. 0. 0. 0. 0. 0. 0. 0. 0. 0. 0. 0. 0. 0. 0. 0. 0. 0. 0. 0. 0. 1. 0. 0. 1. 0. 0. 0.],500,100,0.1,0.001,1,16,iDR,51,first
141,0.0023104442033259395,0.0023104442033259395,0.0019372362018299997,[0.         0.         0.         0.         0.         0.         0.         0.         0.         0.         0.         0.         0.         0.         0.         0.         0.         0.         0.         0.         0.         0.         0.         0.         0.71147071 0.         0.         0.01       0.         0.         0.        ],[0. 0. 0. 0. 0. 0. 0. 0. 0. 0. 0. 0. 0. 0. 0. 0. 0. 0. 0. 0. 0. 0. 0. 0. 1. 0. 0. 1. 0. 0. 0.],500,100,0.1,0.001,1,16,iDR,51,first
142,0.0023104442033259395,0.0023104442033259395,0.0019372362018299997,[0.         0.         0.         0.         0.         0.         0.         0.         0.         0.         0.         0.         0.         0.         0.         0.         0.         0.         0.         0.         0.         0.         0.         0.         0.71147071 0.         0.         0.01       0.         0.         0.        ],[0. 0. 0. 0. 0. 0. 0. 0. 0. 0. 0. 0. 0. 0. 0. 0. 0. 0. 0. 0. 0. 0. 0. 0. 1. 0. 0. 1. 0. 0. 0.],500,100,0.1,0.001,1,16,iDR,51,first
143,0.0023104442033259395,0.0023104442033259395,0.0019372362018299997,[0.         0.         0.         0.         0.         0.         0.         0.         0.         0.         0.         0.         0.         0.         0.         0.         0.         0.         0.         0.         0.         0.         0.         0.         0.71147071 0.         0.         0.01       0.         0.         0.        ],[0. 0. 0. 0. 0. 0. 0. 0. 0. 0. 0. 0. 0. 0. 0. 0. 0. 0. 0. 0. 0. 0. 0. 0. 1. 0. 0. 1. 0. 0. 0.],500,100,0.1,0.001,1,16,iDR,51,first
144,0.0023104442033259395,0.0023104442033259395,0.0019372362018299997,[0.         0.         0.         0.         0.         0.         0.         0.         0.         0.         0.         0.         0.         0.         0.         0.         0.         0.         0.         0.         0.         0.         0.         0.         0.71147071 0.         0.         0.01       0.         0.         0.        ],[0. 0. 0. 0. 0. 0. 0. 0. 0. 0. 0. 0. 0. 0. 0. 0. 0. 0. 0. 0. 0. 0. 0. 0. 1. 0. 0. 1. 0. 0. 0.],500,100,0.1,0.001,1,16,iDR,51,first
145,0.0023104442033259395,0.0023104442033259395,0.0019372362018299997,[0.         0.         0.         0.         0.         0.         0.         0.         0.         0.         0.         0.         0.         0.         0.         0.         0.         0.         0.         0.         0.         0.         0.         0.         0.71147071 0.         0.         0.01       0.         0.         0.        ],[0. 0. 0. 0. 0. 0. 0. 0. 0. 0. 0. 0. 0. 0. 0. 0. 0. 0. 0. 0. 0. 0. 0. 0. 1. 0. 0. 1. 0. 0. 0.],500,100,0.1,0.001,1,16,iDR,51,first
146,0.0023104442033259395,0.0023104442033259395,0.0019372362018299997,[0.         0.         0.         0.         0.         0.         0.         0.         0.         0.         0.         0.         0.         0.         0.         0.         0.         0.         0.         0.         0.         0.         0.         0.         0.71147071 0.         0.         0.01       0.         0.         0.        ],[0. 0. 0. 0. 0. 0. 0. 0. 0. 0. 0. 0. 0. 0. 0. 0. 0. 0. 0. 0. 0. 0. 0. 0. 1. 0. 0. 1. 0. 0. 0.],500,100,0.1,0.001,1,16,iDR,51,first
147,0.0023104442033259395,0.0023104442033259395,0.0019372362018299997,[0.         0.         0.         0.         0.         0.         0.         0.         0.         0.         0.         0.         0.         0.         0.         0.         0.         0.         0.         0.         0.         0.         0.         0.         0.71147071 0.         0.         0.01       0.         0.         0.        ],[0. 0. 0. 0. 0. 0. 0. 0. 0. 0. 0. 0. 0. 0. 0. 0. 0. 0. 0. 0. 0. 0. 0. 0. 1. 0. 0. 1. 0. 0. 0.],500,100,0.1,0.001,1,16,iDR,51,first
148,0.0023104442033259395,0.0023104442033259395,0.0019372362018299997,[0.         0.         0.         0.         0.         0.         0.         0.         0.         0.         0.         0.         0.         0.         0.         0.         0.         0.         0.         0.         0.         0.         0.         0.         0.71147071 0.         0.         0.01       0.         0.         0.        ],[0. 0. 0. 0. 0. 0. 0. 0. 0. 0. 0. 0. 0. 0. 0. 0. 0. 0. 0. 0. 0. 0. 0. 0. 1. 0. 0. 1. 0. 0. 0.],500,100,0.1,0.001,1,16,iDR,51,first
149,0.0023104442033259395,0.0023104442033259395,0.0019372362018299997,[0.         0.         0.         0.         0.         0.         0.         0.         0.         0.         0.         0.         0.         0.         0.         0.         0.         0.         0.         0.         0.         0.         0.         0.         0.71147071 0.         0.         0.01       0.         0.         0.        ],[0. 0. 0. 0. 0. 0. 0. 0. 0. 0. 0. 0. 0. 0. 0. 0. 0. 0. 0. 0. 0. 0. 0. 0. 1. 0. 0. 1. 0. 0. 0.],500,100,0.1,0.001,1,16,iDR,51,first
150,0.0023104442033259395,0.0023104442033259395,0.0019372362018299997,[0.         0.         0.         0.         0.         0.         0.         0.         0.         0.         0.         0.         0.         0.         0.         0.         0.         0.         0.         0.         0.         0.         0.         0.         0.71147071 0.         0.         0.01       0.         0.         0.        ],[0. 0. 0. 0. 0. 0. 0. 0. 0. 0. 0. 0. 0. 0. 0. 0. 0. 0. 0. 0. 0. 0. 0. 0. 1. 0. 0. 1. 0. 0. 0.],500,100,0.1,0.001,1,16,iDR,51,first
151,0.0023104442033259395,0.0023104442033259395,0.0019372362018299997,[0.         0.         0.         0.         0.         0.         0.         0.         0.         0.         0.         0.         0.         0.         0.         0.         0.         0.         0.         0.         0.         0.         0.         0.         0.71147071 0.         0.         0.01       0.         0.         0.        ],[0. 0. 0. 0. 0. 0. 0. 0. 0. 0. 0. 0. 0. 0. 0. 0. 0. 0. 0. 0. 0. 0. 0. 0. 1. 0. 0. 1. 0. 0. 0.],500,100,0.1,0.001,1,16,iDR,51,first
152,0.0023104442033259395,0.0023104442033259395,0.0019372362018299997,[0.         0.         0.         0.         0.         0.         0.         0.         0.         0.         0.         0.         0.         0.         0.         0.         0.         0.         0.         0.         0.         0.         0.         0.         0.71147071 0.         0.         0.01       0.         0.         0.        ],[0. 0. 0. 0. 0. 0. 0. 0. 0. 0. 0. 0. 0. 0. 0. 0. 0. 0. 0. 0. 0. 0. 0. 0. 1. 0. 0. 1. 0. 0. 0.],500,100,0.1,0.001,1,16,iDR,51,first
153,0.0023104442033259395,0.0023104442033259395,0.0019372362018299997,[0.         0.         0.         0.         0.         0.         0.         0.         0.         0.         0.         0.         0.         0.         0.         0.         0.         0.         0.         0.         0.         0.         0.         0.         0.71147071 0.         0.         0.01       0.         0.         0.        ],[0. 0. 0. 0. 0. 0. 0. 0. 0. 0. 0. 0. 0. 0. 0. 0. 0. 0. 0. 0. 0. 0. 0. 0. 1. 0. 0. 1. 0. 0. 0.],500,100,0.1,0.001,1,16,iDR,51,first
154,0.0023104442033259395,0.0023104442033259395,0.0019372362018299997,[0.         0.         0.         0.         0.         0.         0.         0.         0.         0.         0.         0.         0.         0.         0.         0.         0.         0.         0.         0.         0.         0.         0.         0.         0.71147071 0.         0.         0.01       0.         0.         0.        ],[0. 0. 0. 0. 0. 0. 0. 0. 0. 0. 0. 0. 0. 0. 0. 0. 0. 0. 0. 0. 0. 0. 0. 0. 1. 0. 0. 1. 0. 0. 0.],500,100,0.1,0.001,1,16,iDR,51,first
155,0.0023104442033259395,0.0023104442033259395,0.0019372362018299997,[0.         0.         0.         0.         0.         0.         0.         0.         0.         0.         0.         0.         0.         0.         0.         0.         0.         0.         0.         0.         0.         0.         0.         0.         0.71147071 0.         0.         0.01       0.         0.         0.        ],[0. 0. 0. 0. 0. 0. 0. 0. 0. 0. 0. 0. 0. 0. 0. 0. 0. 0. 0. 0. 0. 0. 0. 0. 1. 0. 0. 1. 0. 0. 0.],500,100,0.1,0.001,1,16,iDR,51,first
156,0.0023104442033259395,0.0023104442033259395,0.0019372362018299997,[0.         0.         0.         0.         0.         0.         0.         0.         0.         0.         0.         0.         0.         0.         0.         0.         0.         0.         0.         0.         0.         0.         0.         0.         0.71147071 0.         0.         0.01       0.         0.         0.        ],[0. 0. 0. 0. 0. 0. 0. 0. 0. 0. 0. 0. 0. 0. 0. 0. 0. 0. 0. 0. 0. 0. 0. 0. 1. 0. 0. 1. 0. 0. 0.],500,100,0.1,0.001,1,16,iDR,51,first
157,0.0023104442033259395,0.0023104442033259395,0.0019372362018299997,[0.         0.         0.         0.         0.         0.         0.         0.         0.         0.         0.         0.         0.         0.         0.         0.         0.         0.         0.         0.         0.         0.         0.         0.         0.71147071 0.         0.         0.01       0.         0.         0.        ],[0. 0. 0. 0. 0. 0. 0. 0. 0. 0. 0. 0. 0. 0. 0. 0. 0. 0. 0. 0. 0. 0. 0. 0. 1. 0. 0. 1. 0. 0. 0.],500,100,0.1,0.001,1,16,iDR,51,first
158,0.0023104442033259395,0.0023104442033259395,0.0019372362018299997,[0.         0.         0.         0.         0.         0.         0.         0.         0.         0.         0.         0.         0.         0.         0.         0.         0.         0.         0.         0.         0.         0.         0.         0.         0.71147071 0.         0.         0.01       0.         0.         0.        ],[0. 0. 0. 0. 0. 0. 0. 0. 0. 0. 0. 0. 0. 0. 0. 0. 0. 0. 0. 0. 0. 0. 0. 0. 1. 0. 0. 1. 0. 0. 0.],500,100,0.1,0.001,1,16,iDR,51,first
159,0.0023104442033259395,0.0023104442033259395,0.0019372362018299997,[0.         0.         0.         0.         0.         0.         0.         0.         0.         0.         0.         0.         0.         0.         0.         0.         0.         0.         0.         0.         0.         0.         0.         0.         0.71147071 0.         0.         0.01       0.         0.         0.        ],[0. 0. 0. 0. 0. 0. 0. 0. 0. 0. 0. 0. 0. 0. 0. 0. 0. 0. 0. 0. 0. 0. 0. 0. 1. 0. 0. 1. 0. 0. 0.],500,100,0.1,0.001,1,16,iDR,51,first
160,0.0023104442033259395,0.0023104442033259395,0.0019372362018299997,[0.         0.         0.         0.         0.         0.         0.         0.         0.         0.         0.         0.         0.         0.         0.         0.         0.         0.         0.         0.         0.         0.         0.         0.         0.71147071 0.         0.         0.01       0.         0.         0.        ],[0. 0. 0. 0. 0. 0. 0. 0. 0. 0. 0. 0. 0. 0. 0. 0. 0. 0. 0. 0. 0. 0. 0. 0. 1. 0. 0. 1. 0. 0. 0.],500,100,0.1,0.001,1,16,iDR,51,first
161,0.0023104442033259395,0.0023104442033259395,0.0019372362018299997,[0.         0.         0.         0.         0.         0.         0.         0.         0.         0.         0.         0.         0.         0.         0.         0.         0.         0.         0.         0.         0.         0.         0.         0.         0.71147071 0.         0.         0.01       0.         0.         0.        ],[0. 0. 0. 0. 0. 0. 0. 0. 0. 0. 0. 0. 0. 0. 0. 0. 0. 0. 0. 0. 0. 0. 0. 0. 1. 0. 0. 1. 0. 0. 0.],500,100,0.1,0.001,1,16,iDR,51,first
162,0.0023104442033259395,0.0023104442033259395,0.0019372362018299997,[0.         0.         0.         0.         0.         0.         0.         0.         0.         0.         0.         0.         0.         0.         0.         0.         0.         0.         0.         0.         0.         0.         0.         0.         0.71147071 0.         0.         0.01       0.         0.         0.        ],[0. 0. 0. 0. 0. 0. 0. 0. 0. 0. 0. 0. 0. 0. 0. 0. 0. 0. 0. 0. 0. 0. 0. 0. 1. 0. 0. 1. 0. 0. 0.],500,100,0.1,0.001,1,16,iDR,51,first
163,0.0023104442033259395,0.0023104442033259395,0.0019372362018299997,[0.         0.         0.         0.         0.         0.         0.         0.         0.         0.         0.         0.         0.         0.         0.         0.         0.         0.         0.         0.         0.         0.         0.         0.         0.71147071 0.         0.         0.01       0.         0.         0.        ],[0. 0. 0. 0. 0. 0. 0. 0. 0. 0. 0. 0. 0. 0. 0. 0. 0. 0. 0. 0. 0. 0. 0. 0. 1. 0. 0. 1. 0. 0. 0.],500,100,0.1,0.001,1,16,iDR,51,first
164,0.0023104442033259395,0.0023104442033259395,0.0019372362018299997,[0.         0.         0.         0.         0.         0.         0.         0.         0.         0.         0.         0.         0.         0.         0.         0.         0.         0.         0.         0.         0.         0.         0.         0.         0.71147071 0.         0.         0.01       0.         0.         0.        ],[0. 0. 0. 0. 0. 0. 0. 0. 0. 0. 0. 0. 0. 0. 0. 0. 0. 0. 0. 0. 0. 0. 0. 0. 1. 0. 0. 1. 0. 0. 0.],500,100,0.1,0.001,1,16,iDR,51,first
165,0.0023104442033259395,0.0023104442033259395,0.0019372362018299997,[0.         0.         0.         0.         0.         0.         0.         0.         0.         0.         0.         0.         0.         0.         0.         0.         0.         0.         0.         0.         0.         0.         0.         0.         0.71147071 0.         0.         0.01       0.         0.         0.        ],[0. 0. 0. 0. 0. 0. 0. 0. 0. 0. 0. 0. 0. 0. 0. 0. 0. 0. 0. 0. 0. 0. 0. 0. 1. 0. 0. 1. 0. 0. 0.],500,100,0.1,0.001,1,16,iDR,51,first
166,0.0023104442033259395,0.0023104442033259395,0.0019372362018299997,[0.         0.         0.         0.         0.         0.         0.         0.         0.         0.         0.         0.         0.         0.         0.         0.         0.         0.         0.         0.         0.         0.         0.         0.         0.71147071 0.         0.         0.01       0.         0.         0.        ],[0. 0. 0. 0. 0. 0. 0. 0. 0. 0. 0. 0. 0. 0. 0. 0. 0. 0. 0. 0. 0. 0. 0. 0. 1. 0. 0. 1. 0. 0. 0.],500,100,0.1,0.001,1,16,iDR,51,first
167,0.0023104442033259395,0.0023104442033259395,0.0019372362018299997,[0.         0.         0.         0.         0.         0.         0.         0.         0.         0.         0.         0.         0.         0.         0.         0.         0.         0.         0.         0.         0.         0.         0.         0.         0.71147071 0.         0.         0.01       0.         0.         0.        ],[0. 0. 0. 0. 0. 0. 0. 0. 0. 0. 0. 0. 0. 0. 0. 0. 0. 0. 0. 0. 0. 0. 0. 0. 1. 0. 0. 1. 0. 0. 0.],500,100,0.1,0.001,1,16,iDR,51,first
168,0.0023104442033259395,0.0023104442033259395,0.0019372362018299997,[0.         0.         0.         0.         0.         0.         0.         0.         0.         0.         0.         0.         0.         0.         0.         0.         0.         0.         0.         0.         0.         0.         0.         0.         0.71147071 0.         0.         0.01       0.         0.         0.        ],[0. 0. 0. 0. 0. 0. 0. 0. 0. 0. 0. 0. 0. 0. 0. 0. 0. 0. 0. 0. 0. 0. 0. 0. 1. 0. 0. 1. 0. 0. 0.],500,100,0.1,0.001,1,16,iDR,51,first
169,0.0023104442033259395,0.0023104442033259395,0.0019372362018299997,[0.         0.         0.         0.         0.         0.         0.         0.         0.         0.         0.         0.         0.         0.         0.         0.         0.         0.         0.         0.         0.         0.         0.         0.         0.71147071 0.         0.         0.01       0.         0.         0.        ],[0. 0. 0. 0. 0. 0. 0. 0. 0. 0. 0. 0. 0. 0. 0. 0. 0. 0. 0. 0. 0. 0. 0. 0. 1. 0. 0. 1. 0. 0. 0.],500,100,0.1,0.001,1,16,iDR,51,first
170,0.0023104442033259395,0.0023104442033259395,0.0019372362018299997,[0.         0.         0.         0.         0.         0.         0.         0.         0.         0.         0.         0.         0.         0.         0.         0.         0.         0.         0.         0.         0.         0.         0.         0.         0.71147071 0.         0.         0.01       0.         0.         0.        ],[0. 0. 0. 0. 0. 0. 0. 0. 0. 0. 0. 0. 0. 0. 0. 0. 0. 0. 0. 0. 0. 0. 0. 0. 1. 0. 0. 1. 0. 0. 0.],500,100,0.1,0.001,1,16,iDR,51,first
171,0.0023104442033259395,0.0023104442033259395,0.0019372362018299997,[0.         0.         0.         0.         0.         0.         0.         0.         0.         0.         0.         0.         0.         0.         0.         0.         0.         0.         0.         0.         0.         0.         0.         0.         0.71147071 0.         0.         0.01       0.         0.         0.        ],[0. 0. 0. 0. 0. 0. 0. 0. 0. 0. 0. 0. 0. 0. 0. 0. 0. 0. 0. 0. 0. 0. 0. 0. 1. 0. 0. 1. 0. 0. 0.],500,100,0.1,0.001,1,16,iDR,51,first
172,0.0023104442033259395,0.0023104442033259395,0.0019372362018299997,[0.         0.         0.         0.         0.         0.         0.         0.         0.         0.         0.         0.         0.         0.         0.         0.         0.         0.         0.         0.         0.         0.         0.         0.         0.71147071 0.         0.         0.01       0.         0.         0.        ],[0. 0. 0. 0. 0. 0. 0. 0. 0. 0. 0. 0. 0. 0. 0. 0. 0. 0. 0. 0. 0. 0. 0. 0. 1. 0. 0. 1. 0. 0. 0.],500,100,0.1,0.001,1,16,iDR,51,first
173,0.0023104442033259395,0.0023104442033259395,0.0019372362018299997,[0.         0.         0.         0.         0.         0.         0.         0.         0.         0.         0.         0.         0.         0.         0.         0.         0.         0.         0.         0.         0.         0.         0.         0.         0.71147071 0.         0.         0.01       0.         0.         0.        ],[0. 0. 0. 0. 0. 0. 0. 0. 0. 0. 0. 0. 0. 0. 0. 0. 0. 0. 0. 0. 0. 0. 0. 0. 1. 0. 0. 1. 0. 0. 0.],500,100,0.1,0.001,1,16,iDR,51,first
174,0.0023104442033259395,0.0023104442033259395,0.0019372362018299997,[0.         0.         0.         0.         0.         0.         0.         0.         0.         0.         0.         0.         0.         0.         0.         0.         0.         0.         0.         0.         0.         0.         0.         0.         0.71147071 0.         0.         0.01       0.         0.         0.        ],[0. 0. 0. 0. 0. 0. 0. 0. 0. 0. 0. 0. 0. 0. 0. 0. 0. 0. 0. 0. 0. 0. 0. 0. 1. 0. 0. 1. 0. 0. 0.],500,100,0.1,0.001,1,16,iDR,51,first
175,0.0023104442033259395,0.0023104442033259395,0.0019372362018299997,[0.         0.         0.         0.         0.         0.         0.         0.         0.         0.         0.         0.         0.         0.         0.         0.         0.         0.         0.         0.         0.         0.         0.         0.         0.71147071 0.         0.         0.01       0.         0.         0.        ],[0. 0. 0. 0. 0. 0. 0. 0. 0. 0. 0. 0. 0. 0. 0. 0. 0. 0. 0. 0. 0. 0. 0. 0. 1. 0. 0. 1. 0. 0. 0.],500,100,0.1,0.001,1,16,iDR,51,first
176,0.0023104442033259395,0.0023104442033259395,0.0019372362018299997,[0.         0.         0.         0.         0.         0.         0.         0.         0.         0.         0.         0.         0.         0.         0.         0.         0.         0.         0.         0.         0.         0.         0.         0.         0.71147071 0.         0.         0.01       0.         0.         0.        ],[0. 0. 0. 0. 0. 0. 0. 0. 0. 0. 0. 0. 0. 0. 0. 0. 0. 0. 0. 0. 0. 0. 0. 0. 1. 0. 0. 1. 0. 0. 0.],500,100,0.1,0.001,1,16,iDR,51,first
177,0.0023104442033259395,0.0023104442033259395,0.0019372362018299997,[0.         0.         0.         0.         0.         0.         0.         0.         0.         0.         0.         0.         0.         0.         0.         0.         0.         0.         0.         0.         0.         0.         0.         0.         0.71147071 0.         0.         0.01       0.         0.         0.        ],[0. 0. 0. 0. 0. 0. 0. 0. 0. 0. 0. 0. 0. 0. 0. 0. 0. 0. 0. 0. 0. 0. 0. 0. 1. 0. 0. 1. 0. 0. 0.],500,100,0.1,0.001,1,16,iDR,51,first
178,0.0023104442033259395,0.0023104442033259395,0.0019372362018299997,[0.         0.         0.         0.         0.         0.         0.         0.         0.         0.         0.         0.         0.         0.         0.         0.         0.         0.         0.         0.         0.         0.         0.         0.         0.71147071 0.         0.         0.01       0.         0.         0.        ],[0. 0. 0. 0. 0. 0. 0. 0. 0. 0. 0. 0. 0. 0. 0. 0. 0. 0. 0. 0. 0. 0. 0. 0. 1. 0. 0. 1. 0. 0. 0.],500,100,0.1,0.001,1,16,iDR,51,first
179,0.0023104442033259395,0.0023104442033259395,0.0019372362018299997,[0.         0.         0.         0.         0.         0.         0.         0.         0.         0.         0.         0.         0.         0.         0.         0.         0.         0.         0.         0.         0.         0.         0.         0.         0.71147071 0.         0.         0.01       0.         0.         0.        ],[0. 0. 0. 0. 0. 0. 0. 0. 0. 0. 0. 0. 0. 0. 0. 0. 0. 0. 0. 0. 0. 0. 0. 0. 1. 0. 0. 1. 0. 0. 0.],500,100,0.1,0.001,1,16,iDR,51,first
180,0.0023104442033259395,0.0023104442033259395,0.0019372362018299997,[0.         0.         0.         0.         0.         0.         0.         0.         0.         0.         0.         0.         0.         0.         0.         0.         0.         0.         0.         0.         0.         0.         0.         0.         0.71147071 0.         0.         0.01       0.         0.         0.        ],[0. 0. 0. 0. 0. 0. 0. 0. 0. 0. 0. 0. 0. 0. 0. 0. 0. 0. 0. 0. 0. 0. 0. 0. 1. 0. 0. 1. 0. 0. 0.],500,100,0.1,0.001,1,16,iDR,51,first
181,0.0023104442033259395,0.0023104442033259395,0.0019372362018299997,[0.         0.         0.         0.         0.         0.         0.         0.         0.         0.         0.         0.         0.         0.         0.         0.         0.         0.         0.         0.         0.         0.         0.         0.         0.71147071 0.         0.         0.01       0.         0.         0.        ],[0. 0. 0. 0. 0. 0. 0. 0. 0. 0. 0. 0. 0. 0. 0. 0. 0. 0. 0. 0. 0. 0. 0. 0. 1. 0. 0. 1. 0. 0. 0.],500,100,0.1,0.001,1,16,iDR,51,first
182,0.0023104442033259395,0.0023104442033259395,0.0019372362018299997,[0.         0.         0.         0.         0.         0.         0.         0.         0.         0.         0.         0.         0.         0.         0.         0.         0.         0.         0.         0.         0.         0.         0.         0.         0.71147071 0.         0.         0.01       0.         0.         0.        ],[0. 0. 0. 0. 0. 0. 0. 0. 0. 0. 0. 0. 0. 0. 0. 0. 0. 0. 0. 0. 0. 0. 0. 0. 1. 0. 0. 1. 0. 0. 0.],500,100,0.1,0.001,1,16,iDR,51,first
183,0.0023104442033259395,0.0023104442033259395,0.0019372362018299997,[0.         0.         0.         0.         0.         0.         0.         0.         0.         0.         0.         0.         0.         0.         0.         0.         0.         0.         0.         0.         0.         0.         0.         0.         0.71147071 0.         0.         0.01       0.         0.         0.        ],[0. 0. 0. 0. 0. 0. 0. 0. 0. 0. 0. 0. 0. 0. 0. 0. 0. 0. 0. 0. 0. 0. 0. 0. 1. 0. 0. 1. 0. 0. 0.],500,100,0.1,0.001,1,16,iDR,51,first
184,0.0023104442033259395,0.0023104442033259395,0.0019372362018299997,[0.         0.         0.         0.         0.         0.         0.         0.         0.         0.         0.         0.         0.         0.         0.         0.         0.         0.         0.         0.         0.         0.         0.         0.         0.71147071 0.         0.         0.01       0.         0.         0.        ],[0. 0. 0. 0. 0. 0. 0. 0. 0. 0. 0. 0. 0. 0. 0. 0. 0. 0. 0. 0. 0. 0. 0. 0. 1. 0. 0. 1. 0. 0. 0.],500,100,0.1,0.001,1,16,iDR,51,first
185,0.0023104442033259395,0.0023104442033259395,0.0019372362018299997,[0.         0.         0.         0.         0.         0.         0.         0.         0.         0.         0.         0.         0.         0.         0.         0.         0.         0.         0.         0.         0.         0.         0.         0.         0.71147071 0.         0.         0.01       0.         0.         0.        ],[0. 0. 0. 0. 0. 0. 0. 0. 0. 0. 0. 0. 0. 0. 0. 0. 0. 0. 0. 0. 0. 0. 0. 0. 1. 0. 0. 1. 0. 0. 0.],500,100,0.1,0.001,1,16,iDR,51,first
186,0.0023104442033259395,0.0023104442033259395,0.0019372362018299997,[0.         0.         0.         0.         0.         0.         0.         0.         0.         0.         0.         0.         0.         0.         0.         0.         0.         0.         0.         0.         0.         0.         0.         0.         0.71147071 0.         0.         0.01       0.         0.         0.        ],[0. 0. 0. 0. 0. 0. 0. 0. 0. 0. 0. 0. 0. 0. 0. 0. 0. 0. 0. 0. 0. 0. 0. 0. 1. 0. 0. 1. 0. 0. 0.],500,100,0.1,0.001,1,16,iDR,51,first
187,0.0023104442033259395,0.0023104442033259395,0.0019372362018299997,[0.         0.         0.         0.         0.         0.         0.         0.         0.         0.         0.         0.         0.         0.         0.         0.         0.         0.         0.         0.         0.         0.         0.         0.         0.71147071 0.         0.         0.01       0.         0.         0.        ],[0. 0. 0. 0. 0. 0. 0. 0. 0. 0. 0. 0. 0. 0. 0. 0. 0. 0. 0. 0. 0. 0. 0. 0. 1. 0. 0. 1. 0. 0. 0.],500,100,0.1,0.001,1,16,iDR,51,first
188,0.0023104442033259395,0.0023104442033259395,0.0019372362018299997,[0.         0.         0.         0.         0.         0.         0.         0.         0.         0.         0.         0.         0.         0.         0.         0.         0.         0.         0.         0.         0.         0.         0.         0.         0.71147071 0.         0.         0.01       0.         0.         0.        ],[0. 0. 0. 0. 0. 0. 0. 0. 0. 0. 0. 0. 0. 0. 0. 0. 0. 0. 0. 0. 0. 0. 0. 0. 1. 0. 0. 1. 0. 0. 0.],500,100,0.1,0.001,1,16,iDR,51,first
189,0.0023104442033259395,0.0023104442033259395,0.0019372362018299997,[0.         0.         0.         0.         0.         0.         0.         0.         0.         0.         0.         0.         0.         0.         0.         0.         0.         0.         0.         0.         0.         0.         0.         0.         0.71147071 0.         0.         0.01       0.         0.         0.        ],[0. 0. 0. 0. 0. 0. 0. 0. 0. 0. 0. 0. 0. 0. 0. 0. 0. 0. 0. 0. 0. 0. 0. 0. 1. 0. 0. 1. 0. 0. 0.],500,100,0.1,0.001,1,16,iDR,51,first
190,0.0023104442033259395,0.0023104442033259395,0.0019372362018299997,[0.         0.         0.         0.         0.         0.         0.         0.         0.         0.         0.         0.         0.         0.         0.         0.         0.         0.         0.         0.         0.         0.         0.         0.         0.71147071 0.         0.         0.01       0.         0.         0.        ],[0. 0. 0. 0. 0. 0. 0. 0. 0. 0. 0. 0. 0. 0. 0. 0. 0. 0. 0. 0. 0. 0. 0. 0. 1. 0. 0. 1. 0. 0. 0.],500,100,0.1,0.001,1,16,iDR,51,first
191,0.0023104442033259395,0.0023104442033259395,0.0019372362018299997,[0.         0.         0.         0.         0.         0.         0.         0.         0.         0.         0.         0.         0.         0.         0.         0.         0.         0.         0.         0.         0.         0.         0.         0.         0.71147071 0.         0.         0.01       0.         0.         0.        ],[0. 0. 0. 0. 0. 0. 0. 0. 0. 0. 0. 0. 0. 0. 0. 0. 0. 0. 0. 0. 0. 0. 0. 0. 1. 0. 0. 1. 0. 0. 0.],500,100,0.1,0.001,1,16,iDR,51,first
192,0.0023104442033259395,0.0023104442033259395,0.0019372362018299997,[0.         0.         0.         0.         0.         0.         0.         0.         0.         0.         0.         0.         0.         0.         0.         0.         0.         0.         0.         0.         0.         0.         0.         0.         0.71147071 0.         0.         0.01       0.         0.         0.        ],[0. 0. 0. 0. 0. 0. 0. 0. 0. 0. 0. 0. 0. 0. 0. 0. 0. 0. 0. 0. 0. 0. 0. 0. 1. 0. 0. 1. 0. 0. 0.],500,100,0.1,0.001,1,16,iDR,51,first
193,0.0023104442033259395,0.0023104442033259395,0.0019372362018299997,[0.         0.         0.         0.         0.         0.         0.         0.         0.         0.         0.         0.         0.         0.         0.         0.         0.         0.         0.         0.         0.         0.         0.         0.         0.71147071 0.         0.         0.01       0.         0.         0.        ],[0. 0. 0. 0. 0. 0. 0. 0. 0. 0. 0. 0. 0. 0. 0. 0. 0. 0. 0. 0. 0. 0. 0. 0. 1. 0. 0. 1. 0. 0. 0.],500,100,0.1,0.001,1,16,iDR,51,first
194,0.0023104442033259395,0.0023104442033259395,0.0019372362018299997,[0.         0.         0.         0.         0.         0.         0.         0.         0.         0.         0.         0.         0.         0.         0.         0.         0.         0.         0.         0.         0.         0.         0.         0.         0.71147071 0.         0.         0.01       0.         0.         0.        ],[0. 0. 0. 0. 0. 0. 0. 0. 0. 0. 0. 0. 0. 0. 0. 0. 0. 0. 0. 0. 0. 0. 0. 0. 1. 0. 0. 1. 0. 0. 0.],500,100,0.1,0.001,1,16,iDR,51,first
195,0.0023104442033259395,0.0023104442033259395,0.0019372362018299997,[0.         0.         0.         0.         0.         0.         0.         0.         0.         0.         0.         0.         0.         0.         0.         0.         0.         0.         0.         0.         0.         0.         0.         0.         0.71147071 0.         0.         0.01       0.         0.         0.        ],[0. 0. 0. 0. 0. 0. 0. 0. 0. 0. 0. 0. 0. 0. 0. 0. 0. 0. 0. 0. 0. 0. 0. 0. 1. 0. 0. 1. 0. 0. 0.],500,100,0.1,0.001,1,16,iDR,51,first
196,0.0023104442033259395,0.0023104442033259395,0.0019372362018299997,[0.         0.         0.         0.         0.         0.         0.         0.         0.         0.         0.         0.         0.         0.         0.         0.         0.         0.         0.         0.         0.         0.         0.         0.         0.71147071 0.         0.         0.01       0.         0.         0.        ],[0. 0. 0. 0. 0. 0. 0. 0. 0. 0. 0. 0. 0. 0. 0. 0. 0. 0. 0. 0. 0. 0. 0. 0. 1. 0. 0. 1. 0. 0. 0.],500,100,0.1,0.001,1,16,iDR,51,first
197,0.0023104442033259395,0.0023104442033259395,0.0019372362018299997,[0.         0.         0.         0.         0.         0.         0.         0.         0.         0.         0.         0.         0.         0.         0.         0.         0.         0.         0.         0.         0.         0.         0.         0.         0.71147071 0.         0.         0.01       0.         0.         0.        ],[0. 0. 0. 0. 0. 0. 0. 0. 0. 0. 0. 0. 0. 0. 0. 0. 0. 0. 0. 0. 0. 0. 0. 0. 1. 0. 0. 1. 0. 0. 0.],500,100,0.1,0.001,1,16,iDR,51,first
198,0.0023104442033259395,0.0023104442033259395,0.0019372362018299997,[0.         0.         0.         0.         0.         0.         0.         0.         0.         0.         0.         0.         0.         0.         0.         0.         0.         0.         0.         0.         0.         0.         0.         0.         0.71147071 0.         0.         0.01       0.         0.         0.        ],[0. 0. 0. 0. 0. 0. 0. 0. 0. 0. 0. 0. 0. 0. 0. 0. 0. 0. 0. 0. 0. 0. 0. 0. 1. 0. 0. 1. 0. 0. 0.],500,100,0.1,0.001,1,16,iDR,51,first
199,0.0023104442033259395,0.0023104442033259395,0.0019372362018299997,[0.         0.         0.         0.         0.         0.         0.         0.         0.         0.         0.         0.         0.         0.         0.         0.         0.         0.         0.         0.         0.         0.         0.         0.         0.71147071 0.         0.         0.01       0.         0.         0.        ],[0. 0. 0. 0. 0. 0. 0. 0. 0. 0. 0. 0. 0. 0. 0. 0. 0. 0. 0. 0. 0. 0. 0. 0. 1. 0. 0. 1. 0. 0. 0.],500,100,0.1,0.001,1,16,iDR,51,first
200,0.0023104442033259395,0.0023104442033259395,0.0019372362018299997,[0.         0.         0.         0.         0.         0.         0.         0.         0.         0.         0.         0.         0.         0.         0.         0.         0.         0.         0.         0.         0.         0.         0.         0.         0.71147071 0.         0.         0.01       0.         0.         0.        ],[0. 0. 0. 0. 0. 0. 0. 0. 0. 0. 0. 0. 0. 0. 0. 0. 0. 0. 0. 0. 0. 0. 0. 0. 1. 0. 0. 1. 0. 0. 0.],500,100,0.1,0.001,1,16,iDR,51,first
201,0.0023104442033259395,0.0023104442033259395,0.0019372362018299997,[0.         0.         0.         0.         0.         0.         0.         0.         0.         0.         0.         0.         0.         0.         0.         0.         0.         0.         0.         0.         0.         0.         0.         0.         0.71147071 0.         0.         0.01       0.         0.         0.        ],[0. 0. 0. 0. 0. 0. 0. 0. 0. 0. 0. 0. 0. 0. 0. 0. 0. 0. 0. 0. 0. 0. 0. 0. 1. 0. 0. 1. 0. 0. 0.],500,100,0.1,0.001,1,16,iDR,51,first
202,0.0023104442033259395,0.0023104442033259395,0.0019372362018299997,[0.         0.         0.         0.         0.         0.         0.         0.         0.         0.         0.         0.         0.         0.         0.         0.         0.         0.         0.         0.         0.         0.         0.         0.         0.71147071 0.         0.         0.01       0.         0.         0.        ],[0. 0. 0. 0. 0. 0. 0. 0. 0. 0. 0. 0. 0. 0. 0. 0. 0. 0. 0. 0. 0. 0. 0. 0. 1. 0. 0. 1. 0. 0. 0.],500,100,0.1,0.001,1,16,iDR,51,first
203,0.0023104442033259395,0.0023104442033259395,0.0019372362018299997,[0.         0.         0.         0.         0.         0.         0.         0.         0.         0.         0.         0.         0.         0.         0.         0.         0.         0.         0.         0.         0.         0.         0.         0.         0.71147071 0.         0.         0.01       0.         0.         0.        ],[0. 0. 0. 0. 0. 0. 0. 0. 0. 0. 0. 0. 0. 0. 0. 0. 0. 0. 0. 0. 0. 0. 0. 0. 1. 0. 0. 1. 0. 0. 0.],500,100,0.1,0.001,1,16,iDR,51,first
204,0.0023104442033259395,0.0023104442033259395,0.0019372362018299997,[0.         0.         0.         0.         0.         0.         0.         0.         0.         0.         0.         0.         0.         0.         0.         0.         0.         0.         0.         0.         0.         0.         0.         0.         0.71147071 0.         0.         0.01       0.         0.         0.        ],[0. 0. 0. 0. 0. 0. 0. 0. 0. 0. 0. 0. 0. 0. 0. 0. 0. 0. 0. 0. 0. 0. 0. 0. 1. 0. 0. 1. 0. 0. 0.],500,100,0.1,0.001,1,16,iDR,51,first
205,0.0023104442033259395,0.0023104442033259395,0.0019372362018299997,[0.         0.         0.         0.         0.         0.         0.         0.         0.         0.         0.         0.         0.         0.         0.         0.         0.         0.         0.         0.         0.         0.         0.         0.         0.71147071 0.         0.         0.01       0.         0.         0.        ],[0. 0. 0. 0. 0. 0. 0. 0. 0. 0. 0. 0. 0. 0. 0. 0. 0. 0. 0. 0. 0. 0. 0. 0. 1. 0. 0. 1. 0. 0. 0.],500,100,0.1,0.001,1,16,iDR,51,first
206,0.0023104442033259395,0.0023104442033259395,0.0019372362018299997,[0.         0.         0.         0.         0.         0.         0.         0.         0.         0.         0.         0.         0.         0.         0.         0.         0.         0.         0.         0.         0.         0.         0.         0.         0.71147071 0.         0.         0.01       0.         0.         0.        ],[0. 0. 0. 0. 0. 0. 0. 0. 0. 0. 0. 0. 0. 0. 0. 0. 0. 0. 0. 0. 0. 0. 0. 0. 1. 0. 0. 1. 0. 0. 0.],500,100,0.1,0.001,1,16,iDR,51,first
207,0.0023104442033259395,0.0023104442033259395,0.0019372362018299997,[0.         0.         0.         0.         0.         0.         0.         0.         0.         0.         0.         0.         0.         0.         0.         0.         0.         0.         0.         0.         0.         0.         0.         0.         0.71147071 0.         0.         0.01       0.         0.         0.        ],[0. 0. 0. 0. 0. 0. 0. 0. 0. 0. 0. 0. 0. 0. 0. 0. 0. 0. 0. 0. 0. 0. 0. 0. 1. 0. 0. 1. 0. 0. 0.],500,100,0.1,0.001,1,16,iDR,51,first
208,0.0023104442033259395,0.0023104442033259395,0.0019372362018299997,[0.         0.         0.         0.         0.         0.         0.         0.         0.         0.         0.         0.         0.         0.         0.         0.         0.         0.         0.         0.         0.         0.         0.         0.         0.71147071 0.         0.         0.01       0.         0.         0.        ],[0. 0. 0. 0. 0. 0. 0. 0. 0. 0. 0. 0. 0. 0. 0. 0. 0. 0. 0. 0. 0. 0. 0. 0. 1. 0. 0. 1. 0. 0. 0.],500,100,0.1,0.001,1,16,iDR,51,first
209,0.0023104442033259395,0.0023104442033259395,0.0019372362018299997,[0.         0.         0.         0.         0.         0.         0.         0.         0.         0.         0.         0.         0.         0.         0.         0.         0.         0.         0.         0.         0.         0.         0.         0.         0.71147071 0.         0.         0.01       0.         0.         0.        ],[0. 0. 0. 0. 0. 0. 0. 0. 0. 0. 0. 0. 0. 0. 0. 0. 0. 0. 0. 0. 0. 0. 0. 0. 1. 0. 0. 1. 0. 0. 0.],500,100,0.1,0.001,1,16,iDR,51,first
210,0.0023104442033259395,0.0023104442033259395,0.0019372362018299997,[0.         0.         0.         0.         0.         0.         0.         0.         0.         0.         0.         0.         0.         0.         0.         0.         0.         0.         0.         0.         0.         0.         0.         0.         0.71147071 0.         0.         0.01       0.         0.         0.        ],[0. 0. 0. 0. 0. 0. 0. 0. 0. 0. 0. 0. 0. 0. 0. 0. 0. 0. 0. 0. 0. 0. 0. 0. 1. 0. 0. 1. 0. 0. 0.],500,100,0.1,0.001,1,16,iDR,51,first
211,0.0023104442033259395,0.0023104442033259395,0.0019372362018299997,[0.         0.         0.         0.         0.         0.         0.         0.         0.         0.         0.         0.         0.         0.         0.         0.         0.         0.         0.         0.         0.         0.         0.         0.         0.71147071 0.         0.         0.01       0.         0.         0.        ],[0. 0. 0. 0. 0. 0. 0. 0. 0. 0. 0. 0. 0. 0. 0. 0. 0. 0. 0. 0. 0. 0. 0. 0. 1. 0. 0. 1. 0. 0. 0.],500,100,0.1,0.001,1,16,iDR,51,first
212,0.0023104442033259395,0.0023104442033259395,0.0019372362018299997,[0.         0.         0.         0.         0.         0.         0.         0.         0.         0.         0.         0.         0.         0.         0.         0.         0.         0.         0.         0.         0.         0.         0.         0.         0.71147071 0.         0.         0.01       0.         0.         0.        ],[0. 0. 0. 0. 0. 0. 0. 0. 0. 0. 0. 0. 0. 0. 0. 0. 0. 0. 0. 0. 0. 0. 0. 0. 1. 0. 0. 1. 0. 0. 0.],500,100,0.1,0.001,1,16,iDR,51,first
213,0.0023104442033259395,0.0023104442033259395,0.0019372362018299997,[0.         0.         0.         0.         0.         0.         0.         0.         0.         0.         0.         0.         0.         0.         0.         0.         0.         0.         0.         0.         0.         0.         0.         0.         0.71147071 0.         0.         0.01       0.         0.         0.        ],[0. 0. 0. 0. 0. 0. 0. 0. 0. 0. 0. 0. 0. 0. 0. 0. 0. 0. 0. 0. 0. 0. 0. 0. 1. 0. 0. 1. 0. 0. 0.],500,100,0.1,0.001,1,16,iDR,51,first
214,0.0023104442033259395,0.0023104442033259395,0.0019372362018299997,[0.         0.         0.         0.         0.         0.         0.         0.         0.         0.         0.         0.         0.         0.         0.         0.         0.         0.         0.         0.         0.         0.         0.         0.         0.71147071 0.         0.         0.01       0.         0.         0.        ],[0. 0. 0. 0. 0. 0. 0. 0. 0. 0. 0. 0. 0. 0. 0. 0. 0. 0. 0. 0. 0. 0. 0. 0. 1. 0. 0. 1. 0. 0. 0.],500,100,0.1,0.001,1,16,iDR,51,first
215,0.0023104442033259395,0.0023104442033259395,0.0019372362018299997,[0.         0.         0.         0.         0.         0.         0.         0.         0.         0.         0.         0.         0.         0.         0.         0.         0.         0.         0.         0.         0.         0.         0.         0.         0.71147071 0.         0.         0.01       0.         0.         0.        ],[0. 0. 0. 0. 0. 0. 0. 0. 0. 0. 0. 0. 0. 0. 0. 0. 0. 0. 0. 0. 0. 0. 0. 0. 1. 0. 0. 1. 0. 0. 0.],500,100,0.1,0.001,1,16,iDR,51,first
216,0.0023104442033259395,0.0023104442033259395,0.0019372362018299997,[0.         0.         0.         0.         0.         0.         0.         0.         0.         0.         0.         0.         0.         0.         0.         0.         0.         0.         0.         0.         0.         0.         0.         0.         0.71147071 0.         0.         0.01       0.         0.         0.        ],[0. 0. 0. 0. 0. 0. 0. 0. 0. 0. 0. 0. 0. 0. 0. 0. 0. 0. 0. 0. 0. 0. 0. 0. 1. 0. 0. 1. 0. 0. 0.],500,100,0.1,0.001,1,16,iDR,51,first
217,0.0023104442033259395,0.0023104442033259395,0.0019372362018299997,[0.         0.         0.         0.         0.         0.         0.         0.         0.         0.         0.         0.         0.         0.         0.         0.         0.         0.         0.         0.         0.         0.         0.         0.         0.71147071 0.         0.         0.01       0.         0.         0.        ],[0. 0. 0. 0. 0. 0. 0. 0. 0. 0. 0. 0. 0. 0. 0. 0. 0. 0. 0. 0. 0. 0. 0. 0. 1. 0. 0. 1. 0. 0. 0.],500,100,0.1,0.001,1,16,iDR,51,first
218,0.0023104442033259395,0.0023104442033259395,0.0019372362018299997,[0.         0.         0.         0.         0.         0.         0.         0.         0.         0.         0.         0.         0.         0.         0.         0.         0.         0.         0.         0.         0.         0.         0.         0.         0.71147071 0.         0.         0.01       0.         0.         0.        ],[0. 0. 0. 0. 0. 0. 0. 0. 0. 0. 0. 0. 0. 0. 0. 0. 0. 0. 0. 0. 0. 0. 0. 0. 1. 0. 0. 1. 0. 0. 0.],500,100,0.1,0.001,1,16,iDR,51,first
219,0.0023104442033259395,0.0023104442033259395,0.0019372362018299997,[0.         0.         0.         0.         0.         0.         0.         0.         0.         0.         0.         0.         0.         0.         0.         0.         0.         0.         0.         0.         0.         0.         0.         0.         0.71147071 0.         0.         0.01       0.         0.         0.        ],[0. 0. 0. 0. 0. 0. 0. 0. 0. 0. 0. 0. 0. 0. 0. 0. 0. 0. 0. 0. 0. 0. 0. 0. 1. 0. 0. 1. 0. 0. 0.],500,100,0.1,0.001,1,16,iDR,51,first
220,0.0023104442033259395,0.0023104442033259395,0.0019372362018299997,[0.         0.         0.         0.         0.         0.         0.         0.         0.         0.         0.         0.         0.         0.         0.         0.         0.         0.         0.         0.         0.         0.         0.         0.         0.71147071 0.         0.         0.01       0.         0.         0.        ],[0. 0. 0. 0. 0. 0. 0. 0. 0. 0. 0. 0. 0. 0. 0. 0. 0. 0. 0. 0. 0. 0. 0. 0. 1. 0. 0. 1. 0. 0. 0.],500,100,0.1,0.001,1,16,iDR,51,first
221,0.0023104442033259395,0.0023104442033259395,0.0019372362018299997,[0.         0.         0.         0.         0.         0.         0.         0.         0.         0.         0.         0.         0.         0.         0.         0.         0.         0.         0.         0.         0.         0.         0.         0.         0.71147071 0.         0.         0.01       0.         0.         0.        ],[0. 0. 0. 0. 0. 0. 0. 0. 0. 0. 0. 0. 0. 0. 0. 0. 0. 0. 0. 0. 0. 0. 0. 0. 1. 0. 0. 1. 0. 0. 0.],500,100,0.1,0.001,1,16,iDR,51,first
222,0.0023104442033259395,0.0023104442033259395,0.0019372362018299997,[0.         0.         0.         0.         0.         0.         0.         0.         0.         0.         0.         0.         0.         0.         0.         0.         0.         0.         0.         0.         0.         0.         0.         0.         0.71147071 0.         0.         0.01       0.         0.         0.        ],[0. 0. 0. 0. 0. 0. 0. 0. 0. 0. 0. 0. 0. 0. 0. 0. 0. 0. 0. 0. 0. 0. 0. 0. 1. 0. 0. 1. 0. 0. 0.],500,100,0.1,0.001,1,16,iDR,51,first
223,0.0023104442033259395,0.0023104442033259395,0.0019372362018299997,[0.         0.         0.         0.         0.         0.         0.         0.         0.         0.         0.         0.         0.         0.         0.         0.         0.         0.         0.         0.         0.         0.         0.         0.         0.71147071 0.         0.         0.01       0.         0.         0.        ],[0. 0. 0. 0. 0. 0. 0. 0. 0. 0. 0. 0. 0. 0. 0. 0. 0. 0. 0. 0. 0. 0. 0. 0. 1. 0. 0. 1. 0. 0. 0.],500,100,0.1,0.001,1,16,iDR,51,first
224,0.0023104442033259395,0.0023104442033259395,0.0019372362018299997,[0.         0.         0.         0.         0.         0.         0.         0.         0.         0.         0.         0.         0.         0.         0.         0.         0.         0.         0.         0.         0.         0.         0.         0.         0.71147071 0.         0.         0.01       0.         0.         0.        ],[0. 0. 0. 0. 0. 0. 0. 0. 0. 0. 0. 0. 0. 0. 0. 0. 0. 0. 0. 0. 0. 0. 0. 0. 1. 0. 0. 1. 0. 0. 0.],500,100,0.1,0.001,1,16,iDR,51,first
225,0.0023104442033259395,0.0023104442033259395,0.0019372362018299997,[0.         0.         0.         0.         0.         0.         0.         0.         0.         0.         0.         0.         0.         0.         0.         0.         0.         0.         0.         0.         0.         0.         0.         0.         0.71147071 0.         0.         0.01       0.         0.         0.        ],[0. 0. 0. 0. 0. 0. 0. 0. 0. 0. 0. 0. 0. 0. 0. 0. 0. 0. 0. 0. 0. 0. 0. 0. 1. 0. 0. 1. 0. 0. 0.],500,100,0.1,0.001,1,16,iDR,51,first
226,0.0023104442033259395,0.0023104442033259395,0.0019372362018299997,[0.         0.         0.         0.         0.         0.         0.         0.         0.         0.         0.         0.         0.         0.         0.         0.         0.         0.         0.         0.         0.         0.         0.         0.         0.71147071 0.         0.         0.01       0.         0.         0.        ],[0. 0. 0. 0. 0. 0. 0. 0. 0. 0. 0. 0. 0. 0. 0. 0. 0. 0. 0. 0. 0. 0. 0. 0. 1. 0. 0. 1. 0. 0. 0.],500,100,0.1,0.001,1,16,iDR,51,first
227,0.0023104442033259395,0.0023104442033259395,0.0019372362018299997,[0.         0.         0.         0.         0.         0.         0.         0.         0.         0.         0.         0.         0.         0.         0.         0.         0.         0.         0.         0.         0.         0.         0.         0.         0.71147071 0.         0.         0.01       0.         0.         0.        ],[0. 0. 0. 0. 0. 0. 0. 0. 0. 0. 0. 0. 0. 0. 0. 0. 0. 0. 0. 0. 0. 0. 0. 0. 1. 0. 0. 1. 0. 0. 0.],500,100,0.1,0.001,1,16,iDR,51,first
228,0.0023104442033259395,0.0023104442033259395,0.0019372362018299997,[0.         0.         0.         0.         0.         0.         0.         0.         0.         0.         0.         0.         0.         0.         0.         0.         0.         0.         0.         0.         0.         0.         0.         0.         0.71147071 0.         0.         0.01       0.         0.         0.        ],[0. 0. 0. 0. 0. 0. 0. 0. 0. 0. 0. 0. 0. 0. 0. 0. 0. 0. 0. 0. 0. 0. 0. 0. 1. 0. 0. 1. 0. 0. 0.],500,100,0.1,0.001,1,16,iDR,51,first
229,0.0023104442033259395,0.0023104442033259395,0.0019372362018299997,[0.         0.         0.         0.         0.         0.         0.         0.         0.         0.         0.         0.         0.         0.         0.         0.         0.         0.         0.         0.         0.         0.         0.         0.         0.71147071 0.         0.         0.01       0.         0.         0.        ],[0. 0. 0. 0. 0. 0. 0. 0. 0. 0. 0. 0. 0. 0. 0. 0. 0. 0. 0. 0. 0. 0. 0. 0. 1. 0. 0. 1. 0. 0. 0.],500,100,0.1,0.001,1,16,iDR,51,first
230,0.0023104442033259395,0.0023104442033259395,0.0019372362018299997,[0.         0.         0.         0.         0.         0.         0.         0.         0.         0.         0.         0.         0.         0.         0.         0.         0.         0.         0.         0.         0.         0.         0.         0.         0.71147071 0.         0.         0.01       0.         0.         0.        ],[0. 0. 0. 0. 0. 0. 0. 0. 0. 0. 0. 0. 0. 0. 0. 0. 0. 0. 0. 0. 0. 0. 0. 0. 1. 0. 0. 1. 0. 0. 0.],500,100,0.1,0.001,1,16,iDR,51,first
231,0.0023104442033259395,0.0023104442033259395,0.0019372362018299997,[0.         0.         0.         0.         0.         0.         0.         0.         0.         0.         0.         0.         0.         0.         0.         0.         0.         0.         0.         0.         0.         0.         0.         0.         0.71147071 0.         0.         0.01       0.         0.         0.        ],[0. 0. 0. 0. 0. 0. 0. 0. 0. 0. 0. 0. 0. 0. 0. 0. 0. 0. 0. 0. 0. 0. 0. 0. 1. 0. 0. 1. 0. 0. 0.],500,100,0.1,0.001,1,16,iDR,51,first
232,0.0023104442033259395,0.0023104442033259395,0.0019372362018299997,[0.         0.         0.         0.         0.         0.         0.         0.         0.         0.         0.         0.         0.         0.         0.         0.         0.         0.         0.         0.         0.         0.         0.         0.         0.71147071 0.         0.         0.01       0.         0.         0.        ],[0. 0. 0. 0. 0. 0. 0. 0. 0. 0. 0. 0. 0. 0. 0. 0. 0. 0. 0. 0. 0. 0. 0. 0. 1. 0. 0. 1. 0. 0. 0.],500,100,0.1,0.001,1,16,iDR,51,first
233,0.0023104442033259395,0.0023104442033259395,0.0019372362018299997,[0.         0.         0.         0.         0.         0.         0.         0.         0.         0.         0.         0.         0.         0.         0.         0.         0.         0.         0.         0.         0.         0.         0.         0.         0.71147071 0.         0.         0.01       0.         0.         0.        ],[0. 0. 0. 0. 0. 0. 0. 0. 0. 0. 0. 0. 0. 0. 0. 0. 0. 0. 0. 0. 0. 0. 0. 0. 1. 0. 0. 1. 0. 0. 0.],500,100,0.1,0.001,1,16,iDR,51,first
234,0.0023104442033259395,0.0023104442033259395,0.0019372362018299997,[0.         0.         0.         0.         0.         0.         0.         0.         0.         0.         0.         0.         0.         0.         0.         0.         0.         0.         0.         0.         0.         0.         0.         0.         0.71147071 0.         0.         0.01       0.         0.         0.        ],[0. 0. 0. 0. 0. 0. 0. 0. 0. 0. 0. 0. 0. 0. 0. 0. 0. 0. 0. 0. 0. 0. 0. 0. 1. 0. 0. 1. 0. 0. 0.],500,100,0.1,0.001,1,16,iDR,51,first
235,0.0023104442033259395,0.0023104442033259395,0.0019372362018299997,[0.         0.         0.         0.         0.         0.         0.         0.         0.         0.         0.         0.         0.         0.         0.         0.         0.         0.         0.         0.         0.         0.         0.         0.         0.71147071 0.         0.         0.01       0.         0.         0.        ],[0. 0. 0. 0. 0. 0. 0. 0. 0. 0. 0. 0. 0. 0. 0. 0. 0. 0. 0. 0. 0. 0. 0. 0. 1. 0. 0. 1. 0. 0. 0.],500,100,0.1,0.001,1,16,iDR,51,first
236,0.0023104442033259395,0.0023104442033259395,0.0019372362018299997,[0.         0.         0.         0.         0.         0.         0.         0.         0.         0.         0.         0.         0.         0.         0.         0.         0.         0.         0.         0.         0.         0.         0.         0.         0.71147071 0.         0.         0.01       0.         0.         0.        ],[0. 0. 0. 0. 0. 0. 0. 0. 0. 0. 0. 0. 0. 0. 0. 0. 0. 0. 0. 0. 0. 0. 0. 0. 1. 0. 0. 1. 0. 0. 0.],500,100,0.1,0.001,1,16,iDR,51,first
237,0.0023104442033259395,0.0023104442033259395,0.0019372362018299997,[0.         0.         0.         0.         0.         0.         0.         0.         0.         0.         0.         0.         0.         0.         0.         0.         0.         0.         0.         0.         0.         0.         0.         0.         0.71147071 0.         0.         0.01       0.         0.         0.        ],[0. 0. 0. 0. 0. 0. 0. 0. 0. 0. 0. 0. 0. 0. 0. 0. 0. 0. 0. 0. 0. 0. 0. 0. 1. 0. 0. 1. 0. 0. 0.],500,100,0.1,0.001,1,16,iDR,51,first
238,0.0023104442033259395,0.0023104442033259395,0.0019372362018299997,[0.         0.         0.         0.         0.         0.         0.         0.         0.         0.         0.         0.         0.         0.         0.         0.         0.         0.         0.         0.         0.         0.         0.         0.         0.71147071 0.         0.         0.01       0.         0.         0.        ],[0. 0. 0. 0. 0. 0. 0. 0. 0. 0. 0. 0. 0. 0. 0. 0. 0. 0. 0. 0. 0. 0. 0. 0. 1. 0. 0. 1. 0. 0. 0.],500,100,0.1,0.001,1,16,iDR,51,first
239,0.0023104442033259395,0.0023104442033259395,0.0019372362018299997,[0.         0.         0.         0.         0.         0.         0.         0.         0.         0.         0.         0.         0.         0.         0.         0.         0.         0.         0.         0.         0.         0.         0.         0.         0.71147071 0.         0.         0.01       0.         0.         0.        ],[0. 0. 0. 0. 0. 0. 0. 0. 0. 0. 0. 0. 0. 0. 0. 0. 0. 0. 0. 0. 0. 0. 0. 0. 1. 0. 0. 1. 0. 0. 0.],500,100,0.1,0.001,1,16,iDR,51,first
240,0.0023104442033259395,0.0023104442033259395,0.0019372362018299997,[0.         0.         0.         0.         0.         0.         0.         0.         0.         0.         0.         0.         0.         0.         0.         0.         0.         0.         0.         0.         0.         0.         0.         0.         0.71147071 0.         0.         0.01       0.         0.         0.        ],[0. 0. 0. 0. 0. 0. 0. 0. 0. 0. 0. 0. 0. 0. 0. 0. 0. 0. 0. 0. 0. 0. 0. 0. 1. 0. 0. 1. 0. 0. 0.],500,100,0.1,0.001,1,16,iDR,51,first
241,0.0023104442033259395,0.0023104442033259395,0.0019372362018299997,[0.         0.         0.         0.         0.         0.         0.         0.         0.         0.         0.         0.         0.         0.         0.         0.         0.         0.         0.         0.         0.         0.         0.         0.         0.71147071 0.         0.         0.01       0.         0.         0.        ],[0. 0. 0. 0. 0. 0. 0. 0. 0. 0. 0. 0. 0. 0. 0. 0. 0. 0. 0. 0. 0. 0. 0. 0. 1. 0. 0. 1. 0. 0. 0.],500,100,0.1,0.001,1,16,iDR,51,first
242,0.0023104442033259395,0.0023104442033259395,0.0019372362018299997,[0.         0.         0.         0.         0.         0.         0.         0.         0.         0.         0.         0.         0.         0.         0.         0.         0.         0.         0.         0.         0.         0.         0.         0.         0.71147071 0.         0.         0.01       0.         0.         0.        ],[0. 0. 0. 0. 0. 0. 0. 0. 0. 0. 0. 0. 0. 0. 0. 0. 0. 0. 0. 0. 0. 0. 0. 0. 1. 0. 0. 1. 0. 0. 0.],500,100,0.1,0.001,1,16,iDR,51,first
243,0.0023104442033259395,0.0023104442033259395,0.0019372362018299997,[0.         0.         0.         0.         0.         0.         0.         0.         0.         0.         0.         0.         0.         0.         0.         0.         0.         0.         0.         0.         0.         0.         0.         0.         0.71147071 0.         0.         0.01       0.         0.         0.        ],[0. 0. 0. 0. 0. 0. 0. 0. 0. 0. 0. 0. 0. 0. 0. 0. 0. 0. 0. 0. 0. 0. 0. 0. 1. 0. 0. 1. 0. 0. 0.],500,100,0.1,0.001,1,16,iDR,51,first
244,0.0023104442033259395,0.0023104442033259395,0.0019372362018299997,[0.         0.         0.         0.         0.         0.         0.         0.         0.         0.         0.         0.         0.         0.         0.         0.         0.         0.         0.         0.         0.         0.         0.         0.         0.71147071 0.         0.         0.01       0.         0.         0.        ],[0. 0. 0. 0. 0. 0. 0. 0. 0. 0. 0. 0. 0. 0. 0. 0. 0. 0. 0. 0. 0. 0. 0. 0. 1. 0. 0. 1. 0. 0. 0.],500,100,0.1,0.001,1,16,iDR,51,first
245,0.0023104442033259395,0.0023104442033259395,0.0019372362018299997,[0.         0.         0.         0.         0.         0.         0.         0.         0.         0.         0.         0.         0.         0.         0.         0.         0.         0.         0.         0.         0.         0.         0.         0.         0.71147071 0.         0.         0.01       0.         0.         0.        ],[0. 0. 0. 0. 0. 0. 0. 0. 0. 0. 0. 0. 0. 0. 0. 0. 0. 0. 0. 0. 0. 0. 0. 0. 1. 0. 0. 1. 0. 0. 0.],500,100,0.1,0.001,1,16,iDR,51,first
246,0.0023104442033259395,0.0023104442033259395,0.0019372362018299997,[0.         0.         0.         0.         0.         0.         0.         0.         0.         0.         0.         0.         0.         0.         0.         0.         0.         0.         0.         0.         0.         0.         0.         0.         0.71147071 0.         0.         0.01       0.         0.         0.        ],[0. 0. 0. 0. 0. 0. 0. 0. 0. 0. 0. 0. 0. 0. 0. 0. 0. 0. 0. 0. 0. 0. 0. 0. 1. 0. 0. 1. 0. 0. 0.],500,100,0.1,0.001,1,16,iDR,51,first
247,0.0023104442033259395,0.0023104442033259395,0.0019372362018299997,[0.         0.         0.         0.         0.         0.         0.         0.         0.         0.         0.         0.         0.         0.         0.         0.         0.         0.         0.         0.         0.         0.         0.         0.         0.71147071 0.         0.         0.01       0.         0.         0.        ],[0. 0. 0. 0. 0. 0. 0. 0. 0. 0. 0. 0. 0. 0. 0. 0. 0. 0. 0. 0. 0. 0. 0. 0. 1. 0. 0. 1. 0. 0. 0.],500,100,0.1,0.001,1,16,iDR,51,first
248,0.0023104442033259395,0.0023104442033259395,0.0019372362018299997,[0.         0.         0.         0.         0.         0.         0.         0.         0.         0.         0.         0.         0.         0.         0.         0.         0.         0.         0.         0.         0.         0.         0.         0.         0.71147071 0.         0.         0.01       0.         0.         0.        ],[0. 0. 0. 0. 0. 0. 0. 0. 0. 0. 0. 0. 0. 0. 0. 0. 0. 0. 0. 0. 0. 0. 0. 0. 1. 0. 0. 1. 0. 0. 0.],500,100,0.1,0.001,1,16,iDR,51,first
249,0.0023104442033259395,0.0023104442033259395,0.0019372362018299997,[0.         0.         0.         0.         0.         0.         0.         0.         0.         0.         0.         0.         0.         0.         0.         0.         0.         0.         0.         0.         0.         0.         0.         0.         0.71147071 0.         0.         0.01       0.         0.         0.        ],[0. 0. 0. 0. 0. 0. 0. 0. 0. 0. 0. 0. 0. 0. 0. 0. 0. 0. 0. 0. 0. 0. 0. 0. 1. 0. 0. 1. 0. 0. 0.],500,100,0.1,0.001,1,16,iDR,51,first
250,0.0023104442033259395,0.0023104442033259395,0.0019372362018299997,[0.         0.         0.         0.         0.         0.         0.         0.         0.         0.         0.         0.         0.         0.         0.         0.         0.         0.         0.         0.         0.         0.         0.         0.         0.71147071 0.         0.         0.01       0.         0.         0.        ],[0. 0. 0. 0. 0. 0. 0. 0. 0. 0. 0. 0. 0. 0. 0. 0. 0. 0. 0. 0. 0. 0. 0. 0. 1. 0. 0. 1. 0. 0. 0.],500,100,0.1,0.001,1,16,iDR,51,first
251,0.0023104442033259395,0.0023104442033259395,0.0019372362018299997,[0.         0.         0.         0.         0.         0.         0.         0.         0.         0.         0.         0.         0.         0.         0.         0.         0.         0.         0.         0.         0.         0.         0.         0.         0.71147071 0.         0.         0.01       0.         0.         0.        ],[0. 0. 0. 0. 0. 0. 0. 0. 0. 0. 0. 0. 0. 0. 0. 0. 0. 0. 0. 0. 0. 0. 0. 0. 1. 0. 0. 1. 0. 0. 0.],500,100,0.1,0.001,1,16,iDR,51,first
252,0.0023104442033259395,0.0023104442033259395,0.0019372362018299997,[0.         0.         0.         0.         0.         0.         0.         0.         0.         0.         0.         0.         0.         0.         0.         0.         0.         0.         0.         0.         0.         0.         0.         0.         0.71147071 0.         0.         0.01       0.         0.         0.        ],[0. 0. 0. 0. 0. 0. 0. 0. 0. 0. 0. 0. 0. 0. 0. 0. 0. 0. 0. 0. 0. 0. 0. 0. 1. 0. 0. 1. 0. 0. 0.],500,100,0.1,0.001,1,16,iDR,51,first
253,0.0023104442033259395,0.0023104442033259395,0.0019372362018299997,[0.         0.         0.         0.         0.         0.         0.         0.         0.         0.         0.         0.         0.         0.         0.         0.         0.         0.         0.         0.         0.         0.         0.         0.         0.71147071 0.         0.         0.01       0.         0.         0.        ],[0. 0. 0. 0. 0. 0. 0. 0. 0. 0. 0. 0. 0. 0. 0. 0. 0. 0. 0. 0. 0. 0. 0. 0. 1. 0. 0. 1. 0. 0. 0.],500,100,0.1,0.001,1,16,iDR,51,first
254,0.0023104442033259395,0.0023104442033259395,0.0019372362018299997,[0.         0.         0.         0.         0.         0.         0.         0.         0.         0.         0.         0.         0.         0.         0.         0.         0.         0.         0.         0.         0.         0.         0.         0.         0.71147071 0.         0.         0.01       0.         0.         0.        ],[0. 0. 0. 0. 0. 0. 0. 0. 0. 0. 0. 0. 0. 0. 0. 0. 0. 0. 0. 0. 0. 0. 0. 0. 1. 0. 0. 1. 0. 0. 0.],500,100,0.1,0.001,1,16,iDR,51,first
255,0.0023104442033259395,0.0023104442033259395,0.0019372362018299997,[0.         0.         0.         0.         0.         0.         0.         0.         0.         0.         0.         0.         0.         0.         0.         0.         0.         0.         0.         0.         0.         0.         0.         0.         0.71147071 0.         0.         0.01       0.         0.         0.        ],[0. 0. 0. 0. 0. 0. 0. 0. 0. 0. 0. 0. 0. 0. 0. 0. 0. 0. 0. 0. 0. 0. 0. 0. 1. 0. 0. 1. 0. 0. 0.],500,100,0.1,0.001,1,16,iDR,51,first
256,0.0023104442033259395,0.0023104442033259395,0.0019372362018299997,[0.         0.         0.         0.         0.         0.         0.         0.         0.         0.         0.         0.         0.         0.         0.         0.         0.         0.         0.         0.         0.         0.         0.         0.         0.71147071 0.         0.         0.01       0.         0.         0.        ],[0. 0. 0. 0. 0. 0. 0. 0. 0. 0. 0. 0. 0. 0. 0. 0. 0. 0. 0. 0. 0. 0. 0. 0. 1. 0. 0. 1. 0. 0. 0.],500,100,0.1,0.001,1,16,iDR,51,first
257,0.0023104442033259395,0.0023104442033259395,0.0019372362018299997,[0.         0.         0.         0.         0.         0.         0.         0.         0.         0.         0.         0.         0.         0.         0.         0.         0.         0.         0.         0.         0.         0.         0.         0.         0.71147071 0.         0.         0.01       0.         0.         0.        ],[0. 0. 0. 0. 0. 0. 0. 0. 0. 0. 0. 0. 0. 0. 0. 0. 0. 0. 0. 0. 0. 0. 0. 0. 1. 0. 0. 1. 0. 0. 0.],500,100,0.1,0.001,1,16,iDR,51,first
258,0.0023104442033259395,0.0023104442033259395,0.0019372362018299997,[0.         0.         0.         0.         0.         0.         0.         0.         0.         0.         0.         0.         0.         0.         0.         0.         0.         0.         0.         0.         0.         0.         0.         0.         0.71147071 0.         0.         0.01       0.         0.         0.        ],[0. 0. 0. 0. 0. 0. 0. 0. 0. 0. 0. 0. 0. 0. 0. 0. 0. 0. 0. 0. 0. 0. 0. 0. 1. 0. 0. 1. 0. 0. 0.],500,100,0.1,0.001,1,16,iDR,51,first
259,0.0023104442033259395,0.0023104442033259395,0.0019372362018299997,[0.         0.         0.         0.         0.         0.         0.         0.         0.         0.         0.         0.         0.         0.         0.         0.         0.         0.         0.         0.         0.         0.         0.         0.         0.71147071 0.         0.         0.01       0.         0.         0.        ],[0. 0. 0. 0. 0. 0. 0. 0. 0. 0. 0. 0. 0. 0. 0. 0. 0. 0. 0. 0. 0. 0. 0. 0. 1. 0. 0. 1. 0. 0. 0.],500,100,0.1,0.001,1,16,iDR,51,first
260,0.0023104442033259395,0.0023104442033259395,0.0019372362018299997,[0.         0.         0.         0.         0.         0.         0.         0.         0.         0.         0.         0.         0.         0.         0.         0.         0.         0.         0.         0.         0.         0.         0.         0.         0.71147071 0.         0.         0.01       0.         0.         0.        ],[0. 0. 0. 0. 0. 0. 0. 0. 0. 0. 0. 0. 0. 0. 0. 0. 0. 0. 0. 0. 0. 0. 0. 0. 1. 0. 0. 1. 0. 0. 0.],500,100,0.1,0.001,1,16,iDR,51,first
261,0.0023104442033259395,0.0023104442033259395,0.0019372362018299997,[0.         0.         0.         0.         0.         0.         0.         0.         0.         0.         0.         0.         0.         0.         0.         0.         0.         0.         0.         0.         0.         0.         0.         0.         0.71147071 0.         0.         0.01       0.         0.         0.        ],[0. 0. 0. 0. 0. 0. 0. 0. 0. 0. 0. 0. 0. 0. 0. 0. 0. 0. 0. 0. 0. 0. 0. 0. 1. 0. 0. 1. 0. 0. 0.],500,100,0.1,0.001,1,16,iDR,51,first
262,0.0023104442033259395,0.0023104442033259395,0.0019372362018299997,[0.         0.         0.         0.         0.         0.         0.         0.         0.         0.         0.         0.         0.         0.         0.         0.         0.         0.         0.         0.         0.         0.         0.         0.         0.71147071 0.         0.         0.01       0.         0.         0.        ],[0. 0. 0. 0. 0. 0. 0. 0. 0. 0. 0. 0. 0. 0. 0. 0. 0. 0. 0. 0. 0. 0. 0. 0. 1. 0. 0. 1. 0. 0. 0.],500,100,0.1,0.001,1,16,iDR,51,first
263,0.0023104442033259395,0.0023104442033259395,0.0019372362018299997,[0.         0.         0.         0.         0.         0.         0.         0.         0.         0.         0.         0.         0.         0.         0.         0.         0.         0.         0.         0.         0.         0.         0.         0.         0.71147071 0.         0.         0.01       0.         0.         0.        ],[0. 0. 0. 0. 0. 0. 0. 0. 0. 0. 0. 0. 0. 0. 0. 0. 0. 0. 0. 0. 0. 0. 0. 0. 1. 0. 0. 1. 0. 0. 0.],500,100,0.1,0.001,1,16,iDR,51,first
264,0.0023104442033259395,0.0023104442033259395,0.0019372362018299997,[0.         0.         0.         0.         0.         0.         0.         0.         0.         0.         0.         0.         0.         0.         0.         0.         0.         0.         0.         0.         0.         0.         0.         0.         0.71147071 0.         0.         0.01       0.         0.         0.        ],[0. 0. 0. 0. 0. 0. 0. 0. 0. 0. 0. 0. 0. 0. 0. 0. 0. 0. 0. 0. 0. 0. 0. 0. 1. 0. 0. 1. 0. 0. 0.],500,100,0.1,0.001,1,16,iDR,51,first
265,0.0023104442033259395,0.0023104442033259395,0.0019372362018299997,[0.         0.         0.         0.         0.         0.         0.         0.         0.         0.         0.         0.         0.         0.         0.         0.         0.         0.         0.         0.         0.         0.         0.         0.         0.71147071 0.         0.         0.01       0.         0.         0.        ],[0. 0. 0. 0. 0. 0. 0. 0. 0. 0. 0. 0. 0. 0. 0. 0. 0. 0. 0. 0. 0. 0. 0. 0. 1. 0. 0. 1. 0. 0. 0.],500,100,0.1,0.001,1,16,iDR,51,first
266,0.0023104442033259395,0.0023104442033259395,0.0019372362018299997,[0.         0.         0.         0.         0.         0.         0.         0.         0.         0.         0.         0.         0.         0.         0.         0.         0.         0.         0.         0.         0.         0.         0.         0.         0.71147071 0.         0.         0.01       0.         0.         0.        ],[0. 0. 0. 0. 0. 0. 0. 0. 0. 0. 0. 0. 0. 0. 0. 0. 0. 0. 0. 0. 0. 0. 0. 0. 1. 0. 0. 1. 0. 0. 0.],500,100,0.1,0.001,1,16,iDR,51,first
267,0.0023104442033259395,0.0023104442033259395,0.0019372362018299997,[0.         0.         0.         0.         0.         0.         0.         0.         0.         0.         0.         0.         0.         0.         0.         0.         0.         0.         0.         0.         0.         0.         0.         0.         0.71147071 0.         0.         0.01       0.         0.         0.        ],[0. 0. 0. 0. 0. 0. 0. 0. 0. 0. 0. 0. 0. 0. 0. 0. 0. 0. 0. 0. 0. 0. 0. 0. 1. 0. 0. 1. 0. 0. 0.],500,100,0.1,0.001,1,16,iDR,51,first
268,0.0023104442033259395,0.0023104442033259395,0.0019372362018299997,[0.         0.         0.         0.         0.         0.         0.         0.         0.         0.         0.         0.         0.         0.         0.         0.         0.         0.         0.         0.         0.         0.         0.         0.         0.71147071 0.         0.         0.01       0.         0.         0.        ],[0. 0. 0. 0. 0. 0. 0. 0. 0. 0. 0. 0. 0. 0. 0. 0. 0. 0. 0. 0. 0. 0. 0. 0. 1. 0. 0. 1. 0. 0. 0.],500,100,0.1,0.001,1,16,iDR,51,first
269,0.0023104442033259395,0.0023104442033259395,0.0019372362018299997,[0.         0.         0.         0.         0.         0.         0.         0.         0.         0.         0.         0.         0.         0.         0.         0.         0.         0.         0.         0.         0.         0.         0.         0.         0.71147071 0.         0.         0.01       0.         0.         0.        ],[0. 0. 0. 0. 0. 0. 0. 0. 0. 0. 0. 0. 0. 0. 0. 0. 0. 0. 0. 0. 0. 0. 0. 0. 1. 0. 0. 1. 0. 0. 0.],500,100,0.1,0.001,1,16,iDR,51,first
270,0.0023104442033259395,0.0023104442033259395,0.0019372362018299997,[0.         0.         0.         0.         0.         0.         0.         0.         0.         0.         0.         0.         0.         0.         0.         0.         0.         0.         0.         0.         0.         0.         0.         0.         0.71147071 0.         0.         0.01       0.         0.         0.        ],[0. 0. 0. 0. 0. 0. 0. 0. 0. 0. 0. 0. 0. 0. 0. 0. 0. 0. 0. 0. 0. 0. 0. 0. 1. 0. 0. 1. 0. 0. 0.],500,100,0.1,0.001,1,16,iDR,51,first
271,0.0023104442033259395,0.0023104442033259395,0.0019372362018299997,[0.         0.         0.         0.         0.         0.         0.         0.         0.         0.         0.         0.         0.         0.         0.         0.         0.         0.         0.         0.         0.         0.         0.         0.         0.71147071 0.         0.         0.01       0.         0.         0.        ],[0. 0. 0. 0. 0. 0. 0. 0. 0. 0. 0. 0. 0. 0. 0. 0. 0. 0. 0. 0. 0. 0. 0. 0. 1. 0. 0. 1. 0. 0. 0.],500,100,0.1,0.001,1,16,iDR,51,first
272,0.0023104442033259395,0.0023104442033259395,0.0019372362018299997,[0.         0.         0.         0.         0.         0.         0.         0.         0.         0.         0.         0.         0.         0.         0.         0.         0.         0.         0.         0.         0.         0.         0.         0.         0.71147071 0.         0.         0.01       0.         0.         0.        ],[0. 0. 0. 0. 0. 0. 0. 0. 0. 0. 0. 0. 0. 0. 0. 0. 0. 0. 0. 0. 0. 0. 0. 0. 1. 0. 0. 1. 0. 0. 0.],500,100,0.1,0.001,1,16,iDR,51,first
273,0.0023104442033259395,0.0023104442033259395,0.0019372362018299997,[0.         0.         0.         0.         0.         0.         0.         0.         0.         0.         0.         0.         0.         0.         0.         0.         0.         0.         0.         0.         0.         0.         0.         0.         0.71147071 0.         0.         0.01       0.         0.         0.        ],[0. 0. 0. 0. 0. 0. 0. 0. 0. 0. 0. 0. 0. 0. 0. 0. 0. 0. 0. 0. 0. 0. 0. 0. 1. 0. 0. 1. 0. 0. 0.],500,100,0.1,0.001,1,16,iDR,51,first
274,0.0023104442033259395,0.0023104442033259395,0.0019372362018299997,[0.         0.         0.         0.         0.         0.         0.         0.         0.         0.         0.         0.         0.         0.         0.         0.         0.         0.         0.         0.         0.         0.         0.         0.         0.71147071 0.         0.         0.01       0.         0.         0.        ],[0. 0. 0. 0. 0. 0. 0. 0. 0. 0. 0. 0. 0. 0. 0. 0. 0. 0. 0. 0. 0. 0. 0. 0. 1. 0. 0. 1. 0. 0. 0.],500,100,0.1,0.001,1,16,iDR,51,first
275,0.0023104442033259395,0.0023104442033259395,0.0019372362018299997,[0.         0.         0.         0.         0.         0.         0.         0.         0.         0.         0.         0.         0.         0.         0.         0.         0.         0.         0.         0.         0.         0.         0.         0.         0.71147071 0.         0.         0.01       0.         0.         0.        ],[0. 0. 0. 0. 0. 0. 0. 0. 0. 0. 0. 0. 0. 0. 0. 0. 0. 0. 0. 0. 0. 0. 0. 0. 1. 0. 0. 1. 0. 0. 0.],500,100,0.1,0.001,1,16,iDR,51,first
276,0.0023104442033259395,0.0023104442033259395,0.0019372362018299997,[0.         0.         0.         0.         0.         0.         0.         0.         0.         0.         0.         0.         0.         0.         0.         0.         0.         0.         0.         0.         0.         0.         0.         0.         0.71147071 0.         0.         0.01       0.         0.         0.        ],[0. 0. 0. 0. 0. 0. 0. 0. 0. 0. 0. 0. 0. 0. 0. 0. 0. 0. 0. 0. 0. 0. 0. 0. 1. 0. 0. 1. 0. 0. 0.],500,100,0.1,0.001,1,16,iDR,51,first
277,0.0023104442033259395,0.0023104442033259395,0.0019372362018299997,[0.         0.         0.         0.         0.         0.         0.         0.         0.         0.         0.         0.         0.         0.         0.         0.         0.         0.         0.         0.         0.         0.         0.         0.         0.71147071 0.         0.         0.01       0.         0.         0.        ],[0. 0. 0. 0. 0. 0. 0. 0. 0. 0. 0. 0. 0. 0. 0. 0. 0. 0. 0. 0. 0. 0. 0. 0. 1. 0. 0. 1. 0. 0. 0.],500,100,0.1,0.001,1,16,iDR,51,first
278,0.0023104442033259395,0.0023104442033259395,0.0019372362018299997,[0.         0.         0.         0.         0.         0.         0.         0.         0.         0.         0.         0.         0.         0.         0.         0.         0.         0.         0.         0.         0.         0.         0.         0.         0.71147071 0.         0.         0.01       0.         0.         0.        ],[0. 0. 0. 0. 0. 0. 0. 0. 0. 0. 0. 0. 0. 0. 0. 0. 0. 0. 0. 0. 0. 0. 0. 0. 1. 0. 0. 1. 0. 0. 0.],500,100,0.1,0.001,1,16,iDR,51,first
279,0.0023104442033259395,0.0023104442033259395,0.0019372362018299997,[0.         0.         0.         0.         0.         0.         0.         0.         0.         0.         0.         0.         0.         0.         0.         0.         0.         0.         0.         0.         0.         0.         0.         0.         0.71147071 0.         0.         0.01       0.         0.         0.        ],[0. 0. 0. 0. 0. 0. 0. 0. 0. 0. 0. 0. 0. 0. 0. 0. 0. 0. 0. 0. 0. 0. 0. 0. 1. 0. 0. 1. 0. 0. 0.],500,100,0.1,0.001,1,16,iDR,51,first
280,0.0023104442033259395,0.0023104442033259395,0.0019372362018299997,[0.         0.         0.         0.         0.         0.         0.         0.         0.         0.         0.         0.         0.         0.         0.         0.         0.         0.         0.         0.         0.         0.         0.         0.         0.71147071 0.         0.         0.01       0.         0.         0.        ],[0. 0. 0. 0. 0. 0. 0. 0. 0. 0. 0. 0. 0. 0. 0. 0. 0. 0. 0. 0. 0. 0. 0. 0. 1. 0. 0. 1. 0. 0. 0.],500,100,0.1,0.001,1,16,iDR,51,first
281,0.0023104442033259395,0.0023104442033259395,0.0019372362018299997,[0.         0.         0.         0.         0.         0.         0.         0.         0.         0.         0.         0.         0.         0.         0.         0.         0.         0.         0.         0.         0.         0.         0.         0.         0.71147071 0.         0.         0.01       0.         0.         0.        ],[0. 0. 0. 0. 0. 0. 0. 0. 0. 0. 0. 0. 0. 0. 0. 0. 0. 0. 0. 0. 0. 0. 0. 0. 1. 0. 0. 1. 0. 0. 0.],500,100,0.1,0.001,1,16,iDR,51,first
282,0.0023104442033259395,0.0023104442033259395,0.0019372362018299997,[0.         0.         0.         0.         0.         0.         0.         0.         0.         0.         0.         0.         0.         0.         0.         0.         0.         0.         0.         0.         0.         0.         0.         0.         0.71147071 0.         0.         0.01       0.         0.         0.        ],[0. 0. 0. 0. 0. 0. 0. 0. 0. 0. 0. 0. 0. 0. 0. 0. 0. 0. 0. 0. 0. 0. 0. 0. 1. 0. 0. 1. 0. 0. 0.],500,100,0.1,0.001,1,16,iDR,51,first
283,0.0023104442033259395,0.0023104442033259395,0.0019372362018299997,[0.         0.         0.         0.         0.         0.         0.         0.         0.         0.         0.         0.         0.         0.         0.         0.         0.         0.         0.         0.         0.         0.         0.         0.         0.71147071 0.         0.         0.01       0.         0.         0.        ],[0. 0. 0. 0. 0. 0. 0. 0. 0. 0. 0. 0. 0. 0. 0. 0. 0. 0. 0. 0. 0. 0. 0. 0. 1. 0. 0. 1. 0. 0. 0.],500,100,0.1,0.001,1,16,iDR,51,first
284,0.0023104442033259395,0.0023104442033259395,0.0019372362018299997,[0.         0.         0.         0.         0.         0.         0.         0.         0.         0.         0.         0.         0.         0.         0.         0.         0.         0.         0.         0.         0.         0.         0.         0.         0.71147071 0.         0.         0.01       0.         0.         0.        ],[0. 0. 0. 0. 0. 0. 0. 0. 0. 0. 0. 0. 0. 0. 0. 0. 0. 0. 0. 0. 0. 0. 0. 0. 1. 0. 0. 1. 0. 0. 0.],500,100,0.1,0.001,1,16,iDR,51,first
285,0.0023104442033259395,0.0023104442033259395,0.0019372362018299997,[0.         0.         0.         0.         0.         0.         0.         0.         0.         0.         0.         0.         0.         0.         0.         0.         0.         0.         0.         0.         0.         0.         0.         0.         0.71147071 0.         0.         0.01       0.         0.         0.        ],[0. 0. 0. 0. 0. 0. 0. 0. 0. 0. 0. 0. 0. 0. 0. 0. 0. 0. 0. 0. 0. 0. 0. 0. 1. 0. 0. 1. 0. 0. 0.],500,100,0.1,0.001,1,16,iDR,51,first
286,0.0023104442033259395,0.0023104442033259395,0.0019372362018299997,[0.         0.         0.         0.         0.         0.         0.         0.         0.         0.         0.         0.         0.         0.         0.         0.         0.         0.         0.         0.         0.         0.         0.         0.         0.71147071 0.         0.         0.01       0.         0.         0.        ],[0. 0. 0. 0. 0. 0. 0. 0. 0. 0. 0. 0. 0. 0. 0. 0. 0. 0. 0. 0. 0. 0. 0. 0. 1. 0. 0. 1. 0. 0. 0.],500,100,0.1,0.001,1,16,iDR,51,first
287,0.0023104442033259395,0.0023104442033259395,0.0019372362018299997,[0.         0.         0.         0.         0.         0.         0.         0.         0.         0.         0.         0.         0.         0.         0.         0.         0.         0.         0.         0.         0.         0.         0.         0.         0.71147071 0.         0.         0.01       0.         0.         0.        ],[0. 0. 0. 0. 0. 0. 0. 0. 0. 0. 0. 0. 0. 0. 0. 0. 0. 0. 0. 0. 0. 0. 0. 0. 1. 0. 0. 1. 0. 0. 0.],500,100,0.1,0.001,1,16,iDR,51,first
288,0.0023104442033259395,0.0023104442033259395,0.0019372362018299997,[0.         0.         0.         0.         0.         0.         0.         0.         0.         0.         0.         0.         0.         0.         0.         0.         0.         0.         0.         0.         0.         0.         0.         0.         0.71147071 0.         0.         0.01       0.         0.         0.        ],[0. 0. 0. 0. 0. 0. 0. 0. 0. 0. 0. 0. 0. 0. 0. 0. 0. 0. 0. 0. 0. 0. 0. 0. 1. 0. 0. 1. 0. 0. 0.],500,100,0.1,0.001,1,16,iDR,51,first
289,0.0023104442033259395,0.0023104442033259395,0.0019372362018299997,[0.         0.         0.         0.         0.         0.         0.         0.         0.         0.         0.         0.         0.         0.         0.         0.         0.         0.         0.         0.         0.         0.         0.         0.         0.71147071 0.         0.         0.01       0.         0.         0.        ],[0. 0. 0. 0. 0. 0. 0. 0. 0. 0. 0. 0. 0. 0. 0. 0. 0. 0. 0. 0. 0. 0. 0. 0. 1. 0. 0. 1. 0. 0. 0.],500,100,0.1,0.001,1,16,iDR,51,first
290,0.0023104442033259395,0.0023104442033259395,0.0019372362018299997,[0.         0.         0.         0.         0.         0.         0.         0.         0.         0.         0.         0.         0.         0.         0.         0.         0.         0.         0.         0.         0.         0.         0.         0.         0.71147071 0.         0.         0.01       0.         0.         0.        ],[0. 0. 0. 0. 0. 0. 0. 0. 0. 0. 0. 0. 0. 0. 0. 0. 0. 0. 0. 0. 0. 0. 0. 0. 1. 0. 0. 1. 0. 0. 0.],500,100,0.1,0.001,1,16,iDR,51,first
291,0.0023104442033259395,0.0023104442033259395,0.0019372362018299997,[0.         0.         0.         0.         0.         0.         0.         0.         0.         0.         0.         0.         0.         0.         0.         0.         0.         0.         0.         0.         0.         0.         0.         0.         0.71147071 0.         0.         0.01       0.         0.         0.        ],[0. 0. 0. 0. 0. 0. 0. 0. 0. 0. 0. 0. 0. 0. 0. 0. 0. 0. 0. 0. 0. 0. 0. 0. 1. 0. 0. 1. 0. 0. 0.],500,100,0.1,0.001,1,16,iDR,51,first
292,0.0023104442033259395,0.0023104442033259395,0.0019372362018299997,[0.         0.         0.         0.         0.         0.         0.         0.         0.         0.         0.         0.         0.         0.         0.         0.         0.         0.         0.         0.         0.         0.         0.         0.         0.71147071 0.         0.         0.01       0.         0.         0.        ],[0. 0. 0. 0. 0. 0. 0. 0. 0. 0. 0. 0. 0. 0. 0. 0. 0. 0. 0. 0. 0. 0. 0. 0. 1. 0. 0. 1. 0. 0. 0.],500,100,0.1,0.001,1,16,iDR,51,first
293,0.0023104442033259395,0.0023104442033259395,0.0019372362018299997,[0.         0.         0.         0.         0.         0.         0.         0.         0.         0.         0.         0.         0.         0.         0.         0.         0.         0.         0.         0.         0.         0.         0.         0.         0.71147071 0.         0.         0.01       0.         0.         0.        ],[0. 0. 0. 0. 0. 0. 0. 0. 0. 0. 0. 0. 0. 0. 0. 0. 0. 0. 0. 0. 0. 0. 0. 0. 1. 0. 0. 1. 0. 0. 0.],500,100,0.1,0.001,1,16,iDR,51,first
294,0.0023104442033259395,0.0023104442033259395,0.0019372362018299997,[0.         0.         0.         0.         0.         0.         0.         0.         0.         0.         0.         0.         0.         0.         0.         0.         0.         0.         0.         0.         0.         0.         0.         0.         0.71147071 0.         0.         0.01       0.         0.         0.        ],[0. 0. 0. 0. 0. 0. 0. 0. 0. 0. 0. 0. 0. 0. 0. 0. 0. 0. 0. 0. 0. 0. 0. 0. 1. 0. 0. 1. 0. 0. 0.],500,100,0.1,0.001,1,16,iDR,51,first
295,0.0023104442033259395,0.0023104442033259395,0.0019372362018299997,[0.         0.         0.         0.         0.         0.         0.         0.         0.         0.         0.         0.         0.         0.         0.         0.         0.         0.         0.         0.         0.         0.         0.         0.         0.71147071 0.         0.         0.01       0.         0.         0.        ],[0. 0. 0. 0. 0. 0. 0. 0. 0. 0. 0. 0. 0. 0. 0. 0. 0. 0. 0. 0. 0. 0. 0. 0. 1. 0. 0. 1. 0. 0. 0.],500,100,0.1,0.001,1,16,iDR,51,first
296,0.0023104442033259395,0.0023104442033259395,0.0019372362018299997,[0.         0.         0.         0.         0.         0.         0.         0.         0.         0.         0.         0.         0.         0.         0.         0.         0.         0.         0.         0.         0.         0.         0.         0.         0.71147071 0.         0.         0.01       0.         0.         0.        ],[0. 0. 0. 0. 0. 0. 0. 0. 0. 0. 0. 0. 0. 0. 0. 0. 0. 0. 0. 0. 0. 0. 0. 0. 1. 0. 0. 1. 0. 0. 0.],500,100,0.1,0.001,1,16,iDR,51,first
297,0.0023104442033259395,0.0023104442033259395,0.0019372362018299997,[0.         0.         0.         0.         0.         0.         0.         0.         0.         0.         0.         0.         0.         0.         0.         0.         0.         0.         0.         0.         0.         0.         0.         0.         0.71147071 0.         0.         0.01       0.         0.         0.        ],[0. 0. 0. 0. 0. 0. 0. 0. 0. 0. 0. 0. 0. 0. 0. 0. 0. 0. 0. 0. 0. 0. 0. 0. 1. 0. 0. 1. 0. 0. 0.],500,100,0.1,0.001,1,16,iDR,51,first
298,0.0023104442033259395,0.0023104442033259395,0.0019372362018299997,[0.         0.         0.         0.         0.         0.         0.         0.         0.         0.         0.         0.         0.         0.         0.         0.         0.         0.         0.         0.         0.         0.         0.         0.         0.71147071 0.         0.         0.01       0.         0.         0.        ],[0. 0. 0. 0. 0. 0. 0. 0. 0. 0. 0. 0. 0. 0. 0. 0. 0. 0. 0. 0. 0. 0. 0. 0. 1. 0. 0. 1. 0. 0. 0.],500,100,0.1,0.001,1,16,iDR,51,first
299,0.0023104442033259395,0.0023104442033259395,0.0019372362018299997,[0.         0.         0.         0.         0.         0.         0.         0.         0.         0.         0.         0.         0.         0.         0.         0.         0.         0.         0.         0.         0.         0.         0.         0.         0.71147071 0.         0.         0.01       0.         0.         0.        ],[0. 0. 0. 0. 0. 0. 0. 0. 0. 0. 0. 0. 0. 0. 0. 0. 0. 0. 0. 0. 0. 0. 0. 0. 1. 0. 0. 1. 0. 0. 0.],500,100,0.1,0.001,1,16,iDR,51,first
300,0.0023104442033259395,0.0023104442033259395,0.0019372362018299997,[0.         0.         0.         0.         0.         0.         0.         0.         0.         0.         0.         0.         0.         0.         0.         0.         0.         0.         0.         0.         0.         0.         0.         0.         0.71147071 0.         0.         0.01       0.         0.         0.        ],[0. 0. 0. 0. 0. 0. 0. 0. 0. 0. 0. 0. 0. 0. 0. 0. 0. 0. 0. 0. 0. 0. 0. 0. 1. 0. 0. 1. 0. 0. 0.],500,100,0.1,0.001,1,16,iDR,51,first
301,0.0023104442033259395,0.0023104442033259395,0.0019372362018299997,[0.         0.         0.         0.         0.         0.         0.         0.         0.         0.         0.         0.         0.         0.         0.         0.         0.         0.         0.         0.         0.         0.         0.         0.         0.71147071 0.         0.         0.01       0.         0.         0.        ],[0. 0. 0. 0. 0. 0. 0. 0. 0. 0. 0. 0. 0. 0. 0. 0. 0. 0. 0. 0. 0. 0. 0. 0. 1. 0. 0. 1. 0. 0. 0.],500,100,0.1,0.001,1,16,iDR,51,first
302,0.0023104442033259395,0.0023104442033259395,0.0019372362018299997,[0.         0.         0.         0.         0.         0.         0.         0.         0.         0.         0.         0.         0.         0.         0.         0.         0.         0.         0.         0.         0.         0.         0.         0.         0.71147071 0.         0.         0.01       0.         0.         0.        ],[0. 0. 0. 0. 0. 0. 0. 0. 0. 0. 0. 0. 0. 0. 0. 0. 0. 0. 0. 0. 0. 0. 0. 0. 1. 0. 0. 1. 0. 0. 0.],500,100,0.1,0.001,1,16,iDR,51,first
303,0.0023104442033259395,0.0023104442033259395,0.0019372362018299997,[0.         0.         0.         0.         0.         0.         0.         0.         0.         0.         0.         0.         0.         0.         0.         0.         0.         0.         0.         0.         0.         0.         0.         0.         0.71147071 0.         0.         0.01       0.         0.         0.        ],[0. 0. 0. 0. 0. 0. 0. 0. 0. 0. 0. 0. 0. 0. 0. 0. 0. 0. 0. 0. 0. 0. 0. 0. 1. 0. 0. 1. 0. 0. 0.],500,100,0.1,0.001,1,16,iDR,51,first
304,0.0023104442033259395,0.0023104442033259395,0.0019372362018299997,[0.         0.         0.         0.         0.         0.         0.         0.         0.         0.         0.         0.         0.         0.         0.         0.         0.         0.         0.         0.         0.         0.         0.         0.         0.71147071 0.         0.         0.01       0.         0.         0.        ],[0. 0. 0. 0. 0. 0. 0. 0. 0. 0. 0. 0. 0. 0. 0. 0. 0. 0. 0. 0. 0. 0. 0. 0. 1. 0. 0. 1. 0. 0. 0.],500,100,0.1,0.001,1,16,iDR,51,first
305,0.0023104442033259395,0.0023104442033259395,0.0019372362018299997,[0.         0.         0.         0.         0.         0.         0.         0.         0.         0.         0.         0.         0.         0.         0.         0.         0.         0.         0.         0.         0.         0.         0.         0.         0.71147071 0.         0.         0.01       0.         0.         0.        ],[0. 0. 0. 0. 0. 0. 0. 0. 0. 0. 0. 0. 0. 0. 0. 0. 0. 0. 0. 0. 0. 0. 0. 0. 1. 0. 0. 1. 0. 0. 0.],500,100,0.1,0.001,1,16,iDR,51,first
306,0.0023104442033259395,0.0023104442033259395,0.0019372362018299997,[0.         0.         0.         0.         0.         0.         0.         0.         0.         0.         0.         0.         0.         0.         0.         0.         0.         0.         0.         0.         0.         0.         0.         0.         0.71147071 0.         0.         0.01       0.         0.         0.        ],[0. 0. 0. 0. 0. 0. 0. 0. 0. 0. 0. 0. 0. 0. 0. 0. 0. 0. 0. 0. 0. 0. 0. 0. 1. 0. 0. 1. 0. 0. 0.],500,100,0.1,0.001,1,16,iDR,51,first
307,0.0023104442033259395,0.0023104442033259395,0.0019372362018299997,[0.         0.         0.         0.         0.         0.         0.         0.         0.         0.         0.         0.         0.         0.         0.         0.         0.         0.         0.         0.         0.         0.         0.         0.         0.71147071 0.         0.         0.01       0.         0.         0.        ],[0. 0. 0. 0. 0. 0. 0. 0. 0. 0. 0. 0. 0. 0. 0. 0. 0. 0. 0. 0. 0. 0. 0. 0. 1. 0. 0. 1. 0. 0. 0.],500,100,0.1,0.001,1,16,iDR,51,first
308,0.0023104442033259395,0.0023104442033259395,0.0019372362018299997,[0.         0.         0.         0.         0.         0.         0.         0.         0.         0.         0.         0.         0.         0.         0.         0.         0.         0.         0.         0.         0.         0.         0.         0.         0.71147071 0.         0.         0.01       0.         0.         0.        ],[0. 0. 0. 0. 0. 0. 0. 0. 0. 0. 0. 0. 0. 0. 0. 0. 0. 0. 0. 0. 0. 0. 0. 0. 1. 0. 0. 1. 0. 0. 0.],500,100,0.1,0.001,1,16,iDR,51,first
309,0.0023104442033259395,0.0023104442033259395,0.0019372362018299997,[0.         0.         0.         0.         0.         0.         0.         0.         0.         0.         0.         0.         0.         0.         0.         0.         0.         0.         0.         0.         0.         0.         0.         0.         0.71147071 0.         0.         0.01       0.         0.         0.        ],[0. 0. 0. 0. 0. 0. 0. 0. 0. 0. 0. 0. 0. 0. 0. 0. 0. 0. 0. 0. 0. 0. 0. 0. 1. 0. 0. 1. 0. 0. 0.],500,100,0.1,0.001,1,16,iDR,51,first
310,0.0023104442033259395,0.0023104442033259395,0.0019372362018299997,[0.         0.         0.         0.         0.         0.         0.         0.         0.         0.         0.         0.         0.         0.         0.         0.         0.         0.         0.         0.         0.         0.         0.         0.         0.71147071 0.         0.         0.01       0.         0.         0.        ],[0. 0. 0. 0. 0. 0. 0. 0. 0. 0. 0. 0. 0. 0. 0. 0. 0. 0. 0. 0. 0. 0. 0. 0. 1. 0. 0. 1. 0. 0. 0.],500,100,0.1,0.001,1,16,iDR,51,first
311,0.0023104442033259395,0.0023104442033259395,0.0019372362018299997,[0.         0.         0.         0.         0.         0.         0.         0.         0.         0.         0.         0.         0.         0.         0.         0.         0.         0.         0.         0.         0.         0.         0.         0.         0.71147071 0.         0.         0.01       0.         0.         0.        ],[0. 0. 0. 0. 0. 0. 0. 0. 0. 0. 0. 0. 0. 0. 0. 0. 0. 0. 0. 0. 0. 0. 0. 0. 1. 0. 0. 1. 0. 0. 0.],500,100,0.1,0.001,1,16,iDR,51,first
312,0.0023104442033259395,0.0023104442033259395,0.0019372362018299997,[0.         0.         0.         0.         0.         0.         0.         0.         0.         0.         0.         0.         0.         0.         0.         0.         0.         0.         0.         0.         0.         0.         0.         0.         0.71147071 0.         0.         0.01       0.         0.         0.        ],[0. 0. 0. 0. 0. 0. 0. 0. 0. 0. 0. 0. 0. 0. 0. 0. 0. 0. 0. 0. 0. 0. 0. 0. 1. 0. 0. 1. 0. 0. 0.],500,100,0.1,0.001,1,16,iDR,51,first
313,0.0023104442033259395,0.0023104442033259395,0.0019372362018299997,[0.         0.         0.         0.         0.         0.         0.         0.         0.         0.         0.         0.         0.         0.         0.         0.         0.         0.         0.         0.         0.         0.         0.         0.         0.71147071 0.         0.         0.01       0.         0.         0.        ],[0. 0. 0. 0. 0. 0. 0. 0. 0. 0. 0. 0. 0. 0. 0. 0. 0. 0. 0. 0. 0. 0. 0. 0. 1. 0. 0. 1. 0. 0. 0.],500,100,0.1,0.001,1,16,iDR,51,first
314,0.0023104442033259395,0.0023104442033259395,0.0019372362018299997,[0.         0.         0.         0.         0.         0.         0.         0.         0.         0.         0.         0.         0.         0.         0.         0.         0.         0.         0.         0.         0.         0.         0.         0.         0.71147071 0.         0.         0.01       0.         0.         0.        ],[0. 0. 0. 0. 0. 0. 0. 0. 0. 0. 0. 0. 0. 0. 0. 0. 0. 0. 0. 0. 0. 0. 0. 0. 1. 0. 0. 1. 0. 0. 0.],500,100,0.1,0.001,1,16,iDR,51,first
315,0.0023104442033259395,0.0023104442033259395,0.0019372362018299997,[0.         0.         0.         0.         0.         0.         0.         0.         0.         0.         0.         0.         0.         0.         0.         0.         0.         0.         0.         0.         0.         0.         0.         0.         0.71147071 0.         0.         0.01       0.         0.         0.        ],[0. 0. 0. 0. 0. 0. 0. 0. 0. 0. 0. 0. 0. 0. 0. 0. 0. 0. 0. 0. 0. 0. 0. 0. 1. 0. 0. 1. 0. 0. 0.],500,100,0.1,0.001,1,16,iDR,51,first
316,0.0023104442033259395,0.0023104442033259395,0.0019372362018299997,[0.         0.         0.         0.         0.         0.         0.         0.         0.         0.         0.         0.         0.         0.         0.         0.         0.         0.         0.         0.         0.         0.         0.         0.         0.71147071 0.         0.         0.01       0.         0.         0.        ],[0. 0. 0. 0. 0. 0. 0. 0. 0. 0. 0. 0. 0. 0. 0. 0. 0. 0. 0. 0. 0. 0. 0. 0. 1. 0. 0. 1. 0. 0. 0.],500,100,0.1,0.001,1,16,iDR,51,first
317,0.0023104442033259395,0.0023104442033259395,0.0019372362018299997,[0.         0.         0.         0.         0.         0.         0.         0.         0.         0.         0.         0.         0.         0.         0.         0.         0.         0.         0.         0.         0.         0.         0.         0.         0.71147071 0.         0.         0.01       0.         0.         0.        ],[0. 0. 0. 0. 0. 0. 0. 0. 0. 0. 0. 0. 0. 0. 0. 0. 0. 0. 0. 0. 0. 0. 0. 0. 1. 0. 0. 1. 0. 0. 0.],500,100,0.1,0.001,1,16,iDR,51,first
318,0.0023104442033259395,0.0023104442033259395,0.0019372362018299997,[0.         0.         0.         0.         0.         0.         0.         0.         0.         0.         0.         0.         0.         0.         0.         0.         0.         0.         0.         0.         0.         0.         0.         0.         0.71147071 0.         0.         0.01       0.         0.         0.        ],[0. 0. 0. 0. 0. 0. 0. 0. 0. 0. 0. 0. 0. 0. 0. 0. 0. 0. 0. 0. 0. 0. 0. 0. 1. 0. 0. 1. 0. 0. 0.],500,100,0.1,0.001,1,16,iDR,51,first
319,0.0023104442033259395,0.0023104442033259395,0.0019372362018299997,[0.         0.         0.         0.         0.         0.         0.         0.         0.         0.         0.         0.         0.         0.         0.         0.         0.         0.         0.         0.         0.         0.         0.         0.         0.71147071 0.         0.         0.01       0.         0.         0.        ],[0. 0. 0. 0. 0. 0. 0. 0. 0. 0. 0. 0. 0. 0. 0. 0. 0. 0. 0. 0. 0. 0. 0. 0. 1. 0. 0. 1. 0. 0. 0.],500,100,0.1,0.001,1,16,iDR,51,first
320,0.0023104442033259395,0.0023104442033259395,0.0019372362018299997,[0.         0.         0.         0.         0.         0.         0.         0.         0.         0.         0.         0.         0.         0.         0.         0.         0.         0.         0.         0.         0.         0.         0.         0.         0.71147071 0.         0.         0.01       0.         0.         0.        ],[0. 0. 0. 0. 0. 0. 0. 0. 0. 0. 0. 0. 0. 0. 0. 0. 0. 0. 0. 0. 0. 0. 0. 0. 1. 0. 0. 1. 0. 0. 0.],500,100,0.1,0.001,1,16,iDR,51,first
321,0.0023104442033259395,0.0023104442033259395,0.0019372362018299997,[0.         0.         0.         0.         0.         0.         0.         0.         0.         0.         0.         0.         0.         0.         0.         0.         0.         0.         0.         0.         0.         0.         0.         0.         0.71147071 0.         0.         0.01       0.         0.         0.        ],[0. 0. 0. 0. 0. 0. 0. 0. 0. 0. 0. 0. 0. 0. 0. 0. 0. 0. 0. 0. 0. 0. 0. 0. 1. 0. 0. 1. 0. 0. 0.],500,100,0.1,0.001,1,16,iDR,51,first
322,0.0023104442033259395,0.0023104442033259395,0.0019372362018299997,[0.         0.         0.         0.         0.         0.         0.         0.         0.         0.         0.         0.         0.         0.         0.         0.         0.         0.         0.         0.         0.         0.         0.         0.         0.71147071 0.         0.         0.01       0.         0.         0.        ],[0. 0. 0. 0. 0. 0. 0. 0. 0. 0. 0. 0. 0. 0. 0. 0. 0. 0. 0. 0. 0. 0. 0. 0. 1. 0. 0. 1. 0. 0. 0.],500,100,0.1,0.001,1,16,iDR,51,first
323,0.0023104442033259395,0.0023104442033259395,0.0019372362018299997,[0.         0.         0.         0.         0.         0.         0.         0.         0.         0.         0.         0.         0.         0.         0.         0.         0.         0.         0.         0.         0.         0.         0.         0.         0.71147071 0.         0.         0.01       0.         0.         0.        ],[0. 0. 0. 0. 0. 0. 0. 0. 0. 0. 0. 0. 0. 0. 0. 0. 0. 0. 0. 0. 0. 0. 0. 0. 1. 0. 0. 1. 0. 0. 0.],500,100,0.1,0.001,1,16,iDR,51,first
324,0.0023104442033259395,0.0023104442033259395,0.0019372362018299997,[0.         0.         0.         0.         0.         0.         0.         0.         0.         0.         0.         0.         0.         0.         0.         0.         0.         0.         0.         0.         0.         0.         0.         0.         0.71147071 0.         0.         0.01       0.         0.         0.        ],[0. 0. 0. 0. 0. 0. 0. 0. 0. 0. 0. 0. 0. 0. 0. 0. 0. 0. 0. 0. 0. 0. 0. 0. 1. 0. 0. 1. 0. 0. 0.],500,100,0.1,0.001,1,16,iDR,51,first
325,0.0023104442033259395,0.0023104442033259395,0.0019372362018299997,[0.         0.         0.         0.         0.         0.         0.         0.         0.         0.         0.         0.         0.         0.         0.         0.         0.         0.         0.         0.         0.         0.         0.         0.         0.71147071 0.         0.         0.01       0.         0.         0.        ],[0. 0. 0. 0. 0. 0. 0. 0. 0. 0. 0. 0. 0. 0. 0. 0. 0. 0. 0. 0. 0. 0. 0. 0. 1. 0. 0. 1. 0. 0. 0.],500,100,0.1,0.001,1,16,iDR,51,first
326,0.0023104442033259395,0.0023104442033259395,0.0019372362018299997,[0.         0.         0.         0.         0.         0.         0.         0.         0.         0.         0.         0.         0.         0.         0.         0.         0.         0.         0.         0.         0.         0.         0.         0.         0.71147071 0.         0.         0.01       0.         0.         0.        ],[0. 0. 0. 0. 0. 0. 0. 0. 0. 0. 0. 0. 0. 0. 0. 0. 0. 0. 0. 0. 0. 0. 0. 0. 1. 0. 0. 1. 0. 0. 0.],500,100,0.1,0.001,1,16,iDR,51,first
327,0.0023104442033259395,0.0023104442033259395,0.0019372362018299997,[0.         0.         0.         0.         0.         0.         0.         0.         0.         0.         0.         0.         0.         0.         0.         0.         0.         0.         0.         0.         0.         0.         0.         0.         0.71147071 0.         0.         0.01       0.         0.         0.        ],[0. 0. 0. 0. 0. 0. 0. 0. 0. 0. 0. 0. 0. 0. 0. 0. 0. 0. 0. 0. 0. 0. 0. 0. 1. 0. 0. 1. 0. 0. 0.],500,100,0.1,0.001,1,16,iDR,51,first
328,0.0023104442033259395,0.0023104442033259395,0.0019372362018299997,[0.         0.         0.         0.         0.         0.         0.         0.         0.         0.         0.         0.         0.         0.         0.         0.         0.         0.         0.         0.         0.         0.         0.         0.         0.71147071 0.         0.         0.01       0.         0.         0.        ],[0. 0. 0. 0. 0. 0. 0. 0. 0. 0. 0. 0. 0. 0. 0. 0. 0. 0. 0. 0. 0. 0. 0. 0. 1. 0. 0. 1. 0. 0. 0.],500,100,0.1,0.001,1,16,iDR,51,first
329,0.0023104442033259395,0.0023104442033259395,0.0019372362018299997,[0.         0.         0.         0.         0.         0.         0.         0.         0.         0.         0.         0.         0.         0.         0.         0.         0.         0.         0.         0.         0.         0.         0.         0.         0.71147071 0.         0.         0.01       0.         0.         0.        ],[0. 0. 0. 0. 0. 0. 0. 0. 0. 0. 0. 0. 0. 0. 0. 0. 0. 0. 0. 0. 0. 0. 0. 0. 1. 0. 0. 1. 0. 0. 0.],500,100,0.1,0.001,1,16,iDR,51,first
330,0.0023104442033259395,0.0023104442033259395,0.0019372362018299997,[0.         0.         0.         0.         0.         0.         0.         0.         0.         0.         0.         0.         0.         0.         0.         0.         0.         0.         0.         0.         0.         0.         0.         0.         0.71147071 0.         0.         0.01       0.         0.         0.        ],[0. 0. 0. 0. 0. 0. 0. 0. 0. 0. 0. 0. 0. 0. 0. 0. 0. 0. 0. 0. 0. 0. 0. 0. 1. 0. 0. 1. 0. 0. 0.],500,100,0.1,0.001,1,16,iDR,51,first
331,0.0023104442033259395,0.0023104442033259395,0.0019372362018299997,[0.         0.         0.         0.         0.         0.         0.         0.         0.         0.         0.         0.         0.         0.         0.         0.         0.         0.         0.         0.         0.         0.         0.         0.         0.71147071 0.         0.         0.01       0.         0.         0.        ],[0. 0. 0. 0. 0. 0. 0. 0. 0. 0. 0. 0. 0. 0. 0. 0. 0. 0. 0. 0. 0. 0. 0. 0. 1. 0. 0. 1. 0. 0. 0.],500,100,0.1,0.001,1,16,iDR,51,first
332,0.0023104442033259395,0.0023104442033259395,0.0019372362018299997,[0.         0.         0.         0.         0.         0.         0.         0.         0.         0.         0.         0.         0.         0.         0.         0.         0.         0.         0.         0.         0.         0.         0.         0.         0.71147071 0.         0.         0.01       0.         0.         0.        ],[0. 0. 0. 0. 0. 0. 0. 0. 0. 0. 0. 0. 0. 0. 0. 0. 0. 0. 0. 0. 0. 0. 0. 0. 1. 0. 0. 1. 0. 0. 0.],500,100,0.1,0.001,1,16,iDR,51,first
333,0.0023104442033259395,0.0023104442033259395,0.0019372362018299997,[0.         0.         0.         0.         0.         0.         0.         0.         0.         0.         0.         0.         0.         0.         0.         0.         0.         0.         0.         0.         0.         0.         0.         0.         0.71147071 0.         0.         0.01       0.         0.         0.        ],[0. 0. 0. 0. 0. 0. 0. 0. 0. 0. 0. 0. 0. 0. 0. 0. 0. 0. 0. 0. 0. 0. 0. 0. 1. 0. 0. 1. 0. 0. 0.],500,100,0.1,0.001,1,16,iDR,51,first
334,0.0023104442033259395,0.0023104442033259395,0.0019372362018299997,[0.         0.         0.         0.         0.         0.         0.         0.         0.         0.         0.         0.         0.         0.         0.         0.         0.         0.         0.         0.         0.         0.         0.         0.         0.71147071 0.         0.         0.01       0.         0.         0.        ],[0. 0. 0. 0. 0. 0. 0. 0. 0. 0. 0. 0. 0. 0. 0. 0. 0. 0. 0. 0. 0. 0. 0. 0. 1. 0. 0. 1. 0. 0. 0.],500,100,0.1,0.001,1,16,iDR,51,first
335,0.0023104442033259395,0.0023104442033259395,0.0019372362018299997,[0.         0.         0.         0.         0.         0.         0.         0.         0.         0.         0.         0.         0.         0.         0.         0.         0.         0.         0.         0.         0.         0.         0.         0.         0.71147071 0.         0.         0.01       0.         0.         0.        ],[0. 0. 0. 0. 0. 0. 0. 0. 0. 0. 0. 0. 0. 0. 0. 0. 0. 0. 0. 0. 0. 0. 0. 0. 1. 0. 0. 1. 0. 0. 0.],500,100,0.1,0.001,1,16,iDR,51,first
336,0.0023104442033259395,0.0023104442033259395,0.0019372362018299997,[0.         0.         0.         0.         0.         0.         0.         0.         0.         0.         0.         0.         0.         0.         0.         0.         0.         0.         0.         0.         0.         0.         0.         0.         0.71147071 0.         0.         0.01       0.         0.         0.        ],[0. 0. 0. 0. 0. 0. 0. 0. 0. 0. 0. 0. 0. 0. 0. 0. 0. 0. 0. 0. 0. 0. 0. 0. 1. 0. 0. 1. 0. 0. 0.],500,100,0.1,0.001,1,16,iDR,51,first
337,0.0023104442033259395,0.0023104442033259395,0.0019372362018299997,[0.         0.         0.         0.         0.         0.         0.         0.         0.         0.         0.         0.         0.         0.         0.         0.         0.         0.         0.         0.         0.         0.         0.         0.         0.71147071 0.         0.         0.01       0.         0.         0.        ],[0. 0. 0. 0. 0. 0. 0. 0. 0. 0. 0. 0. 0. 0. 0. 0. 0. 0. 0. 0. 0. 0. 0. 0. 1. 0. 0. 1. 0. 0. 0.],500,100,0.1,0.001,1,16,iDR,51,first
338,0.0023104442033259395,0.0023104442033259395,0.0019372362018299997,[0.         0.         0.         0.         0.         0.         0.         0.         0.         0.         0.         0.         0.         0.         0.         0.         0.         0.         0.         0.         0.         0.         0.         0.         0.71147071 0.         0.         0.01       0.         0.         0.        ],[0. 0. 0. 0. 0. 0. 0. 0. 0. 0. 0. 0. 0. 0. 0. 0. 0. 0. 0. 0. 0. 0. 0. 0. 1. 0. 0. 1. 0. 0. 0.],500,100,0.1,0.001,1,16,iDR,51,first
339,0.0023104442033259395,0.0023104442033259395,0.0019372362018299997,[0.         0.         0.         0.         0.         0.         0.         0.         0.         0.         0.         0.         0.         0.         0.         0.         0.         0.         0.         0.         0.         0.         0.         0.         0.71147071 0.         0.         0.01       0.         0.         0.        ],[0. 0. 0. 0. 0. 0. 0. 0. 0. 0. 0. 0. 0. 0. 0. 0. 0. 0. 0. 0. 0. 0. 0. 0. 1. 0. 0. 1. 0. 0. 0.],500,100,0.1,0.001,1,16,iDR,51,first
340,0.0023104442033259395,0.0023104442033259395,0.0019372362018299997,[0.         0.         0.         0.         0.         0.         0.         0.         0.         0.         0.         0.         0.         0.         0.         0.         0.         0.         0.         0.         0.         0.         0.         0.         0.71147071 0.         0.         0.01       0.         0.         0.        ],[0. 0. 0. 0. 0. 0. 0. 0. 0. 0. 0. 0. 0. 0. 0. 0. 0. 0. 0. 0. 0. 0. 0. 0. 1. 0. 0. 1. 0. 0. 0.],500,100,0.1,0.001,1,16,iDR,51,first
341,0.0023104442033259395,0.0023104442033259395,0.0019372362018299997,[0.         0.         0.         0.         0.         0.         0.         0.         0.         0.         0.         0.         0.         0.         0.         0.         0.         0.         0.         0.         0.         0.         0.         0.         0.71147071 0.         0.         0.01       0.         0.         0.        ],[0. 0. 0. 0. 0. 0. 0. 0. 0. 0. 0. 0. 0. 0. 0. 0. 0. 0. 0. 0. 0. 0. 0. 0. 1. 0. 0. 1. 0. 0. 0.],500,100,0.1,0.001,1,16,iDR,51,first
342,0.0023104442033259395,0.0023104442033259395,0.0019372362018299997,[0.         0.         0.         0.         0.         0.         0.         0.         0.         0.         0.         0.         0.         0.         0.         0.         0.         0.         0.         0.         0.         0.         0.         0.         0.71147071 0.         0.         0.01       0.         0.         0.        ],[0. 0. 0. 0. 0. 0. 0. 0. 0. 0. 0. 0. 0. 0. 0. 0. 0. 0. 0. 0. 0. 0. 0. 0. 1. 0. 0. 1. 0. 0. 0.],500,100,0.1,0.001,1,16,iDR,51,first
343,0.0023104442033259395,0.0023104442033259395,0.0019372362018299997,[0.         0.         0.         0.         0.         0.         0.         0.         0.         0.         0.         0.         0.         0.         0.         0.         0.         0.         0.         0.         0.         0.         0.         0.         0.71147071 0.         0.         0.01       0.         0.         0.        ],[0. 0. 0. 0. 0. 0. 0. 0. 0. 0. 0. 0. 0. 0. 0. 0. 0. 0. 0. 0. 0. 0. 0. 0. 1. 0. 0. 1. 0. 0. 0.],500,100,0.1,0.001,1,16,iDR,51,first
344,0.0023104442033259395,0.0023104442033259395,0.0019372362018299997,[0.         0.         0.         0.         0.         0.         0.         0.         0.         0.         0.         0.         0.         0.         0.         0.         0.         0.         0.         0.         0.         0.         0.         0.         0.71147071 0.         0.         0.01       0.         0.         0.        ],[0. 0. 0. 0. 0. 0. 0. 0. 0. 0. 0. 0. 0. 0. 0. 0. 0. 0. 0. 0. 0. 0. 0. 0. 1. 0. 0. 1. 0. 0. 0.],500,100,0.1,0.001,1,16,iDR,51,first
345,0.0023104442033259395,0.0023104442033259395,0.0019372362018299997,[0.         0.         0.         0.         0.         0.         0.         0.         0.         0.         0.         0.         0.         0.         0.         0.         0.         0.         0.         0.         0.         0.         0.         0.         0.71147071 0.         0.         0.01       0.         0.         0.        ],[0. 0. 0. 0. 0. 0. 0. 0. 0. 0. 0. 0. 0. 0. 0. 0. 0. 0. 0. 0. 0. 0. 0. 0. 1. 0. 0. 1. 0. 0. 0.],500,100,0.1,0.001,1,16,iDR,51,first
346,0.0023104442033259395,0.0023104442033259395,0.0019372362018299997,[0.         0.         0.         0.         0.         0.         0.         0.         0.         0.         0.         0.         0.         0.         0.         0.         0.         0.         0.         0.         0.         0.         0.         0.         0.71147071 0.         0.         0.01       0.         0.         0.        ],[0. 0. 0. 0. 0. 0. 0. 0. 0. 0. 0. 0. 0. 0. 0. 0. 0. 0. 0. 0. 0. 0. 0. 0. 1. 0. 0. 1. 0. 0. 0.],500,100,0.1,0.001,1,16,iDR,51,first
347,0.0023104442033259395,0.0023104442033259395,0.0019372362018299997,[0.         0.         0.         0.         0.         0.         0.         0.         0.         0.         0.         0.         0.         0.         0.         0.         0.         0.         0.         0.         0.         0.         0.         0.         0.71147071 0.         0.         0.01       0.         0.         0.        ],[0. 0. 0. 0. 0. 0. 0. 0. 0. 0. 0. 0. 0. 0. 0. 0. 0. 0. 0. 0. 0. 0. 0. 0. 1. 0. 0. 1. 0. 0. 0.],500,100,0.1,0.001,1,16,iDR,51,first
348,0.0023104442033259395,0.0023104442033259395,0.0019372362018299997,[0.         0.         0.         0.         0.         0.         0.         0.         0.         0.         0.         0.         0.         0.         0.         0.         0.         0.         0.         0.         0.         0.         0.         0.         0.71147071 0.         0.         0.01       0.         0.         0.        ],[0. 0. 0. 0. 0. 0. 0. 0. 0. 0. 0. 0. 0. 0. 0. 0. 0. 0. 0. 0. 0. 0. 0. 0. 1. 0. 0. 1. 0. 0. 0.],500,100,0.1,0.001,1,16,iDR,51,first
349,0.0023104442033259395,0.0023104442033259395,0.0019372362018299997,[0.         0.         0.         0.         0.         0.         0.         0.         0.         0.         0.         0.         0.         0.         0.         0.         0.         0.         0.         0.         0.         0.         0.         0.         0.71147071 0.         0.         0.01       0.         0.         0.        ],[0. 0. 0. 0. 0. 0. 0. 0. 0. 0. 0. 0. 0. 0. 0. 0. 0. 0. 0. 0. 0. 0. 0. 0. 1. 0. 0. 1. 0. 0. 0.],500,100,0.1,0.001,1,16,iDR,51,first
350,0.0023104442033259395,0.0023104442033259395,0.0019372362018299997,[0.         0.         0.         0.         0.         0.         0.         0.         0.         0.         0.         0.         0.         0.         0.         0.         0.         0.         0.         0.         0.         0.         0.         0.         0.71147071 0.         0.         0.01       0.         0.         0.        ],[0. 0. 0. 0. 0. 0. 0. 0. 0. 0. 0. 0. 0. 0. 0. 0. 0. 0. 0. 0. 0. 0. 0. 0. 1. 0. 0. 1. 0. 0. 0.],500,100,0.1,0.001,1,16,iDR,51,first
351,0.0023104442033259395,0.0023104442033259395,0.0019372362018299997,[0.         0.         0.         0.         0.         0.         0.         0.         0.         0.         0.         0.         0.         0.         0.         0.         0.         0.         0.         0.         0.         0.         0.         0.         0.71147071 0.         0.         0.01       0.         0.         0.        ],[0. 0. 0. 0. 0. 0. 0. 0. 0. 0. 0. 0. 0. 0. 0. 0. 0. 0. 0. 0. 0. 0. 0. 0. 1. 0. 0. 1. 0. 0. 0.],500,100,0.1,0.001,1,16,iDR,51,first
352,0.0023104442033259395,0.0023104442033259395,0.0019372362018299997,[0.         0.         0.         0.         0.         0.         0.         0.         0.         0.         0.         0.         0.         0.         0.         0.         0.         0.         0.         0.         0.         0.         0.         0.         0.71147071 0.         0.         0.01       0.         0.         0.        ],[0. 0. 0. 0. 0. 0. 0. 0. 0. 0. 0. 0. 0. 0. 0. 0. 0. 0. 0. 0. 0. 0. 0. 0. 1. 0. 0. 1. 0. 0. 0.],500,100,0.1,0.001,1,16,iDR,51,first
353,0.0023104442033259395,0.0023104442033259395,0.0019372362018299997,[0.         0.         0.         0.         0.         0.         0.         0.         0.         0.         0.         0.         0.         0.         0.         0.         0.         0.         0.         0.         0.         0.         0.         0.         0.71147071 0.         0.         0.01       0.         0.         0.        ],[0. 0. 0. 0. 0. 0. 0. 0. 0. 0. 0. 0. 0. 0. 0. 0. 0. 0. 0. 0. 0. 0. 0. 0. 1. 0. 0. 1. 0. 0. 0.],500,100,0.1,0.001,1,16,iDR,51,first
354,0.0023104442033259395,0.0023104442033259395,0.0019372362018299997,[0.         0.         0.         0.         0.         0.         0.         0.         0.         0.         0.         0.         0.         0.         0.         0.         0.         0.         0.         0.         0.         0.         0.         0.         0.71147071 0.         0.         0.01       0.         0.         0.        ],[0. 0. 0. 0. 0. 0. 0. 0. 0. 0. 0. 0. 0. 0. 0. 0. 0. 0. 0. 0. 0. 0. 0. 0. 1. 0. 0. 1. 0. 0. 0.],500,100,0.1,0.001,1,16,iDR,51,first
355,0.0023104442033259395,0.0023104442033259395,0.0019372362018299997,[0.         0.         0.         0.         0.         0.         0.         0.         0.         0.         0.         0.         0.         0.         0.         0.         0.         0.         0.         0.         0.         0.         0.         0.         0.71147071 0.         0.         0.01       0.         0.         0.        ],[0. 0. 0. 0. 0. 0. 0. 0. 0. 0. 0. 0. 0. 0. 0. 0. 0. 0. 0. 0. 0. 0. 0. 0. 1. 0. 0. 1. 0. 0. 0.],500,100,0.1,0.001,1,16,iDR,51,first
356,0.0023104442033259395,0.0023104442033259395,0.0019372362018299997,[0.         0.         0.         0.         0.         0.         0.         0.         0.         0.         0.         0.         0.         0.         0.         0.         0.         0.         0.         0.         0.         0.         0.         0.         0.71147071 0.         0.         0.01       0.         0.         0.        ],[0. 0. 0. 0. 0. 0. 0. 0. 0. 0. 0. 0. 0. 0. 0. 0. 0. 0. 0. 0. 0. 0. 0. 0. 1. 0. 0. 1. 0. 0. 0.],500,100,0.1,0.001,1,16,iDR,51,first
357,0.0023104442033259395,0.0023104442033259395,0.0019372362018299997,[0.         0.         0.         0.         0.         0.         0.         0.         0.         0.         0.         0.         0.         0.         0.         0.         0.         0.         0.         0.         0.         0.         0.         0.         0.71147071 0.         0.         0.01       0.         0.         0.        ],[0. 0. 0. 0. 0. 0. 0. 0. 0. 0. 0. 0. 0. 0. 0. 0. 0. 0. 0. 0. 0. 0. 0. 0. 1. 0. 0. 1. 0. 0. 0.],500,100,0.1,0.001,1,16,iDR,51,first
358,0.0023104442033259395,0.0023104442033259395,0.0019372362018299997,[0.         0.         0.         0.         0.         0.         0.         0.         0.         0.         0.         0.         0.         0.         0.         0.         0.         0.         0.         0.         0.         0.         0.         0.         0.71147071 0.         0.         0.01       0.         0.         0.        ],[0. 0. 0. 0. 0. 0. 0. 0. 0. 0. 0. 0. 0. 0. 0. 0. 0. 0. 0. 0. 0. 0. 0. 0. 1. 0. 0. 1. 0. 0. 0.],500,100,0.1,0.001,1,16,iDR,51,first
359,0.0023104442033259395,0.0023104442033259395,0.0019372362018299997,[0.         0.         0.         0.         0.         0.         0.         0.         0.         0.         0.         0.         0.         0.         0.         0.         0.         0.         0.         0.         0.         0.         0.         0.         0.71147071 0.         0.         0.01       0.         0.         0.        ],[0. 0. 0. 0. 0. 0. 0. 0. 0. 0. 0. 0. 0. 0. 0. 0. 0. 0. 0. 0. 0. 0. 0. 0. 1. 0. 0. 1. 0. 0. 0.],500,100,0.1,0.001,1,16,iDR,51,first
360,0.0023104442033259395,0.0023104442033259395,0.0019372362018299997,[0.         0.         0.         0.         0.         0.         0.         0.         0.         0.         0.         0.         0.         0.         0.         0.         0.         0.         0.         0.         0.         0.         0.         0.         0.71147071 0.         0.         0.01       0.         0.         0.        ],[0. 0. 0. 0. 0. 0. 0. 0. 0. 0. 0. 0. 0. 0. 0. 0. 0. 0. 0. 0. 0. 0. 0. 0. 1. 0. 0. 1. 0. 0. 0.],500,100,0.1,0.001,1,16,iDR,51,first
361,0.0023104442033259395,0.0023104442033259395,0.0019372362018299997,[0.         0.         0.         0.         0.         0.         0.         0.         0.         0.         0.         0.         0.         0.         0.         0.         0.         0.         0.         0.         0.         0.         0.         0.         0.71147071 0.         0.         0.01       0.         0.         0.        ],[0. 0. 0. 0. 0. 0. 0. 0. 0. 0. 0. 0. 0. 0. 0. 0. 0. 0. 0. 0. 0. 0. 0. 0. 1. 0. 0. 1. 0. 0. 0.],500,100,0.1,0.001,1,16,iDR,51,first
362,0.0023104442033259395,0.0023104442033259395,0.0019372362018299997,[0.         0.         0.         0.         0.         0.         0.         0.         0.         0.         0.         0.         0.         0.         0.         0.         0.         0.         0.         0.         0.         0.         0.         0.         0.71147071 0.         0.         0.01       0.         0.         0.        ],[0. 0. 0. 0. 0. 0. 0. 0. 0. 0. 0. 0. 0. 0. 0. 0. 0. 0. 0. 0. 0. 0. 0. 0. 1. 0. 0. 1. 0. 0. 0.],500,100,0.1,0.001,1,16,iDR,51,first
363,0.0023104442033259395,0.0023104442033259395,0.0019372362018299997,[0.         0.         0.         0.         0.         0.         0.         0.         0.         0.         0.         0.         0.         0.         0.         0.         0.         0.         0.         0.         0.         0.         0.         0.         0.71147071 0.         0.         0.01       0.         0.         0.        ],[0. 0. 0. 0. 0. 0. 0. 0. 0. 0. 0. 0. 0. 0. 0. 0. 0. 0. 0. 0. 0. 0. 0. 0. 1. 0. 0. 1. 0. 0. 0.],500,100,0.1,0.001,1,16,iDR,51,first
364,0.0023104442033259395,0.0023104442033259395,0.0019372362018299997,[0.         0.         0.         0.         0.         0.         0.         0.         0.         0.         0.         0.         0.         0.         0.         0.         0.         0.         0.         0.         0.         0.         0.         0.         0.71147071 0.         0.         0.01       0.         0.         0.        ],[0. 0. 0. 0. 0. 0. 0. 0. 0. 0. 0. 0. 0. 0. 0. 0. 0. 0. 0. 0. 0. 0. 0. 0. 1. 0. 0. 1. 0. 0. 0.],500,100,0.1,0.001,1,16,iDR,51,first
365,0.0023104442033259395,0.0023104442033259395,0.0019372362018299997,[0.         0.         0.         0.         0.         0.         0.         0.         0.         0.         0.         0.         0.         0.         0.         0.         0.         0.         0.         0.         0.         0.         0.         0.         0.71147071 0.         0.         0.01       0.         0.         0.        ],[0. 0. 0. 0. 0. 0. 0. 0. 0. 0. 0. 0. 0. 0. 0. 0. 0. 0. 0. 0. 0. 0. 0. 0. 1. 0. 0. 1. 0. 0. 0.],500,100,0.1,0.001,1,16,iDR,51,first
366,0.0023104442033259395,0.0023104442033259395,0.0019372362018299997,[0.         0.         0.         0.         0.         0.         0.         0.         0.         0.         0.         0.         0.         0.         0.         0.         0.         0.         0.         0.         0.         0.         0.         0.         0.71147071 0.         0.         0.01       0.         0.         0.        ],[0. 0. 0. 0. 0. 0. 0. 0. 0. 0. 0. 0. 0. 0. 0. 0. 0. 0. 0. 0. 0. 0. 0. 0. 1. 0. 0. 1. 0. 0. 0.],500,100,0.1,0.001,1,16,iDR,51,first
367,0.0023104442033259395,0.0023104442033259395,0.0019372362018299997,[0.         0.         0.         0.         0.         0.         0.         0.         0.         0.         0.         0.         0.         0.         0.         0.         0.         0.         0.         0.         0.         0.         0.         0.         0.71147071 0.         0.         0.01       0.         0.         0.        ],[0. 0. 0. 0. 0. 0. 0. 0. 0. 0. 0. 0. 0. 0. 0. 0. 0. 0. 0. 0. 0. 0. 0. 0. 1. 0. 0. 1. 0. 0. 0.],500,100,0.1,0.001,1,16,iDR,51,first
368,0.0023104442033259395,0.0023104442033259395,0.0019372362018299997,[0.         0.         0.         0.         0.         0.         0.         0.         0.         0.         0.         0.         0.         0.         0.         0.         0.         0.         0.         0.         0.         0.         0.         0.         0.71147071 0.         0.         0.01       0.         0.         0.        ],[0. 0. 0. 0. 0. 0. 0. 0. 0. 0. 0. 0. 0. 0. 0. 0. 0. 0. 0. 0. 0. 0. 0. 0. 1. 0. 0. 1. 0. 0. 0.],500,100,0.1,0.001,1,16,iDR,51,first
369,0.0023104442033259395,0.0023104442033259395,0.0019372362018299997,[0.         0.         0.         0.         0.         0.         0.         0.         0.         0.         0.         0.         0.         0.         0.         0.         0.         0.         0.         0.         0.         0.         0.         0.         0.71147071 0.         0.         0.01       0.         0.         0.        ],[0. 0. 0. 0. 0. 0. 0. 0. 0. 0. 0. 0. 0. 0. 0. 0. 0. 0. 0. 0. 0. 0. 0. 0. 1. 0. 0. 1. 0. 0. 0.],500,100,0.1,0.001,1,16,iDR,51,first
370,0.0023104442033259395,0.0023104442033259395,0.0019372362018299997,[0.         0.         0.         0.         0.         0.         0.         0.         0.         0.         0.         0.         0.         0.         0.         0.         0.         0.         0.         0.         0.         0.         0.         0.         0.71147071 0.         0.         0.01       0.         0.         0.        ],[0. 0. 0. 0. 0. 0. 0. 0. 0. 0. 0. 0. 0. 0. 0. 0. 0. 0. 0. 0. 0. 0. 0. 0. 1. 0. 0. 1. 0. 0. 0.],500,100,0.1,0.001,1,16,iDR,51,first
371,0.0023104442033259395,0.0023104442033259395,0.0019372362018299997,[0.         0.         0.         0.         0.         0.         0.         0.         0.         0.         0.         0.         0.         0.         0.         0.         0.         0.         0.         0.         0.         0.         0.         0.         0.71147071 0.         0.         0.01       0.         0.         0.        ],[0. 0. 0. 0. 0. 0. 0. 0. 0. 0. 0. 0. 0. 0. 0. 0. 0. 0. 0. 0. 0. 0. 0. 0. 1. 0. 0. 1. 0. 0. 0.],500,100,0.1,0.001,1,16,iDR,51,first
372,0.0023104442033259395,0.0023104442033259395,0.0019372362018299997,[0.         0.         0.         0.         0.         0.         0.         0.         0.         0.         0.         0.         0.         0.         0.         0.         0.         0.         0.         0.         0.         0.         0.         0.         0.71147071 0.         0.         0.01       0.         0.         0.        ],[0. 0. 0. 0. 0. 0. 0. 0. 0. 0. 0. 0. 0. 0. 0. 0. 0. 0. 0. 0. 0. 0. 0. 0. 1. 0. 0. 1. 0. 0. 0.],500,100,0.1,0.001,1,16,iDR,51,first
373,0.0023104442033259395,0.0023104442033259395,0.0019372362018299997,[0.         0.         0.         0.         0.         0.         0.         0.         0.         0.         0.         0.         0.         0.         0.         0.         0.         0.         0.         0.         0.         0.         0.         0.         0.71147071 0.         0.         0.01       0.         0.         0.        ],[0. 0. 0. 0. 0. 0. 0. 0. 0. 0. 0. 0. 0. 0. 0. 0. 0. 0. 0. 0. 0. 0. 0. 0. 1. 0. 0. 1. 0. 0. 0.],500,100,0.1,0.001,1,16,iDR,51,first
374,0.0023104442033259395,0.0023104442033259395,0.0019372362018299997,[0.         0.         0.         0.         0.         0.         0.         0.         0.         0.         0.         0.         0.         0.         0.         0.         0.         0.         0.         0.         0.         0.         0.         0.         0.71147071 0.         0.         0.01       0.         0.         0.        ],[0. 0. 0. 0. 0. 0. 0. 0. 0. 0. 0. 0. 0. 0. 0. 0. 0. 0. 0. 0. 0. 0. 0. 0. 1. 0. 0. 1. 0. 0. 0.],500,100,0.1,0.001,1,16,iDR,51,first
375,0.0023104442033259395,0.0023104442033259395,0.0019372362018299997,[0.         0.         0.         0.         0.         0.         0.         0.         0.         0.         0.         0.         0.         0.         0.         0.         0.         0.         0.         0.         0.         0.         0.         0.         0.71147071 0.         0.         0.01       0.         0.         0.        ],[0. 0. 0. 0. 0. 0. 0. 0. 0. 0. 0. 0. 0. 0. 0. 0. 0. 0. 0. 0. 0. 0. 0. 0. 1. 0. 0. 1. 0. 0. 0.],500,100,0.1,0.001,1,16,iDR,51,first
376,0.0023104442033259395,0.0023104442033259395,0.0019372362018299997,[0.         0.         0.         0.         0.         0.         0.         0.         0.         0.         0.         0.         0.         0.         0.         0.         0.         0.         0.         0.         0.         0.         0.         0.         0.71147071 0.         0.         0.01       0.         0.         0.        ],[0. 0. 0. 0. 0. 0. 0. 0. 0. 0. 0. 0. 0. 0. 0. 0. 0. 0. 0. 0. 0. 0. 0. 0. 1. 0. 0. 1. 0. 0. 0.],500,100,0.1,0.001,1,16,iDR,51,first
377,0.0023104442033259395,0.0023104442033259395,0.0019372362018299997,[0.         0.         0.         0.         0.         0.         0.         0.         0.         0.         0.         0.         0.         0.         0.         0.         0.         0.         0.         0.         0.         0.         0.         0.         0.71147071 0.         0.         0.01       0.         0.         0.        ],[0. 0. 0. 0. 0. 0. 0. 0. 0. 0. 0. 0. 0. 0. 0. 0. 0. 0. 0. 0. 0. 0. 0. 0. 1. 0. 0. 1. 0. 0. 0.],500,100,0.1,0.001,1,16,iDR,51,first
378,0.0023104442033259395,0.0023104442033259395,0.0019372362018299997,[0.         0.         0.         0.         0.         0.         0.         0.         0.         0.         0.         0.         0.         0.         0.         0.         0.         0.         0.         0.         0.         0.         0.         0.         0.71147071 0.         0.         0.01       0.         0.         0.        ],[0. 0. 0. 0. 0. 0. 0. 0. 0. 0. 0. 0. 0. 0. 0. 0. 0. 0. 0. 0. 0. 0. 0. 0. 1. 0. 0. 1. 0. 0. 0.],500,100,0.1,0.001,1,16,iDR,51,first
379,0.0023104442033259395,0.0023104442033259395,0.0019372362018299997,[0.         0.         0.         0.         0.         0.         0.         0.         0.         0.         0.         0.         0.         0.         0.         0.         0.         0.         0.         0.         0.         0.         0.         0.         0.71147071 0.         0.         0.01       0.         0.         0.        ],[0. 0. 0. 0. 0. 0. 0. 0. 0. 0. 0. 0. 0. 0. 0. 0. 0. 0. 0. 0. 0. 0. 0. 0. 1. 0. 0. 1. 0. 0. 0.],500,100,0.1,0.001,1,16,iDR,51,first
380,0.0023104442033259395,0.0023104442033259395,0.0019372362018299997,[0.         0.         0.         0.         0.         0.         0.         0.         0.         0.         0.         0.         0.         0.         0.         0.         0.         0.         0.         0.         0.         0.         0.         0.         0.71147071 0.         0.         0.01       0.         0.         0.        ],[0. 0. 0. 0. 0. 0. 0. 0. 0. 0. 0. 0. 0. 0. 0. 0. 0. 0. 0. 0. 0. 0. 0. 0. 1. 0. 0. 1. 0. 0. 0.],500,100,0.1,0.001,1,16,iDR,51,first
381,0.0023104442033259395,0.0023104442033259395,0.0019372362018299997,[0.         0.         0.         0.         0.         0.         0.         0.         0.         0.         0.         0.         0.         0.         0.         0.         0.         0.         0.         0.         0.         0.         0.         0.         0.71147071 0.         0.         0.01       0.         0.         0.        ],[0. 0. 0. 0. 0. 0. 0. 0. 0. 0. 0. 0. 0. 0. 0. 0. 0. 0. 0. 0. 0. 0. 0. 0. 1. 0. 0. 1. 0. 0. 0.],500,100,0.1,0.001,1,16,iDR,51,first
382,0.0023104442033259395,0.0023104442033259395,0.0019372362018299997,[0.         0.         0.         0.         0.         0.         0.         0.         0.         0.         0.         0.         0.         0.         0.         0.         0.         0.         0.         0.         0.         0.         0.         0.         0.71147071 0.         0.         0.01       0.         0.         0.        ],[0. 0. 0. 0. 0. 0. 0. 0. 0. 0. 0. 0. 0. 0. 0. 0. 0. 0. 0. 0. 0. 0. 0. 0. 1. 0. 0. 1. 0. 0. 0.],500,100,0.1,0.001,1,16,iDR,51,first
383,0.0023104442033259395,0.0023104442033259395,0.0019372362018299997,[0.         0.         0.         0.         0.         0.         0.         0.         0.         0.         0.         0.         0.         0.         0.         0.         0.         0.         0.         0.         0.         0.         0.         0.         0.71147071 0.         0.         0.01       0.         0.         0.        ],[0. 0. 0. 0. 0. 0. 0. 0. 0. 0. 0. 0. 0. 0. 0. 0. 0. 0. 0. 0. 0. 0. 0. 0. 1. 0. 0. 1. 0. 0. 0.],500,100,0.1,0.001,1,16,iDR,51,first
384,0.0023104442033259395,0.0023104442033259395,0.0019372362018299997,[0.         0.         0.         0.         0.         0.         0.         0.         0.         0.         0.         0.         0.         0.         0.         0.         0.         0.         0.         0.         0.         0.         0.         0.         0.71147071 0.         0.         0.01       0.         0.         0.        ],[0. 0. 0. 0. 0. 0. 0. 0. 0. 0. 0. 0. 0. 0. 0. 0. 0. 0. 0. 0. 0. 0. 0. 0. 1. 0. 0. 1. 0. 0. 0.],500,100,0.1,0.001,1,16,iDR,51,first
385,0.0023104442033259395,0.0023104442033259395,0.0019372362018299997,[0.         0.         0.         0.         0.         0.         0.         0.         0.         0.         0.         0.         0.         0.         0.         0.         0.         0.         0.         0.         0.         0.         0.         0.         0.71147071 0.         0.         0.01       0.         0.         0.        ],[0. 0. 0. 0. 0. 0. 0. 0. 0. 0. 0. 0. 0. 0. 0. 0. 0. 0. 0. 0. 0. 0. 0. 0. 1. 0. 0. 1. 0. 0. 0.],500,100,0.1,0.001,1,16,iDR,51,first
386,0.0023104442033259395,0.0023104442033259395,0.0019372362018299997,[0.         0.         0.         0.         0.         0.         0.         0.         0.         0.         0.         0.         0.         0.         0.         0.         0.         0.         0.         0.         0.         0.         0.         0.         0.71147071 0.         0.         0.01       0.         0.         0.        ],[0. 0. 0. 0. 0. 0. 0. 0. 0. 0. 0. 0. 0. 0. 0. 0. 0. 0. 0. 0. 0. 0. 0. 0. 1. 0. 0. 1. 0. 0. 0.],500,100,0.1,0.001,1,16,iDR,51,first
387,0.0023104442033259395,0.0023104442033259395,0.0019372362018299997,[0.         0.         0.         0.         0.         0.         0.         0.         0.         0.         0.         0.         0.         0.         0.         0.         0.         0.         0.         0.         0.         0.         0.         0.         0.71147071 0.         0.         0.01       0.         0.         0.        ],[0. 0. 0. 0. 0. 0. 0. 0. 0. 0. 0. 0. 0. 0. 0. 0. 0. 0. 0. 0. 0. 0. 0. 0. 1. 0. 0. 1. 0. 0. 0.],500,100,0.1,0.001,1,16,iDR,51,first
388,0.0023104442033259395,0.0023104442033259395,0.0019372362018299997,[0.         0.         0.         0.         0.         0.         0.         0.         0.         0.         0.         0.         0.         0.         0.         0.         0.         0.         0.         0.         0.         0.         0.         0.         0.71147071 0.         0.         0.01       0.         0.         0.        ],[0. 0. 0. 0. 0. 0. 0. 0. 0. 0. 0. 0. 0. 0. 0. 0. 0. 0. 0. 0. 0. 0. 0. 0. 1. 0. 0. 1. 0. 0. 0.],500,100,0.1,0.001,1,16,iDR,51,first
389,0.0023104442033259395,0.0023104442033259395,0.0019372362018299997,[0.         0.         0.         0.         0.         0.         0.         0.         0.         0.         0.         0.         0.         0.         0.         0.         0.         0.         0.         0.         0.         0.         0.         0.         0.71147071 0.         0.         0.01       0.         0.         0.        ],[0. 0. 0. 0. 0. 0. 0. 0. 0. 0. 0. 0. 0. 0. 0. 0. 0. 0. 0. 0. 0. 0. 0. 0. 1. 0. 0. 1. 0. 0. 0.],500,100,0.1,0.001,1,16,iDR,51,first
390,0.0023104442033259395,0.0023104442033259395,0.0019372362018299997,[0.         0.         0.         0.         0.         0.         0.         0.         0.         0.         0.         0.         0.         0.         0.         0.         0.         0.         0.         0.         0.         0.         0.         0.         0.71147071 0.         0.         0.01       0.         0.         0.        ],[0. 0. 0. 0. 0. 0. 0. 0. 0. 0. 0. 0. 0. 0. 0. 0. 0. 0. 0. 0. 0. 0. 0. 0. 1. 0. 0. 1. 0. 0. 0.],500,100,0.1,0.001,1,16,iDR,51,first
391,0.0023104442033259395,0.0023104442033259395,0.0019372362018299997,[0.         0.         0.         0.         0.         0.         0.         0.         0.         0.         0.         0.         0.         0.         0.         0.         0.         0.         0.         0.         0.         0.         0.         0.         0.71147071 0.         0.         0.01       0.         0.         0.        ],[0. 0. 0. 0. 0. 0. 0. 0. 0. 0. 0. 0. 0. 0. 0. 0. 0. 0. 0. 0. 0. 0. 0. 0. 1. 0. 0. 1. 0. 0. 0.],500,100,0.1,0.001,1,16,iDR,51,first
392,0.0023104442033259395,0.0023104442033259395,0.0019372362018299997,[0.         0.         0.         0.         0.         0.         0.         0.         0.         0.         0.         0.         0.         0.         0.         0.         0.         0.         0.         0.         0.         0.         0.         0.         0.71147071 0.         0.         0.01       0.         0.         0.        ],[0. 0. 0. 0. 0. 0. 0. 0. 0. 0. 0. 0. 0. 0. 0. 0. 0. 0. 0. 0. 0. 0. 0. 0. 1. 0. 0. 1. 0. 0. 0.],500,100,0.1,0.001,1,16,iDR,51,first
393,0.0023104442033259395,0.0023104442033259395,0.0019372362018299997,[0.         0.         0.         0.         0.         0.         0.         0.         0.         0.         0.         0.         0.         0.         0.         0.         0.         0.         0.         0.         0.         0.         0.         0.         0.71147071 0.         0.         0.01       0.         0.         0.        ],[0. 0. 0. 0. 0. 0. 0. 0. 0. 0. 0. 0. 0. 0. 0. 0. 0. 0. 0. 0. 0. 0. 0. 0. 1. 0. 0. 1. 0. 0. 0.],500,100,0.1,0.001,1,16,iDR,51,first
394,0.0023104442033259395,0.0023104442033259395,0.0019372362018299997,[0.         0.         0.         0.         0.         0.         0.         0.         0.         0.         0.         0.         0.         0.         0.         0.         0.         0.         0.         0.         0.         0.         0.         0.         0.71147071 0.         0.         0.01       0.         0.         0.        ],[0. 0. 0. 0. 0. 0. 0. 0. 0. 0. 0. 0. 0. 0. 0. 0. 0. 0. 0. 0. 0. 0. 0. 0. 1. 0. 0. 1. 0. 0. 0.],500,100,0.1,0.001,1,16,iDR,51,first
395,0.0023104442033259395,0.0023104442033259395,0.0019372362018299997,[0.         0.         0.         0.         0.         0.         0.         0.         0.         0.         0.         0.         0.         0.         0.         0.         0.         0.         0.         0.         0.         0.         0.         0.         0.71147071 0.         0.         0.01       0.         0.         0.        ],[0. 0. 0. 0. 0. 0. 0. 0. 0. 0. 0. 0. 0. 0. 0. 0. 0. 0. 0. 0. 0. 0. 0. 0. 1. 0. 0. 1. 0. 0. 0.],500,100,0.1,0.001,1,16,iDR,51,first
396,0.0023104442033259395,0.0023104442033259395,0.0019372362018299997,[0.         0.         0.         0.         0.         0.         0.         0.         0.         0.         0.         0.         0.         0.         0.         0.         0.         0.         0.         0.         0.         0.         0.         0.         0.71147071 0.         0.         0.01       0.         0.         0.        ],[0. 0. 0. 0. 0. 0. 0. 0. 0. 0. 0. 0. 0. 0. 0. 0. 0. 0. 0. 0. 0. 0. 0. 0. 1. 0. 0. 1. 0. 0. 0.],500,100,0.1,0.001,1,16,iDR,51,first
397,0.0023104442033259395,0.0023104442033259395,0.0019372362018299997,[0.         0.         0.         0.         0.         0.         0.         0.         0.         0.         0.         0.         0.         0.         0.         0.         0.         0.         0.         0.         0.         0.         0.         0.         0.71147071 0.         0.         0.01       0.         0.         0.        ],[0. 0. 0. 0. 0. 0. 0. 0. 0. 0. 0. 0. 0. 0. 0. 0. 0. 0. 0. 0. 0. 0. 0. 0. 1. 0. 0. 1. 0. 0. 0.],500,100,0.1,0.001,1,16,iDR,51,first
398,0.0023104442033259395,0.0023104442033259395,0.0019372362018299997,[0.         0.         0.         0.         0.         0.         0.         0.         0.         0.         0.         0.         0.         0.         0.         0.         0.         0.         0.         0.         0.         0.         0.         0.         0.71147071 0.         0.         0.01       0.         0.         0.        ],[0. 0. 0. 0. 0. 0. 0. 0. 0. 0. 0. 0. 0. 0. 0. 0. 0. 0. 0. 0. 0. 0. 0. 0. 1. 0. 0. 1. 0. 0. 0.],500,100,0.1,0.001,1,16,iDR,51,first
399,0.0023104442033259395,0.0023104442033259395,0.0019372362018299997,[0.         0.         0.         0.         0.         0.         0.         0.         0.         0.         0.         0.         0.         0.         0.         0.         0.         0.         0.         0.         0.         0.         0.         0.         0.71147071 0.         0.         0.01       0.         0.         0.        ],[0. 0. 0. 0. 0. 0. 0. 0. 0. 0. 0. 0. 0. 0. 0. 0. 0. 0. 0. 0. 0. 0. 0. 0. 1. 0. 0. 1. 0. 0. 0.],500,100,0.1,0.001,1,16,iDR,51,first
400,0.0023104442033259395,0.0023104442033259395,0.0019372362018299997,[0.         0.         0.         0.         0.         0.         0.         0.         0.         0.         0.         0.         0.         0.         0.         0.         0.         0.         0.         0.         0.         0.         0.         0.         0.71147071 0.         0.         0.01       0.         0.         0.        ],[0. 0. 0. 0. 0. 0. 0. 0. 0. 0. 0. 0. 0. 0. 0. 0. 0. 0. 0. 0. 0. 0. 0. 0. 1. 0. 0. 1. 0. 0. 0.],500,100,0.1,0.001,1,16,iDR,51,first
401,0.0023104442033259395,0.0023104442033259395,0.0019372362018299997,[0.         0.         0.         0.         0.         0.         0.         0.         0.         0.         0.         0.         0.         0.         0.         0.         0.         0.         0.         0.         0.         0.         0.         0.         0.71147071 0.         0.         0.01       0.         0.         0.        ],[0. 0. 0. 0. 0. 0. 0. 0. 0. 0. 0. 0. 0. 0. 0. 0. 0. 0. 0. 0. 0. 0. 0. 0. 1. 0. 0. 1. 0. 0. 0.],500,100,0.1,0.001,1,16,iDR,51,first
402,0.0023104442033259395,0.0023104442033259395,0.0019372362018299997,[0.         0.         0.         0.         0.         0.         0.         0.         0.         0.         0.         0.         0.         0.         0.         0.         0.         0.         0.         0.         0.         0.         0.         0.         0.71147071 0.         0.         0.01       0.         0.         0.        ],[0. 0. 0. 0. 0. 0. 0. 0. 0. 0. 0. 0. 0. 0. 0. 0. 0. 0. 0. 0. 0. 0. 0. 0. 1. 0. 0. 1. 0. 0. 0.],500,100,0.1,0.001,1,16,iDR,51,first
403,0.0023104442033259395,0.0023104442033259395,0.0019372362018299997,[0.         0.         0.         0.         0.         0.         0.         0.         0.         0.         0.         0.         0.         0.         0.         0.         0.         0.         0.         0.         0.         0.         0.         0.         0.71147071 0.         0.         0.01       0.         0.         0.        ],[0. 0. 0. 0. 0. 0. 0. 0. 0. 0. 0. 0. 0. 0. 0. 0. 0. 0. 0. 0. 0. 0. 0. 0. 1. 0. 0. 1. 0. 0. 0.],500,100,0.1,0.001,1,16,iDR,51,first
404,0.0023104442033259395,0.0023104442033259395,0.0019372362018299997,[0.         0.         0.         0.         0.         0.         0.         0.         0.         0.         0.         0.         0.         0.         0.         0.         0.         0.         0.         0.         0.         0.         0.         0.         0.71147071 0.         0.         0.01       0.         0.         0.        ],[0. 0. 0. 0. 0. 0. 0. 0. 0. 0. 0. 0. 0. 0. 0. 0. 0. 0. 0. 0. 0. 0. 0. 0. 1. 0. 0. 1. 0. 0. 0.],500,100,0.1,0.001,1,16,iDR,51,first
405,0.0023104442033259395,0.0023104442033259395,0.0019372362018299997,[0.         0.         0.         0.         0.         0.         0.         0.         0.         0.         0.         0.         0.         0.         0.         0.         0.         0.         0.         0.         0.         0.         0.         0.         0.71147071 0.         0.         0.01       0.         0.         0.        ],[0. 0. 0. 0. 0. 0. 0. 0. 0. 0. 0. 0. 0. 0. 0. 0. 0. 0. 0. 0. 0. 0. 0. 0. 1. 0. 0. 1. 0. 0. 0.],500,100,0.1,0.001,1,16,iDR,51,first
406,0.0023104442033259395,0.0023104442033259395,0.0019372362018299997,[0.         0.         0.         0.         0.         0.         0.         0.         0.         0.         0.         0.         0.         0.         0.         0.         0.         0.         0.         0.         0.         0.         0.         0.         0.71147071 0.         0.         0.01       0.         0.         0.        ],[0. 0. 0. 0. 0. 0. 0. 0. 0. 0. 0. 0. 0. 0. 0. 0. 0. 0. 0. 0. 0. 0. 0. 0. 1. 0. 0. 1. 0. 0. 0.],500,100,0.1,0.001,1,16,iDR,51,first
407,0.0023104442033259395,0.0023104442033259395,0.0019372362018299997,[0.         0.         0.         0.         0.         0.         0.         0.         0.         0.         0.         0.         0.         0.         0.         0.         0.         0.         0.         0.         0.         0.         0.         0.         0.71147071 0.         0.         0.01       0.         0.         0.        ],[0. 0. 0. 0. 0. 0. 0. 0. 0. 0. 0. 0. 0. 0. 0. 0. 0. 0. 0. 0. 0. 0. 0. 0. 1. 0. 0. 1. 0. 0. 0.],500,100,0.1,0.001,1,16,iDR,51,first
408,0.0023104442033259395,0.0023104442033259395,0.0019372362018299997,[0.         0.         0.         0.         0.         0.         0.         0.         0.         0.         0.         0.         0.         0.         0.         0.         0.         0.         0.         0.         0.         0.         0.         0.         0.71147071 0.         0.         0.01       0.         0.         0.        ],[0. 0. 0. 0. 0. 0. 0. 0. 0. 0. 0. 0. 0. 0. 0. 0. 0. 0. 0. 0. 0. 0. 0. 0. 1. 0. 0. 1. 0. 0. 0.],500,100,0.1,0.001,1,16,iDR,51,first
409,0.0023104442033259395,0.0023104442033259395,0.0019372362018299997,[0.         0.         0.         0.         0.         0.         0.         0.         0.         0.         0.         0.         0.         0.         0.         0.         0.         0.         0.         0.         0.         0.         0.         0.         0.71147071 0.         0.         0.01       0.         0.         0.        ],[0. 0. 0. 0. 0. 0. 0. 0. 0. 0. 0. 0. 0. 0. 0. 0. 0. 0. 0. 0. 0. 0. 0. 0. 1. 0. 0. 1. 0. 0. 0.],500,100,0.1,0.001,1,16,iDR,51,first
410,0.0023104442033259395,0.0023104442033259395,0.0019372362018299997,[0.         0.         0.         0.         0.         0.         0.         0.         0.         0.         0.         0.         0.         0.         0.         0.         0.         0.         0.         0.         0.         0.         0.         0.         0.71147071 0.         0.         0.01       0.         0.         0.        ],[0. 0. 0. 0. 0. 0. 0. 0. 0. 0. 0. 0. 0. 0. 0. 0. 0. 0. 0. 0. 0. 0. 0. 0. 1. 0. 0. 1. 0. 0. 0.],500,100,0.1,0.001,1,16,iDR,51,first
411,0.0023104442033259395,0.0023104442033259395,0.0019372362018299997,[0.         0.         0.         0.         0.         0.         0.         0.         0.         0.         0.         0.         0.         0.         0.         0.         0.         0.         0.         0.         0.         0.         0.         0.         0.71147071 0.         0.         0.01       0.         0.         0.        ],[0. 0. 0. 0. 0. 0. 0. 0. 0. 0. 0. 0. 0. 0. 0. 0. 0. 0. 0. 0. 0. 0. 0. 0. 1. 0. 0. 1. 0. 0. 0.],500,100,0.1,0.001,1,16,iDR,51,first
412,0.0023104442033259395,0.0023104442033259395,0.0019372362018299997,[0.         0.         0.         0.         0.         0.         0.         0.         0.         0.         0.         0.         0.         0.         0.         0.         0.         0.         0.         0.         0.         0.         0.         0.         0.71147071 0.         0.         0.01       0.         0.         0.        ],[0. 0. 0. 0. 0. 0. 0. 0. 0. 0. 0. 0. 0. 0. 0. 0. 0. 0. 0. 0. 0. 0. 0. 0. 1. 0. 0. 1. 0. 0. 0.],500,100,0.1,0.001,1,16,iDR,51,first
413,0.0023104442033259395,0.0023104442033259395,0.0019372362018299997,[0.         0.         0.         0.         0.         0.         0.         0.         0.         0.         0.         0.         0.         0.         0.         0.         0.         0.         0.         0.         0.         0.         0.         0.         0.71147071 0.         0.         0.01       0.         0.         0.        ],[0. 0. 0. 0. 0. 0. 0. 0. 0. 0. 0. 0. 0. 0. 0. 0. 0. 0. 0. 0. 0. 0. 0. 0. 1. 0. 0. 1. 0. 0. 0.],500,100,0.1,0.001,1,16,iDR,51,first
414,0.0023104442033259395,0.0023104442033259395,0.0019372362018299997,[0.         0.         0.         0.         0.         0.         0.         0.         0.         0.         0.         0.         0.         0.         0.         0.         0.         0.         0.         0.         0.         0.         0.         0.         0.71147071 0.         0.         0.01       0.         0.         0.        ],[0. 0. 0. 0. 0. 0. 0. 0. 0. 0. 0. 0. 0. 0. 0. 0. 0. 0. 0. 0. 0. 0. 0. 0. 1. 0. 0. 1. 0. 0. 0.],500,100,0.1,0.001,1,16,iDR,51,first
415,0.0023104442033259395,0.0023104442033259395,0.0019372362018299997,[0.         0.         0.         0.         0.         0.         0.         0.         0.         0.         0.         0.         0.         0.         0.         0.         0.         0.         0.         0.         0.         0.         0.         0.         0.71147071 0.         0.         0.01       0.         0.         0.        ],[0. 0. 0. 0. 0. 0. 0. 0. 0. 0. 0. 0. 0. 0. 0. 0. 0. 0. 0. 0. 0. 0. 0. 0. 1. 0. 0. 1. 0. 0. 0.],500,100,0.1,0.001,1,16,iDR,51,first
416,0.0023104442033259395,0.0023104442033259395,0.0019372362018299997,[0.         0.         0.         0.         0.         0.         0.         0.         0.         0.         0.         0.         0.         0.         0.         0.         0.         0.         0.         0.         0.         0.         0.         0.         0.71147071 0.         0.         0.01       0.         0.         0.        ],[0. 0. 0. 0. 0. 0. 0. 0. 0. 0. 0. 0. 0. 0. 0. 0. 0. 0. 0. 0. 0. 0. 0. 0. 1. 0. 0. 1. 0. 0. 0.],500,100,0.1,0.001,1,16,iDR,51,first
417,0.0023104442033259395,0.0023104442033259395,0.0019372362018299997,[0.         0.         0.         0.         0.         0.         0.         0.         0.         0.         0.         0.         0.         0.         0.         0.         0.         0.         0.         0.         0.         0.         0.         0.         0.71147071 0.         0.         0.01       0.         0.         0.        ],[0. 0. 0. 0. 0. 0. 0. 0. 0. 0. 0. 0. 0. 0. 0. 0. 0. 0. 0. 0. 0. 0. 0. 0. 1. 0. 0. 1. 0. 0. 0.],500,100,0.1,0.001,1,16,iDR,51,first
418,0.0023104442033259395,0.0023104442033259395,0.0019372362018299997,[0.         0.         0.         0.         0.         0.         0.         0.         0.         0.         0.         0.         0.         0.         0.         0.         0.         0.         0.         0.         0.         0.         0.         0.         0.71147071 0.         0.         0.01       0.         0.         0.        ],[0. 0. 0. 0. 0. 0. 0. 0. 0. 0. 0. 0. 0. 0. 0. 0. 0. 0. 0. 0. 0. 0. 0. 0. 1. 0. 0. 1. 0. 0. 0.],500,100,0.1,0.001,1,16,iDR,51,first
419,0.0023104442033259395,0.0023104442033259395,0.0019372362018299997,[0.         0.         0.         0.         0.         0.         0.         0.         0.         0.         0.         0.         0.         0.         0.         0.         0.         0.         0.         0.         0.         0.         0.         0.         0.71147071 0.         0.         0.01       0.         0.         0.        ],[0. 0. 0. 0. 0. 0. 0. 0. 0. 0. 0. 0. 0. 0. 0. 0. 0. 0. 0. 0. 0. 0. 0. 0. 1. 0. 0. 1. 0. 0. 0.],500,100,0.1,0.001,1,16,iDR,51,first
420,0.0023104442033259395,0.0023104442033259395,0.0019372362018299997,[0.         0.         0.         0.         0.         0.         0.         0.         0.         0.         0.         0.         0.         0.         0.         0.         0.         0.         0.         0.         0.         0.         0.         0.         0.71147071 0.         0.         0.01       0.         0.         0.        ],[0. 0. 0. 0. 0. 0. 0. 0. 0. 0. 0. 0. 0. 0. 0. 0. 0. 0. 0. 0. 0. 0. 0. 0. 1. 0. 0. 1. 0. 0. 0.],500,100,0.1,0.001,1,16,iDR,51,first
421,0.0023104442033259395,0.0023104442033259395,0.0019372362018299997,[0.         0.         0.         0.         0.         0.         0.         0.         0.         0.         0.         0.         0.         0.         0.         0.         0.         0.         0.         0.         0.         0.         0.         0.         0.71147071 0.         0.         0.01       0.         0.         0.        ],[0. 0. 0. 0. 0. 0. 0. 0. 0. 0. 0. 0. 0. 0. 0. 0. 0. 0. 0. 0. 0. 0. 0. 0. 1. 0. 0. 1. 0. 0. 0.],500,100,0.1,0.001,1,16,iDR,51,first
422,0.0023104442033259395,0.0023104442033259395,0.0019372362018299997,[0.         0.         0.         0.         0.         0.         0.         0.         0.         0.         0.         0.         0.         0.         0.         0.         0.         0.         0.         0.         0.         0.         0.         0.         0.71147071 0.         0.         0.01       0.         0.         0.        ],[0. 0. 0. 0. 0. 0. 0. 0. 0. 0. 0. 0. 0. 0. 0. 0. 0. 0. 0. 0. 0. 0. 0. 0. 1. 0. 0. 1. 0. 0. 0.],500,100,0.1,0.001,1,16,iDR,51,first
423,0.0023104442033259395,0.0023104442033259395,0.0019372362018299997,[0.         0.         0.         0.         0.         0.         0.         0.         0.         0.         0.         0.         0.         0.         0.         0.         0.         0.         0.         0.         0.         0.         0.         0.         0.71147071 0.         0.         0.01       0.         0.         0.        ],[0. 0. 0. 0. 0. 0. 0. 0. 0. 0. 0. 0. 0. 0. 0. 0. 0. 0. 0. 0. 0. 0. 0. 0. 1. 0. 0. 1. 0. 0. 0.],500,100,0.1,0.001,1,16,iDR,51,first
424,0.0023104442033259395,0.0023104442033259395,0.0019372362018299997,[0.         0.         0.         0.         0.         0.         0.         0.         0.         0.         0.         0.         0.         0.         0.         0.         0.         0.         0.         0.         0.         0.         0.         0.         0.71147071 0.         0.         0.01       0.         0.         0.        ],[0. 0. 0. 0. 0. 0. 0. 0. 0. 0. 0. 0. 0. 0. 0. 0. 0. 0. 0. 0. 0. 0. 0. 0. 1. 0. 0. 1. 0. 0. 0.],500,100,0.1,0.001,1,16,iDR,51,first
425,0.0023104442033259395,0.0023104442033259395,0.0019372362018299997,[0.         0.         0.         0.         0.         0.         0.         0.         0.         0.         0.         0.         0.         0.         0.         0.         0.         0.         0.         0.         0.         0.         0.         0.         0.71147071 0.         0.         0.01       0.         0.         0.        ],[0. 0. 0. 0. 0. 0. 0. 0. 0. 0. 0. 0. 0. 0. 0. 0. 0. 0. 0. 0. 0. 0. 0. 0. 1. 0. 0. 1. 0. 0. 0.],500,100,0.1,0.001,1,16,iDR,51,first
426,0.0023104442033259395,0.0023104442033259395,0.0019372362018299997,[0.         0.         0.         0.         0.         0.         0.         0.         0.         0.         0.         0.         0.         0.         0.         0.         0.         0.         0.         0.         0.         0.         0.         0.         0.71147071 0.         0.         0.01       0.         0.         0.        ],[0. 0. 0. 0. 0. 0. 0. 0. 0. 0. 0. 0. 0. 0. 0. 0. 0. 0. 0. 0. 0. 0. 0. 0. 1. 0. 0. 1. 0. 0. 0.],500,100,0.1,0.001,1,16,iDR,51,first
427,0.0023104442033259395,0.0023104442033259395,0.0019372362018299997,[0.         0.         0.         0.         0.         0.         0.         0.         0.         0.         0.         0.         0.         0.         0.         0.         0.         0.         0.         0.         0.         0.         0.         0.         0.71147071 0.         0.         0.01       0.         0.         0.        ],[0. 0. 0. 0. 0. 0. 0. 0. 0. 0. 0. 0. 0. 0. 0. 0. 0. 0. 0. 0. 0. 0. 0. 0. 1. 0. 0. 1. 0. 0. 0.],500,100,0.1,0.001,1,16,iDR,51,first
428,0.0023104442033259395,0.0023104442033259395,0.0019372362018299997,[0.         0.         0.         0.         0.         0.         0.         0.         0.         0.         0.         0.         0.         0.         0.         0.         0.         0.         0.         0.         0.         0.         0.         0.         0.71147071 0.         0.         0.01       0.         0.         0.        ],[0. 0. 0. 0. 0. 0. 0. 0. 0. 0. 0. 0. 0. 0. 0. 0. 0. 0. 0. 0. 0. 0. 0. 0. 1. 0. 0. 1. 0. 0. 0.],500,100,0.1,0.001,1,16,iDR,51,first
429,0.0023104442033259395,0.0023104442033259395,0.0019372362018299997,[0.         0.         0.         0.         0.         0.         0.         0.         0.         0.         0.         0.         0.         0.         0.         0.         0.         0.         0.         0.         0.         0.         0.         0.         0.71147071 0.         0.         0.01       0.         0.         0.        ],[0. 0. 0. 0. 0. 0. 0. 0. 0. 0. 0. 0. 0. 0. 0. 0. 0. 0. 0. 0. 0. 0. 0. 0. 1. 0. 0. 1. 0. 0. 0.],500,100,0.1,0.001,1,16,iDR,51,first
430,0.0023104442033259395,0.0023104442033259395,0.0019372362018299997,[0.         0.         0.         0.         0.         0.         0.         0.         0.         0.         0.         0.         0.         0.         0.         0.         0.         0.         0.         0.         0.         0.         0.         0.         0.71147071 0.         0.         0.01       0.         0.         0.        ],[0. 0. 0. 0. 0. 0. 0. 0. 0. 0. 0. 0. 0. 0. 0. 0. 0. 0. 0. 0. 0. 0. 0. 0. 1. 0. 0. 1. 0. 0. 0.],500,100,0.1,0.001,1,16,iDR,51,first
431,0.0023104442033259395,0.0023104442033259395,0.0019372362018299997,[0.         0.         0.         0.         0.         0.         0.         0.         0.         0.         0.         0.         0.         0.         0.         0.         0.         0.         0.         0.         0.         0.         0.         0.         0.71147071 0.         0.         0.01       0.         0.         0.        ],[0. 0. 0. 0. 0. 0. 0. 0. 0. 0. 0. 0. 0. 0. 0. 0. 0. 0. 0. 0. 0. 0. 0. 0. 1. 0. 0. 1. 0. 0. 0.],500,100,0.1,0.001,1,16,iDR,51,first
432,0.0023104442033259395,0.0023104442033259395,0.0019372362018299997,[0.         0.         0.         0.         0.         0.         0.         0.         0.         0.         0.         0.         0.         0.         0.         0.         0.         0.         0.         0.         0.         0.         0.         0.         0.71147071 0.         0.         0.01       0.         0.         0.        ],[0. 0. 0. 0. 0. 0. 0. 0. 0. 0. 0. 0. 0. 0. 0. 0. 0. 0. 0. 0. 0. 0. 0. 0. 1. 0. 0. 1. 0. 0. 0.],500,100,0.1,0.001,1,16,iDR,51,first
433,0.0023104442033259395,0.0023104442033259395,0.0019372362018299997,[0.         0.         0.         0.         0.         0.         0.         0.         0.         0.         0.         0.         0.         0.         0.         0.         0.         0.         0.         0.         0.         0.         0.         0.         0.71147071 0.         0.         0.01       0.         0.         0.        ],[0. 0. 0. 0. 0. 0. 0. 0. 0. 0. 0. 0. 0. 0. 0. 0. 0. 0. 0. 0. 0. 0. 0. 0. 1. 0. 0. 1. 0. 0. 0.],500,100,0.1,0.001,1,16,iDR,51,first
434,0.0023104442033259395,0.0023104442033259395,0.0019372362018299997,[0.         0.         0.         0.         0.         0.         0.         0.         0.         0.         0.         0.         0.         0.         0.         0.         0.         0.         0.         0.         0.         0.         0.         0.         0.71147071 0.         0.         0.01       0.         0.         0.        ],[0. 0. 0. 0. 0. 0. 0. 0. 0. 0. 0. 0. 0. 0. 0. 0. 0. 0. 0. 0. 0. 0. 0. 0. 1. 0. 0. 1. 0. 0. 0.],500,100,0.1,0.001,1,16,iDR,51,first
435,0.0023104442033259395,0.0023104442033259395,0.0019372362018299997,[0.         0.         0.         0.         0.         0.         0.         0.         0.         0.         0.         0.         0.         0.         0.         0.         0.         0.         0.         0.         0.         0.         0.         0.         0.71147071 0.         0.         0.01       0.         0.         0.        ],[0. 0. 0. 0. 0. 0. 0. 0. 0. 0. 0. 0. 0. 0. 0. 0. 0. 0. 0. 0. 0. 0. 0. 0. 1. 0. 0. 1. 0. 0. 0.],500,100,0.1,0.001,1,16,iDR,51,first
436,0.0023104442033259395,0.0023104442033259395,0.0019372362018299997,[0.         0.         0.         0.         0.         0.         0.         0.         0.         0.         0.         0.         0.         0.         0.         0.         0.         0.         0.         0.         0.         0.         0.         0.         0.71147071 0.         0.         0.01       0.         0.         0.        ],[0. 0. 0. 0. 0. 0. 0. 0. 0. 0. 0. 0. 0. 0. 0. 0. 0. 0. 0. 0. 0. 0. 0. 0. 1. 0. 0. 1. 0. 0. 0.],500,100,0.1,0.001,1,16,iDR,51,first
437,0.0023104442033259395,0.0023104442033259395,0.0019372362018299997,[0.         0.         0.         0.         0.         0.         0.         0.         0.         0.         0.         0.         0.         0.         0.         0.         0.         0.         0.         0.         0.         0.         0.         0.         0.71147071 0.         0.         0.01       0.         0.         0.        ],[0. 0. 0. 0. 0. 0. 0. 0. 0. 0. 0. 0. 0. 0. 0. 0. 0. 0. 0. 0. 0. 0. 0. 0. 1. 0. 0. 1. 0. 0. 0.],500,100,0.1,0.001,1,16,iDR,51,first
438,0.0023104442033259395,0.0023104442033259395,0.0019372362018299997,[0.         0.         0.         0.         0.         0.         0.         0.         0.         0.         0.         0.         0.         0.         0.         0.         0.         0.         0.         0.         0.         0.         0.         0.         0.71147071 0.         0.         0.01       0.         0.         0.        ],[0. 0. 0. 0. 0. 0. 0. 0. 0. 0. 0. 0. 0. 0. 0. 0. 0. 0. 0. 0. 0. 0. 0. 0. 1. 0. 0. 1. 0. 0. 0.],500,100,0.1,0.001,1,16,iDR,51,first
439,0.0023104442033259395,0.0023104442033259395,0.0019372362018299997,[0.         0.         0.         0.         0.         0.         0.         0.         0.         0.         0.         0.         0.         0.         0.         0.         0.         0.         0.         0.         0.         0.         0.         0.         0.71147071 0.         0.         0.01       0.         0.         0.        ],[0. 0. 0. 0. 0. 0. 0. 0. 0. 0. 0. 0. 0. 0. 0. 0. 0. 0. 0. 0. 0. 0. 0. 0. 1. 0. 0. 1. 0. 0. 0.],500,100,0.1,0.001,1,16,iDR,51,first
440,0.0023104442033259395,0.0023104442033259395,0.0019372362018299997,[0.         0.         0.         0.         0.         0.         0.         0.         0.         0.         0.         0.         0.         0.         0.         0.         0.         0.         0.         0.         0.         0.         0.         0.         0.71147071 0.         0.         0.01       0.         0.         0.        ],[0. 0. 0. 0. 0. 0. 0. 0. 0. 0. 0. 0. 0. 0. 0. 0. 0. 0. 0. 0. 0. 0. 0. 0. 1. 0. 0. 1. 0. 0. 0.],500,100,0.1,0.001,1,16,iDR,51,first
441,0.0023104442033259395,0.0023104442033259395,0.0019372362018299997,[0.         0.         0.         0.         0.         0.         0.         0.         0.         0.         0.         0.         0.         0.         0.         0.         0.         0.         0.         0.         0.         0.         0.         0.         0.71147071 0.         0.         0.01       0.         0.         0.        ],[0. 0. 0. 0. 0. 0. 0. 0. 0. 0. 0. 0. 0. 0. 0. 0. 0. 0. 0. 0. 0. 0. 0. 0. 1. 0. 0. 1. 0. 0. 0.],500,100,0.1,0.001,1,16,iDR,51,first
442,0.0023104442033259395,0.0023104442033259395,0.0019372362018299997,[0.         0.         0.         0.         0.         0.         0.         0.         0.         0.         0.         0.         0.         0.         0.         0.         0.         0.         0.         0.         0.         0.         0.         0.         0.71147071 0.         0.         0.01       0.         0.         0.        ],[0. 0. 0. 0. 0. 0. 0. 0. 0. 0. 0. 0. 0. 0. 0. 0. 0. 0. 0. 0. 0. 0. 0. 0. 1. 0. 0. 1. 0. 0. 0.],500,100,0.1,0.001,1,16,iDR,51,first
443,0.0023104442033259395,0.0023104442033259395,0.0019372362018299997,[0.         0.         0.         0.         0.         0.         0.         0.         0.         0.         0.         0.         0.         0.         0.         0.         0.         0.         0.         0.         0.         0.         0.         0.         0.71147071 0.         0.         0.01       0.         0.         0.        ],[0. 0. 0. 0. 0. 0. 0. 0. 0. 0. 0. 0. 0. 0. 0. 0. 0. 0. 0. 0. 0. 0. 0. 0. 1. 0. 0. 1. 0. 0. 0.],500,100,0.1,0.001,1,16,iDR,51,first
444,0.0023104442033259395,0.0023104442033259395,0.0019372362018299997,[0.         0.         0.         0.         0.         0.         0.         0.         0.         0.         0.         0.         0.         0.         0.         0.         0.         0.         0.         0.         0.         0.         0.         0.         0.71147071 0.         0.         0.01       0.         0.         0.        ],[0. 0. 0. 0. 0. 0. 0. 0. 0. 0. 0. 0. 0. 0. 0. 0. 0. 0. 0. 0. 0. 0. 0. 0. 1. 0. 0. 1. 0. 0. 0.],500,100,0.1,0.001,1,16,iDR,51,first
445,0.0023104442033259395,0.0023104442033259395,0.0019372362018299997,[0.         0.         0.         0.         0.         0.         0.         0.         0.         0.         0.         0.         0.         0.         0.         0.         0.         0.         0.         0.         0.         0.         0.         0.         0.71147071 0.         0.         0.01       0.         0.         0.        ],[0. 0. 0. 0. 0. 0. 0. 0. 0. 0. 0. 0. 0. 0. 0. 0. 0. 0. 0. 0. 0. 0. 0. 0. 1. 0. 0. 1. 0. 0. 0.],500,100,0.1,0.001,1,16,iDR,51,first
446,0.0023104442033259395,0.0023104442033259395,0.0019372362018299997,[0.         0.         0.         0.         0.         0.         0.         0.         0.         0.         0.         0.         0.         0.         0.         0.         0.         0.         0.         0.         0.         0.         0.         0.         0.71147071 0.         0.         0.01       0.         0.         0.        ],[0. 0. 0. 0. 0. 0. 0. 0. 0. 0. 0. 0. 0. 0. 0. 0. 0. 0. 0. 0. 0. 0. 0. 0. 1. 0. 0. 1. 0. 0. 0.],500,100,0.1,0.001,1,16,iDR,51,first
447,0.0023104442033259395,0.0023104442033259395,0.0019372362018299997,[0.         0.         0.         0.         0.         0.         0.         0.         0.         0.         0.         0.         0.         0.         0.         0.         0.         0.         0.         0.         0.         0.         0.         0.         0.71147071 0.         0.         0.01       0.         0.         0.        ],[0. 0. 0. 0. 0. 0. 0. 0. 0. 0. 0. 0. 0. 0. 0. 0. 0. 0. 0. 0. 0. 0. 0. 0. 1. 0. 0. 1. 0. 0. 0.],500,100,0.1,0.001,1,16,iDR,51,first
448,0.0023104442033259395,0.0023104442033259395,0.0019372362018299997,[0.         0.         0.         0.         0.         0.         0.         0.         0.         0.         0.         0.         0.         0.         0.         0.         0.         0.         0.         0.         0.         0.         0.         0.         0.71147071 0.         0.         0.01       0.         0.         0.        ],[0. 0. 0. 0. 0. 0. 0. 0. 0. 0. 0. 0. 0. 0. 0. 0. 0. 0. 0. 0. 0. 0. 0. 0. 1. 0. 0. 1. 0. 0. 0.],500,100,0.1,0.001,1,16,iDR,51,first
449,0.0023104442033259395,0.0023104442033259395,0.0019372362018299997,[0.         0.         0.         0.         0.         0.         0.         0.         0.         0.         0.         0.         0.         0.         0.         0.         0.         0.         0.         0.         0.         0.         0.         0.         0.71147071 0.         0.         0.01       0.         0.         0.        ],[0. 0. 0. 0. 0. 0. 0. 0. 0. 0. 0. 0. 0. 0. 0. 0. 0. 0. 0. 0. 0. 0. 0. 0. 1. 0. 0. 1. 0. 0. 0.],500,100,0.1,0.001,1,16,iDR,51,first
450,0.0023104442033259395,0.0023104442033259395,0.0019372362018299997,[0.         0.         0.         0.         0.         0.         0.         0.         0.         0.         0.         0.         0.         0.         0.         0.         0.         0.         0.         0.         0.         0.         0.         0.         0.71147071 0.         0.         0.01       0.         0.         0.        ],[0. 0. 0. 0. 0. 0. 0. 0. 0. 0. 0. 0. 0. 0. 0. 0. 0. 0. 0. 0. 0. 0. 0. 0. 1. 0. 0. 1. 0. 0. 0.],500,100,0.1,0.001,1,16,iDR,51,first
451,0.0023104442033259395,0.0023104442033259395,0.0019372362018299997,[0.         0.         0.         0.         0.         0.         0.         0.         0.         0.         0.         0.         0.         0.         0.         0.         0.         0.         0.         0.         0.         0.         0.         0.         0.71147071 0.         0.         0.01       0.         0.         0.        ],[0. 0. 0. 0. 0. 0. 0. 0. 0. 0. 0. 0. 0. 0. 0. 0. 0. 0. 0. 0. 0. 0. 0. 0. 1. 0. 0. 1. 0. 0. 0.],500,100,0.1,0.001,1,16,iDR,51,first
452,0.0023104442033259395,0.0023104442033259395,0.0019372362018299997,[0.         0.         0.         0.         0.         0.         0.         0.         0.         0.         0.         0.         0.         0.         0.         0.         0.         0.         0.         0.         0.         0.         0.         0.         0.71147071 0.         0.         0.01       0.         0.         0.        ],[0. 0. 0. 0. 0. 0. 0. 0. 0. 0. 0. 0. 0. 0. 0. 0. 0. 0. 0. 0. 0. 0. 0. 0. 1. 0. 0. 1. 0. 0. 0.],500,100,0.1,0.001,1,16,iDR,51,first
453,0.0023104442033259395,0.0023104442033259395,0.0019372362018299997,[0.         0.         0.         0.         0.         0.         0.         0.         0.         0.         0.         0.         0.         0.         0.         0.         0.         0.         0.         0.         0.         0.         0.         0.         0.71147071 0.         0.         0.01       0.         0.         0.        ],[0. 0. 0. 0. 0. 0. 0. 0. 0. 0. 0. 0. 0. 0. 0. 0. 0. 0. 0. 0. 0. 0. 0. 0. 1. 0. 0. 1. 0. 0. 0.],500,100,0.1,0.001,1,16,iDR,51,first
454,0.0023104442033259395,0.0023104442033259395,0.0019372362018299997,[0.         0.         0.         0.         0.         0.         0.         0.         0.         0.         0.         0.         0.         0.         0.         0.         0.         0.         0.         0.         0.         0.         0.         0.         0.71147071 0.         0.         0.01       0.         0.         0.        ],[0. 0. 0. 0. 0. 0. 0. 0. 0. 0. 0. 0. 0. 0. 0. 0. 0. 0. 0. 0. 0. 0. 0. 0. 1. 0. 0. 1. 0. 0. 0.],500,100,0.1,0.001,1,16,iDR,51,first
455,0.0023104442033259395,0.0023104442033259395,0.0019372362018299997,[0.         0.         0.         0.         0.         0.         0.         0.         0.         0.         0.         0.         0.         0.         0.         0.         0.         0.         0.         0.         0.         0.         0.         0.         0.71147071 0.         0.         0.01       0.         0.         0.        ],[0. 0. 0. 0. 0. 0. 0. 0. 0. 0. 0. 0. 0. 0. 0. 0. 0. 0. 0. 0. 0. 0. 0. 0. 1. 0. 0. 1. 0. 0. 0.],500,100,0.1,0.001,1,16,iDR,51,first
456,0.0023104442033259395,0.0023104442033259395,0.0019372362018299997,[0.         0.         0.         0.         0.         0.         0.         0.         0.         0.         0.         0.         0.         0.         0.         0.         0.         0.         0.         0.         0.         0.         0.         0.         0.71147071 0.         0.         0.01       0.         0.         0.        ],[0. 0. 0. 0. 0. 0. 0. 0. 0. 0. 0. 0. 0. 0. 0. 0. 0. 0. 0. 0. 0. 0. 0. 0. 1. 0. 0. 1. 0. 0. 0.],500,100,0.1,0.001,1,16,iDR,51,first
457,0.0023104442033259395,0.0023104442033259395,0.0019372362018299997,[0.         0.         0.         0.         0.         0.         0.         0.         0.         0.         0.         0.         0.         0.         0.         0.         0.         0.         0.         0.         0.         0.         0.         0.         0.71147071 0.         0.         0.01       0.         0.         0.        ],[0. 0. 0. 0. 0. 0. 0. 0. 0. 0. 0. 0. 0. 0. 0. 0. 0. 0. 0. 0. 0. 0. 0. 0. 1. 0. 0. 1. 0. 0. 0.],500,100,0.1,0.001,1,16,iDR,51,first
458,0.0023104442033259395,0.0023104442033259395,0.0019372362018299997,[0.         0.         0.         0.         0.         0.         0.         0.         0.         0.         0.         0.         0.         0.         0.         0.         0.         0.         0.         0.         0.         0.         0.         0.         0.71147071 0.         0.         0.01       0.         0.         0.        ],[0. 0. 0. 0. 0. 0. 0. 0. 0. 0. 0. 0. 0. 0. 0. 0. 0. 0. 0. 0. 0. 0. 0. 0. 1. 0. 0. 1. 0. 0. 0.],500,100,0.1,0.001,1,16,iDR,51,first
459,0.0023104442033259395,0.0023104442033259395,0.0019372362018299997,[0.         0.         0.         0.         0.         0.         0.         0.         0.         0.         0.         0.         0.         0.         0.         0.         0.         0.         0.         0.         0.         0.         0.         0.         0.71147071 0.         0.         0.01       0.         0.         0.        ],[0. 0. 0. 0. 0. 0. 0. 0. 0. 0. 0. 0. 0. 0. 0. 0. 0. 0. 0. 0. 0. 0. 0. 0. 1. 0. 0. 1. 0. 0. 0.],500,100,0.1,0.001,1,16,iDR,51,first
460,0.0023104442033259395,0.0023104442033259395,0.0019372362018299997,[0.         0.         0.         0.         0.         0.         0.         0.         0.         0.         0.         0.         0.         0.         0.         0.         0.         0.         0.         0.         0.         0.         0.         0.         0.71147071 0.         0.         0.01       0.         0.         0.        ],[0. 0. 0. 0. 0. 0. 0. 0. 0. 0. 0. 0. 0. 0. 0. 0. 0. 0. 0. 0. 0. 0. 0. 0. 1. 0. 0. 1. 0. 0. 0.],500,100,0.1,0.001,1,16,iDR,51,first
461,0.0023104442033259395,0.0023104442033259395,0.0019372362018299997,[0.         0.         0.         0.         0.         0.         0.         0.         0.         0.         0.         0.         0.         0.         0.         0.         0.         0.         0.         0.         0.         0.         0.         0.         0.71147071 0.         0.         0.01       0.         0.         0.        ],[0. 0. 0. 0. 0. 0. 0. 0. 0. 0. 0. 0. 0. 0. 0. 0. 0. 0. 0. 0. 0. 0. 0. 0. 1. 0. 0. 1. 0. 0. 0.],500,100,0.1,0.001,1,16,iDR,51,first
462,0.0023104442033259395,0.0023104442033259395,0.0019372362018299997,[0.         0.         0.         0.         0.         0.         0.         0.         0.         0.         0.         0.         0.         0.         0.         0.         0.         0.         0.         0.         0.         0.         0.         0.         0.71147071 0.         0.         0.01       0.         0.         0.        ],[0. 0. 0. 0. 0. 0. 0. 0. 0. 0. 0. 0. 0. 0. 0. 0. 0. 0. 0. 0. 0. 0. 0. 0. 1. 0. 0. 1. 0. 0. 0.],500,100,0.1,0.001,1,16,iDR,51,first
463,0.0023104442033259395,0.0023104442033259395,0.0019372362018299997,[0.         0.         0.         0.         0.         0.         0.         0.         0.         0.         0.         0.         0.         0.         0.         0.         0.         0.         0.         0.         0.         0.         0.         0.         0.71147071 0.         0.         0.01       0.         0.         0.        ],[0. 0. 0. 0. 0. 0. 0. 0. 0. 0. 0. 0. 0. 0. 0. 0. 0. 0. 0. 0. 0. 0. 0. 0. 1. 0. 0. 1. 0. 0. 0.],500,100,0.1,0.001,1,16,iDR,51,first
464,0.0023104442033259395,0.0023104442033259395,0.0019372362018299997,[0.         0.         0.         0.         0.         0.         0.         0.         0.         0.         0.         0.         0.         0.         0.         0.         0.         0.         0.         0.         0.         0.         0.         0.         0.71147071 0.         0.         0.01       0.         0.         0.        ],[0. 0. 0. 0. 0. 0. 0. 0. 0. 0. 0. 0. 0. 0. 0. 0. 0. 0. 0. 0. 0. 0. 0. 0. 1. 0. 0. 1. 0. 0. 0.],500,100,0.1,0.001,1,16,iDR,51,first
465,0.0023104442033259395,0.0023104442033259395,0.0019372362018299997,[0.         0.         0.         0.         0.         0.         0.         0.         0.         0.         0.         0.         0.         0.         0.         0.         0.         0.         0.         0.         0.         0.         0.         0.         0.71147071 0.         0.         0.01       0.         0.         0.        ],[0. 0. 0. 0. 0. 0. 0. 0. 0. 0. 0. 0. 0. 0. 0. 0. 0. 0. 0. 0. 0. 0. 0. 0. 1. 0. 0. 1. 0. 0. 0.],500,100,0.1,0.001,1,16,iDR,51,first
466,0.0023104442033259395,0.0023104442033259395,0.0019372362018299997,[0.         0.         0.         0.         0.         0.         0.         0.         0.         0.         0.         0.         0.         0.         0.         0.         0.         0.         0.         0.         0.         0.         0.         0.         0.71147071 0.         0.         0.01       0.         0.         0.        ],[0. 0. 0. 0. 0. 0. 0. 0. 0. 0. 0. 0. 0. 0. 0. 0. 0. 0. 0. 0. 0. 0. 0. 0. 1. 0. 0. 1. 0. 0. 0.],500,100,0.1,0.001,1,16,iDR,51,first
467,0.0023104442033259395,0.0023104442033259395,0.0019372362018299997,[0.         0.         0.         0.         0.         0.         0.         0.         0.         0.         0.         0.         0.         0.         0.         0.         0.         0.         0.         0.         0.         0.         0.         0.         0.71147071 0.         0.         0.01       0.         0.         0.        ],[0. 0. 0. 0. 0. 0. 0. 0. 0. 0. 0. 0. 0. 0. 0. 0. 0. 0. 0. 0. 0. 0. 0. 0. 1. 0. 0. 1. 0. 0. 0.],500,100,0.1,0.001,1,16,iDR,51,first
468,0.0023104442033259395,0.0023104442033259395,0.0019372362018299997,[0.         0.         0.         0.         0.         0.         0.         0.         0.         0.         0.         0.         0.         0.         0.         0.         0.         0.         0.         0.         0.         0.         0.         0.         0.71147071 0.         0.         0.01       0.         0.         0.        ],[0. 0. 0. 0. 0. 0. 0. 0. 0. 0. 0. 0. 0. 0. 0. 0. 0. 0. 0. 0. 0. 0. 0. 0. 1. 0. 0. 1. 0. 0. 0.],500,100,0.1,0.001,1,16,iDR,51,first
469,0.0023104442033259395,0.0023104442033259395,0.0019372362018299997,[0.         0.         0.         0.         0.         0.         0.         0.         0.         0.         0.         0.         0.         0.         0.         0.         0.         0.         0.         0.         0.         0.         0.         0.         0.71147071 0.         0.         0.01       0.         0.         0.        ],[0. 0. 0. 0. 0. 0. 0. 0. 0. 0. 0. 0. 0. 0. 0. 0. 0. 0. 0. 0. 0. 0. 0. 0. 1. 0. 0. 1. 0. 0. 0.],500,100,0.1,0.001,1,16,iDR,51,first
470,0.0023104442033259395,0.0023104442033259395,0.0019372362018299997,[0.         0.         0.         0.         0.         0.         0.         0.         0.         0.         0.         0.         0.         0.         0.         0.         0.         0.         0.         0.         0.         0.         0.         0.         0.71147071 0.         0.         0.01       0.         0.         0.        ],[0. 0. 0. 0. 0. 0. 0. 0. 0. 0. 0. 0. 0. 0. 0. 0. 0. 0. 0. 0. 0. 0. 0. 0. 1. 0. 0. 1. 0. 0. 0.],500,100,0.1,0.001,1,16,iDR,51,first
471,0.0023104442033259395,0.0023104442033259395,0.0019372362018299997,[0.         0.         0.         0.         0.         0.         0.         0.         0.         0.         0.         0.         0.         0.         0.         0.         0.         0.         0.         0.         0.         0.         0.         0.         0.71147071 0.         0.         0.01       0.         0.         0.        ],[0. 0. 0. 0. 0. 0. 0. 0. 0. 0. 0. 0. 0. 0. 0. 0. 0. 0. 0. 0. 0. 0. 0. 0. 1. 0. 0. 1. 0. 0. 0.],500,100,0.1,0.001,1,16,iDR,51,first
472,0.0023104442033259395,0.0023104442033259395,0.0019372362018299997,[0.         0.         0.         0.         0.         0.         0.         0.         0.         0.         0.         0.         0.         0.         0.         0.         0.         0.         0.         0.         0.         0.         0.         0.         0.71147071 0.         0.         0.01       0.         0.         0.        ],[0. 0. 0. 0. 0. 0. 0. 0. 0. 0. 0. 0. 0. 0. 0. 0. 0. 0. 0. 0. 0. 0. 0. 0. 1. 0. 0. 1. 0. 0. 0.],500,100,0.1,0.001,1,16,iDR,51,first
473,0.0023104442033259395,0.0023104442033259395,0.0019372362018299997,[0.         0.         0.         0.         0.         0.         0.         0.         0.         0.         0.         0.         0.         0.         0.         0.         0.         0.         0.         0.         0.         0.         0.         0.         0.71147071 0.         0.         0.01       0.         0.         0.        ],[0. 0. 0. 0. 0. 0. 0. 0. 0. 0. 0. 0. 0. 0. 0. 0. 0. 0. 0. 0. 0. 0. 0. 0. 1. 0. 0. 1. 0. 0. 0.],500,100,0.1,0.001,1,16,iDR,51,first
474,0.0023104442033259395,0.0023104442033259395,0.0019372362018299997,[0.         0.         0.         0.         0.         0.         0.         0.         0.         0.         0.         0.         0.         0.         0.         0.         0.         0.         0.         0.         0.         0.         0.         0.         0.71147071 0.         0.         0.01       0.         0.         0.        ],[0. 0. 0. 0. 0. 0. 0. 0. 0. 0. 0. 0. 0. 0. 0. 0. 0. 0. 0. 0. 0. 0. 0. 0. 1. 0. 0. 1. 0. 0. 0.],500,100,0.1,0.001,1,16,iDR,51,first
475,0.0023104442033259395,0.0023104442033259395,0.0019372362018299997,[0.         0.         0.         0.         0.         0.         0.         0.         0.         0.         0.         0.         0.         0.         0.         0.         0.         0.         0.         0.         0.         0.         0.         0.         0.71147071 0.         0.         0.01       0.         0.         0.        ],[0. 0. 0. 0. 0. 0. 0. 0. 0. 0. 0. 0. 0. 0. 0. 0. 0. 0. 0. 0. 0. 0. 0. 0. 1. 0. 0. 1. 0. 0. 0.],500,100,0.1,0.001,1,16,iDR,51,first
476,0.0023104442033259395,0.0023104442033259395,0.0019372362018299997,[0.         0.         0.         0.         0.         0.         0.         0.         0.         0.         0.         0.         0.         0.         0.         0.         0.         0.         0.         0.         0.         0.         0.         0.         0.71147071 0.         0.         0.01       0.         0.         0.        ],[0. 0. 0. 0. 0. 0. 0. 0. 0. 0. 0. 0. 0. 0. 0. 0. 0. 0. 0. 0. 0. 0. 0. 0. 1. 0. 0. 1. 0. 0. 0.],500,100,0.1,0.001,1,16,iDR,51,first
477,0.0023104442033259395,0.0023104442033259395,0.0019372362018299997,[0.         0.         0.         0.         0.         0.         0.         0.         0.         0.         0.         0.         0.         0.         0.         0.         0.         0.         0.         0.         0.         0.         0.         0.         0.71147071 0.         0.         0.01       0.         0.         0.        ],[0. 0. 0. 0. 0. 0. 0. 0. 0. 0. 0. 0. 0. 0. 0. 0. 0. 0. 0. 0. 0. 0. 0. 0. 1. 0. 0. 1. 0. 0. 0.],500,100,0.1,0.001,1,16,iDR,51,first
478,0.0023104442033259395,0.0023104442033259395,0.0019372362018299997,[0.         0.         0.         0.         0.         0.         0.         0.         0.         0.         0.         0.         0.         0.         0.         0.         0.         0.         0.         0.         0.         0.         0.         0.         0.71147071 0.         0.         0.01       0.         0.         0.        ],[0. 0. 0. 0. 0. 0. 0. 0. 0. 0. 0. 0. 0. 0. 0. 0. 0. 0. 0. 0. 0. 0. 0. 0. 1. 0. 0. 1. 0. 0. 0.],500,100,0.1,0.001,1,16,iDR,51,first
479,0.0023104442033259395,0.0023104442033259395,0.0019372362018299997,[0.         0.         0.         0.         0.         0.         0.         0.         0.         0.         0.         0.         0.         0.         0.         0.         0.         0.         0.         0.         0.         0.         0.         0.         0.71147071 0.         0.         0.01       0.         0.         0.        ],[0. 0. 0. 0. 0. 0. 0. 0. 0. 0. 0. 0. 0. 0. 0. 0. 0. 0. 0. 0. 0. 0. 0. 0. 1. 0. 0. 1. 0. 0. 0.],500,100,0.1,0.001,1,16,iDR,51,first
480,0.0023104442033259395,0.0023104442033259395,0.0019372362018299997,[0.         0.         0.         0.         0.         0.         0.         0.         0.         0.         0.         0.         0.         0.         0.         0.         0.         0.         0.         0.         0.         0.         0.         0.         0.71147071 0.         0.         0.01       0.         0.         0.        ],[0. 0. 0. 0. 0. 0. 0. 0. 0. 0. 0. 0. 0. 0. 0. 0. 0. 0. 0. 0. 0. 0. 0. 0. 1. 0. 0. 1. 0. 0. 0.],500,100,0.1,0.001,1,16,iDR,51,first
481,0.0023104442033259395,0.0023104442033259395,0.0019372362018299997,[0.         0.         0.         0.         0.         0.         0.         0.         0.         0.         0.         0.         0.         0.         0.         0.         0.         0.         0.         0.         0.         0.         0.         0.         0.71147071 0.         0.         0.01       0.         0.         0.        ],[0. 0. 0. 0. 0. 0. 0. 0. 0. 0. 0. 0. 0. 0. 0. 0. 0. 0. 0. 0. 0. 0. 0. 0. 1. 0. 0. 1. 0. 0. 0.],500,100,0.1,0.001,1,16,iDR,51,first
482,0.0023104442033259395,0.0023104442033259395,0.0019372362018299997,[0.         0.         0.         0.         0.         0.         0.         0.         0.         0.         0.         0.         0.         0.         0.         0.         0.         0.         0.         0.         0.         0.         0.         0.         0.71147071 0.         0.         0.01       0.         0.         0.        ],[0. 0. 0. 0. 0. 0. 0. 0. 0. 0. 0. 0. 0. 0. 0. 0. 0. 0. 0. 0. 0. 0. 0. 0. 1. 0. 0. 1. 0. 0. 0.],500,100,0.1,0.001,1,16,iDR,51,first
483,0.0023104442033259395,0.0023104442033259395,0.0019372362018299997,[0.         0.         0.         0.         0.         0.         0.         0.         0.         0.         0.         0.         0.         0.         0.         0.         0.         0.         0.         0.         0.         0.         0.         0.         0.71147071 0.         0.         0.01       0.         0.         0.        ],[0. 0. 0. 0. 0. 0. 0. 0. 0. 0. 0. 0. 0. 0. 0. 0. 0. 0. 0. 0. 0. 0. 0. 0. 1. 0. 0. 1. 0. 0. 0.],500,100,0.1,0.001,1,16,iDR,51,first
484,0.0023104442033259395,0.0023104442033259395,0.0019372362018299997,[0.         0.         0.         0.         0.         0.         0.         0.         0.         0.         0.         0.         0.         0.         0.         0.         0.         0.         0.         0.         0.         0.         0.         0.         0.71147071 0.         0.         0.01       0.         0.         0.        ],[0. 0. 0. 0. 0. 0. 0. 0. 0. 0. 0. 0. 0. 0. 0. 0. 0. 0. 0. 0. 0. 0. 0. 0. 1. 0. 0. 1. 0. 0. 0.],500,100,0.1,0.001,1,16,iDR,51,first
485,0.0023104442033259395,0.0023104442033259395,0.0019372362018299997,[0.         0.         0.         0.         0.         0.         0.         0.         0.         0.         0.         0.         0.         0.         0.         0.         0.         0.         0.         0.         0.         0.         0.         0.         0.71147071 0.         0.         0.01       0.         0.         0.        ],[0. 0. 0. 0. 0. 0. 0. 0. 0. 0. 0. 0. 0. 0. 0. 0. 0. 0. 0. 0. 0. 0. 0. 0. 1. 0. 0. 1. 0. 0. 0.],500,100,0.1,0.001,1,16,iDR,51,first
486,0.0023104442033259395,0.0023104442033259395,0.0019372362018299997,[0.         0.         0.         0.         0.         0.         0.         0.         0.         0.         0.         0.         0.         0.         0.         0.         0.         0.         0.         0.         0.         0.         0.         0.         0.71147071 0.         0.         0.01       0.         0.         0.        ],[0. 0. 0. 0. 0. 0. 0. 0. 0. 0. 0. 0. 0. 0. 0. 0. 0. 0. 0. 0. 0. 0. 0. 0. 1. 0. 0. 1. 0. 0. 0.],500,100,0.1,0.001,1,16,iDR,51,first
487,0.0023104442033259395,0.0023104442033259395,0.0019372362018299997,[0.         0.         0.         0.         0.         0.         0.         0.         0.         0.         0.         0.         0.         0.         0.         0.         0.         0.         0.         0.         0.         0.         0.         0.         0.71147071 0.         0.         0.01       0.         0.         0.        ],[0. 0. 0. 0. 0. 0. 0. 0. 0. 0. 0. 0. 0. 0. 0. 0. 0. 0. 0. 0. 0. 0. 0. 0. 1. 0. 0. 1. 0. 0. 0.],500,100,0.1,0.001,1,16,iDR,51,first
488,0.0023104442033259395,0.0023104442033259395,0.0019372362018299997,[0.         0.         0.         0.         0.         0.         0.         0.         0.         0.         0.         0.         0.         0.         0.         0.         0.         0.         0.         0.         0.         0.         0.         0.         0.71147071 0.         0.         0.01       0.         0.         0.        ],[0. 0. 0. 0. 0. 0. 0. 0. 0. 0. 0. 0. 0. 0. 0. 0. 0. 0. 0. 0. 0. 0. 0. 0. 1. 0. 0. 1. 0. 0. 0.],500,100,0.1,0.001,1,16,iDR,51,first
489,0.0023104442033259395,0.0023104442033259395,0.0019372362018299997,[0.         0.         0.         0.         0.         0.         0.         0.         0.         0.         0.         0.         0.         0.         0.         0.         0.         0.         0.         0.         0.         0.         0.         0.         0.71147071 0.         0.         0.01       0.         0.         0.        ],[0. 0. 0. 0. 0. 0. 0. 0. 0. 0. 0. 0. 0. 0. 0. 0. 0. 0. 0. 0. 0. 0. 0. 0. 1. 0. 0. 1. 0. 0. 0.],500,100,0.1,0.001,1,16,iDR,51,first
490,0.0023104442033259395,0.0023104442033259395,0.0019372362018299997,[0.         0.         0.         0.         0.         0.         0.         0.         0.         0.         0.         0.         0.         0.         0.         0.         0.         0.         0.         0.         0.         0.         0.         0.         0.71147071 0.         0.         0.01       0.         0.         0.        ],[0. 0. 0. 0. 0. 0. 0. 0. 0. 0. 0. 0. 0. 0. 0. 0. 0. 0. 0. 0. 0. 0. 0. 0. 1. 0. 0. 1. 0. 0. 0.],500,100,0.1,0.001,1,16,iDR,51,first
491,0.0023104442033259395,0.0023104442033259395,0.0019372362018299997,[0.         0.         0.         0.         0.         0.         0.         0.         0.         0.         0.         0.         0.         0.         0.         0.         0.         0.         0.         0.         0.         0.         0.         0.         0.71147071 0.         0.         0.01       0.         0.         0.        ],[0. 0. 0. 0. 0. 0. 0. 0. 0. 0. 0. 0. 0. 0. 0. 0. 0. 0. 0. 0. 0. 0. 0. 0. 1. 0. 0. 1. 0. 0. 0.],500,100,0.1,0.001,1,16,iDR,51,first
492,0.0023104442033259395,0.0023104442033259395,0.0019372362018299997,[0.         0.         0.         0.         0.         0.         0.         0.         0.         0.         0.         0.         0.         0.         0.         0.         0.         0.         0.         0.         0.         0.         0.         0.         0.71147071 0.         0.         0.01       0.         0.         0.        ],[0. 0. 0. 0. 0. 0. 0. 0. 0. 0. 0. 0. 0. 0. 0. 0. 0. 0. 0. 0. 0. 0. 0. 0. 1. 0. 0. 1. 0. 0. 0.],500,100,0.1,0.001,1,16,iDR,51,first
493,0.0023104442033259395,0.0023104442033259395,0.0019372362018299997,[0.         0.         0.         0.         0.         0.         0.         0.         0.         0.         0.         0.         0.         0.         0.         0.         0.         0.         0.         0.         0.         0.         0.         0.         0.71147071 0.         0.         0.01       0.         0.         0.        ],[0. 0. 0. 0. 0. 0. 0. 0. 0. 0. 0. 0. 0. 0. 0. 0. 0. 0. 0. 0. 0. 0. 0. 0. 1. 0. 0. 1. 0. 0. 0.],500,100,0.1,0.001,1,16,iDR,51,first
494,0.0023104442033259395,0.0023104442033259395,0.0019372362018299997,[0.         0.         0.         0.         0.         0.         0.         0.         0.         0.         0.         0.         0.         0.         0.         0.         0.         0.         0.         0.         0.         0.         0.         0.         0.71147071 0.         0.         0.01       0.         0.         0.        ],[0. 0. 0. 0. 0. 0. 0. 0. 0. 0. 0. 0. 0. 0. 0. 0. 0. 0. 0. 0. 0. 0. 0. 0. 1. 0. 0. 1. 0. 0. 0.],500,100,0.1,0.001,1,16,iDR,51,first
495,0.0023104442033259395,0.0023104442033259395,0.0019372362018299997,[0.         0.         0.         0.         0.         0.         0.         0.         0.         0.         0.         0.         0.         0.         0.         0.         0.         0.         0.         0.         0.         0.         0.         0.         0.71147071 0.         0.         0.01       0.         0.         0.        ],[0. 0. 0. 0. 0. 0. 0. 0. 0. 0. 0. 0. 0. 0. 0. 0. 0. 0. 0. 0. 0. 0. 0. 0. 1. 0. 0. 1. 0. 0. 0.],500,100,0.1,0.001,1,16,iDR,51,first
496,0.0023104442033259395,0.0023104442033259395,0.0019372362018299997,[0.         0.         0.         0.         0.         0.         0.         0.         0.         0.         0.         0.         0.         0.         0.         0.         0.         0.         0.         0.         0.         0.         0.         0.         0.71147071 0.         0.         0.01       0.         0.         0.        ],[0. 0. 0. 0. 0. 0. 0. 0. 0. 0. 0. 0. 0. 0. 0. 0. 0. 0. 0. 0. 0. 0. 0. 0. 1. 0. 0. 1. 0. 0. 0.],500,100,0.1,0.001,1,16,iDR,51,first
497,0.0023104442033259395,0.0023104442033259395,0.0019372362018299997,[0.         0.         0.         0.         0.         0.         0.         0.         0.         0.         0.         0.         0.         0.         0.         0.         0.         0.         0.         0.         0.         0.         0.         0.         0.71147071 0.         0.         0.01       0.         0.         0.        ],[0. 0. 0. 0. 0. 0. 0. 0. 0. 0. 0. 0. 0. 0. 0. 0. 0. 0. 0. 0. 0. 0. 0. 0. 1. 0. 0. 1. 0. 0. 0.],500,100,0.1,0.001,1,16,iDR,51,first
498,0.0023104442033259395,0.0023104442033259395,0.0019372362018299997,[0.         0.         0.         0.         0.         0.         0.         0.         0.         0.         0.         0.         0.         0.         0.         0.         0.         0.         0.         0.         0.         0.         0.         0.         0.71147071 0.         0.         0.01       0.         0.         0.        ],[0. 0. 0. 0. 0. 0. 0. 0. 0. 0. 0. 0. 0. 0. 0. 0. 0. 0. 0. 0. 0. 0. 0. 0. 1. 0. 0. 1. 0. 0. 0.],500,100,0.1,0.001,1,16,iDR,51,first
499,0.0023104442033259395,0.0023104442033259395,0.0019372362018299997,[0.         0.         0.         0.         0.         0.         0.         0.         0.         0.         0.         0.         0.         0.         0.         0.         0.         0.         0.         0.         0.         0.         0.         0.         0.71147071 0.         0.         0.01       0.         0.         0.        ],[0. 0. 0. 0. 0. 0. 0. 0. 0. 0. 0. 0. 0. 0. 0. 0. 0. 0. 0. 0. 0. 0. 0. 0. 1. 0. 0. 1. 0. 0. 0.],500,100,0.1,0.001,1,16,iDR,51,first
