iter,obj,aug_obj,return,X,Z,max_iter,neighbours,alpha,exp_return,n_port,k,move_strategy,seed,selection_strategy
0,0.21547708763696344,0.21547708763696344,0.0028854119634,[0.        0.        0.048179  0.074967  0.0135128 0.        0.        0.        0.        0.028095  0.073416  0.        0.133225  0.        0.069147  0.025273  0.1216152 0.        0.        0.        0.030034  0.044146  0.        0.057344  0.026621  0.015379  0.        0.128109  0.02936   0.047888  0.03369  ],[0. 0. 1. 1. 1. 0. 0. 0. 0. 1. 1. 0. 1. 0. 1. 1. 1. 0. 0. 0. 1. 1. 0. 1. 1. 1. 0. 1. 1. 1. 1.],500,100,0.1,0.0015,1,18,idID,89,first
1,0.21325306824768986,0.21325306824768986,0.002878490136,[0.       0.       0.04757  0.074019 0.013342 0.       0.       0.       0.       0.02774  0.072487 0.       0.13154  0.       0.068272 0.024953 0.120077 0.       0.       0.       0.029654 0.043588 0.       0.056619 0.026284 0.015184 0.       0.139137 0.028989 0.047282 0.033264],[0. 0. 1. 1. 1. 0. 0. 0. 0. 1. 1. 0. 1. 0. 1. 1. 1. 0. 0. 0. 1. 1. 0. 1. 1. 1. 0. 1. 1. 1. 1.],500,100,0.1,0.0015,1,18,idID,89,first
2,0.21130294925214055,0.21130294925214055,0.0028501958819999998,[0.       0.       0.04757  0.074019 0.013342 0.       0.       0.       0.       0.02774  0.072487 0.       0.118386 0.       0.068272 0.024953 0.120077 0.       0.       0.       0.029654 0.043588 0.       0.056619 0.026284 0.015184 0.       0.152291 0.028989 0.047282 0.033264],[0. 0. 1. 1. 1. 0. 0. 0. 0. 1. 1. 0. 1. 0. 1. 1. 1. 0. 0. 0. 1. 1. 0. 1. 1. 1. 0. 1. 1. 1. 1.],500,100,0.1,0.0015,1,18,idID,89,first
3,0.20868348060731684,0.20868348060731684,0.00284251544,[0.       0.       0.046856 0.072909 0.013142 0.       0.       0.       0.       0.027324 0.0714   0.       0.11661  0.       0.067248 0.024579 0.118276 0.       0.       0.       0.029209 0.042934 0.       0.05577  0.02589  0.014956 0.       0.165007 0.028554 0.046573 0.032765],[0. 0. 1. 1. 1. 0. 0. 0. 0. 1. 1. 0. 1. 0. 1. 1. 1. 0. 0. 0. 1. 1. 0. 1. 1. 1. 0. 1. 1. 1. 1.],500,100,0.1,0.0015,1,18,idID,89,first
4,0.20587147177666715,0.20587147177666715,0.002834320559,[0.       0.       0.046095 0.071725 0.012929 0.       0.       0.       0.       0.02688  0.070241 0.       0.114717 0.       0.066156 0.02418  0.116356 0.       0.       0.       0.028735 0.042237 0.       0.054865 0.02547  0.014713 0.       0.178561 0.02809  0.045817 0.032233],[0. 0. 1. 1. 1. 0. 0. 0. 0. 1. 1. 0. 1. 0. 1. 1. 1. 0. 0. 0. 1. 1. 0. 1. 1. 1. 0. 1. 1. 1. 1.],500,100,0.1,0.0015,1,18,idID,89,first
5,0.20286194958829085,0.20286194958829085,0.0028256122730000006,[0.       0.       0.045286 0.070467 0.012702 0.       0.       0.       0.       0.026408 0.069009 0.       0.112705 0.       0.064995 0.023756 0.114315 0.       0.       0.       0.028231 0.041496 0.       0.053903 0.025023 0.014455 0.       0.192971 0.027597 0.045013 0.031668],[0. 0. 1. 1. 1. 0. 0. 0. 0. 1. 1. 0. 1. 0. 1. 1. 1. 0. 0. 0. 1. 1. 0. 1. 1. 1. 0. 1. 1. 1. 1.],500,100,0.1,0.0015,1,18,idID,89,first
6,0.19964830940368006,0.19964830940368006,0.002816388934,[0.       0.       0.044429 0.069133 0.012462 0.       0.       0.       0.       0.025908 0.067703 0.       0.110571 0.       0.063765 0.023306 0.112151 0.       0.       0.       0.027697 0.04071  0.       0.052883 0.024549 0.014181 0.       0.208249 0.027075 0.044161 0.031068],[0. 0. 1. 1. 1. 0. 0. 0. 0. 1. 1. 0. 1. 0. 1. 1. 1. 0. 0. 0. 1. 1. 0. 1. 1. 1. 0. 1. 1. 1. 1.],500,100,0.1,0.0015,1,18,idID,89,first
7,0.1983741033490853,0.1983741033490853,0.0028669802500999996,[0.        0.        0.044429  0.069133  0.012462  0.        0.        0.        0.        0.025908  0.067703  0.        0.110571  0.        0.063765  0.023306  0.1009359 0.        0.        0.        0.027697  0.04071   0.        0.052883  0.024549  0.0253961 0.        0.208249  0.027075  0.044161  0.031068 ],[0. 0. 1. 1. 1. 0. 0. 0. 0. 1. 1. 0. 1. 0. 1. 1. 1. 0. 0. 0. 1. 1. 0. 1. 1. 1. 0. 1. 1. 1. 1.],500,100,0.1,0.0015,1,18,idID,89,first
8,0.19658761730635887,0.19658761730635887,0.002851929996,[0.        0.        0.044429  0.0622197 0.012462  0.        0.        0.        0.        0.025908  0.067703  0.        0.110571  0.        0.063765  0.023306  0.1009359 0.        0.        0.        0.027697  0.04071   0.        0.052883  0.024549  0.0253961 0.        0.2151623 0.027075  0.044161  0.031068 ],[0. 0. 1. 1. 1. 0. 0. 0. 0. 1. 1. 0. 1. 0. 1. 1. 1. 0. 0. 0. 1. 1. 0. 1. 1. 1. 0. 1. 1. 1. 1.],500,100,0.1,0.0015,1,18,idID,89,first
9,0.11983577980186413,0.11983577980186413,0.006833338241000001,[0.       0.       0.022354 0.031305 0.503135 0.       0.       0.       0.       0.013035 0.034064 0.       0.055632 0.       0.032082 0.011726 0.050784 0.       0.       0.       0.013935 0.020483 0.       0.026607 0.012351 0.012778 0.       0.108256 0.013622 0.022219 0.015631],[0. 0. 1. 1. 1. 0. 0. 0. 0. 1. 1. 0. 1. 0. 1. 1. 1. 0. 0. 0. 1. 1. 0. 1. 1. 1. 0. 1. 1. 1. 1.],500,100,0.1,0.0015,1,18,idID,89,first
10,0.11506082142989973,0.11506082142989973,0.0070264658829999995,[0.       0.       0.021283 0.029805 0.526937 0.       0.       0.       0.       0.012411 0.032432 0.       0.052967 0.       0.030545 0.011164 0.048351 0.       0.       0.       0.013267 0.019502 0.       0.025332 0.011759 0.012166 0.       0.10307  0.012969 0.021155 0.014882],[0. 0. 1. 1. 1. 0. 0. 0. 0. 1. 1. 0. 1. 0. 1. 1. 1. 0. 0. 0. 1. 1. 0. 1. 1. 1. 0. 1. 1. 1. 1.],500,100,0.1,0.0015,1,18,idID,89,first
11,0.11401735700309988,0.11401735700309988,0.007028076079799999,[0.        0.        0.021283  0.029805  0.526937  0.        0.        0.        0.        0.012411  0.032432  0.        0.0476703 0.        0.030545  0.011164  0.048351  0.        0.        0.        0.013267  0.019502  0.        0.025332  0.011759  0.0174627 0.        0.10307   0.012969  0.021155  0.014882 ],[0. 0. 1. 1. 1. 0. 0. 0. 0. 1. 1. 0. 1. 0. 1. 1. 1. 0. 0. 0. 1. 1. 0. 1. 1. 1. 0. 1. 1. 1. 1.],500,100,0.1,0.0015,1,18,idID,89,first
12,0.11315734634035975,0.11315734634035975,0.0070402544610000005,[0.       0.       0.021385 0.029948 0.529463 0.       0.       0.       0.       0.01247  0.032587 0.       0.043109 0.       0.030691 0.011218 0.048583 0.       0.       0.       0.013331 0.019595 0.       0.025453 0.011815 0.017546 0.       0.103564 0.013031 0.021256 0.014953],[0. 0. 1. 1. 1. 0. 0. 0. 0. 1. 1. 0. 1. 0. 1. 1. 1. 0. 0. 0. 1. 1. 0. 1. 1. 1. 0. 1. 1. 1. 1.],500,100,0.1,0.0015,1,18,idID,89,first
13,0.11195772647270891,0.11195772647270891,0.007067740759400001,[0.        0.        0.021385  0.029948  0.5337739 0.        0.        0.        0.        0.01247   0.032587  0.        0.0387981 0.        0.030691  0.011218  0.048583  0.        0.        0.        0.013331  0.019595  0.        0.025453  0.011815  0.017546  0.        0.103564  0.013031  0.021256  0.014953 ],[0. 0. 1. 1. 1. 0. 0. 0. 0. 1. 1. 0. 1. 0. 1. 1. 1. 0. 0. 0. 1. 1. 0. 1. 1. 1. 0. 1. 1. 1. 1.],500,100,0.1,0.0015,1,18,idID,89,first
14,0.11122928999023654,0.11122928999023654,0.007077799936,[0.       0.       0.021468 0.030065 0.535854 0.       0.       0.       0.       0.012519 0.032714 0.       0.035054 0.       0.030811 0.011262 0.048772 0.       0.       0.       0.013383 0.019671 0.       0.025552 0.011861 0.017614 0.       0.103968 0.013082 0.021339 0.015011],[0. 0. 1. 1. 1. 0. 0. 0. 0. 1. 1. 0. 1. 0. 1. 1. 1. 0. 0. 0. 1. 1. 0. 1. 1. 1. 0. 1. 1. 1. 1.],500,100,0.1,0.0015,1,18,idID,89,first
15,0.106415426006776,0.106415426006776,0.007270411799999999,[0.       0.       0.020376 0.028536 0.55946  0.       0.       0.       0.       0.011882 0.03105  0.       0.033271 0.       0.029244 0.010689 0.046291 0.       0.       0.       0.012702 0.018671 0.       0.024252 0.011258 0.016718 0.       0.09868  0.012417 0.020254 0.014248],[0. 0. 1. 1. 1. 0. 0. 0. 0. 1. 1. 0. 1. 0. 1. 1. 1. 0. 0. 0. 1. 1. 0. 1. 1. 1. 0. 1. 1. 1. 1.],500,100,0.1,0.0015,1,18,idID,89,first
16,0.10001530089051897,0.10001530089051897,0.007253906472999999,[0.       0.       0.020376 0.028536 0.55946  0.       0.       0.       0.       0.011882 0.03105  0.       0.033271 0.       0.029244 0.       0.046291 0.       0.       0.       0.012702 0.010689 0.       0.024252 0.011258 0.016718 0.       0.09868  0.012417 0.020254 0.014248],[0. 0. 1. 1. 1. 0. 0. 0. 0. 1. 1. 0. 1. 0. 1. 0. 1. 0. 0. 0. 1. 1. 0. 1. 1. 1. 0. 1. 1. 1. 1.],500,100,0.1,0.0015,1,18,idID,89,first
17,0.09545562412106351,0.09545562412106351,0.007228388754999999,[0.       0.       0.020376 0.028536 0.55946  0.       0.       0.       0.       0.011882 0.03105  0.       0.033271 0.       0.029244 0.       0.046291 0.       0.       0.       0.010689 0.       0.       0.024252 0.011258 0.016718 0.       0.09868  0.012417 0.020254 0.014248],[0. 0. 1. 1. 1. 0. 0. 0. 0. 1. 1. 0. 1. 0. 1. 0. 1. 0. 0. 0. 1. 0. 0. 1. 1. 1. 0. 1. 1. 1. 1.],500,100,0.1,0.0015,1,18,idID,89,first
18,0.08541555672271318,0.08541555672271318,0.007156923570999999,[0.       0.       0.020376 0.028536 0.55946  0.       0.       0.       0.       0.011882 0.010689 0.       0.033271 0.       0.029244 0.       0.046291 0.       0.       0.       0.       0.       0.       0.024252 0.011258 0.016718 0.       0.09868  0.012417 0.020254 0.014248],[0. 0. 1. 1. 1. 0. 0. 0. 0. 1. 1. 0. 1. 0. 1. 0. 1. 0. 0. 0. 0. 0. 0. 1. 1. 1. 0. 1. 1. 1. 1.],500,100,0.1,0.0015,1,18,idID,89,first
19,0.08524030925211781,0.08524030925211781,0.007155652070199998,[0.        0.        0.020376  0.028536  0.55946   0.        0.        0.        0.        0.011882  0.010689  0.        0.033271  0.        0.029244  0.        0.046291  0.        0.        0.        0.        0.        0.        0.024252  0.011258  0.0179597 0.        0.09868   0.0111753 0.020254  0.014248 ],[0. 0. 1. 1. 1. 0. 0. 0. 0. 1. 1. 0. 1. 0. 1. 0. 1. 0. 0. 0. 0. 0. 0. 1. 1. 1. 0. 1. 1. 1. 1.],500,100,0.1,0.0015,1,18,idID,89,first
20,0.0817037523868717,0.0817037523868717,0.007129479095199998,[0.        0.        0.020376  0.028536  0.55946   0.        0.        0.        0.        0.010689  0.        0.        0.033271  0.        0.029244  0.        0.046291  0.        0.        0.        0.        0.        0.        0.024252  0.011258  0.0179597 0.        0.09868   0.0111753 0.020254  0.014248 ],[0. 0. 1. 1. 1. 0. 0. 0. 0. 1. 0. 0. 1. 0. 1. 0. 1. 0. 0. 0. 0. 0. 0. 1. 1. 1. 0. 1. 1. 1. 1.],500,100,0.1,0.0015,1,18,idID,89,first
21,0.08051463272301372,0.08051463272301372,0.007116353941199998,[0.        0.        0.020376  0.028536  0.55946   0.        0.        0.        0.        0.        0.01      0.        0.033271  0.        0.029244  0.        0.046291  0.        0.        0.        0.        0.        0.        0.024252  0.011258  0.0179597 0.        0.09868   0.0111753 0.020254  0.014248 ],[0. 0. 1. 1. 1. 0. 0. 0. 0. 0. 1. 0. 1. 0. 1. 0. 1. 0. 0. 0. 0. 0. 0. 1. 1. 1. 0. 1. 1. 1. 1.],500,100,0.1,0.0015,1,18,idID,89,first
22,0.0627813052802953,0.0627813052802953,0.006888090101199998,[0.        0.        0.020376  0.028536  0.55946   0.        0.        0.        0.        0.        0.        0.        0.033271  0.        0.029244  0.        0.046291  0.        0.        0.        0.        0.        0.        0.024252  0.011258  0.0179597 0.        0.01      0.0111753 0.020254  0.014248 ],[0. 0. 1. 1. 1. 0. 0. 0. 0. 0. 0. 0. 1. 0. 1. 0. 1. 0. 0. 0. 0. 0. 0. 1. 1. 1. 0. 1. 1. 1. 1.],500,100,0.1,0.0015,1,18,idID,89,first
23,0.060654984079720344,0.060654984079720344,0.006861326081199998,[0.        0.        0.020376  0.028536  0.55946   0.        0.        0.        0.        0.        0.        0.        0.033271  0.        0.029244  0.        0.046291  0.        0.        0.        0.        0.        0.        0.024252  0.01      0.0179597 0.        0.        0.0111753 0.020254  0.014248 ],[0. 0. 1. 1. 1. 0. 0. 0. 0. 0. 0. 0. 1. 0. 1. 0. 1. 0. 0. 0. 0. 0. 0. 1. 1. 1. 0. 0. 1. 1. 1.],500,100,0.1,0.0015,1,18,idID,89,first
24,0.06043756534441321,0.06043756534441321,0.006866967372639999,[0.         0.         0.020376   0.028536   0.56057753 0.         0.         0.         0.         0.         0.         0.         0.033271   0.         0.029244   0.         0.046291   0.         0.         0.         0.         0.         0.         0.024252   0.01       0.0179597  0.         0.         0.01005777 0.020254   0.014248  ],[0. 0. 1. 1. 1. 0. 0. 0. 0. 0. 0. 0. 1. 0. 1. 0. 1. 0. 0. 0. 0. 0. 0. 1. 1. 1. 0. 0. 1. 1. 1.],500,100,0.1,0.0015,1,18,idID,89,first
25,0.05376563793015354,0.05376563793015354,0.006819631150639999,[0.         0.         0.020376   0.028536   0.56057753 0.         0.         0.         0.         0.         0.         0.         0.033271   0.         0.029244   0.         0.046291   0.         0.         0.         0.         0.         0.         0.024252   0.         0.0179597  0.         0.         0.01005777 0.01       0.014248  ],[0. 0. 1. 1. 1. 0. 0. 0. 0. 0. 0. 0. 1. 0. 1. 0. 1. 0. 0. 0. 0. 0. 0. 1. 0. 1. 0. 0. 1. 1. 1.],500,100,0.1,0.0015,1,18,idID,89,first
26,0.05302071820432935,0.05302071820432935,0.00686862091594,[0.         0.         0.020376   0.028536   0.56520663 0.         0.         0.         0.         0.         0.         0.         0.033271   0.         0.029244   0.         0.0416619  0.         0.         0.         0.         0.         0.         0.024252   0.         0.0179597  0.         0.         0.01005777 0.01       0.014248  ],[0. 0. 1. 1. 1. 0. 0. 0. 0. 0. 0. 0. 1. 0. 1. 0. 1. 0. 0. 0. 0. 0. 0. 1. 0. 1. 0. 0. 1. 1. 1.],500,100,0.1,0.0015,1,18,idID,89,first
27,0.04680815993820013,0.04680815993820013,0.00683326180394,[0.         0.         0.01       0.028536   0.56520663 0.         0.         0.         0.         0.         0.         0.         0.033271   0.         0.029244   0.         0.0416619  0.         0.         0.         0.         0.         0.         0.024252   0.         0.0179597  0.         0.         0.01005777 0.         0.014248  ],[0. 0. 1. 1. 1. 0. 0. 0. 0. 0. 0. 0. 1. 0. 1. 0. 1. 0. 0. 0. 0. 0. 0. 1. 0. 1. 0. 0. 1. 0. 1.],500,100,0.1,0.0015,1,18,idID,89,first
28,0.036734242332093436,0.036734242332093436,0.006809463148139999,[0.         0.         0.         0.028536   0.56520663 0.         0.         0.         0.         0.         0.         0.         0.033271   0.         0.029244   0.         0.01       0.         0.         0.         0.         0.         0.         0.024252   0.         0.0179597  0.         0.         0.01005777 0.         0.014248  ],[0. 0. 0. 1. 1. 0. 0. 0. 0. 0. 0. 0. 1. 0. 1. 0. 1. 0. 0. 0. 0. 0. 0. 1. 0. 1. 0. 0. 1. 0. 1.],500,100,0.1,0.0015,1,18,idID,89,first
29,0.029610150568094046,0.029610150568094046,0.00673043690814,[0.         0.         0.         0.028536   0.56520663 0.         0.         0.         0.         0.         0.         0.         0.033271   0.         0.01       0.         0.         0.         0.         0.         0.         0.         0.         0.024252   0.         0.0179597  0.         0.         0.01005777 0.         0.014248  ],[0. 0. 0. 1. 1. 0. 0. 0. 0. 0. 0. 0. 1. 0. 1. 0. 0. 0. 0. 0. 0. 0. 0. 1. 0. 1. 0. 0. 1. 0. 1.],500,100,0.1,0.0015,1,18,idID,89,first
30,0.02044879721563678,0.02044879721563678,0.006586373389139998,[0.         0.         0.         0.028536   0.56520663 0.         0.         0.         0.         0.         0.         0.         0.01       0.         0.         0.         0.         0.         0.         0.         0.         0.         0.         0.024252   0.         0.0179597  0.         0.         0.01005777 0.         0.014248  ],[0. 0. 0. 1. 1. 0. 0. 0. 0. 0. 0. 0. 1. 0. 0. 0. 0. 0. 0. 0. 0. 0. 0. 1. 0. 1. 0. 0. 1. 0. 1.],500,100,0.1,0.0015,1,18,idID,89,first
31,0.017746903454254146,0.017746903454254146,0.006517894593649999,[0.         0.         0.         0.028536   0.56520663 0.         0.         0.         0.         0.         0.         0.         0.01       0.         0.         0.         0.         0.         0.         0.         0.         0.         0.         0.024252   0.         0.0179597  0.         0.         0.         0.         0.01005777],[0. 0. 0. 1. 1. 0. 0. 0. 0. 0. 0. 0. 1. 0. 0. 0. 0. 0. 0. 0. 0. 0. 0. 1. 0. 1. 0. 0. 0. 0. 1.],500,100,0.1,0.0015,1,18,idID,89,first
32,0.0104547172676469,0.0104547172676469,0.006389314553649999,[0.         0.         0.         0.01       0.56520663 0.         0.         0.         0.         0.         0.         0.         0.         0.         0.         0.         0.         0.         0.         0.         0.         0.         0.         0.024252   0.         0.0179597  0.         0.         0.         0.         0.01005777],[0. 0. 0. 1. 1. 0. 0. 0. 0. 0. 0. 0. 0. 0. 0. 0. 0. 0. 0. 0. 0. 0. 0. 1. 0. 1. 0. 0. 0. 0. 1.],500,100,0.1,0.0015,1,18,idID,89,first
33,0.007146841118111236,0.007146841118111236,0.0063060137115499995,[0.         0.         0.         0.         0.56520663 0.         0.         0.         0.         0.         0.         0.         0.         0.         0.         0.         0.         0.         0.         0.         0.         0.         0.         0.024252   0.         0.01       0.         0.         0.         0.         0.01005777],[0. 0. 0. 0. 1. 0. 0. 0. 0. 0. 0. 0. 0. 0. 0. 0. 0. 0. 0. 0. 0. 0. 0. 1. 0. 1. 0. 0. 0. 0. 1.],500,100,0.1,0.0015,1,18,idID,89,first
34,0.005694127705340047,0.005694127705340047,0.00628235311056,[0.         0.         0.         0.         0.56520663 0.         0.         0.         0.         0.         0.         0.         0.         0.         0.         0.         0.         0.         0.         0.         0.         0.         0.         0.024252   0.         0.01005777 0.         0.         0.         0.         0.        ],[0. 0. 0. 0. 1. 0. 0. 0. 0. 0. 0. 0. 0. 0. 0. 0. 0. 0. 0. 0. 0. 0. 0. 1. 0. 1. 0. 0. 0. 0. 0.],500,100,0.1,0.0015,1,18,idID,89,first
35,0.00524602687353212,0.00524602687353212,0.00629938529016,[0.         0.         0.         0.         0.56763183 0.         0.         0.         0.         0.         0.         0.         0.         0.         0.         0.         0.         0.         0.         0.         0.         0.         0.         0.0218268  0.         0.01005777 0.         0.         0.         0.         0.        ],[0. 0. 0. 0. 1. 0. 0. 0. 0. 0. 0. 0. 0. 0. 0. 0. 0. 0. 0. 0. 0. 0. 0. 1. 0. 1. 0. 0. 0. 0. 0.],500,100,0.1,0.0015,1,18,idID,89,first
36,0.005049403149260075,0.005049403149260075,0.006301461018840001,[0.         0.         0.         0.         0.56763183 0.         0.         0.         0.         0.         0.         0.         0.         0.         0.         0.         0.         0.         0.         0.         0.         0.         0.         0.01964412 0.         0.01224045 0.         0.         0.         0.         0.        ],[0. 0. 0. 0. 1. 0. 0. 0. 0. 0. 0. 0. 0. 0. 0. 0. 0. 0. 0. 0. 0. 0. 0. 1. 0. 1. 0. 0. 0. 0. 0.],500,100,0.1,0.0015,1,18,idID,89,first
37,0.005049403149260075,0.005049403149260075,0.006301461018840001,[0.         0.         0.         0.         0.56763183 0.         0.         0.         0.         0.         0.         0.         0.         0.         0.         0.         0.         0.         0.         0.         0.         0.         0.         0.01964412 0.         0.01224045 0.         0.         0.         0.         0.        ],[0. 0. 0. 0. 1. 0. 0. 0. 0. 0. 0. 0. 0. 0. 0. 0. 0. 0. 0. 0. 0. 0. 0. 1. 0. 1. 0. 0. 0. 0. 0.],500,100,0.1,0.0015,1,18,idID,89,first
38,0.004870112766716023,0.004870112766716023,0.006303329174652,[0.         0.         0.         0.         0.56763183 0.         0.         0.         0.         0.         0.         0.         0.         0.         0.         0.         0.         0.         0.         0.         0.         0.         0.         0.01767971 0.         0.01420486 0.         0.         0.         0.         0.        ],[0. 0. 0. 0. 1. 0. 0. 0. 0. 0. 0. 0. 0. 0. 0. 0. 0. 0. 0. 0. 0. 0. 0. 1. 0. 1. 0. 0. 0. 0. 0.],500,100,0.1,0.0015,1,18,idID,89,first
39,0.004537646618048821,0.004537646618048821,0.006315745633580401,[0.         0.         0.         0.         0.5693998  0.         0.         0.         0.         0.         0.         0.         0.         0.         0.         0.         0.         0.         0.         0.         0.         0.         0.         0.01591174 0.         0.01420486 0.         0.         0.         0.         0.        ],[0. 0. 0. 0. 1. 0. 0. 0. 0. 0. 0. 0. 0. 0. 0. 0. 0. 0. 0. 0. 0. 0. 0. 1. 0. 1. 0. 0. 0. 0. 0.],500,100,0.1,0.0015,1,18,idID,89,first
40,0.004400897135752731,0.004400897135752731,0.006324370825786801,[0.         0.         0.         0.         0.57082029 0.         0.         0.         0.         0.         0.         0.         0.         0.         0.         0.         0.         0.         0.         0.         0.         0.         0.         0.01591174 0.         0.01278438 0.         0.         0.         0.         0.        ],[0. 0. 0. 0. 1. 0. 0. 0. 0. 0. 0. 0. 0. 0. 0. 0. 0. 0. 0. 0. 0. 0. 0. 1. 0. 1. 0. 0. 0. 0. 0.],500,100,0.1,0.0015,1,18,idID,89,first
41,0.004277220699134223,0.004277220699134223,0.006332133498772561,[0.         0.         0.         0.         0.57209872 0.         0.         0.         0.         0.         0.         0.         0.         0.         0.         0.         0.         0.         0.         0.         0.         0.         0.         0.01591174 0.         0.01150594 0.         0.         0.         0.         0.        ],[0. 0. 0. 0. 1. 0. 0. 0. 0. 0. 0. 0. 0. 0. 0. 0. 0. 0. 0. 0. 0. 0. 0. 1. 0. 1. 0. 0. 0. 0. 0.],500,100,0.1,0.0015,1,18,idID,89,first
42,0.00397522189520119,0.00397522189520119,0.006343308311808121,[0.         0.         0.         0.         0.5736899  0.         0.         0.         0.         0.         0.         0.         0.         0.         0.         0.         0.         0.         0.         0.         0.         0.         0.         0.01432056 0.         0.01150594 0.         0.         0.         0.         0.        ],[0. 0. 0. 0. 1. 0. 0. 0. 0. 0. 0. 0. 0. 0. 0. 0. 0. 0. 0. 0. 0. 0. 0. 1. 0. 1. 0. 0. 0. 0. 0.],500,100,0.1,0.0015,1,18,idID,89,first
43,0.0038414396598073896,0.0038414396598073896,0.006344670197395069,[0.         0.         0.         0.         0.5736899  0.         0.         0.         0.         0.         0.         0.         0.         0.         0.         0.         0.         0.         0.         0.         0.         0.         0.         0.01288851 0.         0.01293799 0.         0.         0.         0.         0.        ],[0. 0. 0. 0. 1. 0. 0. 0. 0. 0. 0. 0. 0. 0. 0. 0. 0. 0. 0. 0. 0. 0. 0. 1. 0. 1. 0. 0. 0. 0. 0.],500,100,0.1,0.0015,1,18,idID,89,first
44,0.0035947366036366045,0.0035947366036366045,0.006353721795953872,[0.         0.         0.         0.         0.57497875 0.         0.         0.         0.         0.         0.         0.         0.         0.         0.         0.         0.         0.         0.         0.         0.         0.         0.         0.01159966 0.         0.01293799 0.         0.         0.         0.         0.        ],[0. 0. 0. 0. 1. 0. 0. 0. 0. 0. 0. 0. 0. 0. 0. 0. 0. 0. 0. 0. 0. 0. 0. 1. 0. 1. 0. 0. 0. 0. 0.],500,100,0.1,0.0015,1,18,idID,89,first
45,0.003371743826299268,0.003371743826299268,0.006361868234656796,[0.         0.         0.         0.         0.57613871 0.         0.         0.         0.         0.         0.         0.         0.         0.         0.         0.         0.         0.         0.         0.         0.         0.         0.         0.01043969 0.         0.01293799 0.         0.         0.         0.         0.        ],[0. 0. 0. 0. 1. 0. 0. 0. 0. 0. 0. 0. 0. 0. 0. 0. 0. 0. 0. 0. 0. 0. 0. 1. 0. 1. 0. 0. 0. 0. 0.],500,100,0.1,0.0015,1,18,idID,89,first
46,0.0010492300757077172,0.0010492300757077172,0.006309784572621223,[0.         0.         0.         0.         0.57613871 0.         0.         0.         0.         0.         0.         0.         0.         0.         0.         0.         0.         0.         0.         0.         0.         0.         0.         0.         0.         0.01043969 0.         0.         0.         0.         0.        ],[0. 0. 0. 0. 1. 0. 0. 0. 0. 0. 0. 0. 0. 0. 0. 0. 0. 0. 0. 0. 0. 0. 0. 0. 0. 1. 0. 0. 0. 0. 0.],500,100,0.1,0.0015,1,18,idID,89,first
47,0.0010492300757077172,0.0010492300757077172,0.006309784572621223,[0.         0.         0.         0.         0.57613871 0.         0.         0.         0.         0.         0.         0.         0.         0.         0.         0.         0.         0.         0.         0.         0.         0.         0.         0.         0.         0.01043969 0.         0.         0.         0.         0.        ],[0. 0. 0. 0. 1. 0. 0. 0. 0. 0. 0. 0. 0. 0. 0. 0. 0. 0. 0. 0. 0. 0. 0. 0. 0. 1. 0. 0. 0. 0. 0.],500,100,0.1,0.0015,1,18,idID,89,first
48,0.0010492300757077172,0.0010492300757077172,0.006309784572621223,[0.         0.         0.         0.         0.57613871 0.         0.         0.         0.         0.         0.         0.         0.         0.         0.         0.         0.         0.         0.         0.         0.         0.         0.         0.         0.         0.01043969 0.         0.         0.         0.         0.        ],[0. 0. 0. 0. 1. 0. 0. 0. 0. 0. 0. 0. 0. 0. 0. 0. 0. 0. 0. 0. 0. 0. 0. 0. 0. 1. 0. 0. 0. 0. 0.],500,100,0.1,0.0015,1,18,idID,89,first
49,0.0010492300757077172,0.0010492300757077172,0.006309784572621223,[0.         0.         0.         0.         0.57613871 0.         0.         0.         0.         0.         0.         0.         0.         0.         0.         0.         0.         0.         0.         0.         0.         0.         0.         0.         0.         0.01043969 0.         0.         0.         0.         0.        ],[0. 0. 0. 0. 1. 0. 0. 0. 0. 0. 0. 0. 0. 0. 0. 0. 0. 0. 0. 0. 0. 0. 0. 0. 0. 1. 0. 0. 0. 0. 0.],500,100,0.1,0.0015,1,18,idID,89,first
50,0.0009632578398061215,0.0009632578398061215,0.006283127134727445,[0.         0.         0.         0.         0.57613871 0.         0.         0.         0.         0.         0.         0.         0.         0.         0.         0.         0.         0.         0.         0.         0.         0.         0.         0.         0.         0.         0.         0.01       0.         0.         0.        ],[0. 0. 0. 0. 1. 0. 0. 0. 0. 0. 0. 0. 0. 0. 0. 0. 0. 0. 0. 0. 0. 0. 0. 0. 0. 0. 0. 1. 0. 0. 0.],500,100,0.1,0.0015,1,18,idID,89,first
51,0.0009632578398061215,0.0009632578398061215,0.006283127134727445,[0.         0.         0.         0.         0.57613871 0.         0.         0.         0.         0.         0.         0.         0.         0.         0.         0.         0.         0.         0.         0.         0.         0.         0.         0.         0.         0.         0.         0.01       0.         0.         0.        ],[0. 0. 0. 0. 1. 0. 0. 0. 0. 0. 0. 0. 0. 0. 0. 0. 0. 0. 0. 0. 0. 0. 0. 0. 0. 0. 0. 1. 0. 0. 0.],500,100,0.1,0.0015,1,18,idID,89,first
52,0.0009632578398061215,0.0009632578398061215,0.006283127134727445,[0.         0.         0.         0.         0.57613871 0.         0.         0.         0.         0.         0.         0.         0.         0.         0.         0.         0.         0.         0.         0.         0.         0.         0.         0.         0.         0.         0.         0.01       0.         0.         0.        ],[0. 0. 0. 0. 1. 0. 0. 0. 0. 0. 0. 0. 0. 0. 0. 0. 0. 0. 0. 0. 0. 0. 0. 0. 0. 0. 0. 1. 0. 0. 0.],500,100,0.1,0.0015,1,18,idID,89,first
53,0.0009632578398061215,0.0009632578398061215,0.006283127134727445,[0.         0.         0.         0.         0.57613871 0.         0.         0.         0.         0.         0.         0.         0.         0.         0.         0.         0.         0.         0.         0.         0.         0.         0.         0.         0.         0.         0.         0.01       0.         0.         0.        ],[0. 0. 0. 0. 1. 0. 0. 0. 0. 0. 0. 0. 0. 0. 0. 0. 0. 0. 0. 0. 0. 0. 0. 0. 0. 0. 0. 1. 0. 0. 0.],500,100,0.1,0.0015,1,18,idID,89,first
54,0.0009632578398061215,0.0009632578398061215,0.006283127134727445,[0.         0.         0.         0.         0.57613871 0.         0.         0.         0.         0.         0.         0.         0.         0.         0.         0.         0.         0.         0.         0.         0.         0.         0.         0.         0.         0.         0.         0.01       0.         0.         0.        ],[0. 0. 0. 0. 1. 0. 0. 0. 0. 0. 0. 0. 0. 0. 0. 0. 0. 0. 0. 0. 0. 0. 0. 0. 0. 0. 0. 1. 0. 0. 0.],500,100,0.1,0.0015,1,18,idID,89,first
55,0.0009632578398061215,0.0009632578398061215,0.006283127134727445,[0.         0.         0.         0.         0.57613871 0.         0.         0.         0.         0.         0.         0.         0.         0.         0.         0.         0.         0.         0.         0.         0.         0.         0.         0.         0.         0.         0.         0.01       0.         0.         0.        ],[0. 0. 0. 0. 1. 0. 0. 0. 0. 0. 0. 0. 0. 0. 0. 0. 0. 0. 0. 0. 0. 0. 0. 0. 0. 0. 0. 1. 0. 0. 0.],500,100,0.1,0.0015,1,18,idID,89,first
56,0.0009632578398061215,0.0009632578398061215,0.006283127134727445,[0.         0.         0.         0.         0.57613871 0.         0.         0.         0.         0.         0.         0.         0.         0.         0.         0.         0.         0.         0.         0.         0.         0.         0.         0.         0.         0.         0.         0.01       0.         0.         0.        ],[0. 0. 0. 0. 1. 0. 0. 0. 0. 0. 0. 0. 0. 0. 0. 0. 0. 0. 0. 0. 0. 0. 0. 0. 0. 0. 0. 1. 0. 0. 0.],500,100,0.1,0.0015,1,18,idID,89,first
57,0.0009632578398061215,0.0009632578398061215,0.006283127134727445,[0.         0.         0.         0.         0.57613871 0.         0.         0.         0.         0.         0.         0.         0.         0.         0.         0.         0.         0.         0.         0.         0.         0.         0.         0.         0.         0.         0.         0.01       0.         0.         0.        ],[0. 0. 0. 0. 1. 0. 0. 0. 0. 0. 0. 0. 0. 0. 0. 0. 0. 0. 0. 0. 0. 0. 0. 0. 0. 0. 0. 1. 0. 0. 0.],500,100,0.1,0.0015,1,18,idID,89,first
58,0.0009632578398061215,0.0009632578398061215,0.006283127134727445,[0.         0.         0.         0.         0.57613871 0.         0.         0.         0.         0.         0.         0.         0.         0.         0.         0.         0.         0.         0.         0.         0.         0.         0.         0.         0.         0.         0.         0.01       0.         0.         0.        ],[0. 0. 0. 0. 1. 0. 0. 0. 0. 0. 0. 0. 0. 0. 0. 0. 0. 0. 0. 0. 0. 0. 0. 0. 0. 0. 0. 1. 0. 0. 0.],500,100,0.1,0.0015,1,18,idID,89,first
59,0.0009632578398061215,0.0009632578398061215,0.006283127134727445,[0.         0.         0.         0.         0.57613871 0.         0.         0.         0.         0.         0.         0.         0.         0.         0.         0.         0.         0.         0.         0.         0.         0.         0.         0.         0.         0.         0.         0.01       0.         0.         0.        ],[0. 0. 0. 0. 1. 0. 0. 0. 0. 0. 0. 0. 0. 0. 0. 0. 0. 0. 0. 0. 0. 0. 0. 0. 0. 0. 0. 1. 0. 0. 0.],500,100,0.1,0.0015,1,18,idID,89,first
60,0.0009632578398061215,0.0009632578398061215,0.006283127134727445,[0.         0.         0.         0.         0.57613871 0.         0.         0.         0.         0.         0.         0.         0.         0.         0.         0.         0.         0.         0.         0.         0.         0.         0.         0.         0.         0.         0.         0.01       0.         0.         0.        ],[0. 0. 0. 0. 1. 0. 0. 0. 0. 0. 0. 0. 0. 0. 0. 0. 0. 0. 0. 0. 0. 0. 0. 0. 0. 0. 0. 1. 0. 0. 0.],500,100,0.1,0.0015,1,18,idID,89,first
61,0.0009632578398061215,0.0009632578398061215,0.006283127134727445,[0.         0.         0.         0.         0.57613871 0.         0.         0.         0.         0.         0.         0.         0.         0.         0.         0.         0.         0.         0.         0.         0.         0.         0.         0.         0.         0.         0.         0.01       0.         0.         0.        ],[0. 0. 0. 0. 1. 0. 0. 0. 0. 0. 0. 0. 0. 0. 0. 0. 0. 0. 0. 0. 0. 0. 0. 0. 0. 0. 0. 1. 0. 0. 0.],500,100,0.1,0.0015,1,18,idID,89,first
62,0.0009632578398061215,0.0009632578398061215,0.006283127134727445,[0.         0.         0.         0.         0.57613871 0.         0.         0.         0.         0.         0.         0.         0.         0.         0.         0.         0.         0.         0.         0.         0.         0.         0.         0.         0.         0.         0.         0.01       0.         0.         0.        ],[0. 0. 0. 0. 1. 0. 0. 0. 0. 0. 0. 0. 0. 0. 0. 0. 0. 0. 0. 0. 0. 0. 0. 0. 0. 0. 0. 1. 0. 0. 0.],500,100,0.1,0.0015,1,18,idID,89,first
63,0.0009632578398061215,0.0009632578398061215,0.006283127134727445,[0.         0.         0.         0.         0.57613871 0.         0.         0.         0.         0.         0.         0.         0.         0.         0.         0.         0.         0.         0.         0.         0.         0.         0.         0.         0.         0.         0.         0.01       0.         0.         0.        ],[0. 0. 0. 0. 1. 0. 0. 0. 0. 0. 0. 0. 0. 0. 0. 0. 0. 0. 0. 0. 0. 0. 0. 0. 0. 0. 0. 1. 0. 0. 0.],500,100,0.1,0.0015,1,18,idID,89,first
64,0.0009632578398061215,0.0009632578398061215,0.006283127134727445,[0.         0.         0.         0.         0.57613871 0.         0.         0.         0.         0.         0.         0.         0.         0.         0.         0.         0.         0.         0.         0.         0.         0.         0.         0.         0.         0.         0.         0.01       0.         0.         0.        ],[0. 0. 0. 0. 1. 0. 0. 0. 0. 0. 0. 0. 0. 0. 0. 0. 0. 0. 0. 0. 0. 0. 0. 0. 0. 0. 0. 1. 0. 0. 0.],500,100,0.1,0.0015,1,18,idID,89,first
65,0.0009632578398061215,0.0009632578398061215,0.006283127134727445,[0.         0.         0.         0.         0.57613871 0.         0.         0.         0.         0.         0.         0.         0.         0.         0.         0.         0.         0.         0.         0.         0.         0.         0.         0.         0.         0.         0.         0.01       0.         0.         0.        ],[0. 0. 0. 0. 1. 0. 0. 0. 0. 0. 0. 0. 0. 0. 0. 0. 0. 0. 0. 0. 0. 0. 0. 0. 0. 0. 0. 1. 0. 0. 0.],500,100,0.1,0.0015,1,18,idID,89,first
66,0.0009632578398061215,0.0009632578398061215,0.006283127134727445,[0.         0.         0.         0.         0.57613871 0.         0.         0.         0.         0.         0.         0.         0.         0.         0.         0.         0.         0.         0.         0.         0.         0.         0.         0.         0.         0.         0.         0.01       0.         0.         0.        ],[0. 0. 0. 0. 1. 0. 0. 0. 0. 0. 0. 0. 0. 0. 0. 0. 0. 0. 0. 0. 0. 0. 0. 0. 0. 0. 0. 1. 0. 0. 0.],500,100,0.1,0.0015,1,18,idID,89,first
67,0.0009632578398061215,0.0009632578398061215,0.006283127134727445,[0.         0.         0.         0.         0.57613871 0.         0.         0.         0.         0.         0.         0.         0.         0.         0.         0.         0.         0.         0.         0.         0.         0.         0.         0.         0.         0.         0.         0.01       0.         0.         0.        ],[0. 0. 0. 0. 1. 0. 0. 0. 0. 0. 0. 0. 0. 0. 0. 0. 0. 0. 0. 0. 0. 0. 0. 0. 0. 0. 0. 1. 0. 0. 0.],500,100,0.1,0.0015,1,18,idID,89,first
68,0.0009632578398061215,0.0009632578398061215,0.006283127134727445,[0.         0.         0.         0.         0.57613871 0.         0.         0.         0.         0.         0.         0.         0.         0.         0.         0.         0.         0.         0.         0.         0.         0.         0.         0.         0.         0.         0.         0.01       0.         0.         0.        ],[0. 0. 0. 0. 1. 0. 0. 0. 0. 0. 0. 0. 0. 0. 0. 0. 0. 0. 0. 0. 0. 0. 0. 0. 0. 0. 0. 1. 0. 0. 0.],500,100,0.1,0.0015,1,18,idID,89,first
69,0.0009632578398061215,0.0009632578398061215,0.006283127134727445,[0.         0.         0.         0.         0.57613871 0.         0.         0.         0.         0.         0.         0.         0.         0.         0.         0.         0.         0.         0.         0.         0.         0.         0.         0.         0.         0.         0.         0.01       0.         0.         0.        ],[0. 0. 0. 0. 1. 0. 0. 0. 0. 0. 0. 0. 0. 0. 0. 0. 0. 0. 0. 0. 0. 0. 0. 0. 0. 0. 0. 1. 0. 0. 0.],500,100,0.1,0.0015,1,18,idID,89,first
70,0.0009632578398061215,0.0009632578398061215,0.006283127134727445,[0.         0.         0.         0.         0.57613871 0.         0.         0.         0.         0.         0.         0.         0.         0.         0.         0.         0.         0.         0.         0.         0.         0.         0.         0.         0.         0.         0.         0.01       0.         0.         0.        ],[0. 0. 0. 0. 1. 0. 0. 0. 0. 0. 0. 0. 0. 0. 0. 0. 0. 0. 0. 0. 0. 0. 0. 0. 0. 0. 0. 1. 0. 0. 0.],500,100,0.1,0.0015,1,18,idID,89,first
71,0.0009632578398061215,0.0009632578398061215,0.006283127134727445,[0.         0.         0.         0.         0.57613871 0.         0.         0.         0.         0.         0.         0.         0.         0.         0.         0.         0.         0.         0.         0.         0.         0.         0.         0.         0.         0.         0.         0.01       0.         0.         0.        ],[0. 0. 0. 0. 1. 0. 0. 0. 0. 0. 0. 0. 0. 0. 0. 0. 0. 0. 0. 0. 0. 0. 0. 0. 0. 0. 0. 1. 0. 0. 0.],500,100,0.1,0.0015,1,18,idID,89,first
72,0.0009632578398061215,0.0009632578398061215,0.006283127134727445,[0.         0.         0.         0.         0.57613871 0.         0.         0.         0.         0.         0.         0.         0.         0.         0.         0.         0.         0.         0.         0.         0.         0.         0.         0.         0.         0.         0.         0.01       0.         0.         0.        ],[0. 0. 0. 0. 1. 0. 0. 0. 0. 0. 0. 0. 0. 0. 0. 0. 0. 0. 0. 0. 0. 0. 0. 0. 0. 0. 0. 1. 0. 0. 0.],500,100,0.1,0.0015,1,18,idID,89,first
73,0.0009632578398061215,0.0009632578398061215,0.006283127134727445,[0.         0.         0.         0.         0.57613871 0.         0.         0.         0.         0.         0.         0.         0.         0.         0.         0.         0.         0.         0.         0.         0.         0.         0.         0.         0.         0.         0.         0.01       0.         0.         0.        ],[0. 0. 0. 0. 1. 0. 0. 0. 0. 0. 0. 0. 0. 0. 0. 0. 0. 0. 0. 0. 0. 0. 0. 0. 0. 0. 0. 1. 0. 0. 0.],500,100,0.1,0.0015,1,18,idID,89,first
74,0.0009632578398061215,0.0009632578398061215,0.006283127134727445,[0.         0.         0.         0.         0.57613871 0.         0.         0.         0.         0.         0.         0.         0.         0.         0.         0.         0.         0.         0.         0.         0.         0.         0.         0.         0.         0.         0.         0.01       0.         0.         0.        ],[0. 0. 0. 0. 1. 0. 0. 0. 0. 0. 0. 0. 0. 0. 0. 0. 0. 0. 0. 0. 0. 0. 0. 0. 0. 0. 0. 1. 0. 0. 0.],500,100,0.1,0.0015,1,18,idID,89,first
75,0.0009632578398061215,0.0009632578398061215,0.006283127134727445,[0.         0.         0.         0.         0.57613871 0.         0.         0.         0.         0.         0.         0.         0.         0.         0.         0.         0.         0.         0.         0.         0.         0.         0.         0.         0.         0.         0.         0.01       0.         0.         0.        ],[0. 0. 0. 0. 1. 0. 0. 0. 0. 0. 0. 0. 0. 0. 0. 0. 0. 0. 0. 0. 0. 0. 0. 0. 0. 0. 0. 1. 0. 0. 0.],500,100,0.1,0.0015,1,18,idID,89,first
76,0.0009632578398061215,0.0009632578398061215,0.006283127134727445,[0.         0.         0.         0.         0.57613871 0.         0.         0.         0.         0.         0.         0.         0.         0.         0.         0.         0.         0.         0.         0.         0.         0.         0.         0.         0.         0.         0.         0.01       0.         0.         0.        ],[0. 0. 0. 0. 1. 0. 0. 0. 0. 0. 0. 0. 0. 0. 0. 0. 0. 0. 0. 0. 0. 0. 0. 0. 0. 0. 0. 1. 0. 0. 0.],500,100,0.1,0.0015,1,18,idID,89,first
77,0.0009632578398061215,0.0009632578398061215,0.006283127134727445,[0.         0.         0.         0.         0.57613871 0.         0.         0.         0.         0.         0.         0.         0.         0.         0.         0.         0.         0.         0.         0.         0.         0.         0.         0.         0.         0.         0.         0.01       0.         0.         0.        ],[0. 0. 0. 0. 1. 0. 0. 0. 0. 0. 0. 0. 0. 0. 0. 0. 0. 0. 0. 0. 0. 0. 0. 0. 0. 0. 0. 1. 0. 0. 0.],500,100,0.1,0.0015,1,18,idID,89,first
78,0.0009632578398061215,0.0009632578398061215,0.006283127134727445,[0.         0.         0.         0.         0.57613871 0.         0.         0.         0.         0.         0.         0.         0.         0.         0.         0.         0.         0.         0.         0.         0.         0.         0.         0.         0.         0.         0.         0.01       0.         0.         0.        ],[0. 0. 0. 0. 1. 0. 0. 0. 0. 0. 0. 0. 0. 0. 0. 0. 0. 0. 0. 0. 0. 0. 0. 0. 0. 0. 0. 1. 0. 0. 0.],500,100,0.1,0.0015,1,18,idID,89,first
79,0.0009632578398061215,0.0009632578398061215,0.006283127134727445,[0.         0.         0.         0.         0.57613871 0.         0.         0.         0.         0.         0.         0.         0.         0.         0.         0.         0.         0.         0.         0.         0.         0.         0.         0.         0.         0.         0.         0.01       0.         0.         0.        ],[0. 0. 0. 0. 1. 0. 0. 0. 0. 0. 0. 0. 0. 0. 0. 0. 0. 0. 0. 0. 0. 0. 0. 0. 0. 0. 0. 1. 0. 0. 0.],500,100,0.1,0.0015,1,18,idID,89,first
80,0.0009632578398061215,0.0009632578398061215,0.006283127134727445,[0.         0.         0.         0.         0.57613871 0.         0.         0.         0.         0.         0.         0.         0.         0.         0.         0.         0.         0.         0.         0.         0.         0.         0.         0.         0.         0.         0.         0.01       0.         0.         0.        ],[0. 0. 0. 0. 1. 0. 0. 0. 0. 0. 0. 0. 0. 0. 0. 0. 0. 0. 0. 0. 0. 0. 0. 0. 0. 0. 0. 1. 0. 0. 0.],500,100,0.1,0.0015,1,18,idID,89,first
81,0.0009632578398061215,0.0009632578398061215,0.006283127134727445,[0.         0.         0.         0.         0.57613871 0.         0.         0.         0.         0.         0.         0.         0.         0.         0.         0.         0.         0.         0.         0.         0.         0.         0.         0.         0.         0.         0.         0.01       0.         0.         0.        ],[0. 0. 0. 0. 1. 0. 0. 0. 0. 0. 0. 0. 0. 0. 0. 0. 0. 0. 0. 0. 0. 0. 0. 0. 0. 0. 0. 1. 0. 0. 0.],500,100,0.1,0.0015,1,18,idID,89,first
82,0.0009632578398061215,0.0009632578398061215,0.006283127134727445,[0.         0.         0.         0.         0.57613871 0.         0.         0.         0.         0.         0.         0.         0.         0.         0.         0.         0.         0.         0.         0.         0.         0.         0.         0.         0.         0.         0.         0.01       0.         0.         0.        ],[0. 0. 0. 0. 1. 0. 0. 0. 0. 0. 0. 0. 0. 0. 0. 0. 0. 0. 0. 0. 0. 0. 0. 0. 0. 0. 0. 1. 0. 0. 0.],500,100,0.1,0.0015,1,18,idID,89,first
83,0.0009632578398061215,0.0009632578398061215,0.006283127134727445,[0.         0.         0.         0.         0.57613871 0.         0.         0.         0.         0.         0.         0.         0.         0.         0.         0.         0.         0.         0.         0.         0.         0.         0.         0.         0.         0.         0.         0.01       0.         0.         0.        ],[0. 0. 0. 0. 1. 0. 0. 0. 0. 0. 0. 0. 0. 0. 0. 0. 0. 0. 0. 0. 0. 0. 0. 0. 0. 0. 0. 1. 0. 0. 0.],500,100,0.1,0.0015,1,18,idID,89,first
84,0.0009632578398061215,0.0009632578398061215,0.006283127134727445,[0.         0.         0.         0.         0.57613871 0.         0.         0.         0.         0.         0.         0.         0.         0.         0.         0.         0.         0.         0.         0.         0.         0.         0.         0.         0.         0.         0.         0.01       0.         0.         0.        ],[0. 0. 0. 0. 1. 0. 0. 0. 0. 0. 0. 0. 0. 0. 0. 0. 0. 0. 0. 0. 0. 0. 0. 0. 0. 0. 0. 1. 0. 0. 0.],500,100,0.1,0.0015,1,18,idID,89,first
85,0.0009632578398061215,0.0009632578398061215,0.006283127134727445,[0.         0.         0.         0.         0.57613871 0.         0.         0.         0.         0.         0.         0.         0.         0.         0.         0.         0.         0.         0.         0.         0.         0.         0.         0.         0.         0.         0.         0.01       0.         0.         0.        ],[0. 0. 0. 0. 1. 0. 0. 0. 0. 0. 0. 0. 0. 0. 0. 0. 0. 0. 0. 0. 0. 0. 0. 0. 0. 0. 0. 1. 0. 0. 0.],500,100,0.1,0.0015,1,18,idID,89,first
86,0.0009632578398061215,0.0009632578398061215,0.006283127134727445,[0.         0.         0.         0.         0.57613871 0.         0.         0.         0.         0.         0.         0.         0.         0.         0.         0.         0.         0.         0.         0.         0.         0.         0.         0.         0.         0.         0.         0.01       0.         0.         0.        ],[0. 0. 0. 0. 1. 0. 0. 0. 0. 0. 0. 0. 0. 0. 0. 0. 0. 0. 0. 0. 0. 0. 0. 0. 0. 0. 0. 1. 0. 0. 0.],500,100,0.1,0.0015,1,18,idID,89,first
87,0.0009632578398061215,0.0009632578398061215,0.006283127134727445,[0.         0.         0.         0.         0.57613871 0.         0.         0.         0.         0.         0.         0.         0.         0.         0.         0.         0.         0.         0.         0.         0.         0.         0.         0.         0.         0.         0.         0.01       0.         0.         0.        ],[0. 0. 0. 0. 1. 0. 0. 0. 0. 0. 0. 0. 0. 0. 0. 0. 0. 0. 0. 0. 0. 0. 0. 0. 0. 0. 0. 1. 0. 0. 0.],500,100,0.1,0.0015,1,18,idID,89,first
88,0.0009632578398061215,0.0009632578398061215,0.006283127134727445,[0.         0.         0.         0.         0.57613871 0.         0.         0.         0.         0.         0.         0.         0.         0.         0.         0.         0.         0.         0.         0.         0.         0.         0.         0.         0.         0.         0.         0.01       0.         0.         0.        ],[0. 0. 0. 0. 1. 0. 0. 0. 0. 0. 0. 0. 0. 0. 0. 0. 0. 0. 0. 0. 0. 0. 0. 0. 0. 0. 0. 1. 0. 0. 0.],500,100,0.1,0.0015,1,18,idID,89,first
89,0.0009632578398061215,0.0009632578398061215,0.006283127134727445,[0.         0.         0.         0.         0.57613871 0.         0.         0.         0.         0.         0.         0.         0.         0.         0.         0.         0.         0.         0.         0.         0.         0.         0.         0.         0.         0.         0.         0.01       0.         0.         0.        ],[0. 0. 0. 0. 1. 0. 0. 0. 0. 0. 0. 0. 0. 0. 0. 0. 0. 0. 0. 0. 0. 0. 0. 0. 0. 0. 0. 1. 0. 0. 0.],500,100,0.1,0.0015,1,18,idID,89,first
90,0.0009632578398061215,0.0009632578398061215,0.006283127134727445,[0.         0.         0.         0.         0.57613871 0.         0.         0.         0.         0.         0.         0.         0.         0.         0.         0.         0.         0.         0.         0.         0.         0.         0.         0.         0.         0.         0.         0.01       0.         0.         0.        ],[0. 0. 0. 0. 1. 0. 0. 0. 0. 0. 0. 0. 0. 0. 0. 0. 0. 0. 0. 0. 0. 0. 0. 0. 0. 0. 0. 1. 0. 0. 0.],500,100,0.1,0.0015,1,18,idID,89,first
91,0.0009632578398061215,0.0009632578398061215,0.006283127134727445,[0.         0.         0.         0.         0.57613871 0.         0.         0.         0.         0.         0.         0.         0.         0.         0.         0.         0.         0.         0.         0.         0.         0.         0.         0.         0.         0.         0.         0.01       0.         0.         0.        ],[0. 0. 0. 0. 1. 0. 0. 0. 0. 0. 0. 0. 0. 0. 0. 0. 0. 0. 0. 0. 0. 0. 0. 0. 0. 0. 0. 1. 0. 0. 0.],500,100,0.1,0.0015,1,18,idID,89,first
92,0.0009632578398061215,0.0009632578398061215,0.006283127134727445,[0.         0.         0.         0.         0.57613871 0.         0.         0.         0.         0.         0.         0.         0.         0.         0.         0.         0.         0.         0.         0.         0.         0.         0.         0.         0.         0.         0.         0.01       0.         0.         0.        ],[0. 0. 0. 0. 1. 0. 0. 0. 0. 0. 0. 0. 0. 0. 0. 0. 0. 0. 0. 0. 0. 0. 0. 0. 0. 0. 0. 1. 0. 0. 0.],500,100,0.1,0.0015,1,18,idID,89,first
93,0.0009632578398061215,0.0009632578398061215,0.006283127134727445,[0.         0.         0.         0.         0.57613871 0.         0.         0.         0.         0.         0.         0.         0.         0.         0.         0.         0.         0.         0.         0.         0.         0.         0.         0.         0.         0.         0.         0.01       0.         0.         0.        ],[0. 0. 0. 0. 1. 0. 0. 0. 0. 0. 0. 0. 0. 0. 0. 0. 0. 0. 0. 0. 0. 0. 0. 0. 0. 0. 0. 1. 0. 0. 0.],500,100,0.1,0.0015,1,18,idID,89,first
94,0.0009632578398061215,0.0009632578398061215,0.006283127134727445,[0.         0.         0.         0.         0.57613871 0.         0.         0.         0.         0.         0.         0.         0.         0.         0.         0.         0.         0.         0.         0.         0.         0.         0.         0.         0.         0.         0.         0.01       0.         0.         0.        ],[0. 0. 0. 0. 1. 0. 0. 0. 0. 0. 0. 0. 0. 0. 0. 0. 0. 0. 0. 0. 0. 0. 0. 0. 0. 0. 0. 1. 0. 0. 0.],500,100,0.1,0.0015,1,18,idID,89,first
95,0.0009632578398061215,0.0009632578398061215,0.006283127134727445,[0.         0.         0.         0.         0.57613871 0.         0.         0.         0.         0.         0.         0.         0.         0.         0.         0.         0.         0.         0.         0.         0.         0.         0.         0.         0.         0.         0.         0.01       0.         0.         0.        ],[0. 0. 0. 0. 1. 0. 0. 0. 0. 0. 0. 0. 0. 0. 0. 0. 0. 0. 0. 0. 0. 0. 0. 0. 0. 0. 0. 1. 0. 0. 0.],500,100,0.1,0.0015,1,18,idID,89,first
96,0.0009632578398061215,0.0009632578398061215,0.006283127134727445,[0.         0.         0.         0.         0.57613871 0.         0.         0.         0.         0.         0.         0.         0.         0.         0.         0.         0.         0.         0.         0.         0.         0.         0.         0.         0.         0.         0.         0.01       0.         0.         0.        ],[0. 0. 0. 0. 1. 0. 0. 0. 0. 0. 0. 0. 0. 0. 0. 0. 0. 0. 0. 0. 0. 0. 0. 0. 0. 0. 0. 1. 0. 0. 0.],500,100,0.1,0.0015,1,18,idID,89,first
97,0.0009632578398061215,0.0009632578398061215,0.006283127134727445,[0.         0.         0.         0.         0.57613871 0.         0.         0.         0.         0.         0.         0.         0.         0.         0.         0.         0.         0.         0.         0.         0.         0.         0.         0.         0.         0.         0.         0.01       0.         0.         0.        ],[0. 0. 0. 0. 1. 0. 0. 0. 0. 0. 0. 0. 0. 0. 0. 0. 0. 0. 0. 0. 0. 0. 0. 0. 0. 0. 0. 1. 0. 0. 0.],500,100,0.1,0.0015,1,18,idID,89,first
98,0.0009632578398061215,0.0009632578398061215,0.006283127134727445,[0.         0.         0.         0.         0.57613871 0.         0.         0.         0.         0.         0.         0.         0.         0.         0.         0.         0.         0.         0.         0.         0.         0.         0.         0.         0.         0.         0.         0.01       0.         0.         0.        ],[0. 0. 0. 0. 1. 0. 0. 0. 0. 0. 0. 0. 0. 0. 0. 0. 0. 0. 0. 0. 0. 0. 0. 0. 0. 0. 0. 1. 0. 0. 0.],500,100,0.1,0.0015,1,18,idID,89,first
99,0.0009632578398061215,0.0009632578398061215,0.006283127134727445,[0.         0.         0.         0.         0.57613871 0.         0.         0.         0.         0.         0.         0.         0.         0.         0.         0.         0.         0.         0.         0.         0.         0.         0.         0.         0.         0.         0.         0.01       0.         0.         0.        ],[0. 0. 0. 0. 1. 0. 0. 0. 0. 0. 0. 0. 0. 0. 0. 0. 0. 0. 0. 0. 0. 0. 0. 0. 0. 0. 0. 1. 0. 0. 0.],500,100,0.1,0.0015,1,18,idID,89,first
100,0.0009632578398061215,0.0009632578398061215,0.006283127134727445,[0.         0.         0.         0.         0.57613871 0.         0.         0.         0.         0.         0.         0.         0.         0.         0.         0.         0.         0.         0.         0.         0.         0.         0.         0.         0.         0.         0.         0.01       0.         0.         0.        ],[0. 0. 0. 0. 1. 0. 0. 0. 0. 0. 0. 0. 0. 0. 0. 0. 0. 0. 0. 0. 0. 0. 0. 0. 0. 0. 0. 1. 0. 0. 0.],500,100,0.1,0.0015,1,18,idID,89,first
101,0.0009632578398061215,0.0009632578398061215,0.006283127134727445,[0.         0.         0.         0.         0.57613871 0.         0.         0.         0.         0.         0.         0.         0.         0.         0.         0.         0.         0.         0.         0.         0.         0.         0.         0.         0.         0.         0.         0.01       0.         0.         0.        ],[0. 0. 0. 0. 1. 0. 0. 0. 0. 0. 0. 0. 0. 0. 0. 0. 0. 0. 0. 0. 0. 0. 0. 0. 0. 0. 0. 1. 0. 0. 0.],500,100,0.1,0.0015,1,18,idID,89,first
102,0.0009632578398061215,0.0009632578398061215,0.006283127134727445,[0.         0.         0.         0.         0.57613871 0.         0.         0.         0.         0.         0.         0.         0.         0.         0.         0.         0.         0.         0.         0.         0.         0.         0.         0.         0.         0.         0.         0.01       0.         0.         0.        ],[0. 0. 0. 0. 1. 0. 0. 0. 0. 0. 0. 0. 0. 0. 0. 0. 0. 0. 0. 0. 0. 0. 0. 0. 0. 0. 0. 1. 0. 0. 0.],500,100,0.1,0.0015,1,18,idID,89,first
103,0.0009632578398061215,0.0009632578398061215,0.006283127134727445,[0.         0.         0.         0.         0.57613871 0.         0.         0.         0.         0.         0.         0.         0.         0.         0.         0.         0.         0.         0.         0.         0.         0.         0.         0.         0.         0.         0.         0.01       0.         0.         0.        ],[0. 0. 0. 0. 1. 0. 0. 0. 0. 0. 0. 0. 0. 0. 0. 0. 0. 0. 0. 0. 0. 0. 0. 0. 0. 0. 0. 1. 0. 0. 0.],500,100,0.1,0.0015,1,18,idID,89,first
104,0.0009632578398061215,0.0009632578398061215,0.006283127134727445,[0.         0.         0.         0.         0.57613871 0.         0.         0.         0.         0.         0.         0.         0.         0.         0.         0.         0.         0.         0.         0.         0.         0.         0.         0.         0.         0.         0.         0.01       0.         0.         0.        ],[0. 0. 0. 0. 1. 0. 0. 0. 0. 0. 0. 0. 0. 0. 0. 0. 0. 0. 0. 0. 0. 0. 0. 0. 0. 0. 0. 1. 0. 0. 0.],500,100,0.1,0.0015,1,18,idID,89,first
105,0.0009632578398061215,0.0009632578398061215,0.006283127134727445,[0.         0.         0.         0.         0.57613871 0.         0.         0.         0.         0.         0.         0.         0.         0.         0.         0.         0.         0.         0.         0.         0.         0.         0.         0.         0.         0.         0.         0.01       0.         0.         0.        ],[0. 0. 0. 0. 1. 0. 0. 0. 0. 0. 0. 0. 0. 0. 0. 0. 0. 0. 0. 0. 0. 0. 0. 0. 0. 0. 0. 1. 0. 0. 0.],500,100,0.1,0.0015,1,18,idID,89,first
106,0.0009632578398061215,0.0009632578398061215,0.006283127134727445,[0.         0.         0.         0.         0.57613871 0.         0.         0.         0.         0.         0.         0.         0.         0.         0.         0.         0.         0.         0.         0.         0.         0.         0.         0.         0.         0.         0.         0.01       0.         0.         0.        ],[0. 0. 0. 0. 1. 0. 0. 0. 0. 0. 0. 0. 0. 0. 0. 0. 0. 0. 0. 0. 0. 0. 0. 0. 0. 0. 0. 1. 0. 0. 0.],500,100,0.1,0.0015,1,18,idID,89,first
107,0.0009632578398061215,0.0009632578398061215,0.006283127134727445,[0.         0.         0.         0.         0.57613871 0.         0.         0.         0.         0.         0.         0.         0.         0.         0.         0.         0.         0.         0.         0.         0.         0.         0.         0.         0.         0.         0.         0.01       0.         0.         0.        ],[0. 0. 0. 0. 1. 0. 0. 0. 0. 0. 0. 0. 0. 0. 0. 0. 0. 0. 0. 0. 0. 0. 0. 0. 0. 0. 0. 1. 0. 0. 0.],500,100,0.1,0.0015,1,18,idID,89,first
108,0.0009632578398061215,0.0009632578398061215,0.006283127134727445,[0.         0.         0.         0.         0.57613871 0.         0.         0.         0.         0.         0.         0.         0.         0.         0.         0.         0.         0.         0.         0.         0.         0.         0.         0.         0.         0.         0.         0.01       0.         0.         0.        ],[0. 0. 0. 0. 1. 0. 0. 0. 0. 0. 0. 0. 0. 0. 0. 0. 0. 0. 0. 0. 0. 0. 0. 0. 0. 0. 0. 1. 0. 0. 0.],500,100,0.1,0.0015,1,18,idID,89,first
109,0.0009632578398061215,0.0009632578398061215,0.006283127134727445,[0.         0.         0.         0.         0.57613871 0.         0.         0.         0.         0.         0.         0.         0.         0.         0.         0.         0.         0.         0.         0.         0.         0.         0.         0.         0.         0.         0.         0.01       0.         0.         0.        ],[0. 0. 0. 0. 1. 0. 0. 0. 0. 0. 0. 0. 0. 0. 0. 0. 0. 0. 0. 0. 0. 0. 0. 0. 0. 0. 0. 1. 0. 0. 0.],500,100,0.1,0.0015,1,18,idID,89,first
110,0.0009632578398061215,0.0009632578398061215,0.006283127134727445,[0.         0.         0.         0.         0.57613871 0.         0.         0.         0.         0.         0.         0.         0.         0.         0.         0.         0.         0.         0.         0.         0.         0.         0.         0.         0.         0.         0.         0.01       0.         0.         0.        ],[0. 0. 0. 0. 1. 0. 0. 0. 0. 0. 0. 0. 0. 0. 0. 0. 0. 0. 0. 0. 0. 0. 0. 0. 0. 0. 0. 1. 0. 0. 0.],500,100,0.1,0.0015,1,18,idID,89,first
111,0.0009632578398061215,0.0009632578398061215,0.006283127134727445,[0.         0.         0.         0.         0.57613871 0.         0.         0.         0.         0.         0.         0.         0.         0.         0.         0.         0.         0.         0.         0.         0.         0.         0.         0.         0.         0.         0.         0.01       0.         0.         0.        ],[0. 0. 0. 0. 1. 0. 0. 0. 0. 0. 0. 0. 0. 0. 0. 0. 0. 0. 0. 0. 0. 0. 0. 0. 0. 0. 0. 1. 0. 0. 0.],500,100,0.1,0.0015,1,18,idID,89,first
112,0.0009632578398061215,0.0009632578398061215,0.006283127134727445,[0.         0.         0.         0.         0.57613871 0.         0.         0.         0.         0.         0.         0.         0.         0.         0.         0.         0.         0.         0.         0.         0.         0.         0.         0.         0.         0.         0.         0.01       0.         0.         0.        ],[0. 0. 0. 0. 1. 0. 0. 0. 0. 0. 0. 0. 0. 0. 0. 0. 0. 0. 0. 0. 0. 0. 0. 0. 0. 0. 0. 1. 0. 0. 0.],500,100,0.1,0.0015,1,18,idID,89,first
113,0.0009632578398061215,0.0009632578398061215,0.006283127134727445,[0.         0.         0.         0.         0.57613871 0.         0.         0.         0.         0.         0.         0.         0.         0.         0.         0.         0.         0.         0.         0.         0.         0.         0.         0.         0.         0.         0.         0.01       0.         0.         0.        ],[0. 0. 0. 0. 1. 0. 0. 0. 0. 0. 0. 0. 0. 0. 0. 0. 0. 0. 0. 0. 0. 0. 0. 0. 0. 0. 0. 1. 0. 0. 0.],500,100,0.1,0.0015,1,18,idID,89,first
114,0.0009632578398061215,0.0009632578398061215,0.006283127134727445,[0.         0.         0.         0.         0.57613871 0.         0.         0.         0.         0.         0.         0.         0.         0.         0.         0.         0.         0.         0.         0.         0.         0.         0.         0.         0.         0.         0.         0.01       0.         0.         0.        ],[0. 0. 0. 0. 1. 0. 0. 0. 0. 0. 0. 0. 0. 0. 0. 0. 0. 0. 0. 0. 0. 0. 0. 0. 0. 0. 0. 1. 0. 0. 0.],500,100,0.1,0.0015,1,18,idID,89,first
115,0.0009632578398061215,0.0009632578398061215,0.006283127134727445,[0.         0.         0.         0.         0.57613871 0.         0.         0.         0.         0.         0.         0.         0.         0.         0.         0.         0.         0.         0.         0.         0.         0.         0.         0.         0.         0.         0.         0.01       0.         0.         0.        ],[0. 0. 0. 0. 1. 0. 0. 0. 0. 0. 0. 0. 0. 0. 0. 0. 0. 0. 0. 0. 0. 0. 0. 0. 0. 0. 0. 1. 0. 0. 0.],500,100,0.1,0.0015,1,18,idID,89,first
116,0.0009632578398061215,0.0009632578398061215,0.006283127134727445,[0.         0.         0.         0.         0.57613871 0.         0.         0.         0.         0.         0.         0.         0.         0.         0.         0.         0.         0.         0.         0.         0.         0.         0.         0.         0.         0.         0.         0.01       0.         0.         0.        ],[0. 0. 0. 0. 1. 0. 0. 0. 0. 0. 0. 0. 0. 0. 0. 0. 0. 0. 0. 0. 0. 0. 0. 0. 0. 0. 0. 1. 0. 0. 0.],500,100,0.1,0.0015,1,18,idID,89,first
117,0.0009632578398061215,0.0009632578398061215,0.006283127134727445,[0.         0.         0.         0.         0.57613871 0.         0.         0.         0.         0.         0.         0.         0.         0.         0.         0.         0.         0.         0.         0.         0.         0.         0.         0.         0.         0.         0.         0.01       0.         0.         0.        ],[0. 0. 0. 0. 1. 0. 0. 0. 0. 0. 0. 0. 0. 0. 0. 0. 0. 0. 0. 0. 0. 0. 0. 0. 0. 0. 0. 1. 0. 0. 0.],500,100,0.1,0.0015,1,18,idID,89,first
118,0.0009632578398061215,0.0009632578398061215,0.006283127134727445,[0.         0.         0.         0.         0.57613871 0.         0.         0.         0.         0.         0.         0.         0.         0.         0.         0.         0.         0.         0.         0.         0.         0.         0.         0.         0.         0.         0.         0.01       0.         0.         0.        ],[0. 0. 0. 0. 1. 0. 0. 0. 0. 0. 0. 0. 0. 0. 0. 0. 0. 0. 0. 0. 0. 0. 0. 0. 0. 0. 0. 1. 0. 0. 0.],500,100,0.1,0.0015,1,18,idID,89,first
119,0.0009632578398061215,0.0009632578398061215,0.006283127134727445,[0.         0.         0.         0.         0.57613871 0.         0.         0.         0.         0.         0.         0.         0.         0.         0.         0.         0.         0.         0.         0.         0.         0.         0.         0.         0.         0.         0.         0.01       0.         0.         0.        ],[0. 0. 0. 0. 1. 0. 0. 0. 0. 0. 0. 0. 0. 0. 0. 0. 0. 0. 0. 0. 0. 0. 0. 0. 0. 0. 0. 1. 0. 0. 0.],500,100,0.1,0.0015,1,18,idID,89,first
120,0.0009632578398061215,0.0009632578398061215,0.006283127134727445,[0.         0.         0.         0.         0.57613871 0.         0.         0.         0.         0.         0.         0.         0.         0.         0.         0.         0.         0.         0.         0.         0.         0.         0.         0.         0.         0.         0.         0.01       0.         0.         0.        ],[0. 0. 0. 0. 1. 0. 0. 0. 0. 0. 0. 0. 0. 0. 0. 0. 0. 0. 0. 0. 0. 0. 0. 0. 0. 0. 0. 1. 0. 0. 0.],500,100,0.1,0.0015,1,18,idID,89,first
121,0.0009632578398061215,0.0009632578398061215,0.006283127134727445,[0.         0.         0.         0.         0.57613871 0.         0.         0.         0.         0.         0.         0.         0.         0.         0.         0.         0.         0.         0.         0.         0.         0.         0.         0.         0.         0.         0.         0.01       0.         0.         0.        ],[0. 0. 0. 0. 1. 0. 0. 0. 0. 0. 0. 0. 0. 0. 0. 0. 0. 0. 0. 0. 0. 0. 0. 0. 0. 0. 0. 1. 0. 0. 0.],500,100,0.1,0.0015,1,18,idID,89,first
122,0.0009632578398061215,0.0009632578398061215,0.006283127134727445,[0.         0.         0.         0.         0.57613871 0.         0.         0.         0.         0.         0.         0.         0.         0.         0.         0.         0.         0.         0.         0.         0.         0.         0.         0.         0.         0.         0.         0.01       0.         0.         0.        ],[0. 0. 0. 0. 1. 0. 0. 0. 0. 0. 0. 0. 0. 0. 0. 0. 0. 0. 0. 0. 0. 0. 0. 0. 0. 0. 0. 1. 0. 0. 0.],500,100,0.1,0.0015,1,18,idID,89,first
123,0.0009632578398061215,0.0009632578398061215,0.006283127134727445,[0.         0.         0.         0.         0.57613871 0.         0.         0.         0.         0.         0.         0.         0.         0.         0.         0.         0.         0.         0.         0.         0.         0.         0.         0.         0.         0.         0.         0.01       0.         0.         0.        ],[0. 0. 0. 0. 1. 0. 0. 0. 0. 0. 0. 0. 0. 0. 0. 0. 0. 0. 0. 0. 0. 0. 0. 0. 0. 0. 0. 1. 0. 0. 0.],500,100,0.1,0.0015,1,18,idID,89,first
124,0.0009632578398061215,0.0009632578398061215,0.006283127134727445,[0.         0.         0.         0.         0.57613871 0.         0.         0.         0.         0.         0.         0.         0.         0.         0.         0.         0.         0.         0.         0.         0.         0.         0.         0.         0.         0.         0.         0.01       0.         0.         0.        ],[0. 0. 0. 0. 1. 0. 0. 0. 0. 0. 0. 0. 0. 0. 0. 0. 0. 0. 0. 0. 0. 0. 0. 0. 0. 0. 0. 1. 0. 0. 0.],500,100,0.1,0.0015,1,18,idID,89,first
125,0.0009632578398061215,0.0009632578398061215,0.006283127134727445,[0.         0.         0.         0.         0.57613871 0.         0.         0.         0.         0.         0.         0.         0.         0.         0.         0.         0.         0.         0.         0.         0.         0.         0.         0.         0.         0.         0.         0.01       0.         0.         0.        ],[0. 0. 0. 0. 1. 0. 0. 0. 0. 0. 0. 0. 0. 0. 0. 0. 0. 0. 0. 0. 0. 0. 0. 0. 0. 0. 0. 1. 0. 0. 0.],500,100,0.1,0.0015,1,18,idID,89,first
126,0.0009632578398061215,0.0009632578398061215,0.006283127134727445,[0.         0.         0.         0.         0.57613871 0.         0.         0.         0.         0.         0.         0.         0.         0.         0.         0.         0.         0.         0.         0.         0.         0.         0.         0.         0.         0.         0.         0.01       0.         0.         0.        ],[0. 0. 0. 0. 1. 0. 0. 0. 0. 0. 0. 0. 0. 0. 0. 0. 0. 0. 0. 0. 0. 0. 0. 0. 0. 0. 0. 1. 0. 0. 0.],500,100,0.1,0.0015,1,18,idID,89,first
127,0.0009632578398061215,0.0009632578398061215,0.006283127134727445,[0.         0.         0.         0.         0.57613871 0.         0.         0.         0.         0.         0.         0.         0.         0.         0.         0.         0.         0.         0.         0.         0.         0.         0.         0.         0.         0.         0.         0.01       0.         0.         0.        ],[0. 0. 0. 0. 1. 0. 0. 0. 0. 0. 0. 0. 0. 0. 0. 0. 0. 0. 0. 0. 0. 0. 0. 0. 0. 0. 0. 1. 0. 0. 0.],500,100,0.1,0.0015,1,18,idID,89,first
128,0.0009632578398061215,0.0009632578398061215,0.006283127134727445,[0.         0.         0.         0.         0.57613871 0.         0.         0.         0.         0.         0.         0.         0.         0.         0.         0.         0.         0.         0.         0.         0.         0.         0.         0.         0.         0.         0.         0.01       0.         0.         0.        ],[0. 0. 0. 0. 1. 0. 0. 0. 0. 0. 0. 0. 0. 0. 0. 0. 0. 0. 0. 0. 0. 0. 0. 0. 0. 0. 0. 1. 0. 0. 0.],500,100,0.1,0.0015,1,18,idID,89,first
129,0.0009632578398061215,0.0009632578398061215,0.006283127134727445,[0.         0.         0.         0.         0.57613871 0.         0.         0.         0.         0.         0.         0.         0.         0.         0.         0.         0.         0.         0.         0.         0.         0.         0.         0.         0.         0.         0.         0.01       0.         0.         0.        ],[0. 0. 0. 0. 1. 0. 0. 0. 0. 0. 0. 0. 0. 0. 0. 0. 0. 0. 0. 0. 0. 0. 0. 0. 0. 0. 0. 1. 0. 0. 0.],500,100,0.1,0.0015,1,18,idID,89,first
130,0.0009632578398061215,0.0009632578398061215,0.006283127134727445,[0.         0.         0.         0.         0.57613871 0.         0.         0.         0.         0.         0.         0.         0.         0.         0.         0.         0.         0.         0.         0.         0.         0.         0.         0.         0.         0.         0.         0.01       0.         0.         0.        ],[0. 0. 0. 0. 1. 0. 0. 0. 0. 0. 0. 0. 0. 0. 0. 0. 0. 0. 0. 0. 0. 0. 0. 0. 0. 0. 0. 1. 0. 0. 0.],500,100,0.1,0.0015,1,18,idID,89,first
131,0.0009632578398061215,0.0009632578398061215,0.006283127134727445,[0.         0.         0.         0.         0.57613871 0.         0.         0.         0.         0.         0.         0.         0.         0.         0.         0.         0.         0.         0.         0.         0.         0.         0.         0.         0.         0.         0.         0.01       0.         0.         0.        ],[0. 0. 0. 0. 1. 0. 0. 0. 0. 0. 0. 0. 0. 0. 0. 0. 0. 0. 0. 0. 0. 0. 0. 0. 0. 0. 0. 1. 0. 0. 0.],500,100,0.1,0.0015,1,18,idID,89,first
132,0.0009632578398061215,0.0009632578398061215,0.006283127134727445,[0.         0.         0.         0.         0.57613871 0.         0.         0.         0.         0.         0.         0.         0.         0.         0.         0.         0.         0.         0.         0.         0.         0.         0.         0.         0.         0.         0.         0.01       0.         0.         0.        ],[0. 0. 0. 0. 1. 0. 0. 0. 0. 0. 0. 0. 0. 0. 0. 0. 0. 0. 0. 0. 0. 0. 0. 0. 0. 0. 0. 1. 0. 0. 0.],500,100,0.1,0.0015,1,18,idID,89,first
133,0.0009632578398061215,0.0009632578398061215,0.006283127134727445,[0.         0.         0.         0.         0.57613871 0.         0.         0.         0.         0.         0.         0.         0.         0.         0.         0.         0.         0.         0.         0.         0.         0.         0.         0.         0.         0.         0.         0.01       0.         0.         0.        ],[0. 0. 0. 0. 1. 0. 0. 0. 0. 0. 0. 0. 0. 0. 0. 0. 0. 0. 0. 0. 0. 0. 0. 0. 0. 0. 0. 1. 0. 0. 0.],500,100,0.1,0.0015,1,18,idID,89,first
134,0.0009632578398061215,0.0009632578398061215,0.006283127134727445,[0.         0.         0.         0.         0.57613871 0.         0.         0.         0.         0.         0.         0.         0.         0.         0.         0.         0.         0.         0.         0.         0.         0.         0.         0.         0.         0.         0.         0.01       0.         0.         0.        ],[0. 0. 0. 0. 1. 0. 0. 0. 0. 0. 0. 0. 0. 0. 0. 0. 0. 0. 0. 0. 0. 0. 0. 0. 0. 0. 0. 1. 0. 0. 0.],500,100,0.1,0.0015,1,18,idID,89,first
135,0.0009632578398061215,0.0009632578398061215,0.006283127134727445,[0.         0.         0.         0.         0.57613871 0.         0.         0.         0.         0.         0.         0.         0.         0.         0.         0.         0.         0.         0.         0.         0.         0.         0.         0.         0.         0.         0.         0.01       0.         0.         0.        ],[0. 0. 0. 0. 1. 0. 0. 0. 0. 0. 0. 0. 0. 0. 0. 0. 0. 0. 0. 0. 0. 0. 0. 0. 0. 0. 0. 1. 0. 0. 0.],500,100,0.1,0.0015,1,18,idID,89,first
136,0.0009632578398061215,0.0009632578398061215,0.006283127134727445,[0.         0.         0.         0.         0.57613871 0.         0.         0.         0.         0.         0.         0.         0.         0.         0.         0.         0.         0.         0.         0.         0.         0.         0.         0.         0.         0.         0.         0.01       0.         0.         0.        ],[0. 0. 0. 0. 1. 0. 0. 0. 0. 0. 0. 0. 0. 0. 0. 0. 0. 0. 0. 0. 0. 0. 0. 0. 0. 0. 0. 1. 0. 0. 0.],500,100,0.1,0.0015,1,18,idID,89,first
137,0.0009632578398061215,0.0009632578398061215,0.006283127134727445,[0.         0.         0.         0.         0.57613871 0.         0.         0.         0.         0.         0.         0.         0.         0.         0.         0.         0.         0.         0.         0.         0.         0.         0.         0.         0.         0.         0.         0.01       0.         0.         0.        ],[0. 0. 0. 0. 1. 0. 0. 0. 0. 0. 0. 0. 0. 0. 0. 0. 0. 0. 0. 0. 0. 0. 0. 0. 0. 0. 0. 1. 0. 0. 0.],500,100,0.1,0.0015,1,18,idID,89,first
138,0.0009632578398061215,0.0009632578398061215,0.006283127134727445,[0.         0.         0.         0.         0.57613871 0.         0.         0.         0.         0.         0.         0.         0.         0.         0.         0.         0.         0.         0.         0.         0.         0.         0.         0.         0.         0.         0.         0.01       0.         0.         0.        ],[0. 0. 0. 0. 1. 0. 0. 0. 0. 0. 0. 0. 0. 0. 0. 0. 0. 0. 0. 0. 0. 0. 0. 0. 0. 0. 0. 1. 0. 0. 0.],500,100,0.1,0.0015,1,18,idID,89,first
139,0.0009632578398061215,0.0009632578398061215,0.006283127134727445,[0.         0.         0.         0.         0.57613871 0.         0.         0.         0.         0.         0.         0.         0.         0.         0.         0.         0.         0.         0.         0.         0.         0.         0.         0.         0.         0.         0.         0.01       0.         0.         0.        ],[0. 0. 0. 0. 1. 0. 0. 0. 0. 0. 0. 0. 0. 0. 0. 0. 0. 0. 0. 0. 0. 0. 0. 0. 0. 0. 0. 1. 0. 0. 0.],500,100,0.1,0.0015,1,18,idID,89,first
140,0.0009632578398061215,0.0009632578398061215,0.006283127134727445,[0.         0.         0.         0.         0.57613871 0.         0.         0.         0.         0.         0.         0.         0.         0.         0.         0.         0.         0.         0.         0.         0.         0.         0.         0.         0.         0.         0.         0.01       0.         0.         0.        ],[0. 0. 0. 0. 1. 0. 0. 0. 0. 0. 0. 0. 0. 0. 0. 0. 0. 0. 0. 0. 0. 0. 0. 0. 0. 0. 0. 1. 0. 0. 0.],500,100,0.1,0.0015,1,18,idID,89,first
141,0.0009632578398061215,0.0009632578398061215,0.006283127134727445,[0.         0.         0.         0.         0.57613871 0.         0.         0.         0.         0.         0.         0.         0.         0.         0.         0.         0.         0.         0.         0.         0.         0.         0.         0.         0.         0.         0.         0.01       0.         0.         0.        ],[0. 0. 0. 0. 1. 0. 0. 0. 0. 0. 0. 0. 0. 0. 0. 0. 0. 0. 0. 0. 0. 0. 0. 0. 0. 0. 0. 1. 0. 0. 0.],500,100,0.1,0.0015,1,18,idID,89,first
142,0.0009632578398061215,0.0009632578398061215,0.006283127134727445,[0.         0.         0.         0.         0.57613871 0.         0.         0.         0.         0.         0.         0.         0.         0.         0.         0.         0.         0.         0.         0.         0.         0.         0.         0.         0.         0.         0.         0.01       0.         0.         0.        ],[0. 0. 0. 0. 1. 0. 0. 0. 0. 0. 0. 0. 0. 0. 0. 0. 0. 0. 0. 0. 0. 0. 0. 0. 0. 0. 0. 1. 0. 0. 0.],500,100,0.1,0.0015,1,18,idID,89,first
143,0.0009632578398061215,0.0009632578398061215,0.006283127134727445,[0.         0.         0.         0.         0.57613871 0.         0.         0.         0.         0.         0.         0.         0.         0.         0.         0.         0.         0.         0.         0.         0.         0.         0.         0.         0.         0.         0.         0.01       0.         0.         0.        ],[0. 0. 0. 0. 1. 0. 0. 0. 0. 0. 0. 0. 0. 0. 0. 0. 0. 0. 0. 0. 0. 0. 0. 0. 0. 0. 0. 1. 0. 0. 0.],500,100,0.1,0.0015,1,18,idID,89,first
144,0.0009632578398061215,0.0009632578398061215,0.006283127134727445,[0.         0.         0.         0.         0.57613871 0.         0.         0.         0.         0.         0.         0.         0.         0.         0.         0.         0.         0.         0.         0.         0.         0.         0.         0.         0.         0.         0.         0.01       0.         0.         0.        ],[0. 0. 0. 0. 1. 0. 0. 0. 0. 0. 0. 0. 0. 0. 0. 0. 0. 0. 0. 0. 0. 0. 0. 0. 0. 0. 0. 1. 0. 0. 0.],500,100,0.1,0.0015,1,18,idID,89,first
145,0.0009632578398061215,0.0009632578398061215,0.006283127134727445,[0.         0.         0.         0.         0.57613871 0.         0.         0.         0.         0.         0.         0.         0.         0.         0.         0.         0.         0.         0.         0.         0.         0.         0.         0.         0.         0.         0.         0.01       0.         0.         0.        ],[0. 0. 0. 0. 1. 0. 0. 0. 0. 0. 0. 0. 0. 0. 0. 0. 0. 0. 0. 0. 0. 0. 0. 0. 0. 0. 0. 1. 0. 0. 0.],500,100,0.1,0.0015,1,18,idID,89,first
146,0.0009632578398061215,0.0009632578398061215,0.006283127134727445,[0.         0.         0.         0.         0.57613871 0.         0.         0.         0.         0.         0.         0.         0.         0.         0.         0.         0.         0.         0.         0.         0.         0.         0.         0.         0.         0.         0.         0.01       0.         0.         0.        ],[0. 0. 0. 0. 1. 0. 0. 0. 0. 0. 0. 0. 0. 0. 0. 0. 0. 0. 0. 0. 0. 0. 0. 0. 0. 0. 0. 1. 0. 0. 0.],500,100,0.1,0.0015,1,18,idID,89,first
147,0.0009632578398061215,0.0009632578398061215,0.006283127134727445,[0.         0.         0.         0.         0.57613871 0.         0.         0.         0.         0.         0.         0.         0.         0.         0.         0.         0.         0.         0.         0.         0.         0.         0.         0.         0.         0.         0.         0.01       0.         0.         0.        ],[0. 0. 0. 0. 1. 0. 0. 0. 0. 0. 0. 0. 0. 0. 0. 0. 0. 0. 0. 0. 0. 0. 0. 0. 0. 0. 0. 1. 0. 0. 0.],500,100,0.1,0.0015,1,18,idID,89,first
148,0.0009632578398061215,0.0009632578398061215,0.006283127134727445,[0.         0.         0.         0.         0.57613871 0.         0.         0.         0.         0.         0.         0.         0.         0.         0.         0.         0.         0.         0.         0.         0.         0.         0.         0.         0.         0.         0.         0.01       0.         0.         0.        ],[0. 0. 0. 0. 1. 0. 0. 0. 0. 0. 0. 0. 0. 0. 0. 0. 0. 0. 0. 0. 0. 0. 0. 0. 0. 0. 0. 1. 0. 0. 0.],500,100,0.1,0.0015,1,18,idID,89,first
149,0.0009632578398061215,0.0009632578398061215,0.006283127134727445,[0.         0.         0.         0.         0.57613871 0.         0.         0.         0.         0.         0.         0.         0.         0.         0.         0.         0.         0.         0.         0.         0.         0.         0.         0.         0.         0.         0.         0.01       0.         0.         0.        ],[0. 0. 0. 0. 1. 0. 0. 0. 0. 0. 0. 0. 0. 0. 0. 0. 0. 0. 0. 0. 0. 0. 0. 0. 0. 0. 0. 1. 0. 0. 0.],500,100,0.1,0.0015,1,18,idID,89,first
150,0.0009632578398061215,0.0009632578398061215,0.006283127134727445,[0.         0.         0.         0.         0.57613871 0.         0.         0.         0.         0.         0.         0.         0.         0.         0.         0.         0.         0.         0.         0.         0.         0.         0.         0.         0.         0.         0.         0.01       0.         0.         0.        ],[0. 0. 0. 0. 1. 0. 0. 0. 0. 0. 0. 0. 0. 0. 0. 0. 0. 0. 0. 0. 0. 0. 0. 0. 0. 0. 0. 1. 0. 0. 0.],500,100,0.1,0.0015,1,18,idID,89,first
151,0.0009632578398061215,0.0009632578398061215,0.006283127134727445,[0.         0.         0.         0.         0.57613871 0.         0.         0.         0.         0.         0.         0.         0.         0.         0.         0.         0.         0.         0.         0.         0.         0.         0.         0.         0.         0.         0.         0.01       0.         0.         0.        ],[0. 0. 0. 0. 1. 0. 0. 0. 0. 0. 0. 0. 0. 0. 0. 0. 0. 0. 0. 0. 0. 0. 0. 0. 0. 0. 0. 1. 0. 0. 0.],500,100,0.1,0.0015,1,18,idID,89,first
152,0.0009632578398061215,0.0009632578398061215,0.006283127134727445,[0.         0.         0.         0.         0.57613871 0.         0.         0.         0.         0.         0.         0.         0.         0.         0.         0.         0.         0.         0.         0.         0.         0.         0.         0.         0.         0.         0.         0.01       0.         0.         0.        ],[0. 0. 0. 0. 1. 0. 0. 0. 0. 0. 0. 0. 0. 0. 0. 0. 0. 0. 0. 0. 0. 0. 0. 0. 0. 0. 0. 1. 0. 0. 0.],500,100,0.1,0.0015,1,18,idID,89,first
153,0.0009632578398061215,0.0009632578398061215,0.006283127134727445,[0.         0.         0.         0.         0.57613871 0.         0.         0.         0.         0.         0.         0.         0.         0.         0.         0.         0.         0.         0.         0.         0.         0.         0.         0.         0.         0.         0.         0.01       0.         0.         0.        ],[0. 0. 0. 0. 1. 0. 0. 0. 0. 0. 0. 0. 0. 0. 0. 0. 0. 0. 0. 0. 0. 0. 0. 0. 0. 0. 0. 1. 0. 0. 0.],500,100,0.1,0.0015,1,18,idID,89,first
154,0.0009632578398061215,0.0009632578398061215,0.006283127134727445,[0.         0.         0.         0.         0.57613871 0.         0.         0.         0.         0.         0.         0.         0.         0.         0.         0.         0.         0.         0.         0.         0.         0.         0.         0.         0.         0.         0.         0.01       0.         0.         0.        ],[0. 0. 0. 0. 1. 0. 0. 0. 0. 0. 0. 0. 0. 0. 0. 0. 0. 0. 0. 0. 0. 0. 0. 0. 0. 0. 0. 1. 0. 0. 0.],500,100,0.1,0.0015,1,18,idID,89,first
155,0.0009632578398061215,0.0009632578398061215,0.006283127134727445,[0.         0.         0.         0.         0.57613871 0.         0.         0.         0.         0.         0.         0.         0.         0.         0.         0.         0.         0.         0.         0.         0.         0.         0.         0.         0.         0.         0.         0.01       0.         0.         0.        ],[0. 0. 0. 0. 1. 0. 0. 0. 0. 0. 0. 0. 0. 0. 0. 0. 0. 0. 0. 0. 0. 0. 0. 0. 0. 0. 0. 1. 0. 0. 0.],500,100,0.1,0.0015,1,18,idID,89,first
156,0.0009632578398061215,0.0009632578398061215,0.006283127134727445,[0.         0.         0.         0.         0.57613871 0.         0.         0.         0.         0.         0.         0.         0.         0.         0.         0.         0.         0.         0.         0.         0.         0.         0.         0.         0.         0.         0.         0.01       0.         0.         0.        ],[0. 0. 0. 0. 1. 0. 0. 0. 0. 0. 0. 0. 0. 0. 0. 0. 0. 0. 0. 0. 0. 0. 0. 0. 0. 0. 0. 1. 0. 0. 0.],500,100,0.1,0.0015,1,18,idID,89,first
157,0.0009632578398061215,0.0009632578398061215,0.006283127134727445,[0.         0.         0.         0.         0.57613871 0.         0.         0.         0.         0.         0.         0.         0.         0.         0.         0.         0.         0.         0.         0.         0.         0.         0.         0.         0.         0.         0.         0.01       0.         0.         0.        ],[0. 0. 0. 0. 1. 0. 0. 0. 0. 0. 0. 0. 0. 0. 0. 0. 0. 0. 0. 0. 0. 0. 0. 0. 0. 0. 0. 1. 0. 0. 0.],500,100,0.1,0.0015,1,18,idID,89,first
158,0.0009632578398061215,0.0009632578398061215,0.006283127134727445,[0.         0.         0.         0.         0.57613871 0.         0.         0.         0.         0.         0.         0.         0.         0.         0.         0.         0.         0.         0.         0.         0.         0.         0.         0.         0.         0.         0.         0.01       0.         0.         0.        ],[0. 0. 0. 0. 1. 0. 0. 0. 0. 0. 0. 0. 0. 0. 0. 0. 0. 0. 0. 0. 0. 0. 0. 0. 0. 0. 0. 1. 0. 0. 0.],500,100,0.1,0.0015,1,18,idID,89,first
159,0.0009632578398061215,0.0009632578398061215,0.006283127134727445,[0.         0.         0.         0.         0.57613871 0.         0.         0.         0.         0.         0.         0.         0.         0.         0.         0.         0.         0.         0.         0.         0.         0.         0.         0.         0.         0.         0.         0.01       0.         0.         0.        ],[0. 0. 0. 0. 1. 0. 0. 0. 0. 0. 0. 0. 0. 0. 0. 0. 0. 0. 0. 0. 0. 0. 0. 0. 0. 0. 0. 1. 0. 0. 0.],500,100,0.1,0.0015,1,18,idID,89,first
160,0.0009632578398061215,0.0009632578398061215,0.006283127134727445,[0.         0.         0.         0.         0.57613871 0.         0.         0.         0.         0.         0.         0.         0.         0.         0.         0.         0.         0.         0.         0.         0.         0.         0.         0.         0.         0.         0.         0.01       0.         0.         0.        ],[0. 0. 0. 0. 1. 0. 0. 0. 0. 0. 0. 0. 0. 0. 0. 0. 0. 0. 0. 0. 0. 0. 0. 0. 0. 0. 0. 1. 0. 0. 0.],500,100,0.1,0.0015,1,18,idID,89,first
161,0.0009632578398061215,0.0009632578398061215,0.006283127134727445,[0.         0.         0.         0.         0.57613871 0.         0.         0.         0.         0.         0.         0.         0.         0.         0.         0.         0.         0.         0.         0.         0.         0.         0.         0.         0.         0.         0.         0.01       0.         0.         0.        ],[0. 0. 0. 0. 1. 0. 0. 0. 0. 0. 0. 0. 0. 0. 0. 0. 0. 0. 0. 0. 0. 0. 0. 0. 0. 0. 0. 1. 0. 0. 0.],500,100,0.1,0.0015,1,18,idID,89,first
162,0.0009632578398061215,0.0009632578398061215,0.006283127134727445,[0.         0.         0.         0.         0.57613871 0.         0.         0.         0.         0.         0.         0.         0.         0.         0.         0.         0.         0.         0.         0.         0.         0.         0.         0.         0.         0.         0.         0.01       0.         0.         0.        ],[0. 0. 0. 0. 1. 0. 0. 0. 0. 0. 0. 0. 0. 0. 0. 0. 0. 0. 0. 0. 0. 0. 0. 0. 0. 0. 0. 1. 0. 0. 0.],500,100,0.1,0.0015,1,18,idID,89,first
163,0.0009632578398061215,0.0009632578398061215,0.006283127134727445,[0.         0.         0.         0.         0.57613871 0.         0.         0.         0.         0.         0.         0.         0.         0.         0.         0.         0.         0.         0.         0.         0.         0.         0.         0.         0.         0.         0.         0.01       0.         0.         0.        ],[0. 0. 0. 0. 1. 0. 0. 0. 0. 0. 0. 0. 0. 0. 0. 0. 0. 0. 0. 0. 0. 0. 0. 0. 0. 0. 0. 1. 0. 0. 0.],500,100,0.1,0.0015,1,18,idID,89,first
164,0.0009632578398061215,0.0009632578398061215,0.006283127134727445,[0.         0.         0.         0.         0.57613871 0.         0.         0.         0.         0.         0.         0.         0.         0.         0.         0.         0.         0.         0.         0.         0.         0.         0.         0.         0.         0.         0.         0.01       0.         0.         0.        ],[0. 0. 0. 0. 1. 0. 0. 0. 0. 0. 0. 0. 0. 0. 0. 0. 0. 0. 0. 0. 0. 0. 0. 0. 0. 0. 0. 1. 0. 0. 0.],500,100,0.1,0.0015,1,18,idID,89,first
165,0.0009632578398061215,0.0009632578398061215,0.006283127134727445,[0.         0.         0.         0.         0.57613871 0.         0.         0.         0.         0.         0.         0.         0.         0.         0.         0.         0.         0.         0.         0.         0.         0.         0.         0.         0.         0.         0.         0.01       0.         0.         0.        ],[0. 0. 0. 0. 1. 0. 0. 0. 0. 0. 0. 0. 0. 0. 0. 0. 0. 0. 0. 0. 0. 0. 0. 0. 0. 0. 0. 1. 0. 0. 0.],500,100,0.1,0.0015,1,18,idID,89,first
166,0.0009632578398061215,0.0009632578398061215,0.006283127134727445,[0.         0.         0.         0.         0.57613871 0.         0.         0.         0.         0.         0.         0.         0.         0.         0.         0.         0.         0.         0.         0.         0.         0.         0.         0.         0.         0.         0.         0.01       0.         0.         0.        ],[0. 0. 0. 0. 1. 0. 0. 0. 0. 0. 0. 0. 0. 0. 0. 0. 0. 0. 0. 0. 0. 0. 0. 0. 0. 0. 0. 1. 0. 0. 0.],500,100,0.1,0.0015,1,18,idID,89,first
167,0.0009632578398061215,0.0009632578398061215,0.006283127134727445,[0.         0.         0.         0.         0.57613871 0.         0.         0.         0.         0.         0.         0.         0.         0.         0.         0.         0.         0.         0.         0.         0.         0.         0.         0.         0.         0.         0.         0.01       0.         0.         0.        ],[0. 0. 0. 0. 1. 0. 0. 0. 0. 0. 0. 0. 0. 0. 0. 0. 0. 0. 0. 0. 0. 0. 0. 0. 0. 0. 0. 1. 0. 0. 0.],500,100,0.1,0.0015,1,18,idID,89,first
168,0.0009632578398061215,0.0009632578398061215,0.006283127134727445,[0.         0.         0.         0.         0.57613871 0.         0.         0.         0.         0.         0.         0.         0.         0.         0.         0.         0.         0.         0.         0.         0.         0.         0.         0.         0.         0.         0.         0.01       0.         0.         0.        ],[0. 0. 0. 0. 1. 0. 0. 0. 0. 0. 0. 0. 0. 0. 0. 0. 0. 0. 0. 0. 0. 0. 0. 0. 0. 0. 0. 1. 0. 0. 0.],500,100,0.1,0.0015,1,18,idID,89,first
169,0.0009632578398061215,0.0009632578398061215,0.006283127134727445,[0.         0.         0.         0.         0.57613871 0.         0.         0.         0.         0.         0.         0.         0.         0.         0.         0.         0.         0.         0.         0.         0.         0.         0.         0.         0.         0.         0.         0.01       0.         0.         0.        ],[0. 0. 0. 0. 1. 0. 0. 0. 0. 0. 0. 0. 0. 0. 0. 0. 0. 0. 0. 0. 0. 0. 0. 0. 0. 0. 0. 1. 0. 0. 0.],500,100,0.1,0.0015,1,18,idID,89,first
170,0.0009632578398061215,0.0009632578398061215,0.006283127134727445,[0.         0.         0.         0.         0.57613871 0.         0.         0.         0.         0.         0.         0.         0.         0.         0.         0.         0.         0.         0.         0.         0.         0.         0.         0.         0.         0.         0.         0.01       0.         0.         0.        ],[0. 0. 0. 0. 1. 0. 0. 0. 0. 0. 0. 0. 0. 0. 0. 0. 0. 0. 0. 0. 0. 0. 0. 0. 0. 0. 0. 1. 0. 0. 0.],500,100,0.1,0.0015,1,18,idID,89,first
171,0.0009632578398061215,0.0009632578398061215,0.006283127134727445,[0.         0.         0.         0.         0.57613871 0.         0.         0.         0.         0.         0.         0.         0.         0.         0.         0.         0.         0.         0.         0.         0.         0.         0.         0.         0.         0.         0.         0.01       0.         0.         0.        ],[0. 0. 0. 0. 1. 0. 0. 0. 0. 0. 0. 0. 0. 0. 0. 0. 0. 0. 0. 0. 0. 0. 0. 0. 0. 0. 0. 1. 0. 0. 0.],500,100,0.1,0.0015,1,18,idID,89,first
172,0.0009632578398061215,0.0009632578398061215,0.006283127134727445,[0.         0.         0.         0.         0.57613871 0.         0.         0.         0.         0.         0.         0.         0.         0.         0.         0.         0.         0.         0.         0.         0.         0.         0.         0.         0.         0.         0.         0.01       0.         0.         0.        ],[0. 0. 0. 0. 1. 0. 0. 0. 0. 0. 0. 0. 0. 0. 0. 0. 0. 0. 0. 0. 0. 0. 0. 0. 0. 0. 0. 1. 0. 0. 0.],500,100,0.1,0.0015,1,18,idID,89,first
173,0.0009632578398061215,0.0009632578398061215,0.006283127134727445,[0.         0.         0.         0.         0.57613871 0.         0.         0.         0.         0.         0.         0.         0.         0.         0.         0.         0.         0.         0.         0.         0.         0.         0.         0.         0.         0.         0.         0.01       0.         0.         0.        ],[0. 0. 0. 0. 1. 0. 0. 0. 0. 0. 0. 0. 0. 0. 0. 0. 0. 0. 0. 0. 0. 0. 0. 0. 0. 0. 0. 1. 0. 0. 0.],500,100,0.1,0.0015,1,18,idID,89,first
174,0.0009632578398061215,0.0009632578398061215,0.006283127134727445,[0.         0.         0.         0.         0.57613871 0.         0.         0.         0.         0.         0.         0.         0.         0.         0.         0.         0.         0.         0.         0.         0.         0.         0.         0.         0.         0.         0.         0.01       0.         0.         0.        ],[0. 0. 0. 0. 1. 0. 0. 0. 0. 0. 0. 0. 0. 0. 0. 0. 0. 0. 0. 0. 0. 0. 0. 0. 0. 0. 0. 1. 0. 0. 0.],500,100,0.1,0.0015,1,18,idID,89,first
175,0.0009632578398061215,0.0009632578398061215,0.006283127134727445,[0.         0.         0.         0.         0.57613871 0.         0.         0.         0.         0.         0.         0.         0.         0.         0.         0.         0.         0.         0.         0.         0.         0.         0.         0.         0.         0.         0.         0.01       0.         0.         0.        ],[0. 0. 0. 0. 1. 0. 0. 0. 0. 0. 0. 0. 0. 0. 0. 0. 0. 0. 0. 0. 0. 0. 0. 0. 0. 0. 0. 1. 0. 0. 0.],500,100,0.1,0.0015,1,18,idID,89,first
176,0.0009632578398061215,0.0009632578398061215,0.006283127134727445,[0.         0.         0.         0.         0.57613871 0.         0.         0.         0.         0.         0.         0.         0.         0.         0.         0.         0.         0.         0.         0.         0.         0.         0.         0.         0.         0.         0.         0.01       0.         0.         0.        ],[0. 0. 0. 0. 1. 0. 0. 0. 0. 0. 0. 0. 0. 0. 0. 0. 0. 0. 0. 0. 0. 0. 0. 0. 0. 0. 0. 1. 0. 0. 0.],500,100,0.1,0.0015,1,18,idID,89,first
177,0.0009632578398061215,0.0009632578398061215,0.006283127134727445,[0.         0.         0.         0.         0.57613871 0.         0.         0.         0.         0.         0.         0.         0.         0.         0.         0.         0.         0.         0.         0.         0.         0.         0.         0.         0.         0.         0.         0.01       0.         0.         0.        ],[0. 0. 0. 0. 1. 0. 0. 0. 0. 0. 0. 0. 0. 0. 0. 0. 0. 0. 0. 0. 0. 0. 0. 0. 0. 0. 0. 1. 0. 0. 0.],500,100,0.1,0.0015,1,18,idID,89,first
178,0.0009632578398061215,0.0009632578398061215,0.006283127134727445,[0.         0.         0.         0.         0.57613871 0.         0.         0.         0.         0.         0.         0.         0.         0.         0.         0.         0.         0.         0.         0.         0.         0.         0.         0.         0.         0.         0.         0.01       0.         0.         0.        ],[0. 0. 0. 0. 1. 0. 0. 0. 0. 0. 0. 0. 0. 0. 0. 0. 0. 0. 0. 0. 0. 0. 0. 0. 0. 0. 0. 1. 0. 0. 0.],500,100,0.1,0.0015,1,18,idID,89,first
179,0.0009632578398061215,0.0009632578398061215,0.006283127134727445,[0.         0.         0.         0.         0.57613871 0.         0.         0.         0.         0.         0.         0.         0.         0.         0.         0.         0.         0.         0.         0.         0.         0.         0.         0.         0.         0.         0.         0.01       0.         0.         0.        ],[0. 0. 0. 0. 1. 0. 0. 0. 0. 0. 0. 0. 0. 0. 0. 0. 0. 0. 0. 0. 0. 0. 0. 0. 0. 0. 0. 1. 0. 0. 0.],500,100,0.1,0.0015,1,18,idID,89,first
180,0.0009632578398061215,0.0009632578398061215,0.006283127134727445,[0.         0.         0.         0.         0.57613871 0.         0.         0.         0.         0.         0.         0.         0.         0.         0.         0.         0.         0.         0.         0.         0.         0.         0.         0.         0.         0.         0.         0.01       0.         0.         0.        ],[0. 0. 0. 0. 1. 0. 0. 0. 0. 0. 0. 0. 0. 0. 0. 0. 0. 0. 0. 0. 0. 0. 0. 0. 0. 0. 0. 1. 0. 0. 0.],500,100,0.1,0.0015,1,18,idID,89,first
181,0.0009632578398061215,0.0009632578398061215,0.006283127134727445,[0.         0.         0.         0.         0.57613871 0.         0.         0.         0.         0.         0.         0.         0.         0.         0.         0.         0.         0.         0.         0.         0.         0.         0.         0.         0.         0.         0.         0.01       0.         0.         0.        ],[0. 0. 0. 0. 1. 0. 0. 0. 0. 0. 0. 0. 0. 0. 0. 0. 0. 0. 0. 0. 0. 0. 0. 0. 0. 0. 0. 1. 0. 0. 0.],500,100,0.1,0.0015,1,18,idID,89,first
182,0.0009632578398061215,0.0009632578398061215,0.006283127134727445,[0.         0.         0.         0.         0.57613871 0.         0.         0.         0.         0.         0.         0.         0.         0.         0.         0.         0.         0.         0.         0.         0.         0.         0.         0.         0.         0.         0.         0.01       0.         0.         0.        ],[0. 0. 0. 0. 1. 0. 0. 0. 0. 0. 0. 0. 0. 0. 0. 0. 0. 0. 0. 0. 0. 0. 0. 0. 0. 0. 0. 1. 0. 0. 0.],500,100,0.1,0.0015,1,18,idID,89,first
183,0.0009632578398061215,0.0009632578398061215,0.006283127134727445,[0.         0.         0.         0.         0.57613871 0.         0.         0.         0.         0.         0.         0.         0.         0.         0.         0.         0.         0.         0.         0.         0.         0.         0.         0.         0.         0.         0.         0.01       0.         0.         0.        ],[0. 0. 0. 0. 1. 0. 0. 0. 0. 0. 0. 0. 0. 0. 0. 0. 0. 0. 0. 0. 0. 0. 0. 0. 0. 0. 0. 1. 0. 0. 0.],500,100,0.1,0.0015,1,18,idID,89,first
184,0.0009632578398061215,0.0009632578398061215,0.006283127134727445,[0.         0.         0.         0.         0.57613871 0.         0.         0.         0.         0.         0.         0.         0.         0.         0.         0.         0.         0.         0.         0.         0.         0.         0.         0.         0.         0.         0.         0.01       0.         0.         0.        ],[0. 0. 0. 0. 1. 0. 0. 0. 0. 0. 0. 0. 0. 0. 0. 0. 0. 0. 0. 0. 0. 0. 0. 0. 0. 0. 0. 1. 0. 0. 0.],500,100,0.1,0.0015,1,18,idID,89,first
185,0.0009632578398061215,0.0009632578398061215,0.006283127134727445,[0.         0.         0.         0.         0.57613871 0.         0.         0.         0.         0.         0.         0.         0.         0.         0.         0.         0.         0.         0.         0.         0.         0.         0.         0.         0.         0.         0.         0.01       0.         0.         0.        ],[0. 0. 0. 0. 1. 0. 0. 0. 0. 0. 0. 0. 0. 0. 0. 0. 0. 0. 0. 0. 0. 0. 0. 0. 0. 0. 0. 1. 0. 0. 0.],500,100,0.1,0.0015,1,18,idID,89,first
186,0.0009632578398061215,0.0009632578398061215,0.006283127134727445,[0.         0.         0.         0.         0.57613871 0.         0.         0.         0.         0.         0.         0.         0.         0.         0.         0.         0.         0.         0.         0.         0.         0.         0.         0.         0.         0.         0.         0.01       0.         0.         0.        ],[0. 0. 0. 0. 1. 0. 0. 0. 0. 0. 0. 0. 0. 0. 0. 0. 0. 0. 0. 0. 0. 0. 0. 0. 0. 0. 0. 1. 0. 0. 0.],500,100,0.1,0.0015,1,18,idID,89,first
187,0.0009632578398061215,0.0009632578398061215,0.006283127134727445,[0.         0.         0.         0.         0.57613871 0.         0.         0.         0.         0.         0.         0.         0.         0.         0.         0.         0.         0.         0.         0.         0.         0.         0.         0.         0.         0.         0.         0.01       0.         0.         0.        ],[0. 0. 0. 0. 1. 0. 0. 0. 0. 0. 0. 0. 0. 0. 0. 0. 0. 0. 0. 0. 0. 0. 0. 0. 0. 0. 0. 1. 0. 0. 0.],500,100,0.1,0.0015,1,18,idID,89,first
188,0.0009632578398061215,0.0009632578398061215,0.006283127134727445,[0.         0.         0.         0.         0.57613871 0.         0.         0.         0.         0.         0.         0.         0.         0.         0.         0.         0.         0.         0.         0.         0.         0.         0.         0.         0.         0.         0.         0.01       0.         0.         0.        ],[0. 0. 0. 0. 1. 0. 0. 0. 0. 0. 0. 0. 0. 0. 0. 0. 0. 0. 0. 0. 0. 0. 0. 0. 0. 0. 0. 1. 0. 0. 0.],500,100,0.1,0.0015,1,18,idID,89,first
189,0.0009632578398061215,0.0009632578398061215,0.006283127134727445,[0.         0.         0.         0.         0.57613871 0.         0.         0.         0.         0.         0.         0.         0.         0.         0.         0.         0.         0.         0.         0.         0.         0.         0.         0.         0.         0.         0.         0.01       0.         0.         0.        ],[0. 0. 0. 0. 1. 0. 0. 0. 0. 0. 0. 0. 0. 0. 0. 0. 0. 0. 0. 0. 0. 0. 0. 0. 0. 0. 0. 1. 0. 0. 0.],500,100,0.1,0.0015,1,18,idID,89,first
190,0.0009632578398061215,0.0009632578398061215,0.006283127134727445,[0.         0.         0.         0.         0.57613871 0.         0.         0.         0.         0.         0.         0.         0.         0.         0.         0.         0.         0.         0.         0.         0.         0.         0.         0.         0.         0.         0.         0.01       0.         0.         0.        ],[0. 0. 0. 0. 1. 0. 0. 0. 0. 0. 0. 0. 0. 0. 0. 0. 0. 0. 0. 0. 0. 0. 0. 0. 0. 0. 0. 1. 0. 0. 0.],500,100,0.1,0.0015,1,18,idID,89,first
191,0.0009632578398061215,0.0009632578398061215,0.006283127134727445,[0.         0.         0.         0.         0.57613871 0.         0.         0.         0.         0.         0.         0.         0.         0.         0.         0.         0.         0.         0.         0.         0.         0.         0.         0.         0.         0.         0.         0.01       0.         0.         0.        ],[0. 0. 0. 0. 1. 0. 0. 0. 0. 0. 0. 0. 0. 0. 0. 0. 0. 0. 0. 0. 0. 0. 0. 0. 0. 0. 0. 1. 0. 0. 0.],500,100,0.1,0.0015,1,18,idID,89,first
192,0.0009632578398061215,0.0009632578398061215,0.006283127134727445,[0.         0.         0.         0.         0.57613871 0.         0.         0.         0.         0.         0.         0.         0.         0.         0.         0.         0.         0.         0.         0.         0.         0.         0.         0.         0.         0.         0.         0.01       0.         0.         0.        ],[0. 0. 0. 0. 1. 0. 0. 0. 0. 0. 0. 0. 0. 0. 0. 0. 0. 0. 0. 0. 0. 0. 0. 0. 0. 0. 0. 1. 0. 0. 0.],500,100,0.1,0.0015,1,18,idID,89,first
193,0.0009632578398061215,0.0009632578398061215,0.006283127134727445,[0.         0.         0.         0.         0.57613871 0.         0.         0.         0.         0.         0.         0.         0.         0.         0.         0.         0.         0.         0.         0.         0.         0.         0.         0.         0.         0.         0.         0.01       0.         0.         0.        ],[0. 0. 0. 0. 1. 0. 0. 0. 0. 0. 0. 0. 0. 0. 0. 0. 0. 0. 0. 0. 0. 0. 0. 0. 0. 0. 0. 1. 0. 0. 0.],500,100,0.1,0.0015,1,18,idID,89,first
194,0.0009632578398061215,0.0009632578398061215,0.006283127134727445,[0.         0.         0.         0.         0.57613871 0.         0.         0.         0.         0.         0.         0.         0.         0.         0.         0.         0.         0.         0.         0.         0.         0.         0.         0.         0.         0.         0.         0.01       0.         0.         0.        ],[0. 0. 0. 0. 1. 0. 0. 0. 0. 0. 0. 0. 0. 0. 0. 0. 0. 0. 0. 0. 0. 0. 0. 0. 0. 0. 0. 1. 0. 0. 0.],500,100,0.1,0.0015,1,18,idID,89,first
195,0.0009632578398061215,0.0009632578398061215,0.006283127134727445,[0.         0.         0.         0.         0.57613871 0.         0.         0.         0.         0.         0.         0.         0.         0.         0.         0.         0.         0.         0.         0.         0.         0.         0.         0.         0.         0.         0.         0.01       0.         0.         0.        ],[0. 0. 0. 0. 1. 0. 0. 0. 0. 0. 0. 0. 0. 0. 0. 0. 0. 0. 0. 0. 0. 0. 0. 0. 0. 0. 0. 1. 0. 0. 0.],500,100,0.1,0.0015,1,18,idID,89,first
196,0.0009632578398061215,0.0009632578398061215,0.006283127134727445,[0.         0.         0.         0.         0.57613871 0.         0.         0.         0.         0.         0.         0.         0.         0.         0.         0.         0.         0.         0.         0.         0.         0.         0.         0.         0.         0.         0.         0.01       0.         0.         0.        ],[0. 0. 0. 0. 1. 0. 0. 0. 0. 0. 0. 0. 0. 0. 0. 0. 0. 0. 0. 0. 0. 0. 0. 0. 0. 0. 0. 1. 0. 0. 0.],500,100,0.1,0.0015,1,18,idID,89,first
197,0.0009632578398061215,0.0009632578398061215,0.006283127134727445,[0.         0.         0.         0.         0.57613871 0.         0.         0.         0.         0.         0.         0.         0.         0.         0.         0.         0.         0.         0.         0.         0.         0.         0.         0.         0.         0.         0.         0.01       0.         0.         0.        ],[0. 0. 0. 0. 1. 0. 0. 0. 0. 0. 0. 0. 0. 0. 0. 0. 0. 0. 0. 0. 0. 0. 0. 0. 0. 0. 0. 1. 0. 0. 0.],500,100,0.1,0.0015,1,18,idID,89,first
198,0.0009632578398061215,0.0009632578398061215,0.006283127134727445,[0.         0.         0.         0.         0.57613871 0.         0.         0.         0.         0.         0.         0.         0.         0.         0.         0.         0.         0.         0.         0.         0.         0.         0.         0.         0.         0.         0.         0.01       0.         0.         0.        ],[0. 0. 0. 0. 1. 0. 0. 0. 0. 0. 0. 0. 0. 0. 0. 0. 0. 0. 0. 0. 0. 0. 0. 0. 0. 0. 0. 1. 0. 0. 0.],500,100,0.1,0.0015,1,18,idID,89,first
199,0.0009632578398061215,0.0009632578398061215,0.006283127134727445,[0.         0.         0.         0.         0.57613871 0.         0.         0.         0.         0.         0.         0.         0.         0.         0.         0.         0.         0.         0.         0.         0.         0.         0.         0.         0.         0.         0.         0.01       0.         0.         0.        ],[0. 0. 0. 0. 1. 0. 0. 0. 0. 0. 0. 0. 0. 0. 0. 0. 0. 0. 0. 0. 0. 0. 0. 0. 0. 0. 0. 1. 0. 0. 0.],500,100,0.1,0.0015,1,18,idID,89,first
200,0.0009632578398061215,0.0009632578398061215,0.006283127134727445,[0.         0.         0.         0.         0.57613871 0.         0.         0.         0.         0.         0.         0.         0.         0.         0.         0.         0.         0.         0.         0.         0.         0.         0.         0.         0.         0.         0.         0.01       0.         0.         0.        ],[0. 0. 0. 0. 1. 0. 0. 0. 0. 0. 0. 0. 0. 0. 0. 0. 0. 0. 0. 0. 0. 0. 0. 0. 0. 0. 0. 1. 0. 0. 0.],500,100,0.1,0.0015,1,18,idID,89,first
201,0.0009632578398061215,0.0009632578398061215,0.006283127134727445,[0.         0.         0.         0.         0.57613871 0.         0.         0.         0.         0.         0.         0.         0.         0.         0.         0.         0.         0.         0.         0.         0.         0.         0.         0.         0.         0.         0.         0.01       0.         0.         0.        ],[0. 0. 0. 0. 1. 0. 0. 0. 0. 0. 0. 0. 0. 0. 0. 0. 0. 0. 0. 0. 0. 0. 0. 0. 0. 0. 0. 1. 0. 0. 0.],500,100,0.1,0.0015,1,18,idID,89,first
202,0.0009632578398061215,0.0009632578398061215,0.006283127134727445,[0.         0.         0.         0.         0.57613871 0.         0.         0.         0.         0.         0.         0.         0.         0.         0.         0.         0.         0.         0.         0.         0.         0.         0.         0.         0.         0.         0.         0.01       0.         0.         0.        ],[0. 0. 0. 0. 1. 0. 0. 0. 0. 0. 0. 0. 0. 0. 0. 0. 0. 0. 0. 0. 0. 0. 0. 0. 0. 0. 0. 1. 0. 0. 0.],500,100,0.1,0.0015,1,18,idID,89,first
203,0.0009632578398061215,0.0009632578398061215,0.006283127134727445,[0.         0.         0.         0.         0.57613871 0.         0.         0.         0.         0.         0.         0.         0.         0.         0.         0.         0.         0.         0.         0.         0.         0.         0.         0.         0.         0.         0.         0.01       0.         0.         0.        ],[0. 0. 0. 0. 1. 0. 0. 0. 0. 0. 0. 0. 0. 0. 0. 0. 0. 0. 0. 0. 0. 0. 0. 0. 0. 0. 0. 1. 0. 0. 0.],500,100,0.1,0.0015,1,18,idID,89,first
204,0.0009632578398061215,0.0009632578398061215,0.006283127134727445,[0.         0.         0.         0.         0.57613871 0.         0.         0.         0.         0.         0.         0.         0.         0.         0.         0.         0.         0.         0.         0.         0.         0.         0.         0.         0.         0.         0.         0.01       0.         0.         0.        ],[0. 0. 0. 0. 1. 0. 0. 0. 0. 0. 0. 0. 0. 0. 0. 0. 0. 0. 0. 0. 0. 0. 0. 0. 0. 0. 0. 1. 0. 0. 0.],500,100,0.1,0.0015,1,18,idID,89,first
205,0.0009632578398061215,0.0009632578398061215,0.006283127134727445,[0.         0.         0.         0.         0.57613871 0.         0.         0.         0.         0.         0.         0.         0.         0.         0.         0.         0.         0.         0.         0.         0.         0.         0.         0.         0.         0.         0.         0.01       0.         0.         0.        ],[0. 0. 0. 0. 1. 0. 0. 0. 0. 0. 0. 0. 0. 0. 0. 0. 0. 0. 0. 0. 0. 0. 0. 0. 0. 0. 0. 1. 0. 0. 0.],500,100,0.1,0.0015,1,18,idID,89,first
206,0.0009632578398061215,0.0009632578398061215,0.006283127134727445,[0.         0.         0.         0.         0.57613871 0.         0.         0.         0.         0.         0.         0.         0.         0.         0.         0.         0.         0.         0.         0.         0.         0.         0.         0.         0.         0.         0.         0.01       0.         0.         0.        ],[0. 0. 0. 0. 1. 0. 0. 0. 0. 0. 0. 0. 0. 0. 0. 0. 0. 0. 0. 0. 0. 0. 0. 0. 0. 0. 0. 1. 0. 0. 0.],500,100,0.1,0.0015,1,18,idID,89,first
207,0.0009632578398061215,0.0009632578398061215,0.006283127134727445,[0.         0.         0.         0.         0.57613871 0.         0.         0.         0.         0.         0.         0.         0.         0.         0.         0.         0.         0.         0.         0.         0.         0.         0.         0.         0.         0.         0.         0.01       0.         0.         0.        ],[0. 0. 0. 0. 1. 0. 0. 0. 0. 0. 0. 0. 0. 0. 0. 0. 0. 0. 0. 0. 0. 0. 0. 0. 0. 0. 0. 1. 0. 0. 0.],500,100,0.1,0.0015,1,18,idID,89,first
208,0.0009632578398061215,0.0009632578398061215,0.006283127134727445,[0.         0.         0.         0.         0.57613871 0.         0.         0.         0.         0.         0.         0.         0.         0.         0.         0.         0.         0.         0.         0.         0.         0.         0.         0.         0.         0.         0.         0.01       0.         0.         0.        ],[0. 0. 0. 0. 1. 0. 0. 0. 0. 0. 0. 0. 0. 0. 0. 0. 0. 0. 0. 0. 0. 0. 0. 0. 0. 0. 0. 1. 0. 0. 0.],500,100,0.1,0.0015,1,18,idID,89,first
209,0.0009632578398061215,0.0009632578398061215,0.006283127134727445,[0.         0.         0.         0.         0.57613871 0.         0.         0.         0.         0.         0.         0.         0.         0.         0.         0.         0.         0.         0.         0.         0.         0.         0.         0.         0.         0.         0.         0.01       0.         0.         0.        ],[0. 0. 0. 0. 1. 0. 0. 0. 0. 0. 0. 0. 0. 0. 0. 0. 0. 0. 0. 0. 0. 0. 0. 0. 0. 0. 0. 1. 0. 0. 0.],500,100,0.1,0.0015,1,18,idID,89,first
210,0.0009632578398061215,0.0009632578398061215,0.006283127134727445,[0.         0.         0.         0.         0.57613871 0.         0.         0.         0.         0.         0.         0.         0.         0.         0.         0.         0.         0.         0.         0.         0.         0.         0.         0.         0.         0.         0.         0.01       0.         0.         0.        ],[0. 0. 0. 0. 1. 0. 0. 0. 0. 0. 0. 0. 0. 0. 0. 0. 0. 0. 0. 0. 0. 0. 0. 0. 0. 0. 0. 1. 0. 0. 0.],500,100,0.1,0.0015,1,18,idID,89,first
211,0.0009632578398061215,0.0009632578398061215,0.006283127134727445,[0.         0.         0.         0.         0.57613871 0.         0.         0.         0.         0.         0.         0.         0.         0.         0.         0.         0.         0.         0.         0.         0.         0.         0.         0.         0.         0.         0.         0.01       0.         0.         0.        ],[0. 0. 0. 0. 1. 0. 0. 0. 0. 0. 0. 0. 0. 0. 0. 0. 0. 0. 0. 0. 0. 0. 0. 0. 0. 0. 0. 1. 0. 0. 0.],500,100,0.1,0.0015,1,18,idID,89,first
212,0.0009632578398061215,0.0009632578398061215,0.006283127134727445,[0.         0.         0.         0.         0.57613871 0.         0.         0.         0.         0.         0.         0.         0.         0.         0.         0.         0.         0.         0.         0.         0.         0.         0.         0.         0.         0.         0.         0.01       0.         0.         0.        ],[0. 0. 0. 0. 1. 0. 0. 0. 0. 0. 0. 0. 0. 0. 0. 0. 0. 0. 0. 0. 0. 0. 0. 0. 0. 0. 0. 1. 0. 0. 0.],500,100,0.1,0.0015,1,18,idID,89,first
213,0.0009632578398061215,0.0009632578398061215,0.006283127134727445,[0.         0.         0.         0.         0.57613871 0.         0.         0.         0.         0.         0.         0.         0.         0.         0.         0.         0.         0.         0.         0.         0.         0.         0.         0.         0.         0.         0.         0.01       0.         0.         0.        ],[0. 0. 0. 0. 1. 0. 0. 0. 0. 0. 0. 0. 0. 0. 0. 0. 0. 0. 0. 0. 0. 0. 0. 0. 0. 0. 0. 1. 0. 0. 0.],500,100,0.1,0.0015,1,18,idID,89,first
214,0.0009632578398061215,0.0009632578398061215,0.006283127134727445,[0.         0.         0.         0.         0.57613871 0.         0.         0.         0.         0.         0.         0.         0.         0.         0.         0.         0.         0.         0.         0.         0.         0.         0.         0.         0.         0.         0.         0.01       0.         0.         0.        ],[0. 0. 0. 0. 1. 0. 0. 0. 0. 0. 0. 0. 0. 0. 0. 0. 0. 0. 0. 0. 0. 0. 0. 0. 0. 0. 0. 1. 0. 0. 0.],500,100,0.1,0.0015,1,18,idID,89,first
215,0.0009632578398061215,0.0009632578398061215,0.006283127134727445,[0.         0.         0.         0.         0.57613871 0.         0.         0.         0.         0.         0.         0.         0.         0.         0.         0.         0.         0.         0.         0.         0.         0.         0.         0.         0.         0.         0.         0.01       0.         0.         0.        ],[0. 0. 0. 0. 1. 0. 0. 0. 0. 0. 0. 0. 0. 0. 0. 0. 0. 0. 0. 0. 0. 0. 0. 0. 0. 0. 0. 1. 0. 0. 0.],500,100,0.1,0.0015,1,18,idID,89,first
216,0.0009632578398061215,0.0009632578398061215,0.006283127134727445,[0.         0.         0.         0.         0.57613871 0.         0.         0.         0.         0.         0.         0.         0.         0.         0.         0.         0.         0.         0.         0.         0.         0.         0.         0.         0.         0.         0.         0.01       0.         0.         0.        ],[0. 0. 0. 0. 1. 0. 0. 0. 0. 0. 0. 0. 0. 0. 0. 0. 0. 0. 0. 0. 0. 0. 0. 0. 0. 0. 0. 1. 0. 0. 0.],500,100,0.1,0.0015,1,18,idID,89,first
217,0.0009632578398061215,0.0009632578398061215,0.006283127134727445,[0.         0.         0.         0.         0.57613871 0.         0.         0.         0.         0.         0.         0.         0.         0.         0.         0.         0.         0.         0.         0.         0.         0.         0.         0.         0.         0.         0.         0.01       0.         0.         0.        ],[0. 0. 0. 0. 1. 0. 0. 0. 0. 0. 0. 0. 0. 0. 0. 0. 0. 0. 0. 0. 0. 0. 0. 0. 0. 0. 0. 1. 0. 0. 0.],500,100,0.1,0.0015,1,18,idID,89,first
218,0.0009632578398061215,0.0009632578398061215,0.006283127134727445,[0.         0.         0.         0.         0.57613871 0.         0.         0.         0.         0.         0.         0.         0.         0.         0.         0.         0.         0.         0.         0.         0.         0.         0.         0.         0.         0.         0.         0.01       0.         0.         0.        ],[0. 0. 0. 0. 1. 0. 0. 0. 0. 0. 0. 0. 0. 0. 0. 0. 0. 0. 0. 0. 0. 0. 0. 0. 0. 0. 0. 1. 0. 0. 0.],500,100,0.1,0.0015,1,18,idID,89,first
219,0.0009632578398061215,0.0009632578398061215,0.006283127134727445,[0.         0.         0.         0.         0.57613871 0.         0.         0.         0.         0.         0.         0.         0.         0.         0.         0.         0.         0.         0.         0.         0.         0.         0.         0.         0.         0.         0.         0.01       0.         0.         0.        ],[0. 0. 0. 0. 1. 0. 0. 0. 0. 0. 0. 0. 0. 0. 0. 0. 0. 0. 0. 0. 0. 0. 0. 0. 0. 0. 0. 1. 0. 0. 0.],500,100,0.1,0.0015,1,18,idID,89,first
220,0.0009632578398061215,0.0009632578398061215,0.006283127134727445,[0.         0.         0.         0.         0.57613871 0.         0.         0.         0.         0.         0.         0.         0.         0.         0.         0.         0.         0.         0.         0.         0.         0.         0.         0.         0.         0.         0.         0.01       0.         0.         0.        ],[0. 0. 0. 0. 1. 0. 0. 0. 0. 0. 0. 0. 0. 0. 0. 0. 0. 0. 0. 0. 0. 0. 0. 0. 0. 0. 0. 1. 0. 0. 0.],500,100,0.1,0.0015,1,18,idID,89,first
221,0.0009632578398061215,0.0009632578398061215,0.006283127134727445,[0.         0.         0.         0.         0.57613871 0.         0.         0.         0.         0.         0.         0.         0.         0.         0.         0.         0.         0.         0.         0.         0.         0.         0.         0.         0.         0.         0.         0.01       0.         0.         0.        ],[0. 0. 0. 0. 1. 0. 0. 0. 0. 0. 0. 0. 0. 0. 0. 0. 0. 0. 0. 0. 0. 0. 0. 0. 0. 0. 0. 1. 0. 0. 0.],500,100,0.1,0.0015,1,18,idID,89,first
222,0.0009632578398061215,0.0009632578398061215,0.006283127134727445,[0.         0.         0.         0.         0.57613871 0.         0.         0.         0.         0.         0.         0.         0.         0.         0.         0.         0.         0.         0.         0.         0.         0.         0.         0.         0.         0.         0.         0.01       0.         0.         0.        ],[0. 0. 0. 0. 1. 0. 0. 0. 0. 0. 0. 0. 0. 0. 0. 0. 0. 0. 0. 0. 0. 0. 0. 0. 0. 0. 0. 1. 0. 0. 0.],500,100,0.1,0.0015,1,18,idID,89,first
223,0.0009632578398061215,0.0009632578398061215,0.006283127134727445,[0.         0.         0.         0.         0.57613871 0.         0.         0.         0.         0.         0.         0.         0.         0.         0.         0.         0.         0.         0.         0.         0.         0.         0.         0.         0.         0.         0.         0.01       0.         0.         0.        ],[0. 0. 0. 0. 1. 0. 0. 0. 0. 0. 0. 0. 0. 0. 0. 0. 0. 0. 0. 0. 0. 0. 0. 0. 0. 0. 0. 1. 0. 0. 0.],500,100,0.1,0.0015,1,18,idID,89,first
224,0.0009632578398061215,0.0009632578398061215,0.006283127134727445,[0.         0.         0.         0.         0.57613871 0.         0.         0.         0.         0.         0.         0.         0.         0.         0.         0.         0.         0.         0.         0.         0.         0.         0.         0.         0.         0.         0.         0.01       0.         0.         0.        ],[0. 0. 0. 0. 1. 0. 0. 0. 0. 0. 0. 0. 0. 0. 0. 0. 0. 0. 0. 0. 0. 0. 0. 0. 0. 0. 0. 1. 0. 0. 0.],500,100,0.1,0.0015,1,18,idID,89,first
225,0.0009632578398061215,0.0009632578398061215,0.006283127134727445,[0.         0.         0.         0.         0.57613871 0.         0.         0.         0.         0.         0.         0.         0.         0.         0.         0.         0.         0.         0.         0.         0.         0.         0.         0.         0.         0.         0.         0.01       0.         0.         0.        ],[0. 0. 0. 0. 1. 0. 0. 0. 0. 0. 0. 0. 0. 0. 0. 0. 0. 0. 0. 0. 0. 0. 0. 0. 0. 0. 0. 1. 0. 0. 0.],500,100,0.1,0.0015,1,18,idID,89,first
226,0.0009632578398061215,0.0009632578398061215,0.006283127134727445,[0.         0.         0.         0.         0.57613871 0.         0.         0.         0.         0.         0.         0.         0.         0.         0.         0.         0.         0.         0.         0.         0.         0.         0.         0.         0.         0.         0.         0.01       0.         0.         0.        ],[0. 0. 0. 0. 1. 0. 0. 0. 0. 0. 0. 0. 0. 0. 0. 0. 0. 0. 0. 0. 0. 0. 0. 0. 0. 0. 0. 1. 0. 0. 0.],500,100,0.1,0.0015,1,18,idID,89,first
227,0.0009632578398061215,0.0009632578398061215,0.006283127134727445,[0.         0.         0.         0.         0.57613871 0.         0.         0.         0.         0.         0.         0.         0.         0.         0.         0.         0.         0.         0.         0.         0.         0.         0.         0.         0.         0.         0.         0.01       0.         0.         0.        ],[0. 0. 0. 0. 1. 0. 0. 0. 0. 0. 0. 0. 0. 0. 0. 0. 0. 0. 0. 0. 0. 0. 0. 0. 0. 0. 0. 1. 0. 0. 0.],500,100,0.1,0.0015,1,18,idID,89,first
228,0.0009632578398061215,0.0009632578398061215,0.006283127134727445,[0.         0.         0.         0.         0.57613871 0.         0.         0.         0.         0.         0.         0.         0.         0.         0.         0.         0.         0.         0.         0.         0.         0.         0.         0.         0.         0.         0.         0.01       0.         0.         0.        ],[0. 0. 0. 0. 1. 0. 0. 0. 0. 0. 0. 0. 0. 0. 0. 0. 0. 0. 0. 0. 0. 0. 0. 0. 0. 0. 0. 1. 0. 0. 0.],500,100,0.1,0.0015,1,18,idID,89,first
229,0.0009632578398061215,0.0009632578398061215,0.006283127134727445,[0.         0.         0.         0.         0.57613871 0.         0.         0.         0.         0.         0.         0.         0.         0.         0.         0.         0.         0.         0.         0.         0.         0.         0.         0.         0.         0.         0.         0.01       0.         0.         0.        ],[0. 0. 0. 0. 1. 0. 0. 0. 0. 0. 0. 0. 0. 0. 0. 0. 0. 0. 0. 0. 0. 0. 0. 0. 0. 0. 0. 1. 0. 0. 0.],500,100,0.1,0.0015,1,18,idID,89,first
230,0.0009632578398061215,0.0009632578398061215,0.006283127134727445,[0.         0.         0.         0.         0.57613871 0.         0.         0.         0.         0.         0.         0.         0.         0.         0.         0.         0.         0.         0.         0.         0.         0.         0.         0.         0.         0.         0.         0.01       0.         0.         0.        ],[0. 0. 0. 0. 1. 0. 0. 0. 0. 0. 0. 0. 0. 0. 0. 0. 0. 0. 0. 0. 0. 0. 0. 0. 0. 0. 0. 1. 0. 0. 0.],500,100,0.1,0.0015,1,18,idID,89,first
231,0.0009632578398061215,0.0009632578398061215,0.006283127134727445,[0.         0.         0.         0.         0.57613871 0.         0.         0.         0.         0.         0.         0.         0.         0.         0.         0.         0.         0.         0.         0.         0.         0.         0.         0.         0.         0.         0.         0.01       0.         0.         0.        ],[0. 0. 0. 0. 1. 0. 0. 0. 0. 0. 0. 0. 0. 0. 0. 0. 0. 0. 0. 0. 0. 0. 0. 0. 0. 0. 0. 1. 0. 0. 0.],500,100,0.1,0.0015,1,18,idID,89,first
232,0.0009632578398061215,0.0009632578398061215,0.006283127134727445,[0.         0.         0.         0.         0.57613871 0.         0.         0.         0.         0.         0.         0.         0.         0.         0.         0.         0.         0.         0.         0.         0.         0.         0.         0.         0.         0.         0.         0.01       0.         0.         0.        ],[0. 0. 0. 0. 1. 0. 0. 0. 0. 0. 0. 0. 0. 0. 0. 0. 0. 0. 0. 0. 0. 0. 0. 0. 0. 0. 0. 1. 0. 0. 0.],500,100,0.1,0.0015,1,18,idID,89,first
233,0.0009632578398061215,0.0009632578398061215,0.006283127134727445,[0.         0.         0.         0.         0.57613871 0.         0.         0.         0.         0.         0.         0.         0.         0.         0.         0.         0.         0.         0.         0.         0.         0.         0.         0.         0.         0.         0.         0.01       0.         0.         0.        ],[0. 0. 0. 0. 1. 0. 0. 0. 0. 0. 0. 0. 0. 0. 0. 0. 0. 0. 0. 0. 0. 0. 0. 0. 0. 0. 0. 1. 0. 0. 0.],500,100,0.1,0.0015,1,18,idID,89,first
234,0.0009632578398061215,0.0009632578398061215,0.006283127134727445,[0.         0.         0.         0.         0.57613871 0.         0.         0.         0.         0.         0.         0.         0.         0.         0.         0.         0.         0.         0.         0.         0.         0.         0.         0.         0.         0.         0.         0.01       0.         0.         0.        ],[0. 0. 0. 0. 1. 0. 0. 0. 0. 0. 0. 0. 0. 0. 0. 0. 0. 0. 0. 0. 0. 0. 0. 0. 0. 0. 0. 1. 0. 0. 0.],500,100,0.1,0.0015,1,18,idID,89,first
235,0.0009632578398061215,0.0009632578398061215,0.006283127134727445,[0.         0.         0.         0.         0.57613871 0.         0.         0.         0.         0.         0.         0.         0.         0.         0.         0.         0.         0.         0.         0.         0.         0.         0.         0.         0.         0.         0.         0.01       0.         0.         0.        ],[0. 0. 0. 0. 1. 0. 0. 0. 0. 0. 0. 0. 0. 0. 0. 0. 0. 0. 0. 0. 0. 0. 0. 0. 0. 0. 0. 1. 0. 0. 0.],500,100,0.1,0.0015,1,18,idID,89,first
236,0.0009632578398061215,0.0009632578398061215,0.006283127134727445,[0.         0.         0.         0.         0.57613871 0.         0.         0.         0.         0.         0.         0.         0.         0.         0.         0.         0.         0.         0.         0.         0.         0.         0.         0.         0.         0.         0.         0.01       0.         0.         0.        ],[0. 0. 0. 0. 1. 0. 0. 0. 0. 0. 0. 0. 0. 0. 0. 0. 0. 0. 0. 0. 0. 0. 0. 0. 0. 0. 0. 1. 0. 0. 0.],500,100,0.1,0.0015,1,18,idID,89,first
237,0.0009632578398061215,0.0009632578398061215,0.006283127134727445,[0.         0.         0.         0.         0.57613871 0.         0.         0.         0.         0.         0.         0.         0.         0.         0.         0.         0.         0.         0.         0.         0.         0.         0.         0.         0.         0.         0.         0.01       0.         0.         0.        ],[0. 0. 0. 0. 1. 0. 0. 0. 0. 0. 0. 0. 0. 0. 0. 0. 0. 0. 0. 0. 0. 0. 0. 0. 0. 0. 0. 1. 0. 0. 0.],500,100,0.1,0.0015,1,18,idID,89,first
238,0.0009632578398061215,0.0009632578398061215,0.006283127134727445,[0.         0.         0.         0.         0.57613871 0.         0.         0.         0.         0.         0.         0.         0.         0.         0.         0.         0.         0.         0.         0.         0.         0.         0.         0.         0.         0.         0.         0.01       0.         0.         0.        ],[0. 0. 0. 0. 1. 0. 0. 0. 0. 0. 0. 0. 0. 0. 0. 0. 0. 0. 0. 0. 0. 0. 0. 0. 0. 0. 0. 1. 0. 0. 0.],500,100,0.1,0.0015,1,18,idID,89,first
239,0.0009632578398061215,0.0009632578398061215,0.006283127134727445,[0.         0.         0.         0.         0.57613871 0.         0.         0.         0.         0.         0.         0.         0.         0.         0.         0.         0.         0.         0.         0.         0.         0.         0.         0.         0.         0.         0.         0.01       0.         0.         0.        ],[0. 0. 0. 0. 1. 0. 0. 0. 0. 0. 0. 0. 0. 0. 0. 0. 0. 0. 0. 0. 0. 0. 0. 0. 0. 0. 0. 1. 0. 0. 0.],500,100,0.1,0.0015,1,18,idID,89,first
240,0.0009632578398061215,0.0009632578398061215,0.006283127134727445,[0.         0.         0.         0.         0.57613871 0.         0.         0.         0.         0.         0.         0.         0.         0.         0.         0.         0.         0.         0.         0.         0.         0.         0.         0.         0.         0.         0.         0.01       0.         0.         0.        ],[0. 0. 0. 0. 1. 0. 0. 0. 0. 0. 0. 0. 0. 0. 0. 0. 0. 0. 0. 0. 0. 0. 0. 0. 0. 0. 0. 1. 0. 0. 0.],500,100,0.1,0.0015,1,18,idID,89,first
241,0.0009632578398061215,0.0009632578398061215,0.006283127134727445,[0.         0.         0.         0.         0.57613871 0.         0.         0.         0.         0.         0.         0.         0.         0.         0.         0.         0.         0.         0.         0.         0.         0.         0.         0.         0.         0.         0.         0.01       0.         0.         0.        ],[0. 0. 0. 0. 1. 0. 0. 0. 0. 0. 0. 0. 0. 0. 0. 0. 0. 0. 0. 0. 0. 0. 0. 0. 0. 0. 0. 1. 0. 0. 0.],500,100,0.1,0.0015,1,18,idID,89,first
242,0.0009632578398061215,0.0009632578398061215,0.006283127134727445,[0.         0.         0.         0.         0.57613871 0.         0.         0.         0.         0.         0.         0.         0.         0.         0.         0.         0.         0.         0.         0.         0.         0.         0.         0.         0.         0.         0.         0.01       0.         0.         0.        ],[0. 0. 0. 0. 1. 0. 0. 0. 0. 0. 0. 0. 0. 0. 0. 0. 0. 0. 0. 0. 0. 0. 0. 0. 0. 0. 0. 1. 0. 0. 0.],500,100,0.1,0.0015,1,18,idID,89,first
243,0.0009632578398061215,0.0009632578398061215,0.006283127134727445,[0.         0.         0.         0.         0.57613871 0.         0.         0.         0.         0.         0.         0.         0.         0.         0.         0.         0.         0.         0.         0.         0.         0.         0.         0.         0.         0.         0.         0.01       0.         0.         0.        ],[0. 0. 0. 0. 1. 0. 0. 0. 0. 0. 0. 0. 0. 0. 0. 0. 0. 0. 0. 0. 0. 0. 0. 0. 0. 0. 0. 1. 0. 0. 0.],500,100,0.1,0.0015,1,18,idID,89,first
244,0.0009632578398061215,0.0009632578398061215,0.006283127134727445,[0.         0.         0.         0.         0.57613871 0.         0.         0.         0.         0.         0.         0.         0.         0.         0.         0.         0.         0.         0.         0.         0.         0.         0.         0.         0.         0.         0.         0.01       0.         0.         0.        ],[0. 0. 0. 0. 1. 0. 0. 0. 0. 0. 0. 0. 0. 0. 0. 0. 0. 0. 0. 0. 0. 0. 0. 0. 0. 0. 0. 1. 0. 0. 0.],500,100,0.1,0.0015,1,18,idID,89,first
245,0.0009632578398061215,0.0009632578398061215,0.006283127134727445,[0.         0.         0.         0.         0.57613871 0.         0.         0.         0.         0.         0.         0.         0.         0.         0.         0.         0.         0.         0.         0.         0.         0.         0.         0.         0.         0.         0.         0.01       0.         0.         0.        ],[0. 0. 0. 0. 1. 0. 0. 0. 0. 0. 0. 0. 0. 0. 0. 0. 0. 0. 0. 0. 0. 0. 0. 0. 0. 0. 0. 1. 0. 0. 0.],500,100,0.1,0.0015,1,18,idID,89,first
246,0.0009632578398061215,0.0009632578398061215,0.006283127134727445,[0.         0.         0.         0.         0.57613871 0.         0.         0.         0.         0.         0.         0.         0.         0.         0.         0.         0.         0.         0.         0.         0.         0.         0.         0.         0.         0.         0.         0.01       0.         0.         0.        ],[0. 0. 0. 0. 1. 0. 0. 0. 0. 0. 0. 0. 0. 0. 0. 0. 0. 0. 0. 0. 0. 0. 0. 0. 0. 0. 0. 1. 0. 0. 0.],500,100,0.1,0.0015,1,18,idID,89,first
247,0.0009632578398061215,0.0009632578398061215,0.006283127134727445,[0.         0.         0.         0.         0.57613871 0.         0.         0.         0.         0.         0.         0.         0.         0.         0.         0.         0.         0.         0.         0.         0.         0.         0.         0.         0.         0.         0.         0.01       0.         0.         0.        ],[0. 0. 0. 0. 1. 0. 0. 0. 0. 0. 0. 0. 0. 0. 0. 0. 0. 0. 0. 0. 0. 0. 0. 0. 0. 0. 0. 1. 0. 0. 0.],500,100,0.1,0.0015,1,18,idID,89,first
248,0.0009632578398061215,0.0009632578398061215,0.006283127134727445,[0.         0.         0.         0.         0.57613871 0.         0.         0.         0.         0.         0.         0.         0.         0.         0.         0.         0.         0.         0.         0.         0.         0.         0.         0.         0.         0.         0.         0.01       0.         0.         0.        ],[0. 0. 0. 0. 1. 0. 0. 0. 0. 0. 0. 0. 0. 0. 0. 0. 0. 0. 0. 0. 0. 0. 0. 0. 0. 0. 0. 1. 0. 0. 0.],500,100,0.1,0.0015,1,18,idID,89,first
249,0.0009632578398061215,0.0009632578398061215,0.006283127134727445,[0.         0.         0.         0.         0.57613871 0.         0.         0.         0.         0.         0.         0.         0.         0.         0.         0.         0.         0.         0.         0.         0.         0.         0.         0.         0.         0.         0.         0.01       0.         0.         0.        ],[0. 0. 0. 0. 1. 0. 0. 0. 0. 0. 0. 0. 0. 0. 0. 0. 0. 0. 0. 0. 0. 0. 0. 0. 0. 0. 0. 1. 0. 0. 0.],500,100,0.1,0.0015,1,18,idID,89,first
250,0.0009632578398061215,0.0009632578398061215,0.006283127134727445,[0.         0.         0.         0.         0.57613871 0.         0.         0.         0.         0.         0.         0.         0.         0.         0.         0.         0.         0.         0.         0.         0.         0.         0.         0.         0.         0.         0.         0.01       0.         0.         0.        ],[0. 0. 0. 0. 1. 0. 0. 0. 0. 0. 0. 0. 0. 0. 0. 0. 0. 0. 0. 0. 0. 0. 0. 0. 0. 0. 0. 1. 0. 0. 0.],500,100,0.1,0.0015,1,18,idID,89,first
251,0.0009632578398061215,0.0009632578398061215,0.006283127134727445,[0.         0.         0.         0.         0.57613871 0.         0.         0.         0.         0.         0.         0.         0.         0.         0.         0.         0.         0.         0.         0.         0.         0.         0.         0.         0.         0.         0.         0.01       0.         0.         0.        ],[0. 0. 0. 0. 1. 0. 0. 0. 0. 0. 0. 0. 0. 0. 0. 0. 0. 0. 0. 0. 0. 0. 0. 0. 0. 0. 0. 1. 0. 0. 0.],500,100,0.1,0.0015,1,18,idID,89,first
252,0.0009632578398061215,0.0009632578398061215,0.006283127134727445,[0.         0.         0.         0.         0.57613871 0.         0.         0.         0.         0.         0.         0.         0.         0.         0.         0.         0.         0.         0.         0.         0.         0.         0.         0.         0.         0.         0.         0.01       0.         0.         0.        ],[0. 0. 0. 0. 1. 0. 0. 0. 0. 0. 0. 0. 0. 0. 0. 0. 0. 0. 0. 0. 0. 0. 0. 0. 0. 0. 0. 1. 0. 0. 0.],500,100,0.1,0.0015,1,18,idID,89,first
253,0.0009632578398061215,0.0009632578398061215,0.006283127134727445,[0.         0.         0.         0.         0.57613871 0.         0.         0.         0.         0.         0.         0.         0.         0.         0.         0.         0.         0.         0.         0.         0.         0.         0.         0.         0.         0.         0.         0.01       0.         0.         0.        ],[0. 0. 0. 0. 1. 0. 0. 0. 0. 0. 0. 0. 0. 0. 0. 0. 0. 0. 0. 0. 0. 0. 0. 0. 0. 0. 0. 1. 0. 0. 0.],500,100,0.1,0.0015,1,18,idID,89,first
254,0.0009632578398061215,0.0009632578398061215,0.006283127134727445,[0.         0.         0.         0.         0.57613871 0.         0.         0.         0.         0.         0.         0.         0.         0.         0.         0.         0.         0.         0.         0.         0.         0.         0.         0.         0.         0.         0.         0.01       0.         0.         0.        ],[0. 0. 0. 0. 1. 0. 0. 0. 0. 0. 0. 0. 0. 0. 0. 0. 0. 0. 0. 0. 0. 0. 0. 0. 0. 0. 0. 1. 0. 0. 0.],500,100,0.1,0.0015,1,18,idID,89,first
255,0.0009632578398061215,0.0009632578398061215,0.006283127134727445,[0.         0.         0.         0.         0.57613871 0.         0.         0.         0.         0.         0.         0.         0.         0.         0.         0.         0.         0.         0.         0.         0.         0.         0.         0.         0.         0.         0.         0.01       0.         0.         0.        ],[0. 0. 0. 0. 1. 0. 0. 0. 0. 0. 0. 0. 0. 0. 0. 0. 0. 0. 0. 0. 0. 0. 0. 0. 0. 0. 0. 1. 0. 0. 0.],500,100,0.1,0.0015,1,18,idID,89,first
256,0.0009632578398061215,0.0009632578398061215,0.006283127134727445,[0.         0.         0.         0.         0.57613871 0.         0.         0.         0.         0.         0.         0.         0.         0.         0.         0.         0.         0.         0.         0.         0.         0.         0.         0.         0.         0.         0.         0.01       0.         0.         0.        ],[0. 0. 0. 0. 1. 0. 0. 0. 0. 0. 0. 0. 0. 0. 0. 0. 0. 0. 0. 0. 0. 0. 0. 0. 0. 0. 0. 1. 0. 0. 0.],500,100,0.1,0.0015,1,18,idID,89,first
257,0.0009632578398061215,0.0009632578398061215,0.006283127134727445,[0.         0.         0.         0.         0.57613871 0.         0.         0.         0.         0.         0.         0.         0.         0.         0.         0.         0.         0.         0.         0.         0.         0.         0.         0.         0.         0.         0.         0.01       0.         0.         0.        ],[0. 0. 0. 0. 1. 0. 0. 0. 0. 0. 0. 0. 0. 0. 0. 0. 0. 0. 0. 0. 0. 0. 0. 0. 0. 0. 0. 1. 0. 0. 0.],500,100,0.1,0.0015,1,18,idID,89,first
258,0.0009632578398061215,0.0009632578398061215,0.006283127134727445,[0.         0.         0.         0.         0.57613871 0.         0.         0.         0.         0.         0.         0.         0.         0.         0.         0.         0.         0.         0.         0.         0.         0.         0.         0.         0.         0.         0.         0.01       0.         0.         0.        ],[0. 0. 0. 0. 1. 0. 0. 0. 0. 0. 0. 0. 0. 0. 0. 0. 0. 0. 0. 0. 0. 0. 0. 0. 0. 0. 0. 1. 0. 0. 0.],500,100,0.1,0.0015,1,18,idID,89,first
259,0.0009632578398061215,0.0009632578398061215,0.006283127134727445,[0.         0.         0.         0.         0.57613871 0.         0.         0.         0.         0.         0.         0.         0.         0.         0.         0.         0.         0.         0.         0.         0.         0.         0.         0.         0.         0.         0.         0.01       0.         0.         0.        ],[0. 0. 0. 0. 1. 0. 0. 0. 0. 0. 0. 0. 0. 0. 0. 0. 0. 0. 0. 0. 0. 0. 0. 0. 0. 0. 0. 1. 0. 0. 0.],500,100,0.1,0.0015,1,18,idID,89,first
260,0.0009632578398061215,0.0009632578398061215,0.006283127134727445,[0.         0.         0.         0.         0.57613871 0.         0.         0.         0.         0.         0.         0.         0.         0.         0.         0.         0.         0.         0.         0.         0.         0.         0.         0.         0.         0.         0.         0.01       0.         0.         0.        ],[0. 0. 0. 0. 1. 0. 0. 0. 0. 0. 0. 0. 0. 0. 0. 0. 0. 0. 0. 0. 0. 0. 0. 0. 0. 0. 0. 1. 0. 0. 0.],500,100,0.1,0.0015,1,18,idID,89,first
261,0.0009632578398061215,0.0009632578398061215,0.006283127134727445,[0.         0.         0.         0.         0.57613871 0.         0.         0.         0.         0.         0.         0.         0.         0.         0.         0.         0.         0.         0.         0.         0.         0.         0.         0.         0.         0.         0.         0.01       0.         0.         0.        ],[0. 0. 0. 0. 1. 0. 0. 0. 0. 0. 0. 0. 0. 0. 0. 0. 0. 0. 0. 0. 0. 0. 0. 0. 0. 0. 0. 1. 0. 0. 0.],500,100,0.1,0.0015,1,18,idID,89,first
262,0.0009632578398061215,0.0009632578398061215,0.006283127134727445,[0.         0.         0.         0.         0.57613871 0.         0.         0.         0.         0.         0.         0.         0.         0.         0.         0.         0.         0.         0.         0.         0.         0.         0.         0.         0.         0.         0.         0.01       0.         0.         0.        ],[0. 0. 0. 0. 1. 0. 0. 0. 0. 0. 0. 0. 0. 0. 0. 0. 0. 0. 0. 0. 0. 0. 0. 0. 0. 0. 0. 1. 0. 0. 0.],500,100,0.1,0.0015,1,18,idID,89,first
263,0.0009632578398061215,0.0009632578398061215,0.006283127134727445,[0.         0.         0.         0.         0.57613871 0.         0.         0.         0.         0.         0.         0.         0.         0.         0.         0.         0.         0.         0.         0.         0.         0.         0.         0.         0.         0.         0.         0.01       0.         0.         0.        ],[0. 0. 0. 0. 1. 0. 0. 0. 0. 0. 0. 0. 0. 0. 0. 0. 0. 0. 0. 0. 0. 0. 0. 0. 0. 0. 0. 1. 0. 0. 0.],500,100,0.1,0.0015,1,18,idID,89,first
264,0.0009632578398061215,0.0009632578398061215,0.006283127134727445,[0.         0.         0.         0.         0.57613871 0.         0.         0.         0.         0.         0.         0.         0.         0.         0.         0.         0.         0.         0.         0.         0.         0.         0.         0.         0.         0.         0.         0.01       0.         0.         0.        ],[0. 0. 0. 0. 1. 0. 0. 0. 0. 0. 0. 0. 0. 0. 0. 0. 0. 0. 0. 0. 0. 0. 0. 0. 0. 0. 0. 1. 0. 0. 0.],500,100,0.1,0.0015,1,18,idID,89,first
265,0.0009632578398061215,0.0009632578398061215,0.006283127134727445,[0.         0.         0.         0.         0.57613871 0.         0.         0.         0.         0.         0.         0.         0.         0.         0.         0.         0.         0.         0.         0.         0.         0.         0.         0.         0.         0.         0.         0.01       0.         0.         0.        ],[0. 0. 0. 0. 1. 0. 0. 0. 0. 0. 0. 0. 0. 0. 0. 0. 0. 0. 0. 0. 0. 0. 0. 0. 0. 0. 0. 1. 0. 0. 0.],500,100,0.1,0.0015,1,18,idID,89,first
266,0.0009632578398061215,0.0009632578398061215,0.006283127134727445,[0.         0.         0.         0.         0.57613871 0.         0.         0.         0.         0.         0.         0.         0.         0.         0.         0.         0.         0.         0.         0.         0.         0.         0.         0.         0.         0.         0.         0.01       0.         0.         0.        ],[0. 0. 0. 0. 1. 0. 0. 0. 0. 0. 0. 0. 0. 0. 0. 0. 0. 0. 0. 0. 0. 0. 0. 0. 0. 0. 0. 1. 0. 0. 0.],500,100,0.1,0.0015,1,18,idID,89,first
267,0.0009632578398061215,0.0009632578398061215,0.006283127134727445,[0.         0.         0.         0.         0.57613871 0.         0.         0.         0.         0.         0.         0.         0.         0.         0.         0.         0.         0.         0.         0.         0.         0.         0.         0.         0.         0.         0.         0.01       0.         0.         0.        ],[0. 0. 0. 0. 1. 0. 0. 0. 0. 0. 0. 0. 0. 0. 0. 0. 0. 0. 0. 0. 0. 0. 0. 0. 0. 0. 0. 1. 0. 0. 0.],500,100,0.1,0.0015,1,18,idID,89,first
268,0.0009632578398061215,0.0009632578398061215,0.006283127134727445,[0.         0.         0.         0.         0.57613871 0.         0.         0.         0.         0.         0.         0.         0.         0.         0.         0.         0.         0.         0.         0.         0.         0.         0.         0.         0.         0.         0.         0.01       0.         0.         0.        ],[0. 0. 0. 0. 1. 0. 0. 0. 0. 0. 0. 0. 0. 0. 0. 0. 0. 0. 0. 0. 0. 0. 0. 0. 0. 0. 0. 1. 0. 0. 0.],500,100,0.1,0.0015,1,18,idID,89,first
269,0.0009632578398061215,0.0009632578398061215,0.006283127134727445,[0.         0.         0.         0.         0.57613871 0.         0.         0.         0.         0.         0.         0.         0.         0.         0.         0.         0.         0.         0.         0.         0.         0.         0.         0.         0.         0.         0.         0.01       0.         0.         0.        ],[0. 0. 0. 0. 1. 0. 0. 0. 0. 0. 0. 0. 0. 0. 0. 0. 0. 0. 0. 0. 0. 0. 0. 0. 0. 0. 0. 1. 0. 0. 0.],500,100,0.1,0.0015,1,18,idID,89,first
270,0.0009632578398061215,0.0009632578398061215,0.006283127134727445,[0.         0.         0.         0.         0.57613871 0.         0.         0.         0.         0.         0.         0.         0.         0.         0.         0.         0.         0.         0.         0.         0.         0.         0.         0.         0.         0.         0.         0.01       0.         0.         0.        ],[0. 0. 0. 0. 1. 0. 0. 0. 0. 0. 0. 0. 0. 0. 0. 0. 0. 0. 0. 0. 0. 0. 0. 0. 0. 0. 0. 1. 0. 0. 0.],500,100,0.1,0.0015,1,18,idID,89,first
271,0.0009632578398061215,0.0009632578398061215,0.006283127134727445,[0.         0.         0.         0.         0.57613871 0.         0.         0.         0.         0.         0.         0.         0.         0.         0.         0.         0.         0.         0.         0.         0.         0.         0.         0.         0.         0.         0.         0.01       0.         0.         0.        ],[0. 0. 0. 0. 1. 0. 0. 0. 0. 0. 0. 0. 0. 0. 0. 0. 0. 0. 0. 0. 0. 0. 0. 0. 0. 0. 0. 1. 0. 0. 0.],500,100,0.1,0.0015,1,18,idID,89,first
272,0.0009632578398061215,0.0009632578398061215,0.006283127134727445,[0.         0.         0.         0.         0.57613871 0.         0.         0.         0.         0.         0.         0.         0.         0.         0.         0.         0.         0.         0.         0.         0.         0.         0.         0.         0.         0.         0.         0.01       0.         0.         0.        ],[0. 0. 0. 0. 1. 0. 0. 0. 0. 0. 0. 0. 0. 0. 0. 0. 0. 0. 0. 0. 0. 0. 0. 0. 0. 0. 0. 1. 0. 0. 0.],500,100,0.1,0.0015,1,18,idID,89,first
273,0.0009632578398061215,0.0009632578398061215,0.006283127134727445,[0.         0.         0.         0.         0.57613871 0.         0.         0.         0.         0.         0.         0.         0.         0.         0.         0.         0.         0.         0.         0.         0.         0.         0.         0.         0.         0.         0.         0.01       0.         0.         0.        ],[0. 0. 0. 0. 1. 0. 0. 0. 0. 0. 0. 0. 0. 0. 0. 0. 0. 0. 0. 0. 0. 0. 0. 0. 0. 0. 0. 1. 0. 0. 0.],500,100,0.1,0.0015,1,18,idID,89,first
274,0.0009632578398061215,0.0009632578398061215,0.006283127134727445,[0.         0.         0.         0.         0.57613871 0.         0.         0.         0.         0.         0.         0.         0.         0.         0.         0.         0.         0.         0.         0.         0.         0.         0.         0.         0.         0.         0.         0.01       0.         0.         0.        ],[0. 0. 0. 0. 1. 0. 0. 0. 0. 0. 0. 0. 0. 0. 0. 0. 0. 0. 0. 0. 0. 0. 0. 0. 0. 0. 0. 1. 0. 0. 0.],500,100,0.1,0.0015,1,18,idID,89,first
275,0.0009632578398061215,0.0009632578398061215,0.006283127134727445,[0.         0.         0.         0.         0.57613871 0.         0.         0.         0.         0.         0.         0.         0.         0.         0.         0.         0.         0.         0.         0.         0.         0.         0.         0.         0.         0.         0.         0.01       0.         0.         0.        ],[0. 0. 0. 0. 1. 0. 0. 0. 0. 0. 0. 0. 0. 0. 0. 0. 0. 0. 0. 0. 0. 0. 0. 0. 0. 0. 0. 1. 0. 0. 0.],500,100,0.1,0.0015,1,18,idID,89,first
276,0.0009632578398061215,0.0009632578398061215,0.006283127134727445,[0.         0.         0.         0.         0.57613871 0.         0.         0.         0.         0.         0.         0.         0.         0.         0.         0.         0.         0.         0.         0.         0.         0.         0.         0.         0.         0.         0.         0.01       0.         0.         0.        ],[0. 0. 0. 0. 1. 0. 0. 0. 0. 0. 0. 0. 0. 0. 0. 0. 0. 0. 0. 0. 0. 0. 0. 0. 0. 0. 0. 1. 0. 0. 0.],500,100,0.1,0.0015,1,18,idID,89,first
277,0.0009632578398061215,0.0009632578398061215,0.006283127134727445,[0.         0.         0.         0.         0.57613871 0.         0.         0.         0.         0.         0.         0.         0.         0.         0.         0.         0.         0.         0.         0.         0.         0.         0.         0.         0.         0.         0.         0.01       0.         0.         0.        ],[0. 0. 0. 0. 1. 0. 0. 0. 0. 0. 0. 0. 0. 0. 0. 0. 0. 0. 0. 0. 0. 0. 0. 0. 0. 0. 0. 1. 0. 0. 0.],500,100,0.1,0.0015,1,18,idID,89,first
278,0.0009632578398061215,0.0009632578398061215,0.006283127134727445,[0.         0.         0.         0.         0.57613871 0.         0.         0.         0.         0.         0.         0.         0.         0.         0.         0.         0.         0.         0.         0.         0.         0.         0.         0.         0.         0.         0.         0.01       0.         0.         0.        ],[0. 0. 0. 0. 1. 0. 0. 0. 0. 0. 0. 0. 0. 0. 0. 0. 0. 0. 0. 0. 0. 0. 0. 0. 0. 0. 0. 1. 0. 0. 0.],500,100,0.1,0.0015,1,18,idID,89,first
279,0.0009632578398061215,0.0009632578398061215,0.006283127134727445,[0.         0.         0.         0.         0.57613871 0.         0.         0.         0.         0.         0.         0.         0.         0.         0.         0.         0.         0.         0.         0.         0.         0.         0.         0.         0.         0.         0.         0.01       0.         0.         0.        ],[0. 0. 0. 0. 1. 0. 0. 0. 0. 0. 0. 0. 0. 0. 0. 0. 0. 0. 0. 0. 0. 0. 0. 0. 0. 0. 0. 1. 0. 0. 0.],500,100,0.1,0.0015,1,18,idID,89,first
280,0.0009632578398061215,0.0009632578398061215,0.006283127134727445,[0.         0.         0.         0.         0.57613871 0.         0.         0.         0.         0.         0.         0.         0.         0.         0.         0.         0.         0.         0.         0.         0.         0.         0.         0.         0.         0.         0.         0.01       0.         0.         0.        ],[0. 0. 0. 0. 1. 0. 0. 0. 0. 0. 0. 0. 0. 0. 0. 0. 0. 0. 0. 0. 0. 0. 0. 0. 0. 0. 0. 1. 0. 0. 0.],500,100,0.1,0.0015,1,18,idID,89,first
281,0.0009632578398061215,0.0009632578398061215,0.006283127134727445,[0.         0.         0.         0.         0.57613871 0.         0.         0.         0.         0.         0.         0.         0.         0.         0.         0.         0.         0.         0.         0.         0.         0.         0.         0.         0.         0.         0.         0.01       0.         0.         0.        ],[0. 0. 0. 0. 1. 0. 0. 0. 0. 0. 0. 0. 0. 0. 0. 0. 0. 0. 0. 0. 0. 0. 0. 0. 0. 0. 0. 1. 0. 0. 0.],500,100,0.1,0.0015,1,18,idID,89,first
282,0.0009632578398061215,0.0009632578398061215,0.006283127134727445,[0.         0.         0.         0.         0.57613871 0.         0.         0.         0.         0.         0.         0.         0.         0.         0.         0.         0.         0.         0.         0.         0.         0.         0.         0.         0.         0.         0.         0.01       0.         0.         0.        ],[0. 0. 0. 0. 1. 0. 0. 0. 0. 0. 0. 0. 0. 0. 0. 0. 0. 0. 0. 0. 0. 0. 0. 0. 0. 0. 0. 1. 0. 0. 0.],500,100,0.1,0.0015,1,18,idID,89,first
283,0.0009632578398061215,0.0009632578398061215,0.006283127134727445,[0.         0.         0.         0.         0.57613871 0.         0.         0.         0.         0.         0.         0.         0.         0.         0.         0.         0.         0.         0.         0.         0.         0.         0.         0.         0.         0.         0.         0.01       0.         0.         0.        ],[0. 0. 0. 0. 1. 0. 0. 0. 0. 0. 0. 0. 0. 0. 0. 0. 0. 0. 0. 0. 0. 0. 0. 0. 0. 0. 0. 1. 0. 0. 0.],500,100,0.1,0.0015,1,18,idID,89,first
284,0.0009632578398061215,0.0009632578398061215,0.006283127134727445,[0.         0.         0.         0.         0.57613871 0.         0.         0.         0.         0.         0.         0.         0.         0.         0.         0.         0.         0.         0.         0.         0.         0.         0.         0.         0.         0.         0.         0.01       0.         0.         0.        ],[0. 0. 0. 0. 1. 0. 0. 0. 0. 0. 0. 0. 0. 0. 0. 0. 0. 0. 0. 0. 0. 0. 0. 0. 0. 0. 0. 1. 0. 0. 0.],500,100,0.1,0.0015,1,18,idID,89,first
285,0.0009632578398061215,0.0009632578398061215,0.006283127134727445,[0.         0.         0.         0.         0.57613871 0.         0.         0.         0.         0.         0.         0.         0.         0.         0.         0.         0.         0.         0.         0.         0.         0.         0.         0.         0.         0.         0.         0.01       0.         0.         0.        ],[0. 0. 0. 0. 1. 0. 0. 0. 0. 0. 0. 0. 0. 0. 0. 0. 0. 0. 0. 0. 0. 0. 0. 0. 0. 0. 0. 1. 0. 0. 0.],500,100,0.1,0.0015,1,18,idID,89,first
286,0.0009632578398061215,0.0009632578398061215,0.006283127134727445,[0.         0.         0.         0.         0.57613871 0.         0.         0.         0.         0.         0.         0.         0.         0.         0.         0.         0.         0.         0.         0.         0.         0.         0.         0.         0.         0.         0.         0.01       0.         0.         0.        ],[0. 0. 0. 0. 1. 0. 0. 0. 0. 0. 0. 0. 0. 0. 0. 0. 0. 0. 0. 0. 0. 0. 0. 0. 0. 0. 0. 1. 0. 0. 0.],500,100,0.1,0.0015,1,18,idID,89,first
287,0.0009632578398061215,0.0009632578398061215,0.006283127134727445,[0.         0.         0.         0.         0.57613871 0.         0.         0.         0.         0.         0.         0.         0.         0.         0.         0.         0.         0.         0.         0.         0.         0.         0.         0.         0.         0.         0.         0.01       0.         0.         0.        ],[0. 0. 0. 0. 1. 0. 0. 0. 0. 0. 0. 0. 0. 0. 0. 0. 0. 0. 0. 0. 0. 0. 0. 0. 0. 0. 0. 1. 0. 0. 0.],500,100,0.1,0.0015,1,18,idID,89,first
288,0.0009632578398061215,0.0009632578398061215,0.006283127134727445,[0.         0.         0.         0.         0.57613871 0.         0.         0.         0.         0.         0.         0.         0.         0.         0.         0.         0.         0.         0.         0.         0.         0.         0.         0.         0.         0.         0.         0.01       0.         0.         0.        ],[0. 0. 0. 0. 1. 0. 0. 0. 0. 0. 0. 0. 0. 0. 0. 0. 0. 0. 0. 0. 0. 0. 0. 0. 0. 0. 0. 1. 0. 0. 0.],500,100,0.1,0.0015,1,18,idID,89,first
289,0.0009632578398061215,0.0009632578398061215,0.006283127134727445,[0.         0.         0.         0.         0.57613871 0.         0.         0.         0.         0.         0.         0.         0.         0.         0.         0.         0.         0.         0.         0.         0.         0.         0.         0.         0.         0.         0.         0.01       0.         0.         0.        ],[0. 0. 0. 0. 1. 0. 0. 0. 0. 0. 0. 0. 0. 0. 0. 0. 0. 0. 0. 0. 0. 0. 0. 0. 0. 0. 0. 1. 0. 0. 0.],500,100,0.1,0.0015,1,18,idID,89,first
290,0.0009632578398061215,0.0009632578398061215,0.006283127134727445,[0.         0.         0.         0.         0.57613871 0.         0.         0.         0.         0.         0.         0.         0.         0.         0.         0.         0.         0.         0.         0.         0.         0.         0.         0.         0.         0.         0.         0.01       0.         0.         0.        ],[0. 0. 0. 0. 1. 0. 0. 0. 0. 0. 0. 0. 0. 0. 0. 0. 0. 0. 0. 0. 0. 0. 0. 0. 0. 0. 0. 1. 0. 0. 0.],500,100,0.1,0.0015,1,18,idID,89,first
291,0.0009632578398061215,0.0009632578398061215,0.006283127134727445,[0.         0.         0.         0.         0.57613871 0.         0.         0.         0.         0.         0.         0.         0.         0.         0.         0.         0.         0.         0.         0.         0.         0.         0.         0.         0.         0.         0.         0.01       0.         0.         0.        ],[0. 0. 0. 0. 1. 0. 0. 0. 0. 0. 0. 0. 0. 0. 0. 0. 0. 0. 0. 0. 0. 0. 0. 0. 0. 0. 0. 1. 0. 0. 0.],500,100,0.1,0.0015,1,18,idID,89,first
292,0.0009632578398061215,0.0009632578398061215,0.006283127134727445,[0.         0.         0.         0.         0.57613871 0.         0.         0.         0.         0.         0.         0.         0.         0.         0.         0.         0.         0.         0.         0.         0.         0.         0.         0.         0.         0.         0.         0.01       0.         0.         0.        ],[0. 0. 0. 0. 1. 0. 0. 0. 0. 0. 0. 0. 0. 0. 0. 0. 0. 0. 0. 0. 0. 0. 0. 0. 0. 0. 0. 1. 0. 0. 0.],500,100,0.1,0.0015,1,18,idID,89,first
293,0.0009632578398061215,0.0009632578398061215,0.006283127134727445,[0.         0.         0.         0.         0.57613871 0.         0.         0.         0.         0.         0.         0.         0.         0.         0.         0.         0.         0.         0.         0.         0.         0.         0.         0.         0.         0.         0.         0.01       0.         0.         0.        ],[0. 0. 0. 0. 1. 0. 0. 0. 0. 0. 0. 0. 0. 0. 0. 0. 0. 0. 0. 0. 0. 0. 0. 0. 0. 0. 0. 1. 0. 0. 0.],500,100,0.1,0.0015,1,18,idID,89,first
294,0.0009632578398061215,0.0009632578398061215,0.006283127134727445,[0.         0.         0.         0.         0.57613871 0.         0.         0.         0.         0.         0.         0.         0.         0.         0.         0.         0.         0.         0.         0.         0.         0.         0.         0.         0.         0.         0.         0.01       0.         0.         0.        ],[0. 0. 0. 0. 1. 0. 0. 0. 0. 0. 0. 0. 0. 0. 0. 0. 0. 0. 0. 0. 0. 0. 0. 0. 0. 0. 0. 1. 0. 0. 0.],500,100,0.1,0.0015,1,18,idID,89,first
295,0.0009632578398061215,0.0009632578398061215,0.006283127134727445,[0.         0.         0.         0.         0.57613871 0.         0.         0.         0.         0.         0.         0.         0.         0.         0.         0.         0.         0.         0.         0.         0.         0.         0.         0.         0.         0.         0.         0.01       0.         0.         0.        ],[0. 0. 0. 0. 1. 0. 0. 0. 0. 0. 0. 0. 0. 0. 0. 0. 0. 0. 0. 0. 0. 0. 0. 0. 0. 0. 0. 1. 0. 0. 0.],500,100,0.1,0.0015,1,18,idID,89,first
296,0.0009632578398061215,0.0009632578398061215,0.006283127134727445,[0.         0.         0.         0.         0.57613871 0.         0.         0.         0.         0.         0.         0.         0.         0.         0.         0.         0.         0.         0.         0.         0.         0.         0.         0.         0.         0.         0.         0.01       0.         0.         0.        ],[0. 0. 0. 0. 1. 0. 0. 0. 0. 0. 0. 0. 0. 0. 0. 0. 0. 0. 0. 0. 0. 0. 0. 0. 0. 0. 0. 1. 0. 0. 0.],500,100,0.1,0.0015,1,18,idID,89,first
297,0.0009632578398061215,0.0009632578398061215,0.006283127134727445,[0.         0.         0.         0.         0.57613871 0.         0.         0.         0.         0.         0.         0.         0.         0.         0.         0.         0.         0.         0.         0.         0.         0.         0.         0.         0.         0.         0.         0.01       0.         0.         0.        ],[0. 0. 0. 0. 1. 0. 0. 0. 0. 0. 0. 0. 0. 0. 0. 0. 0. 0. 0. 0. 0. 0. 0. 0. 0. 0. 0. 1. 0. 0. 0.],500,100,0.1,0.0015,1,18,idID,89,first
298,0.0009632578398061215,0.0009632578398061215,0.006283127134727445,[0.         0.         0.         0.         0.57613871 0.         0.         0.         0.         0.         0.         0.         0.         0.         0.         0.         0.         0.         0.         0.         0.         0.         0.         0.         0.         0.         0.         0.01       0.         0.         0.        ],[0. 0. 0. 0. 1. 0. 0. 0. 0. 0. 0. 0. 0. 0. 0. 0. 0. 0. 0. 0. 0. 0. 0. 0. 0. 0. 0. 1. 0. 0. 0.],500,100,0.1,0.0015,1,18,idID,89,first
299,0.0009632578398061215,0.0009632578398061215,0.006283127134727445,[0.         0.         0.         0.         0.57613871 0.         0.         0.         0.         0.         0.         0.         0.         0.         0.         0.         0.         0.         0.         0.         0.         0.         0.         0.         0.         0.         0.         0.01       0.         0.         0.        ],[0. 0. 0. 0. 1. 0. 0. 0. 0. 0. 0. 0. 0. 0. 0. 0. 0. 0. 0. 0. 0. 0. 0. 0. 0. 0. 0. 1. 0. 0. 0.],500,100,0.1,0.0015,1,18,idID,89,first
300,0.0009632578398061215,0.0009632578398061215,0.006283127134727445,[0.         0.         0.         0.         0.57613871 0.         0.         0.         0.         0.         0.         0.         0.         0.         0.         0.         0.         0.         0.         0.         0.         0.         0.         0.         0.         0.         0.         0.01       0.         0.         0.        ],[0. 0. 0. 0. 1. 0. 0. 0. 0. 0. 0. 0. 0. 0. 0. 0. 0. 0. 0. 0. 0. 0. 0. 0. 0. 0. 0. 1. 0. 0. 0.],500,100,0.1,0.0015,1,18,idID,89,first
301,0.0009632578398061215,0.0009632578398061215,0.006283127134727445,[0.         0.         0.         0.         0.57613871 0.         0.         0.         0.         0.         0.         0.         0.         0.         0.         0.         0.         0.         0.         0.         0.         0.         0.         0.         0.         0.         0.         0.01       0.         0.         0.        ],[0. 0. 0. 0. 1. 0. 0. 0. 0. 0. 0. 0. 0. 0. 0. 0. 0. 0. 0. 0. 0. 0. 0. 0. 0. 0. 0. 1. 0. 0. 0.],500,100,0.1,0.0015,1,18,idID,89,first
302,0.0009632578398061215,0.0009632578398061215,0.006283127134727445,[0.         0.         0.         0.         0.57613871 0.         0.         0.         0.         0.         0.         0.         0.         0.         0.         0.         0.         0.         0.         0.         0.         0.         0.         0.         0.         0.         0.         0.01       0.         0.         0.        ],[0. 0. 0. 0. 1. 0. 0. 0. 0. 0. 0. 0. 0. 0. 0. 0. 0. 0. 0. 0. 0. 0. 0. 0. 0. 0. 0. 1. 0. 0. 0.],500,100,0.1,0.0015,1,18,idID,89,first
303,0.0009632578398061215,0.0009632578398061215,0.006283127134727445,[0.         0.         0.         0.         0.57613871 0.         0.         0.         0.         0.         0.         0.         0.         0.         0.         0.         0.         0.         0.         0.         0.         0.         0.         0.         0.         0.         0.         0.01       0.         0.         0.        ],[0. 0. 0. 0. 1. 0. 0. 0. 0. 0. 0. 0. 0. 0. 0. 0. 0. 0. 0. 0. 0. 0. 0. 0. 0. 0. 0. 1. 0. 0. 0.],500,100,0.1,0.0015,1,18,idID,89,first
304,0.0009632578398061215,0.0009632578398061215,0.006283127134727445,[0.         0.         0.         0.         0.57613871 0.         0.         0.         0.         0.         0.         0.         0.         0.         0.         0.         0.         0.         0.         0.         0.         0.         0.         0.         0.         0.         0.         0.01       0.         0.         0.        ],[0. 0. 0. 0. 1. 0. 0. 0. 0. 0. 0. 0. 0. 0. 0. 0. 0. 0. 0. 0. 0. 0. 0. 0. 0. 0. 0. 1. 0. 0. 0.],500,100,0.1,0.0015,1,18,idID,89,first
305,0.0009632578398061215,0.0009632578398061215,0.006283127134727445,[0.         0.         0.         0.         0.57613871 0.         0.         0.         0.         0.         0.         0.         0.         0.         0.         0.         0.         0.         0.         0.         0.         0.         0.         0.         0.         0.         0.         0.01       0.         0.         0.        ],[0. 0. 0. 0. 1. 0. 0. 0. 0. 0. 0. 0. 0. 0. 0. 0. 0. 0. 0. 0. 0. 0. 0. 0. 0. 0. 0. 1. 0. 0. 0.],500,100,0.1,0.0015,1,18,idID,89,first
306,0.0009632578398061215,0.0009632578398061215,0.006283127134727445,[0.         0.         0.         0.         0.57613871 0.         0.         0.         0.         0.         0.         0.         0.         0.         0.         0.         0.         0.         0.         0.         0.         0.         0.         0.         0.         0.         0.         0.01       0.         0.         0.        ],[0. 0. 0. 0. 1. 0. 0. 0. 0. 0. 0. 0. 0. 0. 0. 0. 0. 0. 0. 0. 0. 0. 0. 0. 0. 0. 0. 1. 0. 0. 0.],500,100,0.1,0.0015,1,18,idID,89,first
307,0.0009632578398061215,0.0009632578398061215,0.006283127134727445,[0.         0.         0.         0.         0.57613871 0.         0.         0.         0.         0.         0.         0.         0.         0.         0.         0.         0.         0.         0.         0.         0.         0.         0.         0.         0.         0.         0.         0.01       0.         0.         0.        ],[0. 0. 0. 0. 1. 0. 0. 0. 0. 0. 0. 0. 0. 0. 0. 0. 0. 0. 0. 0. 0. 0. 0. 0. 0. 0. 0. 1. 0. 0. 0.],500,100,0.1,0.0015,1,18,idID,89,first
308,0.0009632578398061215,0.0009632578398061215,0.006283127134727445,[0.         0.         0.         0.         0.57613871 0.         0.         0.         0.         0.         0.         0.         0.         0.         0.         0.         0.         0.         0.         0.         0.         0.         0.         0.         0.         0.         0.         0.01       0.         0.         0.        ],[0. 0. 0. 0. 1. 0. 0. 0. 0. 0. 0. 0. 0. 0. 0. 0. 0. 0. 0. 0. 0. 0. 0. 0. 0. 0. 0. 1. 0. 0. 0.],500,100,0.1,0.0015,1,18,idID,89,first
309,0.0009632578398061215,0.0009632578398061215,0.006283127134727445,[0.         0.         0.         0.         0.57613871 0.         0.         0.         0.         0.         0.         0.         0.         0.         0.         0.         0.         0.         0.         0.         0.         0.         0.         0.         0.         0.         0.         0.01       0.         0.         0.        ],[0. 0. 0. 0. 1. 0. 0. 0. 0. 0. 0. 0. 0. 0. 0. 0. 0. 0. 0. 0. 0. 0. 0. 0. 0. 0. 0. 1. 0. 0. 0.],500,100,0.1,0.0015,1,18,idID,89,first
310,0.0009632578398061215,0.0009632578398061215,0.006283127134727445,[0.         0.         0.         0.         0.57613871 0.         0.         0.         0.         0.         0.         0.         0.         0.         0.         0.         0.         0.         0.         0.         0.         0.         0.         0.         0.         0.         0.         0.01       0.         0.         0.        ],[0. 0. 0. 0. 1. 0. 0. 0. 0. 0. 0. 0. 0. 0. 0. 0. 0. 0. 0. 0. 0. 0. 0. 0. 0. 0. 0. 1. 0. 0. 0.],500,100,0.1,0.0015,1,18,idID,89,first
311,0.0009632578398061215,0.0009632578398061215,0.006283127134727445,[0.         0.         0.         0.         0.57613871 0.         0.         0.         0.         0.         0.         0.         0.         0.         0.         0.         0.         0.         0.         0.         0.         0.         0.         0.         0.         0.         0.         0.01       0.         0.         0.        ],[0. 0. 0. 0. 1. 0. 0. 0. 0. 0. 0. 0. 0. 0. 0. 0. 0. 0. 0. 0. 0. 0. 0. 0. 0. 0. 0. 1. 0. 0. 0.],500,100,0.1,0.0015,1,18,idID,89,first
312,0.0009632578398061215,0.0009632578398061215,0.006283127134727445,[0.         0.         0.         0.         0.57613871 0.         0.         0.         0.         0.         0.         0.         0.         0.         0.         0.         0.         0.         0.         0.         0.         0.         0.         0.         0.         0.         0.         0.01       0.         0.         0.        ],[0. 0. 0. 0. 1. 0. 0. 0. 0. 0. 0. 0. 0. 0. 0. 0. 0. 0. 0. 0. 0. 0. 0. 0. 0. 0. 0. 1. 0. 0. 0.],500,100,0.1,0.0015,1,18,idID,89,first
313,0.0009632578398061215,0.0009632578398061215,0.006283127134727445,[0.         0.         0.         0.         0.57613871 0.         0.         0.         0.         0.         0.         0.         0.         0.         0.         0.         0.         0.         0.         0.         0.         0.         0.         0.         0.         0.         0.         0.01       0.         0.         0.        ],[0. 0. 0. 0. 1. 0. 0. 0. 0. 0. 0. 0. 0. 0. 0. 0. 0. 0. 0. 0. 0. 0. 0. 0. 0. 0. 0. 1. 0. 0. 0.],500,100,0.1,0.0015,1,18,idID,89,first
314,0.0009632578398061215,0.0009632578398061215,0.006283127134727445,[0.         0.         0.         0.         0.57613871 0.         0.         0.         0.         0.         0.         0.         0.         0.         0.         0.         0.         0.         0.         0.         0.         0.         0.         0.         0.         0.         0.         0.01       0.         0.         0.        ],[0. 0. 0. 0. 1. 0. 0. 0. 0. 0. 0. 0. 0. 0. 0. 0. 0. 0. 0. 0. 0. 0. 0. 0. 0. 0. 0. 1. 0. 0. 0.],500,100,0.1,0.0015,1,18,idID,89,first
315,0.0009632578398061215,0.0009632578398061215,0.006283127134727445,[0.         0.         0.         0.         0.57613871 0.         0.         0.         0.         0.         0.         0.         0.         0.         0.         0.         0.         0.         0.         0.         0.         0.         0.         0.         0.         0.         0.         0.01       0.         0.         0.        ],[0. 0. 0. 0. 1. 0. 0. 0. 0. 0. 0. 0. 0. 0. 0. 0. 0. 0. 0. 0. 0. 0. 0. 0. 0. 0. 0. 1. 0. 0. 0.],500,100,0.1,0.0015,1,18,idID,89,first
316,0.0009632578398061215,0.0009632578398061215,0.006283127134727445,[0.         0.         0.         0.         0.57613871 0.         0.         0.         0.         0.         0.         0.         0.         0.         0.         0.         0.         0.         0.         0.         0.         0.         0.         0.         0.         0.         0.         0.01       0.         0.         0.        ],[0. 0. 0. 0. 1. 0. 0. 0. 0. 0. 0. 0. 0. 0. 0. 0. 0. 0. 0. 0. 0. 0. 0. 0. 0. 0. 0. 1. 0. 0. 0.],500,100,0.1,0.0015,1,18,idID,89,first
317,0.0009632578398061215,0.0009632578398061215,0.006283127134727445,[0.         0.         0.         0.         0.57613871 0.         0.         0.         0.         0.         0.         0.         0.         0.         0.         0.         0.         0.         0.         0.         0.         0.         0.         0.         0.         0.         0.         0.01       0.         0.         0.        ],[0. 0. 0. 0. 1. 0. 0. 0. 0. 0. 0. 0. 0. 0. 0. 0. 0. 0. 0. 0. 0. 0. 0. 0. 0. 0. 0. 1. 0. 0. 0.],500,100,0.1,0.0015,1,18,idID,89,first
318,0.0009632578398061215,0.0009632578398061215,0.006283127134727445,[0.         0.         0.         0.         0.57613871 0.         0.         0.         0.         0.         0.         0.         0.         0.         0.         0.         0.         0.         0.         0.         0.         0.         0.         0.         0.         0.         0.         0.01       0.         0.         0.        ],[0. 0. 0. 0. 1. 0. 0. 0. 0. 0. 0. 0. 0. 0. 0. 0. 0. 0. 0. 0. 0. 0. 0. 0. 0. 0. 0. 1. 0. 0. 0.],500,100,0.1,0.0015,1,18,idID,89,first
319,0.0009632578398061215,0.0009632578398061215,0.006283127134727445,[0.         0.         0.         0.         0.57613871 0.         0.         0.         0.         0.         0.         0.         0.         0.         0.         0.         0.         0.         0.         0.         0.         0.         0.         0.         0.         0.         0.         0.01       0.         0.         0.        ],[0. 0. 0. 0. 1. 0. 0. 0. 0. 0. 0. 0. 0. 0. 0. 0. 0. 0. 0. 0. 0. 0. 0. 0. 0. 0. 0. 1. 0. 0. 0.],500,100,0.1,0.0015,1,18,idID,89,first
320,0.0009632578398061215,0.0009632578398061215,0.006283127134727445,[0.         0.         0.         0.         0.57613871 0.         0.         0.         0.         0.         0.         0.         0.         0.         0.         0.         0.         0.         0.         0.         0.         0.         0.         0.         0.         0.         0.         0.01       0.         0.         0.        ],[0. 0. 0. 0. 1. 0. 0. 0. 0. 0. 0. 0. 0. 0. 0. 0. 0. 0. 0. 0. 0. 0. 0. 0. 0. 0. 0. 1. 0. 0. 0.],500,100,0.1,0.0015,1,18,idID,89,first
321,0.0009632578398061215,0.0009632578398061215,0.006283127134727445,[0.         0.         0.         0.         0.57613871 0.         0.         0.         0.         0.         0.         0.         0.         0.         0.         0.         0.         0.         0.         0.         0.         0.         0.         0.         0.         0.         0.         0.01       0.         0.         0.        ],[0. 0. 0. 0. 1. 0. 0. 0. 0. 0. 0. 0. 0. 0. 0. 0. 0. 0. 0. 0. 0. 0. 0. 0. 0. 0. 0. 1. 0. 0. 0.],500,100,0.1,0.0015,1,18,idID,89,first
322,0.0009632578398061215,0.0009632578398061215,0.006283127134727445,[0.         0.         0.         0.         0.57613871 0.         0.         0.         0.         0.         0.         0.         0.         0.         0.         0.         0.         0.         0.         0.         0.         0.         0.         0.         0.         0.         0.         0.01       0.         0.         0.        ],[0. 0. 0. 0. 1. 0. 0. 0. 0. 0. 0. 0. 0. 0. 0. 0. 0. 0. 0. 0. 0. 0. 0. 0. 0. 0. 0. 1. 0. 0. 0.],500,100,0.1,0.0015,1,18,idID,89,first
323,0.0009632578398061215,0.0009632578398061215,0.006283127134727445,[0.         0.         0.         0.         0.57613871 0.         0.         0.         0.         0.         0.         0.         0.         0.         0.         0.         0.         0.         0.         0.         0.         0.         0.         0.         0.         0.         0.         0.01       0.         0.         0.        ],[0. 0. 0. 0. 1. 0. 0. 0. 0. 0. 0. 0. 0. 0. 0. 0. 0. 0. 0. 0. 0. 0. 0. 0. 0. 0. 0. 1. 0. 0. 0.],500,100,0.1,0.0015,1,18,idID,89,first
324,0.0009632578398061215,0.0009632578398061215,0.006283127134727445,[0.         0.         0.         0.         0.57613871 0.         0.         0.         0.         0.         0.         0.         0.         0.         0.         0.         0.         0.         0.         0.         0.         0.         0.         0.         0.         0.         0.         0.01       0.         0.         0.        ],[0. 0. 0. 0. 1. 0. 0. 0. 0. 0. 0. 0. 0. 0. 0. 0. 0. 0. 0. 0. 0. 0. 0. 0. 0. 0. 0. 1. 0. 0. 0.],500,100,0.1,0.0015,1,18,idID,89,first
325,0.0009632578398061215,0.0009632578398061215,0.006283127134727445,[0.         0.         0.         0.         0.57613871 0.         0.         0.         0.         0.         0.         0.         0.         0.         0.         0.         0.         0.         0.         0.         0.         0.         0.         0.         0.         0.         0.         0.01       0.         0.         0.        ],[0. 0. 0. 0. 1. 0. 0. 0. 0. 0. 0. 0. 0. 0. 0. 0. 0. 0. 0. 0. 0. 0. 0. 0. 0. 0. 0. 1. 0. 0. 0.],500,100,0.1,0.0015,1,18,idID,89,first
326,0.0009632578398061215,0.0009632578398061215,0.006283127134727445,[0.         0.         0.         0.         0.57613871 0.         0.         0.         0.         0.         0.         0.         0.         0.         0.         0.         0.         0.         0.         0.         0.         0.         0.         0.         0.         0.         0.         0.01       0.         0.         0.        ],[0. 0. 0. 0. 1. 0. 0. 0. 0. 0. 0. 0. 0. 0. 0. 0. 0. 0. 0. 0. 0. 0. 0. 0. 0. 0. 0. 1. 0. 0. 0.],500,100,0.1,0.0015,1,18,idID,89,first
327,0.0009632578398061215,0.0009632578398061215,0.006283127134727445,[0.         0.         0.         0.         0.57613871 0.         0.         0.         0.         0.         0.         0.         0.         0.         0.         0.         0.         0.         0.         0.         0.         0.         0.         0.         0.         0.         0.         0.01       0.         0.         0.        ],[0. 0. 0. 0. 1. 0. 0. 0. 0. 0. 0. 0. 0. 0. 0. 0. 0. 0. 0. 0. 0. 0. 0. 0. 0. 0. 0. 1. 0. 0. 0.],500,100,0.1,0.0015,1,18,idID,89,first
328,0.0009632578398061215,0.0009632578398061215,0.006283127134727445,[0.         0.         0.         0.         0.57613871 0.         0.         0.         0.         0.         0.         0.         0.         0.         0.         0.         0.         0.         0.         0.         0.         0.         0.         0.         0.         0.         0.         0.01       0.         0.         0.        ],[0. 0. 0. 0. 1. 0. 0. 0. 0. 0. 0. 0. 0. 0. 0. 0. 0. 0. 0. 0. 0. 0. 0. 0. 0. 0. 0. 1. 0. 0. 0.],500,100,0.1,0.0015,1,18,idID,89,first
329,0.0009632578398061215,0.0009632578398061215,0.006283127134727445,[0.         0.         0.         0.         0.57613871 0.         0.         0.         0.         0.         0.         0.         0.         0.         0.         0.         0.         0.         0.         0.         0.         0.         0.         0.         0.         0.         0.         0.01       0.         0.         0.        ],[0. 0. 0. 0. 1. 0. 0. 0. 0. 0. 0. 0. 0. 0. 0. 0. 0. 0. 0. 0. 0. 0. 0. 0. 0. 0. 0. 1. 0. 0. 0.],500,100,0.1,0.0015,1,18,idID,89,first
330,0.0009632578398061215,0.0009632578398061215,0.006283127134727445,[0.         0.         0.         0.         0.57613871 0.         0.         0.         0.         0.         0.         0.         0.         0.         0.         0.         0.         0.         0.         0.         0.         0.         0.         0.         0.         0.         0.         0.01       0.         0.         0.        ],[0. 0. 0. 0. 1. 0. 0. 0. 0. 0. 0. 0. 0. 0. 0. 0. 0. 0. 0. 0. 0. 0. 0. 0. 0. 0. 0. 1. 0. 0. 0.],500,100,0.1,0.0015,1,18,idID,89,first
331,0.0009632578398061215,0.0009632578398061215,0.006283127134727445,[0.         0.         0.         0.         0.57613871 0.         0.         0.         0.         0.         0.         0.         0.         0.         0.         0.         0.         0.         0.         0.         0.         0.         0.         0.         0.         0.         0.         0.01       0.         0.         0.        ],[0. 0. 0. 0. 1. 0. 0. 0. 0. 0. 0. 0. 0. 0. 0. 0. 0. 0. 0. 0. 0. 0. 0. 0. 0. 0. 0. 1. 0. 0. 0.],500,100,0.1,0.0015,1,18,idID,89,first
332,0.0009632578398061215,0.0009632578398061215,0.006283127134727445,[0.         0.         0.         0.         0.57613871 0.         0.         0.         0.         0.         0.         0.         0.         0.         0.         0.         0.         0.         0.         0.         0.         0.         0.         0.         0.         0.         0.         0.01       0.         0.         0.        ],[0. 0. 0. 0. 1. 0. 0. 0. 0. 0. 0. 0. 0. 0. 0. 0. 0. 0. 0. 0. 0. 0. 0. 0. 0. 0. 0. 1. 0. 0. 0.],500,100,0.1,0.0015,1,18,idID,89,first
333,0.0009632578398061215,0.0009632578398061215,0.006283127134727445,[0.         0.         0.         0.         0.57613871 0.         0.         0.         0.         0.         0.         0.         0.         0.         0.         0.         0.         0.         0.         0.         0.         0.         0.         0.         0.         0.         0.         0.01       0.         0.         0.        ],[0. 0. 0. 0. 1. 0. 0. 0. 0. 0. 0. 0. 0. 0. 0. 0. 0. 0. 0. 0. 0. 0. 0. 0. 0. 0. 0. 1. 0. 0. 0.],500,100,0.1,0.0015,1,18,idID,89,first
334,0.0009632578398061215,0.0009632578398061215,0.006283127134727445,[0.         0.         0.         0.         0.57613871 0.         0.         0.         0.         0.         0.         0.         0.         0.         0.         0.         0.         0.         0.         0.         0.         0.         0.         0.         0.         0.         0.         0.01       0.         0.         0.        ],[0. 0. 0. 0. 1. 0. 0. 0. 0. 0. 0. 0. 0. 0. 0. 0. 0. 0. 0. 0. 0. 0. 0. 0. 0. 0. 0. 1. 0. 0. 0.],500,100,0.1,0.0015,1,18,idID,89,first
335,0.0009632578398061215,0.0009632578398061215,0.006283127134727445,[0.         0.         0.         0.         0.57613871 0.         0.         0.         0.         0.         0.         0.         0.         0.         0.         0.         0.         0.         0.         0.         0.         0.         0.         0.         0.         0.         0.         0.01       0.         0.         0.        ],[0. 0. 0. 0. 1. 0. 0. 0. 0. 0. 0. 0. 0. 0. 0. 0. 0. 0. 0. 0. 0. 0. 0. 0. 0. 0. 0. 1. 0. 0. 0.],500,100,0.1,0.0015,1,18,idID,89,first
336,0.0009632578398061215,0.0009632578398061215,0.006283127134727445,[0.         0.         0.         0.         0.57613871 0.         0.         0.         0.         0.         0.         0.         0.         0.         0.         0.         0.         0.         0.         0.         0.         0.         0.         0.         0.         0.         0.         0.01       0.         0.         0.        ],[0. 0. 0. 0. 1. 0. 0. 0. 0. 0. 0. 0. 0. 0. 0. 0. 0. 0. 0. 0. 0. 0. 0. 0. 0. 0. 0. 1. 0. 0. 0.],500,100,0.1,0.0015,1,18,idID,89,first
337,0.0009632578398061215,0.0009632578398061215,0.006283127134727445,[0.         0.         0.         0.         0.57613871 0.         0.         0.         0.         0.         0.         0.         0.         0.         0.         0.         0.         0.         0.         0.         0.         0.         0.         0.         0.         0.         0.         0.01       0.         0.         0.        ],[0. 0. 0. 0. 1. 0. 0. 0. 0. 0. 0. 0. 0. 0. 0. 0. 0. 0. 0. 0. 0. 0. 0. 0. 0. 0. 0. 1. 0. 0. 0.],500,100,0.1,0.0015,1,18,idID,89,first
338,0.0009632578398061215,0.0009632578398061215,0.006283127134727445,[0.         0.         0.         0.         0.57613871 0.         0.         0.         0.         0.         0.         0.         0.         0.         0.         0.         0.         0.         0.         0.         0.         0.         0.         0.         0.         0.         0.         0.01       0.         0.         0.        ],[0. 0. 0. 0. 1. 0. 0. 0. 0. 0. 0. 0. 0. 0. 0. 0. 0. 0. 0. 0. 0. 0. 0. 0. 0. 0. 0. 1. 0. 0. 0.],500,100,0.1,0.0015,1,18,idID,89,first
339,0.0009632578398061215,0.0009632578398061215,0.006283127134727445,[0.         0.         0.         0.         0.57613871 0.         0.         0.         0.         0.         0.         0.         0.         0.         0.         0.         0.         0.         0.         0.         0.         0.         0.         0.         0.         0.         0.         0.01       0.         0.         0.        ],[0. 0. 0. 0. 1. 0. 0. 0. 0. 0. 0. 0. 0. 0. 0. 0. 0. 0. 0. 0. 0. 0. 0. 0. 0. 0. 0. 1. 0. 0. 0.],500,100,0.1,0.0015,1,18,idID,89,first
340,0.0009632578398061215,0.0009632578398061215,0.006283127134727445,[0.         0.         0.         0.         0.57613871 0.         0.         0.         0.         0.         0.         0.         0.         0.         0.         0.         0.         0.         0.         0.         0.         0.         0.         0.         0.         0.         0.         0.01       0.         0.         0.        ],[0. 0. 0. 0. 1. 0. 0. 0. 0. 0. 0. 0. 0. 0. 0. 0. 0. 0. 0. 0. 0. 0. 0. 0. 0. 0. 0. 1. 0. 0. 0.],500,100,0.1,0.0015,1,18,idID,89,first
341,0.0009632578398061215,0.0009632578398061215,0.006283127134727445,[0.         0.         0.         0.         0.57613871 0.         0.         0.         0.         0.         0.         0.         0.         0.         0.         0.         0.         0.         0.         0.         0.         0.         0.         0.         0.         0.         0.         0.01       0.         0.         0.        ],[0. 0. 0. 0. 1. 0. 0. 0. 0. 0. 0. 0. 0. 0. 0. 0. 0. 0. 0. 0. 0. 0. 0. 0. 0. 0. 0. 1. 0. 0. 0.],500,100,0.1,0.0015,1,18,idID,89,first
342,0.0009632578398061215,0.0009632578398061215,0.006283127134727445,[0.         0.         0.         0.         0.57613871 0.         0.         0.         0.         0.         0.         0.         0.         0.         0.         0.         0.         0.         0.         0.         0.         0.         0.         0.         0.         0.         0.         0.01       0.         0.         0.        ],[0. 0. 0. 0. 1. 0. 0. 0. 0. 0. 0. 0. 0. 0. 0. 0. 0. 0. 0. 0. 0. 0. 0. 0. 0. 0. 0. 1. 0. 0. 0.],500,100,0.1,0.0015,1,18,idID,89,first
343,0.0009632578398061215,0.0009632578398061215,0.006283127134727445,[0.         0.         0.         0.         0.57613871 0.         0.         0.         0.         0.         0.         0.         0.         0.         0.         0.         0.         0.         0.         0.         0.         0.         0.         0.         0.         0.         0.         0.01       0.         0.         0.        ],[0. 0. 0. 0. 1. 0. 0. 0. 0. 0. 0. 0. 0. 0. 0. 0. 0. 0. 0. 0. 0. 0. 0. 0. 0. 0. 0. 1. 0. 0. 0.],500,100,0.1,0.0015,1,18,idID,89,first
344,0.0009632578398061215,0.0009632578398061215,0.006283127134727445,[0.         0.         0.         0.         0.57613871 0.         0.         0.         0.         0.         0.         0.         0.         0.         0.         0.         0.         0.         0.         0.         0.         0.         0.         0.         0.         0.         0.         0.01       0.         0.         0.        ],[0. 0. 0. 0. 1. 0. 0. 0. 0. 0. 0. 0. 0. 0. 0. 0. 0. 0. 0. 0. 0. 0. 0. 0. 0. 0. 0. 1. 0. 0. 0.],500,100,0.1,0.0015,1,18,idID,89,first
345,0.0009632578398061215,0.0009632578398061215,0.006283127134727445,[0.         0.         0.         0.         0.57613871 0.         0.         0.         0.         0.         0.         0.         0.         0.         0.         0.         0.         0.         0.         0.         0.         0.         0.         0.         0.         0.         0.         0.01       0.         0.         0.        ],[0. 0. 0. 0. 1. 0. 0. 0. 0. 0. 0. 0. 0. 0. 0. 0. 0. 0. 0. 0. 0. 0. 0. 0. 0. 0. 0. 1. 0. 0. 0.],500,100,0.1,0.0015,1,18,idID,89,first
346,0.0009632578398061215,0.0009632578398061215,0.006283127134727445,[0.         0.         0.         0.         0.57613871 0.         0.         0.         0.         0.         0.         0.         0.         0.         0.         0.         0.         0.         0.         0.         0.         0.         0.         0.         0.         0.         0.         0.01       0.         0.         0.        ],[0. 0. 0. 0. 1. 0. 0. 0. 0. 0. 0. 0. 0. 0. 0. 0. 0. 0. 0. 0. 0. 0. 0. 0. 0. 0. 0. 1. 0. 0. 0.],500,100,0.1,0.0015,1,18,idID,89,first
347,0.0009632578398061215,0.0009632578398061215,0.006283127134727445,[0.         0.         0.         0.         0.57613871 0.         0.         0.         0.         0.         0.         0.         0.         0.         0.         0.         0.         0.         0.         0.         0.         0.         0.         0.         0.         0.         0.         0.01       0.         0.         0.        ],[0. 0. 0. 0. 1. 0. 0. 0. 0. 0. 0. 0. 0. 0. 0. 0. 0. 0. 0. 0. 0. 0. 0. 0. 0. 0. 0. 1. 0. 0. 0.],500,100,0.1,0.0015,1,18,idID,89,first
348,0.0009632578398061215,0.0009632578398061215,0.006283127134727445,[0.         0.         0.         0.         0.57613871 0.         0.         0.         0.         0.         0.         0.         0.         0.         0.         0.         0.         0.         0.         0.         0.         0.         0.         0.         0.         0.         0.         0.01       0.         0.         0.        ],[0. 0. 0. 0. 1. 0. 0. 0. 0. 0. 0. 0. 0. 0. 0. 0. 0. 0. 0. 0. 0. 0. 0. 0. 0. 0. 0. 1. 0. 0. 0.],500,100,0.1,0.0015,1,18,idID,89,first
349,0.0009632578398061215,0.0009632578398061215,0.006283127134727445,[0.         0.         0.         0.         0.57613871 0.         0.         0.         0.         0.         0.         0.         0.         0.         0.         0.         0.         0.         0.         0.         0.         0.         0.         0.         0.         0.         0.         0.01       0.         0.         0.        ],[0. 0. 0. 0. 1. 0. 0. 0. 0. 0. 0. 0. 0. 0. 0. 0. 0. 0. 0. 0. 0. 0. 0. 0. 0. 0. 0. 1. 0. 0. 0.],500,100,0.1,0.0015,1,18,idID,89,first
350,0.0009632578398061215,0.0009632578398061215,0.006283127134727445,[0.         0.         0.         0.         0.57613871 0.         0.         0.         0.         0.         0.         0.         0.         0.         0.         0.         0.         0.         0.         0.         0.         0.         0.         0.         0.         0.         0.         0.01       0.         0.         0.        ],[0. 0. 0. 0. 1. 0. 0. 0. 0. 0. 0. 0. 0. 0. 0. 0. 0. 0. 0. 0. 0. 0. 0. 0. 0. 0. 0. 1. 0. 0. 0.],500,100,0.1,0.0015,1,18,idID,89,first
351,0.0009632578398061215,0.0009632578398061215,0.006283127134727445,[0.         0.         0.         0.         0.57613871 0.         0.         0.         0.         0.         0.         0.         0.         0.         0.         0.         0.         0.         0.         0.         0.         0.         0.         0.         0.         0.         0.         0.01       0.         0.         0.        ],[0. 0. 0. 0. 1. 0. 0. 0. 0. 0. 0. 0. 0. 0. 0. 0. 0. 0. 0. 0. 0. 0. 0. 0. 0. 0. 0. 1. 0. 0. 0.],500,100,0.1,0.0015,1,18,idID,89,first
352,0.0009632578398061215,0.0009632578398061215,0.006283127134727445,[0.         0.         0.         0.         0.57613871 0.         0.         0.         0.         0.         0.         0.         0.         0.         0.         0.         0.         0.         0.         0.         0.         0.         0.         0.         0.         0.         0.         0.01       0.         0.         0.        ],[0. 0. 0. 0. 1. 0. 0. 0. 0. 0. 0. 0. 0. 0. 0. 0. 0. 0. 0. 0. 0. 0. 0. 0. 0. 0. 0. 1. 0. 0. 0.],500,100,0.1,0.0015,1,18,idID,89,first
353,0.0009632578398061215,0.0009632578398061215,0.006283127134727445,[0.         0.         0.         0.         0.57613871 0.         0.         0.         0.         0.         0.         0.         0.         0.         0.         0.         0.         0.         0.         0.         0.         0.         0.         0.         0.         0.         0.         0.01       0.         0.         0.        ],[0. 0. 0. 0. 1. 0. 0. 0. 0. 0. 0. 0. 0. 0. 0. 0. 0. 0. 0. 0. 0. 0. 0. 0. 0. 0. 0. 1. 0. 0. 0.],500,100,0.1,0.0015,1,18,idID,89,first
354,0.0009632578398061215,0.0009632578398061215,0.006283127134727445,[0.         0.         0.         0.         0.57613871 0.         0.         0.         0.         0.         0.         0.         0.         0.         0.         0.         0.         0.         0.         0.         0.         0.         0.         0.         0.         0.         0.         0.01       0.         0.         0.        ],[0. 0. 0. 0. 1. 0. 0. 0. 0. 0. 0. 0. 0. 0. 0. 0. 0. 0. 0. 0. 0. 0. 0. 0. 0. 0. 0. 1. 0. 0. 0.],500,100,0.1,0.0015,1,18,idID,89,first
355,0.0009632578398061215,0.0009632578398061215,0.006283127134727445,[0.         0.         0.         0.         0.57613871 0.         0.         0.         0.         0.         0.         0.         0.         0.         0.         0.         0.         0.         0.         0.         0.         0.         0.         0.         0.         0.         0.         0.01       0.         0.         0.        ],[0. 0. 0. 0. 1. 0. 0. 0. 0. 0. 0. 0. 0. 0. 0. 0. 0. 0. 0. 0. 0. 0. 0. 0. 0. 0. 0. 1. 0. 0. 0.],500,100,0.1,0.0015,1,18,idID,89,first
356,0.0009632578398061215,0.0009632578398061215,0.006283127134727445,[0.         0.         0.         0.         0.57613871 0.         0.         0.         0.         0.         0.         0.         0.         0.         0.         0.         0.         0.         0.         0.         0.         0.         0.         0.         0.         0.         0.         0.01       0.         0.         0.        ],[0. 0. 0. 0. 1. 0. 0. 0. 0. 0. 0. 0. 0. 0. 0. 0. 0. 0. 0. 0. 0. 0. 0. 0. 0. 0. 0. 1. 0. 0. 0.],500,100,0.1,0.0015,1,18,idID,89,first
357,0.0009632578398061215,0.0009632578398061215,0.006283127134727445,[0.         0.         0.         0.         0.57613871 0.         0.         0.         0.         0.         0.         0.         0.         0.         0.         0.         0.         0.         0.         0.         0.         0.         0.         0.         0.         0.         0.         0.01       0.         0.         0.        ],[0. 0. 0. 0. 1. 0. 0. 0. 0. 0. 0. 0. 0. 0. 0. 0. 0. 0. 0. 0. 0. 0. 0. 0. 0. 0. 0. 1. 0. 0. 0.],500,100,0.1,0.0015,1,18,idID,89,first
358,0.0009632578398061215,0.0009632578398061215,0.006283127134727445,[0.         0.         0.         0.         0.57613871 0.         0.         0.         0.         0.         0.         0.         0.         0.         0.         0.         0.         0.         0.         0.         0.         0.         0.         0.         0.         0.         0.         0.01       0.         0.         0.        ],[0. 0. 0. 0. 1. 0. 0. 0. 0. 0. 0. 0. 0. 0. 0. 0. 0. 0. 0. 0. 0. 0. 0. 0. 0. 0. 0. 1. 0. 0. 0.],500,100,0.1,0.0015,1,18,idID,89,first
359,0.0009632578398061215,0.0009632578398061215,0.006283127134727445,[0.         0.         0.         0.         0.57613871 0.         0.         0.         0.         0.         0.         0.         0.         0.         0.         0.         0.         0.         0.         0.         0.         0.         0.         0.         0.         0.         0.         0.01       0.         0.         0.        ],[0. 0. 0. 0. 1. 0. 0. 0. 0. 0. 0. 0. 0. 0. 0. 0. 0. 0. 0. 0. 0. 0. 0. 0. 0. 0. 0. 1. 0. 0. 0.],500,100,0.1,0.0015,1,18,idID,89,first
360,0.0009632578398061215,0.0009632578398061215,0.006283127134727445,[0.         0.         0.         0.         0.57613871 0.         0.         0.         0.         0.         0.         0.         0.         0.         0.         0.         0.         0.         0.         0.         0.         0.         0.         0.         0.         0.         0.         0.01       0.         0.         0.        ],[0. 0. 0. 0. 1. 0. 0. 0. 0. 0. 0. 0. 0. 0. 0. 0. 0. 0. 0. 0. 0. 0. 0. 0. 0. 0. 0. 1. 0. 0. 0.],500,100,0.1,0.0015,1,18,idID,89,first
361,0.0009632578398061215,0.0009632578398061215,0.006283127134727445,[0.         0.         0.         0.         0.57613871 0.         0.         0.         0.         0.         0.         0.         0.         0.         0.         0.         0.         0.         0.         0.         0.         0.         0.         0.         0.         0.         0.         0.01       0.         0.         0.        ],[0. 0. 0. 0. 1. 0. 0. 0. 0. 0. 0. 0. 0. 0. 0. 0. 0. 0. 0. 0. 0. 0. 0. 0. 0. 0. 0. 1. 0. 0. 0.],500,100,0.1,0.0015,1,18,idID,89,first
362,0.0009632578398061215,0.0009632578398061215,0.006283127134727445,[0.         0.         0.         0.         0.57613871 0.         0.         0.         0.         0.         0.         0.         0.         0.         0.         0.         0.         0.         0.         0.         0.         0.         0.         0.         0.         0.         0.         0.01       0.         0.         0.        ],[0. 0. 0. 0. 1. 0. 0. 0. 0. 0. 0. 0. 0. 0. 0. 0. 0. 0. 0. 0. 0. 0. 0. 0. 0. 0. 0. 1. 0. 0. 0.],500,100,0.1,0.0015,1,18,idID,89,first
363,0.0009632578398061215,0.0009632578398061215,0.006283127134727445,[0.         0.         0.         0.         0.57613871 0.         0.         0.         0.         0.         0.         0.         0.         0.         0.         0.         0.         0.         0.         0.         0.         0.         0.         0.         0.         0.         0.         0.01       0.         0.         0.        ],[0. 0. 0. 0. 1. 0. 0. 0. 0. 0. 0. 0. 0. 0. 0. 0. 0. 0. 0. 0. 0. 0. 0. 0. 0. 0. 0. 1. 0. 0. 0.],500,100,0.1,0.0015,1,18,idID,89,first
364,0.0009632578398061215,0.0009632578398061215,0.006283127134727445,[0.         0.         0.         0.         0.57613871 0.         0.         0.         0.         0.         0.         0.         0.         0.         0.         0.         0.         0.         0.         0.         0.         0.         0.         0.         0.         0.         0.         0.01       0.         0.         0.        ],[0. 0. 0. 0. 1. 0. 0. 0. 0. 0. 0. 0. 0. 0. 0. 0. 0. 0. 0. 0. 0. 0. 0. 0. 0. 0. 0. 1. 0. 0. 0.],500,100,0.1,0.0015,1,18,idID,89,first
365,0.0009632578398061215,0.0009632578398061215,0.006283127134727445,[0.         0.         0.         0.         0.57613871 0.         0.         0.         0.         0.         0.         0.         0.         0.         0.         0.         0.         0.         0.         0.         0.         0.         0.         0.         0.         0.         0.         0.01       0.         0.         0.        ],[0. 0. 0. 0. 1. 0. 0. 0. 0. 0. 0. 0. 0. 0. 0. 0. 0. 0. 0. 0. 0. 0. 0. 0. 0. 0. 0. 1. 0. 0. 0.],500,100,0.1,0.0015,1,18,idID,89,first
366,0.0009632578398061215,0.0009632578398061215,0.006283127134727445,[0.         0.         0.         0.         0.57613871 0.         0.         0.         0.         0.         0.         0.         0.         0.         0.         0.         0.         0.         0.         0.         0.         0.         0.         0.         0.         0.         0.         0.01       0.         0.         0.        ],[0. 0. 0. 0. 1. 0. 0. 0. 0. 0. 0. 0. 0. 0. 0. 0. 0. 0. 0. 0. 0. 0. 0. 0. 0. 0. 0. 1. 0. 0. 0.],500,100,0.1,0.0015,1,18,idID,89,first
367,0.0009632578398061215,0.0009632578398061215,0.006283127134727445,[0.         0.         0.         0.         0.57613871 0.         0.         0.         0.         0.         0.         0.         0.         0.         0.         0.         0.         0.         0.         0.         0.         0.         0.         0.         0.         0.         0.         0.01       0.         0.         0.        ],[0. 0. 0. 0. 1. 0. 0. 0. 0. 0. 0. 0. 0. 0. 0. 0. 0. 0. 0. 0. 0. 0. 0. 0. 0. 0. 0. 1. 0. 0. 0.],500,100,0.1,0.0015,1,18,idID,89,first
368,0.0009632578398061215,0.0009632578398061215,0.006283127134727445,[0.         0.         0.         0.         0.57613871 0.         0.         0.         0.         0.         0.         0.         0.         0.         0.         0.         0.         0.         0.         0.         0.         0.         0.         0.         0.         0.         0.         0.01       0.         0.         0.        ],[0. 0. 0. 0. 1. 0. 0. 0. 0. 0. 0. 0. 0. 0. 0. 0. 0. 0. 0. 0. 0. 0. 0. 0. 0. 0. 0. 1. 0. 0. 0.],500,100,0.1,0.0015,1,18,idID,89,first
369,0.0009632578398061215,0.0009632578398061215,0.006283127134727445,[0.         0.         0.         0.         0.57613871 0.         0.         0.         0.         0.         0.         0.         0.         0.         0.         0.         0.         0.         0.         0.         0.         0.         0.         0.         0.         0.         0.         0.01       0.         0.         0.        ],[0. 0. 0. 0. 1. 0. 0. 0. 0. 0. 0. 0. 0. 0. 0. 0. 0. 0. 0. 0. 0. 0. 0. 0. 0. 0. 0. 1. 0. 0. 0.],500,100,0.1,0.0015,1,18,idID,89,first
370,0.0009632578398061215,0.0009632578398061215,0.006283127134727445,[0.         0.         0.         0.         0.57613871 0.         0.         0.         0.         0.         0.         0.         0.         0.         0.         0.         0.         0.         0.         0.         0.         0.         0.         0.         0.         0.         0.         0.01       0.         0.         0.        ],[0. 0. 0. 0. 1. 0. 0. 0. 0. 0. 0. 0. 0. 0. 0. 0. 0. 0. 0. 0. 0. 0. 0. 0. 0. 0. 0. 1. 0. 0. 0.],500,100,0.1,0.0015,1,18,idID,89,first
371,0.0009632578398061215,0.0009632578398061215,0.006283127134727445,[0.         0.         0.         0.         0.57613871 0.         0.         0.         0.         0.         0.         0.         0.         0.         0.         0.         0.         0.         0.         0.         0.         0.         0.         0.         0.         0.         0.         0.01       0.         0.         0.        ],[0. 0. 0. 0. 1. 0. 0. 0. 0. 0. 0. 0. 0. 0. 0. 0. 0. 0. 0. 0. 0. 0. 0. 0. 0. 0. 0. 1. 0. 0. 0.],500,100,0.1,0.0015,1,18,idID,89,first
372,0.0009632578398061215,0.0009632578398061215,0.006283127134727445,[0.         0.         0.         0.         0.57613871 0.         0.         0.         0.         0.         0.         0.         0.         0.         0.         0.         0.         0.         0.         0.         0.         0.         0.         0.         0.         0.         0.         0.01       0.         0.         0.        ],[0. 0. 0. 0. 1. 0. 0. 0. 0. 0. 0. 0. 0. 0. 0. 0. 0. 0. 0. 0. 0. 0. 0. 0. 0. 0. 0. 1. 0. 0. 0.],500,100,0.1,0.0015,1,18,idID,89,first
373,0.0009632578398061215,0.0009632578398061215,0.006283127134727445,[0.         0.         0.         0.         0.57613871 0.         0.         0.         0.         0.         0.         0.         0.         0.         0.         0.         0.         0.         0.         0.         0.         0.         0.         0.         0.         0.         0.         0.01       0.         0.         0.        ],[0. 0. 0. 0. 1. 0. 0. 0. 0. 0. 0. 0. 0. 0. 0. 0. 0. 0. 0. 0. 0. 0. 0. 0. 0. 0. 0. 1. 0. 0. 0.],500,100,0.1,0.0015,1,18,idID,89,first
374,0.0009632578398061215,0.0009632578398061215,0.006283127134727445,[0.         0.         0.         0.         0.57613871 0.         0.         0.         0.         0.         0.         0.         0.         0.         0.         0.         0.         0.         0.         0.         0.         0.         0.         0.         0.         0.         0.         0.01       0.         0.         0.        ],[0. 0. 0. 0. 1. 0. 0. 0. 0. 0. 0. 0. 0. 0. 0. 0. 0. 0. 0. 0. 0. 0. 0. 0. 0. 0. 0. 1. 0. 0. 0.],500,100,0.1,0.0015,1,18,idID,89,first
375,0.0009632578398061215,0.0009632578398061215,0.006283127134727445,[0.         0.         0.         0.         0.57613871 0.         0.         0.         0.         0.         0.         0.         0.         0.         0.         0.         0.         0.         0.         0.         0.         0.         0.         0.         0.         0.         0.         0.01       0.         0.         0.        ],[0. 0. 0. 0. 1. 0. 0. 0. 0. 0. 0. 0. 0. 0. 0. 0. 0. 0. 0. 0. 0. 0. 0. 0. 0. 0. 0. 1. 0. 0. 0.],500,100,0.1,0.0015,1,18,idID,89,first
376,0.0009632578398061215,0.0009632578398061215,0.006283127134727445,[0.         0.         0.         0.         0.57613871 0.         0.         0.         0.         0.         0.         0.         0.         0.         0.         0.         0.         0.         0.         0.         0.         0.         0.         0.         0.         0.         0.         0.01       0.         0.         0.        ],[0. 0. 0. 0. 1. 0. 0. 0. 0. 0. 0. 0. 0. 0. 0. 0. 0. 0. 0. 0. 0. 0. 0. 0. 0. 0. 0. 1. 0. 0. 0.],500,100,0.1,0.0015,1,18,idID,89,first
377,0.0009632578398061215,0.0009632578398061215,0.006283127134727445,[0.         0.         0.         0.         0.57613871 0.         0.         0.         0.         0.         0.         0.         0.         0.         0.         0.         0.         0.         0.         0.         0.         0.         0.         0.         0.         0.         0.         0.01       0.         0.         0.        ],[0. 0. 0. 0. 1. 0. 0. 0. 0. 0. 0. 0. 0. 0. 0. 0. 0. 0. 0. 0. 0. 0. 0. 0. 0. 0. 0. 1. 0. 0. 0.],500,100,0.1,0.0015,1,18,idID,89,first
378,0.0009632578398061215,0.0009632578398061215,0.006283127134727445,[0.         0.         0.         0.         0.57613871 0.         0.         0.         0.         0.         0.         0.         0.         0.         0.         0.         0.         0.         0.         0.         0.         0.         0.         0.         0.         0.         0.         0.01       0.         0.         0.        ],[0. 0. 0. 0. 1. 0. 0. 0. 0. 0. 0. 0. 0. 0. 0. 0. 0. 0. 0. 0. 0. 0. 0. 0. 0. 0. 0. 1. 0. 0. 0.],500,100,0.1,0.0015,1,18,idID,89,first
379,0.0009632578398061215,0.0009632578398061215,0.006283127134727445,[0.         0.         0.         0.         0.57613871 0.         0.         0.         0.         0.         0.         0.         0.         0.         0.         0.         0.         0.         0.         0.         0.         0.         0.         0.         0.         0.         0.         0.01       0.         0.         0.        ],[0. 0. 0. 0. 1. 0. 0. 0. 0. 0. 0. 0. 0. 0. 0. 0. 0. 0. 0. 0. 0. 0. 0. 0. 0. 0. 0. 1. 0. 0. 0.],500,100,0.1,0.0015,1,18,idID,89,first
380,0.0009632578398061215,0.0009632578398061215,0.006283127134727445,[0.         0.         0.         0.         0.57613871 0.         0.         0.         0.         0.         0.         0.         0.         0.         0.         0.         0.         0.         0.         0.         0.         0.         0.         0.         0.         0.         0.         0.01       0.         0.         0.        ],[0. 0. 0. 0. 1. 0. 0. 0. 0. 0. 0. 0. 0. 0. 0. 0. 0. 0. 0. 0. 0. 0. 0. 0. 0. 0. 0. 1. 0. 0. 0.],500,100,0.1,0.0015,1,18,idID,89,first
381,0.0009632578398061215,0.0009632578398061215,0.006283127134727445,[0.         0.         0.         0.         0.57613871 0.         0.         0.         0.         0.         0.         0.         0.         0.         0.         0.         0.         0.         0.         0.         0.         0.         0.         0.         0.         0.         0.         0.01       0.         0.         0.        ],[0. 0. 0. 0. 1. 0. 0. 0. 0. 0. 0. 0. 0. 0. 0. 0. 0. 0. 0. 0. 0. 0. 0. 0. 0. 0. 0. 1. 0. 0. 0.],500,100,0.1,0.0015,1,18,idID,89,first
382,0.0009632578398061215,0.0009632578398061215,0.006283127134727445,[0.         0.         0.         0.         0.57613871 0.         0.         0.         0.         0.         0.         0.         0.         0.         0.         0.         0.         0.         0.         0.         0.         0.         0.         0.         0.         0.         0.         0.01       0.         0.         0.        ],[0. 0. 0. 0. 1. 0. 0. 0. 0. 0. 0. 0. 0. 0. 0. 0. 0. 0. 0. 0. 0. 0. 0. 0. 0. 0. 0. 1. 0. 0. 0.],500,100,0.1,0.0015,1,18,idID,89,first
383,0.0009632578398061215,0.0009632578398061215,0.006283127134727445,[0.         0.         0.         0.         0.57613871 0.         0.         0.         0.         0.         0.         0.         0.         0.         0.         0.         0.         0.         0.         0.         0.         0.         0.         0.         0.         0.         0.         0.01       0.         0.         0.        ],[0. 0. 0. 0. 1. 0. 0. 0. 0. 0. 0. 0. 0. 0. 0. 0. 0. 0. 0. 0. 0. 0. 0. 0. 0. 0. 0. 1. 0. 0. 0.],500,100,0.1,0.0015,1,18,idID,89,first
384,0.0009632578398061215,0.0009632578398061215,0.006283127134727445,[0.         0.         0.         0.         0.57613871 0.         0.         0.         0.         0.         0.         0.         0.         0.         0.         0.         0.         0.         0.         0.         0.         0.         0.         0.         0.         0.         0.         0.01       0.         0.         0.        ],[0. 0. 0. 0. 1. 0. 0. 0. 0. 0. 0. 0. 0. 0. 0. 0. 0. 0. 0. 0. 0. 0. 0. 0. 0. 0. 0. 1. 0. 0. 0.],500,100,0.1,0.0015,1,18,idID,89,first
385,0.0009632578398061215,0.0009632578398061215,0.006283127134727445,[0.         0.         0.         0.         0.57613871 0.         0.         0.         0.         0.         0.         0.         0.         0.         0.         0.         0.         0.         0.         0.         0.         0.         0.         0.         0.         0.         0.         0.01       0.         0.         0.        ],[0. 0. 0. 0. 1. 0. 0. 0. 0. 0. 0. 0. 0. 0. 0. 0. 0. 0. 0. 0. 0. 0. 0. 0. 0. 0. 0. 1. 0. 0. 0.],500,100,0.1,0.0015,1,18,idID,89,first
386,0.0009632578398061215,0.0009632578398061215,0.006283127134727445,[0.         0.         0.         0.         0.57613871 0.         0.         0.         0.         0.         0.         0.         0.         0.         0.         0.         0.         0.         0.         0.         0.         0.         0.         0.         0.         0.         0.         0.01       0.         0.         0.        ],[0. 0. 0. 0. 1. 0. 0. 0. 0. 0. 0. 0. 0. 0. 0. 0. 0. 0. 0. 0. 0. 0. 0. 0. 0. 0. 0. 1. 0. 0. 0.],500,100,0.1,0.0015,1,18,idID,89,first
387,0.0009632578398061215,0.0009632578398061215,0.006283127134727445,[0.         0.         0.         0.         0.57613871 0.         0.         0.         0.         0.         0.         0.         0.         0.         0.         0.         0.         0.         0.         0.         0.         0.         0.         0.         0.         0.         0.         0.01       0.         0.         0.        ],[0. 0. 0. 0. 1. 0. 0. 0. 0. 0. 0. 0. 0. 0. 0. 0. 0. 0. 0. 0. 0. 0. 0. 0. 0. 0. 0. 1. 0. 0. 0.],500,100,0.1,0.0015,1,18,idID,89,first
388,0.0009632578398061215,0.0009632578398061215,0.006283127134727445,[0.         0.         0.         0.         0.57613871 0.         0.         0.         0.         0.         0.         0.         0.         0.         0.         0.         0.         0.         0.         0.         0.         0.         0.         0.         0.         0.         0.         0.01       0.         0.         0.        ],[0. 0. 0. 0. 1. 0. 0. 0. 0. 0. 0. 0. 0. 0. 0. 0. 0. 0. 0. 0. 0. 0. 0. 0. 0. 0. 0. 1. 0. 0. 0.],500,100,0.1,0.0015,1,18,idID,89,first
389,0.0009632578398061215,0.0009632578398061215,0.006283127134727445,[0.         0.         0.         0.         0.57613871 0.         0.         0.         0.         0.         0.         0.         0.         0.         0.         0.         0.         0.         0.         0.         0.         0.         0.         0.         0.         0.         0.         0.01       0.         0.         0.        ],[0. 0. 0. 0. 1. 0. 0. 0. 0. 0. 0. 0. 0. 0. 0. 0. 0. 0. 0. 0. 0. 0. 0. 0. 0. 0. 0. 1. 0. 0. 0.],500,100,0.1,0.0015,1,18,idID,89,first
390,0.0009632578398061215,0.0009632578398061215,0.006283127134727445,[0.         0.         0.         0.         0.57613871 0.         0.         0.         0.         0.         0.         0.         0.         0.         0.         0.         0.         0.         0.         0.         0.         0.         0.         0.         0.         0.         0.         0.01       0.         0.         0.        ],[0. 0. 0. 0. 1. 0. 0. 0. 0. 0. 0. 0. 0. 0. 0. 0. 0. 0. 0. 0. 0. 0. 0. 0. 0. 0. 0. 1. 0. 0. 0.],500,100,0.1,0.0015,1,18,idID,89,first
391,0.0009632578398061215,0.0009632578398061215,0.006283127134727445,[0.         0.         0.         0.         0.57613871 0.         0.         0.         0.         0.         0.         0.         0.         0.         0.         0.         0.         0.         0.         0.         0.         0.         0.         0.         0.         0.         0.         0.01       0.         0.         0.        ],[0. 0. 0. 0. 1. 0. 0. 0. 0. 0. 0. 0. 0. 0. 0. 0. 0. 0. 0. 0. 0. 0. 0. 0. 0. 0. 0. 1. 0. 0. 0.],500,100,0.1,0.0015,1,18,idID,89,first
392,0.0009632578398061215,0.0009632578398061215,0.006283127134727445,[0.         0.         0.         0.         0.57613871 0.         0.         0.         0.         0.         0.         0.         0.         0.         0.         0.         0.         0.         0.         0.         0.         0.         0.         0.         0.         0.         0.         0.01       0.         0.         0.        ],[0. 0. 0. 0. 1. 0. 0. 0. 0. 0. 0. 0. 0. 0. 0. 0. 0. 0. 0. 0. 0. 0. 0. 0. 0. 0. 0. 1. 0. 0. 0.],500,100,0.1,0.0015,1,18,idID,89,first
393,0.0009632578398061215,0.0009632578398061215,0.006283127134727445,[0.         0.         0.         0.         0.57613871 0.         0.         0.         0.         0.         0.         0.         0.         0.         0.         0.         0.         0.         0.         0.         0.         0.         0.         0.         0.         0.         0.         0.01       0.         0.         0.        ],[0. 0. 0. 0. 1. 0. 0. 0. 0. 0. 0. 0. 0. 0. 0. 0. 0. 0. 0. 0. 0. 0. 0. 0. 0. 0. 0. 1. 0. 0. 0.],500,100,0.1,0.0015,1,18,idID,89,first
394,0.0009632578398061215,0.0009632578398061215,0.006283127134727445,[0.         0.         0.         0.         0.57613871 0.         0.         0.         0.         0.         0.         0.         0.         0.         0.         0.         0.         0.         0.         0.         0.         0.         0.         0.         0.         0.         0.         0.01       0.         0.         0.        ],[0. 0. 0. 0. 1. 0. 0. 0. 0. 0. 0. 0. 0. 0. 0. 0. 0. 0. 0. 0. 0. 0. 0. 0. 0. 0. 0. 1. 0. 0. 0.],500,100,0.1,0.0015,1,18,idID,89,first
395,0.0009632578398061215,0.0009632578398061215,0.006283127134727445,[0.         0.         0.         0.         0.57613871 0.         0.         0.         0.         0.         0.         0.         0.         0.         0.         0.         0.         0.         0.         0.         0.         0.         0.         0.         0.         0.         0.         0.01       0.         0.         0.        ],[0. 0. 0. 0. 1. 0. 0. 0. 0. 0. 0. 0. 0. 0. 0. 0. 0. 0. 0. 0. 0. 0. 0. 0. 0. 0. 0. 1. 0. 0. 0.],500,100,0.1,0.0015,1,18,idID,89,first
396,0.0009632578398061215,0.0009632578398061215,0.006283127134727445,[0.         0.         0.         0.         0.57613871 0.         0.         0.         0.         0.         0.         0.         0.         0.         0.         0.         0.         0.         0.         0.         0.         0.         0.         0.         0.         0.         0.         0.01       0.         0.         0.        ],[0. 0. 0. 0. 1. 0. 0. 0. 0. 0. 0. 0. 0. 0. 0. 0. 0. 0. 0. 0. 0. 0. 0. 0. 0. 0. 0. 1. 0. 0. 0.],500,100,0.1,0.0015,1,18,idID,89,first
397,0.0009632578398061215,0.0009632578398061215,0.006283127134727445,[0.         0.         0.         0.         0.57613871 0.         0.         0.         0.         0.         0.         0.         0.         0.         0.         0.         0.         0.         0.         0.         0.         0.         0.         0.         0.         0.         0.         0.01       0.         0.         0.        ],[0. 0. 0. 0. 1. 0. 0. 0. 0. 0. 0. 0. 0. 0. 0. 0. 0. 0. 0. 0. 0. 0. 0. 0. 0. 0. 0. 1. 0. 0. 0.],500,100,0.1,0.0015,1,18,idID,89,first
398,0.0009632578398061215,0.0009632578398061215,0.006283127134727445,[0.         0.         0.         0.         0.57613871 0.         0.         0.         0.         0.         0.         0.         0.         0.         0.         0.         0.         0.         0.         0.         0.         0.         0.         0.         0.         0.         0.         0.01       0.         0.         0.        ],[0. 0. 0. 0. 1. 0. 0. 0. 0. 0. 0. 0. 0. 0. 0. 0. 0. 0. 0. 0. 0. 0. 0. 0. 0. 0. 0. 1. 0. 0. 0.],500,100,0.1,0.0015,1,18,idID,89,first
399,0.0009632578398061215,0.0009632578398061215,0.006283127134727445,[0.         0.         0.         0.         0.57613871 0.         0.         0.         0.         0.         0.         0.         0.         0.         0.         0.         0.         0.         0.         0.         0.         0.         0.         0.         0.         0.         0.         0.01       0.         0.         0.        ],[0. 0. 0. 0. 1. 0. 0. 0. 0. 0. 0. 0. 0. 0. 0. 0. 0. 0. 0. 0. 0. 0. 0. 0. 0. 0. 0. 1. 0. 0. 0.],500,100,0.1,0.0015,1,18,idID,89,first
400,0.0009632578398061215,0.0009632578398061215,0.006283127134727445,[0.         0.         0.         0.         0.57613871 0.         0.         0.         0.         0.         0.         0.         0.         0.         0.         0.         0.         0.         0.         0.         0.         0.         0.         0.         0.         0.         0.         0.01       0.         0.         0.        ],[0. 0. 0. 0. 1. 0. 0. 0. 0. 0. 0. 0. 0. 0. 0. 0. 0. 0. 0. 0. 0. 0. 0. 0. 0. 0. 0. 1. 0. 0. 0.],500,100,0.1,0.0015,1,18,idID,89,first
401,0.0009632578398061215,0.0009632578398061215,0.006283127134727445,[0.         0.         0.         0.         0.57613871 0.         0.         0.         0.         0.         0.         0.         0.         0.         0.         0.         0.         0.         0.         0.         0.         0.         0.         0.         0.         0.         0.         0.01       0.         0.         0.        ],[0. 0. 0. 0. 1. 0. 0. 0. 0. 0. 0. 0. 0. 0. 0. 0. 0. 0. 0. 0. 0. 0. 0. 0. 0. 0. 0. 1. 0. 0. 0.],500,100,0.1,0.0015,1,18,idID,89,first
402,0.0009632578398061215,0.0009632578398061215,0.006283127134727445,[0.         0.         0.         0.         0.57613871 0.         0.         0.         0.         0.         0.         0.         0.         0.         0.         0.         0.         0.         0.         0.         0.         0.         0.         0.         0.         0.         0.         0.01       0.         0.         0.        ],[0. 0. 0. 0. 1. 0. 0. 0. 0. 0. 0. 0. 0. 0. 0. 0. 0. 0. 0. 0. 0. 0. 0. 0. 0. 0. 0. 1. 0. 0. 0.],500,100,0.1,0.0015,1,18,idID,89,first
403,0.0009632578398061215,0.0009632578398061215,0.006283127134727445,[0.         0.         0.         0.         0.57613871 0.         0.         0.         0.         0.         0.         0.         0.         0.         0.         0.         0.         0.         0.         0.         0.         0.         0.         0.         0.         0.         0.         0.01       0.         0.         0.        ],[0. 0. 0. 0. 1. 0. 0. 0. 0. 0. 0. 0. 0. 0. 0. 0. 0. 0. 0. 0. 0. 0. 0. 0. 0. 0. 0. 1. 0. 0. 0.],500,100,0.1,0.0015,1,18,idID,89,first
404,0.0009632578398061215,0.0009632578398061215,0.006283127134727445,[0.         0.         0.         0.         0.57613871 0.         0.         0.         0.         0.         0.         0.         0.         0.         0.         0.         0.         0.         0.         0.         0.         0.         0.         0.         0.         0.         0.         0.01       0.         0.         0.        ],[0. 0. 0. 0. 1. 0. 0. 0. 0. 0. 0. 0. 0. 0. 0. 0. 0. 0. 0. 0. 0. 0. 0. 0. 0. 0. 0. 1. 0. 0. 0.],500,100,0.1,0.0015,1,18,idID,89,first
405,0.0009632578398061215,0.0009632578398061215,0.006283127134727445,[0.         0.         0.         0.         0.57613871 0.         0.         0.         0.         0.         0.         0.         0.         0.         0.         0.         0.         0.         0.         0.         0.         0.         0.         0.         0.         0.         0.         0.01       0.         0.         0.        ],[0. 0. 0. 0. 1. 0. 0. 0. 0. 0. 0. 0. 0. 0. 0. 0. 0. 0. 0. 0. 0. 0. 0. 0. 0. 0. 0. 1. 0. 0. 0.],500,100,0.1,0.0015,1,18,idID,89,first
406,0.0009632578398061215,0.0009632578398061215,0.006283127134727445,[0.         0.         0.         0.         0.57613871 0.         0.         0.         0.         0.         0.         0.         0.         0.         0.         0.         0.         0.         0.         0.         0.         0.         0.         0.         0.         0.         0.         0.01       0.         0.         0.        ],[0. 0. 0. 0. 1. 0. 0. 0. 0. 0. 0. 0. 0. 0. 0. 0. 0. 0. 0. 0. 0. 0. 0. 0. 0. 0. 0. 1. 0. 0. 0.],500,100,0.1,0.0015,1,18,idID,89,first
407,0.0009632578398061215,0.0009632578398061215,0.006283127134727445,[0.         0.         0.         0.         0.57613871 0.         0.         0.         0.         0.         0.         0.         0.         0.         0.         0.         0.         0.         0.         0.         0.         0.         0.         0.         0.         0.         0.         0.01       0.         0.         0.        ],[0. 0. 0. 0. 1. 0. 0. 0. 0. 0. 0. 0. 0. 0. 0. 0. 0. 0. 0. 0. 0. 0. 0. 0. 0. 0. 0. 1. 0. 0. 0.],500,100,0.1,0.0015,1,18,idID,89,first
408,0.0009632578398061215,0.0009632578398061215,0.006283127134727445,[0.         0.         0.         0.         0.57613871 0.         0.         0.         0.         0.         0.         0.         0.         0.         0.         0.         0.         0.         0.         0.         0.         0.         0.         0.         0.         0.         0.         0.01       0.         0.         0.        ],[0. 0. 0. 0. 1. 0. 0. 0. 0. 0. 0. 0. 0. 0. 0. 0. 0. 0. 0. 0. 0. 0. 0. 0. 0. 0. 0. 1. 0. 0. 0.],500,100,0.1,0.0015,1,18,idID,89,first
409,0.0009632578398061215,0.0009632578398061215,0.006283127134727445,[0.         0.         0.         0.         0.57613871 0.         0.         0.         0.         0.         0.         0.         0.         0.         0.         0.         0.         0.         0.         0.         0.         0.         0.         0.         0.         0.         0.         0.01       0.         0.         0.        ],[0. 0. 0. 0. 1. 0. 0. 0. 0. 0. 0. 0. 0. 0. 0. 0. 0. 0. 0. 0. 0. 0. 0. 0. 0. 0. 0. 1. 0. 0. 0.],500,100,0.1,0.0015,1,18,idID,89,first
410,0.0009632578398061215,0.0009632578398061215,0.006283127134727445,[0.         0.         0.         0.         0.57613871 0.         0.         0.         0.         0.         0.         0.         0.         0.         0.         0.         0.         0.         0.         0.         0.         0.         0.         0.         0.         0.         0.         0.01       0.         0.         0.        ],[0. 0. 0. 0. 1. 0. 0. 0. 0. 0. 0. 0. 0. 0. 0. 0. 0. 0. 0. 0. 0. 0. 0. 0. 0. 0. 0. 1. 0. 0. 0.],500,100,0.1,0.0015,1,18,idID,89,first
411,0.0009632578398061215,0.0009632578398061215,0.006283127134727445,[0.         0.         0.         0.         0.57613871 0.         0.         0.         0.         0.         0.         0.         0.         0.         0.         0.         0.         0.         0.         0.         0.         0.         0.         0.         0.         0.         0.         0.01       0.         0.         0.        ],[0. 0. 0. 0. 1. 0. 0. 0. 0. 0. 0. 0. 0. 0. 0. 0. 0. 0. 0. 0. 0. 0. 0. 0. 0. 0. 0. 1. 0. 0. 0.],500,100,0.1,0.0015,1,18,idID,89,first
412,0.0009632578398061215,0.0009632578398061215,0.006283127134727445,[0.         0.         0.         0.         0.57613871 0.         0.         0.         0.         0.         0.         0.         0.         0.         0.         0.         0.         0.         0.         0.         0.         0.         0.         0.         0.         0.         0.         0.01       0.         0.         0.        ],[0. 0. 0. 0. 1. 0. 0. 0. 0. 0. 0. 0. 0. 0. 0. 0. 0. 0. 0. 0. 0. 0. 0. 0. 0. 0. 0. 1. 0. 0. 0.],500,100,0.1,0.0015,1,18,idID,89,first
413,0.0009632578398061215,0.0009632578398061215,0.006283127134727445,[0.         0.         0.         0.         0.57613871 0.         0.         0.         0.         0.         0.         0.         0.         0.         0.         0.         0.         0.         0.         0.         0.         0.         0.         0.         0.         0.         0.         0.01       0.         0.         0.        ],[0. 0. 0. 0. 1. 0. 0. 0. 0. 0. 0. 0. 0. 0. 0. 0. 0. 0. 0. 0. 0. 0. 0. 0. 0. 0. 0. 1. 0. 0. 0.],500,100,0.1,0.0015,1,18,idID,89,first
414,0.0009632578398061215,0.0009632578398061215,0.006283127134727445,[0.         0.         0.         0.         0.57613871 0.         0.         0.         0.         0.         0.         0.         0.         0.         0.         0.         0.         0.         0.         0.         0.         0.         0.         0.         0.         0.         0.         0.01       0.         0.         0.        ],[0. 0. 0. 0. 1. 0. 0. 0. 0. 0. 0. 0. 0. 0. 0. 0. 0. 0. 0. 0. 0. 0. 0. 0. 0. 0. 0. 1. 0. 0. 0.],500,100,0.1,0.0015,1,18,idID,89,first
415,0.0009632578398061215,0.0009632578398061215,0.006283127134727445,[0.         0.         0.         0.         0.57613871 0.         0.         0.         0.         0.         0.         0.         0.         0.         0.         0.         0.         0.         0.         0.         0.         0.         0.         0.         0.         0.         0.         0.01       0.         0.         0.        ],[0. 0. 0. 0. 1. 0. 0. 0. 0. 0. 0. 0. 0. 0. 0. 0. 0. 0. 0. 0. 0. 0. 0. 0. 0. 0. 0. 1. 0. 0. 0.],500,100,0.1,0.0015,1,18,idID,89,first
416,0.0009632578398061215,0.0009632578398061215,0.006283127134727445,[0.         0.         0.         0.         0.57613871 0.         0.         0.         0.         0.         0.         0.         0.         0.         0.         0.         0.         0.         0.         0.         0.         0.         0.         0.         0.         0.         0.         0.01       0.         0.         0.        ],[0. 0. 0. 0. 1. 0. 0. 0. 0. 0. 0. 0. 0. 0. 0. 0. 0. 0. 0. 0. 0. 0. 0. 0. 0. 0. 0. 1. 0. 0. 0.],500,100,0.1,0.0015,1,18,idID,89,first
417,0.0009632578398061215,0.0009632578398061215,0.006283127134727445,[0.         0.         0.         0.         0.57613871 0.         0.         0.         0.         0.         0.         0.         0.         0.         0.         0.         0.         0.         0.         0.         0.         0.         0.         0.         0.         0.         0.         0.01       0.         0.         0.        ],[0. 0. 0. 0. 1. 0. 0. 0. 0. 0. 0. 0. 0. 0. 0. 0. 0. 0. 0. 0. 0. 0. 0. 0. 0. 0. 0. 1. 0. 0. 0.],500,100,0.1,0.0015,1,18,idID,89,first
418,0.0009632578398061215,0.0009632578398061215,0.006283127134727445,[0.         0.         0.         0.         0.57613871 0.         0.         0.         0.         0.         0.         0.         0.         0.         0.         0.         0.         0.         0.         0.         0.         0.         0.         0.         0.         0.         0.         0.01       0.         0.         0.        ],[0. 0. 0. 0. 1. 0. 0. 0. 0. 0. 0. 0. 0. 0. 0. 0. 0. 0. 0. 0. 0. 0. 0. 0. 0. 0. 0. 1. 0. 0. 0.],500,100,0.1,0.0015,1,18,idID,89,first
419,0.0009632578398061215,0.0009632578398061215,0.006283127134727445,[0.         0.         0.         0.         0.57613871 0.         0.         0.         0.         0.         0.         0.         0.         0.         0.         0.         0.         0.         0.         0.         0.         0.         0.         0.         0.         0.         0.         0.01       0.         0.         0.        ],[0. 0. 0. 0. 1. 0. 0. 0. 0. 0. 0. 0. 0. 0. 0. 0. 0. 0. 0. 0. 0. 0. 0. 0. 0. 0. 0. 1. 0. 0. 0.],500,100,0.1,0.0015,1,18,idID,89,first
420,0.0009632578398061215,0.0009632578398061215,0.006283127134727445,[0.         0.         0.         0.         0.57613871 0.         0.         0.         0.         0.         0.         0.         0.         0.         0.         0.         0.         0.         0.         0.         0.         0.         0.         0.         0.         0.         0.         0.01       0.         0.         0.        ],[0. 0. 0. 0. 1. 0. 0. 0. 0. 0. 0. 0. 0. 0. 0. 0. 0. 0. 0. 0. 0. 0. 0. 0. 0. 0. 0. 1. 0. 0. 0.],500,100,0.1,0.0015,1,18,idID,89,first
421,0.0009632578398061215,0.0009632578398061215,0.006283127134727445,[0.         0.         0.         0.         0.57613871 0.         0.         0.         0.         0.         0.         0.         0.         0.         0.         0.         0.         0.         0.         0.         0.         0.         0.         0.         0.         0.         0.         0.01       0.         0.         0.        ],[0. 0. 0. 0. 1. 0. 0. 0. 0. 0. 0. 0. 0. 0. 0. 0. 0. 0. 0. 0. 0. 0. 0. 0. 0. 0. 0. 1. 0. 0. 0.],500,100,0.1,0.0015,1,18,idID,89,first
422,0.0009632578398061215,0.0009632578398061215,0.006283127134727445,[0.         0.         0.         0.         0.57613871 0.         0.         0.         0.         0.         0.         0.         0.         0.         0.         0.         0.         0.         0.         0.         0.         0.         0.         0.         0.         0.         0.         0.01       0.         0.         0.        ],[0. 0. 0. 0. 1. 0. 0. 0. 0. 0. 0. 0. 0. 0. 0. 0. 0. 0. 0. 0. 0. 0. 0. 0. 0. 0. 0. 1. 0. 0. 0.],500,100,0.1,0.0015,1,18,idID,89,first
423,0.0009632578398061215,0.0009632578398061215,0.006283127134727445,[0.         0.         0.         0.         0.57613871 0.         0.         0.         0.         0.         0.         0.         0.         0.         0.         0.         0.         0.         0.         0.         0.         0.         0.         0.         0.         0.         0.         0.01       0.         0.         0.        ],[0. 0. 0. 0. 1. 0. 0. 0. 0. 0. 0. 0. 0. 0. 0. 0. 0. 0. 0. 0. 0. 0. 0. 0. 0. 0. 0. 1. 0. 0. 0.],500,100,0.1,0.0015,1,18,idID,89,first
424,0.0009632578398061215,0.0009632578398061215,0.006283127134727445,[0.         0.         0.         0.         0.57613871 0.         0.         0.         0.         0.         0.         0.         0.         0.         0.         0.         0.         0.         0.         0.         0.         0.         0.         0.         0.         0.         0.         0.01       0.         0.         0.        ],[0. 0. 0. 0. 1. 0. 0. 0. 0. 0. 0. 0. 0. 0. 0. 0. 0. 0. 0. 0. 0. 0. 0. 0. 0. 0. 0. 1. 0. 0. 0.],500,100,0.1,0.0015,1,18,idID,89,first
425,0.0009632578398061215,0.0009632578398061215,0.006283127134727445,[0.         0.         0.         0.         0.57613871 0.         0.         0.         0.         0.         0.         0.         0.         0.         0.         0.         0.         0.         0.         0.         0.         0.         0.         0.         0.         0.         0.         0.01       0.         0.         0.        ],[0. 0. 0. 0. 1. 0. 0. 0. 0. 0. 0. 0. 0. 0. 0. 0. 0. 0. 0. 0. 0. 0. 0. 0. 0. 0. 0. 1. 0. 0. 0.],500,100,0.1,0.0015,1,18,idID,89,first
426,0.0009632578398061215,0.0009632578398061215,0.006283127134727445,[0.         0.         0.         0.         0.57613871 0.         0.         0.         0.         0.         0.         0.         0.         0.         0.         0.         0.         0.         0.         0.         0.         0.         0.         0.         0.         0.         0.         0.01       0.         0.         0.        ],[0. 0. 0. 0. 1. 0. 0. 0. 0. 0. 0. 0. 0. 0. 0. 0. 0. 0. 0. 0. 0. 0. 0. 0. 0. 0. 0. 1. 0. 0. 0.],500,100,0.1,0.0015,1,18,idID,89,first
427,0.0009632578398061215,0.0009632578398061215,0.006283127134727445,[0.         0.         0.         0.         0.57613871 0.         0.         0.         0.         0.         0.         0.         0.         0.         0.         0.         0.         0.         0.         0.         0.         0.         0.         0.         0.         0.         0.         0.01       0.         0.         0.        ],[0. 0. 0. 0. 1. 0. 0. 0. 0. 0. 0. 0. 0. 0. 0. 0. 0. 0. 0. 0. 0. 0. 0. 0. 0. 0. 0. 1. 0. 0. 0.],500,100,0.1,0.0015,1,18,idID,89,first
428,0.0009632578398061215,0.0009632578398061215,0.006283127134727445,[0.         0.         0.         0.         0.57613871 0.         0.         0.         0.         0.         0.         0.         0.         0.         0.         0.         0.         0.         0.         0.         0.         0.         0.         0.         0.         0.         0.         0.01       0.         0.         0.        ],[0. 0. 0. 0. 1. 0. 0. 0. 0. 0. 0. 0. 0. 0. 0. 0. 0. 0. 0. 0. 0. 0. 0. 0. 0. 0. 0. 1. 0. 0. 0.],500,100,0.1,0.0015,1,18,idID,89,first
429,0.0009632578398061215,0.0009632578398061215,0.006283127134727445,[0.         0.         0.         0.         0.57613871 0.         0.         0.         0.         0.         0.         0.         0.         0.         0.         0.         0.         0.         0.         0.         0.         0.         0.         0.         0.         0.         0.         0.01       0.         0.         0.        ],[0. 0. 0. 0. 1. 0. 0. 0. 0. 0. 0. 0. 0. 0. 0. 0. 0. 0. 0. 0. 0. 0. 0. 0. 0. 0. 0. 1. 0. 0. 0.],500,100,0.1,0.0015,1,18,idID,89,first
430,0.0009632578398061215,0.0009632578398061215,0.006283127134727445,[0.         0.         0.         0.         0.57613871 0.         0.         0.         0.         0.         0.         0.         0.         0.         0.         0.         0.         0.         0.         0.         0.         0.         0.         0.         0.         0.         0.         0.01       0.         0.         0.        ],[0. 0. 0. 0. 1. 0. 0. 0. 0. 0. 0. 0. 0. 0. 0. 0. 0. 0. 0. 0. 0. 0. 0. 0. 0. 0. 0. 1. 0. 0. 0.],500,100,0.1,0.0015,1,18,idID,89,first
431,0.0009632578398061215,0.0009632578398061215,0.006283127134727445,[0.         0.         0.         0.         0.57613871 0.         0.         0.         0.         0.         0.         0.         0.         0.         0.         0.         0.         0.         0.         0.         0.         0.         0.         0.         0.         0.         0.         0.01       0.         0.         0.        ],[0. 0. 0. 0. 1. 0. 0. 0. 0. 0. 0. 0. 0. 0. 0. 0. 0. 0. 0. 0. 0. 0. 0. 0. 0. 0. 0. 1. 0. 0. 0.],500,100,0.1,0.0015,1,18,idID,89,first
432,0.0009632578398061215,0.0009632578398061215,0.006283127134727445,[0.         0.         0.         0.         0.57613871 0.         0.         0.         0.         0.         0.         0.         0.         0.         0.         0.         0.         0.         0.         0.         0.         0.         0.         0.         0.         0.         0.         0.01       0.         0.         0.        ],[0. 0. 0. 0. 1. 0. 0. 0. 0. 0. 0. 0. 0. 0. 0. 0. 0. 0. 0. 0. 0. 0. 0. 0. 0. 0. 0. 1. 0. 0. 0.],500,100,0.1,0.0015,1,18,idID,89,first
433,0.0009632578398061215,0.0009632578398061215,0.006283127134727445,[0.         0.         0.         0.         0.57613871 0.         0.         0.         0.         0.         0.         0.         0.         0.         0.         0.         0.         0.         0.         0.         0.         0.         0.         0.         0.         0.         0.         0.01       0.         0.         0.        ],[0. 0. 0. 0. 1. 0. 0. 0. 0. 0. 0. 0. 0. 0. 0. 0. 0. 0. 0. 0. 0. 0. 0. 0. 0. 0. 0. 1. 0. 0. 0.],500,100,0.1,0.0015,1,18,idID,89,first
434,0.0009632578398061215,0.0009632578398061215,0.006283127134727445,[0.         0.         0.         0.         0.57613871 0.         0.         0.         0.         0.         0.         0.         0.         0.         0.         0.         0.         0.         0.         0.         0.         0.         0.         0.         0.         0.         0.         0.01       0.         0.         0.        ],[0. 0. 0. 0. 1. 0. 0. 0. 0. 0. 0. 0. 0. 0. 0. 0. 0. 0. 0. 0. 0. 0. 0. 0. 0. 0. 0. 1. 0. 0. 0.],500,100,0.1,0.0015,1,18,idID,89,first
435,0.0009632578398061215,0.0009632578398061215,0.006283127134727445,[0.         0.         0.         0.         0.57613871 0.         0.         0.         0.         0.         0.         0.         0.         0.         0.         0.         0.         0.         0.         0.         0.         0.         0.         0.         0.         0.         0.         0.01       0.         0.         0.        ],[0. 0. 0. 0. 1. 0. 0. 0. 0. 0. 0. 0. 0. 0. 0. 0. 0. 0. 0. 0. 0. 0. 0. 0. 0. 0. 0. 1. 0. 0. 0.],500,100,0.1,0.0015,1,18,idID,89,first
436,0.0009632578398061215,0.0009632578398061215,0.006283127134727445,[0.         0.         0.         0.         0.57613871 0.         0.         0.         0.         0.         0.         0.         0.         0.         0.         0.         0.         0.         0.         0.         0.         0.         0.         0.         0.         0.         0.         0.01       0.         0.         0.        ],[0. 0. 0. 0. 1. 0. 0. 0. 0. 0. 0. 0. 0. 0. 0. 0. 0. 0. 0. 0. 0. 0. 0. 0. 0. 0. 0. 1. 0. 0. 0.],500,100,0.1,0.0015,1,18,idID,89,first
437,0.0009632578398061215,0.0009632578398061215,0.006283127134727445,[0.         0.         0.         0.         0.57613871 0.         0.         0.         0.         0.         0.         0.         0.         0.         0.         0.         0.         0.         0.         0.         0.         0.         0.         0.         0.         0.         0.         0.01       0.         0.         0.        ],[0. 0. 0. 0. 1. 0. 0. 0. 0. 0. 0. 0. 0. 0. 0. 0. 0. 0. 0. 0. 0. 0. 0. 0. 0. 0. 0. 1. 0. 0. 0.],500,100,0.1,0.0015,1,18,idID,89,first
438,0.0009632578398061215,0.0009632578398061215,0.006283127134727445,[0.         0.         0.         0.         0.57613871 0.         0.         0.         0.         0.         0.         0.         0.         0.         0.         0.         0.         0.         0.         0.         0.         0.         0.         0.         0.         0.         0.         0.01       0.         0.         0.        ],[0. 0. 0. 0. 1. 0. 0. 0. 0. 0. 0. 0. 0. 0. 0. 0. 0. 0. 0. 0. 0. 0. 0. 0. 0. 0. 0. 1. 0. 0. 0.],500,100,0.1,0.0015,1,18,idID,89,first
439,0.0009632578398061215,0.0009632578398061215,0.006283127134727445,[0.         0.         0.         0.         0.57613871 0.         0.         0.         0.         0.         0.         0.         0.         0.         0.         0.         0.         0.         0.         0.         0.         0.         0.         0.         0.         0.         0.         0.01       0.         0.         0.        ],[0. 0. 0. 0. 1. 0. 0. 0. 0. 0. 0. 0. 0. 0. 0. 0. 0. 0. 0. 0. 0. 0. 0. 0. 0. 0. 0. 1. 0. 0. 0.],500,100,0.1,0.0015,1,18,idID,89,first
440,0.0009632578398061215,0.0009632578398061215,0.006283127134727445,[0.         0.         0.         0.         0.57613871 0.         0.         0.         0.         0.         0.         0.         0.         0.         0.         0.         0.         0.         0.         0.         0.         0.         0.         0.         0.         0.         0.         0.01       0.         0.         0.        ],[0. 0. 0. 0. 1. 0. 0. 0. 0. 0. 0. 0. 0. 0. 0. 0. 0. 0. 0. 0. 0. 0. 0. 0. 0. 0. 0. 1. 0. 0. 0.],500,100,0.1,0.0015,1,18,idID,89,first
441,0.0009632578398061215,0.0009632578398061215,0.006283127134727445,[0.         0.         0.         0.         0.57613871 0.         0.         0.         0.         0.         0.         0.         0.         0.         0.         0.         0.         0.         0.         0.         0.         0.         0.         0.         0.         0.         0.         0.01       0.         0.         0.        ],[0. 0. 0. 0. 1. 0. 0. 0. 0. 0. 0. 0. 0. 0. 0. 0. 0. 0. 0. 0. 0. 0. 0. 0. 0. 0. 0. 1. 0. 0. 0.],500,100,0.1,0.0015,1,18,idID,89,first
442,0.0009632578398061215,0.0009632578398061215,0.006283127134727445,[0.         0.         0.         0.         0.57613871 0.         0.         0.         0.         0.         0.         0.         0.         0.         0.         0.         0.         0.         0.         0.         0.         0.         0.         0.         0.         0.         0.         0.01       0.         0.         0.        ],[0. 0. 0. 0. 1. 0. 0. 0. 0. 0. 0. 0. 0. 0. 0. 0. 0. 0. 0. 0. 0. 0. 0. 0. 0. 0. 0. 1. 0. 0. 0.],500,100,0.1,0.0015,1,18,idID,89,first
443,0.0009632578398061215,0.0009632578398061215,0.006283127134727445,[0.         0.         0.         0.         0.57613871 0.         0.         0.         0.         0.         0.         0.         0.         0.         0.         0.         0.         0.         0.         0.         0.         0.         0.         0.         0.         0.         0.         0.01       0.         0.         0.        ],[0. 0. 0. 0. 1. 0. 0. 0. 0. 0. 0. 0. 0. 0. 0. 0. 0. 0. 0. 0. 0. 0. 0. 0. 0. 0. 0. 1. 0. 0. 0.],500,100,0.1,0.0015,1,18,idID,89,first
444,0.0009632578398061215,0.0009632578398061215,0.006283127134727445,[0.         0.         0.         0.         0.57613871 0.         0.         0.         0.         0.         0.         0.         0.         0.         0.         0.         0.         0.         0.         0.         0.         0.         0.         0.         0.         0.         0.         0.01       0.         0.         0.        ],[0. 0. 0. 0. 1. 0. 0. 0. 0. 0. 0. 0. 0. 0. 0. 0. 0. 0. 0. 0. 0. 0. 0. 0. 0. 0. 0. 1. 0. 0. 0.],500,100,0.1,0.0015,1,18,idID,89,first
445,0.0009632578398061215,0.0009632578398061215,0.006283127134727445,[0.         0.         0.         0.         0.57613871 0.         0.         0.         0.         0.         0.         0.         0.         0.         0.         0.         0.         0.         0.         0.         0.         0.         0.         0.         0.         0.         0.         0.01       0.         0.         0.        ],[0. 0. 0. 0. 1. 0. 0. 0. 0. 0. 0. 0. 0. 0. 0. 0. 0. 0. 0. 0. 0. 0. 0. 0. 0. 0. 0. 1. 0. 0. 0.],500,100,0.1,0.0015,1,18,idID,89,first
446,0.0009632578398061215,0.0009632578398061215,0.006283127134727445,[0.         0.         0.         0.         0.57613871 0.         0.         0.         0.         0.         0.         0.         0.         0.         0.         0.         0.         0.         0.         0.         0.         0.         0.         0.         0.         0.         0.         0.01       0.         0.         0.        ],[0. 0. 0. 0. 1. 0. 0. 0. 0. 0. 0. 0. 0. 0. 0. 0. 0. 0. 0. 0. 0. 0. 0. 0. 0. 0. 0. 1. 0. 0. 0.],500,100,0.1,0.0015,1,18,idID,89,first
447,0.0009632578398061215,0.0009632578398061215,0.006283127134727445,[0.         0.         0.         0.         0.57613871 0.         0.         0.         0.         0.         0.         0.         0.         0.         0.         0.         0.         0.         0.         0.         0.         0.         0.         0.         0.         0.         0.         0.01       0.         0.         0.        ],[0. 0. 0. 0. 1. 0. 0. 0. 0. 0. 0. 0. 0. 0. 0. 0. 0. 0. 0. 0. 0. 0. 0. 0. 0. 0. 0. 1. 0. 0. 0.],500,100,0.1,0.0015,1,18,idID,89,first
448,0.0009632578398061215,0.0009632578398061215,0.006283127134727445,[0.         0.         0.         0.         0.57613871 0.         0.         0.         0.         0.         0.         0.         0.         0.         0.         0.         0.         0.         0.         0.         0.         0.         0.         0.         0.         0.         0.         0.01       0.         0.         0.        ],[0. 0. 0. 0. 1. 0. 0. 0. 0. 0. 0. 0. 0. 0. 0. 0. 0. 0. 0. 0. 0. 0. 0. 0. 0. 0. 0. 1. 0. 0. 0.],500,100,0.1,0.0015,1,18,idID,89,first
449,0.0009632578398061215,0.0009632578398061215,0.006283127134727445,[0.         0.         0.         0.         0.57613871 0.         0.         0.         0.         0.         0.         0.         0.         0.         0.         0.         0.         0.         0.         0.         0.         0.         0.         0.         0.         0.         0.         0.01       0.         0.         0.        ],[0. 0. 0. 0. 1. 0. 0. 0. 0. 0. 0. 0. 0. 0. 0. 0. 0. 0. 0. 0. 0. 0. 0. 0. 0. 0. 0. 1. 0. 0. 0.],500,100,0.1,0.0015,1,18,idID,89,first
450,0.0009632578398061215,0.0009632578398061215,0.006283127134727445,[0.         0.         0.         0.         0.57613871 0.         0.         0.         0.         0.         0.         0.         0.         0.         0.         0.         0.         0.         0.         0.         0.         0.         0.         0.         0.         0.         0.         0.01       0.         0.         0.        ],[0. 0. 0. 0. 1. 0. 0. 0. 0. 0. 0. 0. 0. 0. 0. 0. 0. 0. 0. 0. 0. 0. 0. 0. 0. 0. 0. 1. 0. 0. 0.],500,100,0.1,0.0015,1,18,idID,89,first
451,0.0009632578398061215,0.0009632578398061215,0.006283127134727445,[0.         0.         0.         0.         0.57613871 0.         0.         0.         0.         0.         0.         0.         0.         0.         0.         0.         0.         0.         0.         0.         0.         0.         0.         0.         0.         0.         0.         0.01       0.         0.         0.        ],[0. 0. 0. 0. 1. 0. 0. 0. 0. 0. 0. 0. 0. 0. 0. 0. 0. 0. 0. 0. 0. 0. 0. 0. 0. 0. 0. 1. 0. 0. 0.],500,100,0.1,0.0015,1,18,idID,89,first
452,0.0009632578398061215,0.0009632578398061215,0.006283127134727445,[0.         0.         0.         0.         0.57613871 0.         0.         0.         0.         0.         0.         0.         0.         0.         0.         0.         0.         0.         0.         0.         0.         0.         0.         0.         0.         0.         0.         0.01       0.         0.         0.        ],[0. 0. 0. 0. 1. 0. 0. 0. 0. 0. 0. 0. 0. 0. 0. 0. 0. 0. 0. 0. 0. 0. 0. 0. 0. 0. 0. 1. 0. 0. 0.],500,100,0.1,0.0015,1,18,idID,89,first
453,0.0009632578398061215,0.0009632578398061215,0.006283127134727445,[0.         0.         0.         0.         0.57613871 0.         0.         0.         0.         0.         0.         0.         0.         0.         0.         0.         0.         0.         0.         0.         0.         0.         0.         0.         0.         0.         0.         0.01       0.         0.         0.        ],[0. 0. 0. 0. 1. 0. 0. 0. 0. 0. 0. 0. 0. 0. 0. 0. 0. 0. 0. 0. 0. 0. 0. 0. 0. 0. 0. 1. 0. 0. 0.],500,100,0.1,0.0015,1,18,idID,89,first
454,0.0009632578398061215,0.0009632578398061215,0.006283127134727445,[0.         0.         0.         0.         0.57613871 0.         0.         0.         0.         0.         0.         0.         0.         0.         0.         0.         0.         0.         0.         0.         0.         0.         0.         0.         0.         0.         0.         0.01       0.         0.         0.        ],[0. 0. 0. 0. 1. 0. 0. 0. 0. 0. 0. 0. 0. 0. 0. 0. 0. 0. 0. 0. 0. 0. 0. 0. 0. 0. 0. 1. 0. 0. 0.],500,100,0.1,0.0015,1,18,idID,89,first
455,0.0009632578398061215,0.0009632578398061215,0.006283127134727445,[0.         0.         0.         0.         0.57613871 0.         0.         0.         0.         0.         0.         0.         0.         0.         0.         0.         0.         0.         0.         0.         0.         0.         0.         0.         0.         0.         0.         0.01       0.         0.         0.        ],[0. 0. 0. 0. 1. 0. 0. 0. 0. 0. 0. 0. 0. 0. 0. 0. 0. 0. 0. 0. 0. 0. 0. 0. 0. 0. 0. 1. 0. 0. 0.],500,100,0.1,0.0015,1,18,idID,89,first
456,0.0009632578398061215,0.0009632578398061215,0.006283127134727445,[0.         0.         0.         0.         0.57613871 0.         0.         0.         0.         0.         0.         0.         0.         0.         0.         0.         0.         0.         0.         0.         0.         0.         0.         0.         0.         0.         0.         0.01       0.         0.         0.        ],[0. 0. 0. 0. 1. 0. 0. 0. 0. 0. 0. 0. 0. 0. 0. 0. 0. 0. 0. 0. 0. 0. 0. 0. 0. 0. 0. 1. 0. 0. 0.],500,100,0.1,0.0015,1,18,idID,89,first
457,0.0009632578398061215,0.0009632578398061215,0.006283127134727445,[0.         0.         0.         0.         0.57613871 0.         0.         0.         0.         0.         0.         0.         0.         0.         0.         0.         0.         0.         0.         0.         0.         0.         0.         0.         0.         0.         0.         0.01       0.         0.         0.        ],[0. 0. 0. 0. 1. 0. 0. 0. 0. 0. 0. 0. 0. 0. 0. 0. 0. 0. 0. 0. 0. 0. 0. 0. 0. 0. 0. 1. 0. 0. 0.],500,100,0.1,0.0015,1,18,idID,89,first
458,0.0009632578398061215,0.0009632578398061215,0.006283127134727445,[0.         0.         0.         0.         0.57613871 0.         0.         0.         0.         0.         0.         0.         0.         0.         0.         0.         0.         0.         0.         0.         0.         0.         0.         0.         0.         0.         0.         0.01       0.         0.         0.        ],[0. 0. 0. 0. 1. 0. 0. 0. 0. 0. 0. 0. 0. 0. 0. 0. 0. 0. 0. 0. 0. 0. 0. 0. 0. 0. 0. 1. 0. 0. 0.],500,100,0.1,0.0015,1,18,idID,89,first
459,0.0009632578398061215,0.0009632578398061215,0.006283127134727445,[0.         0.         0.         0.         0.57613871 0.         0.         0.         0.         0.         0.         0.         0.         0.         0.         0.         0.         0.         0.         0.         0.         0.         0.         0.         0.         0.         0.         0.01       0.         0.         0.        ],[0. 0. 0. 0. 1. 0. 0. 0. 0. 0. 0. 0. 0. 0. 0. 0. 0. 0. 0. 0. 0. 0. 0. 0. 0. 0. 0. 1. 0. 0. 0.],500,100,0.1,0.0015,1,18,idID,89,first
460,0.0009632578398061215,0.0009632578398061215,0.006283127134727445,[0.         0.         0.         0.         0.57613871 0.         0.         0.         0.         0.         0.         0.         0.         0.         0.         0.         0.         0.         0.         0.         0.         0.         0.         0.         0.         0.         0.         0.01       0.         0.         0.        ],[0. 0. 0. 0. 1. 0. 0. 0. 0. 0. 0. 0. 0. 0. 0. 0. 0. 0. 0. 0. 0. 0. 0. 0. 0. 0. 0. 1. 0. 0. 0.],500,100,0.1,0.0015,1,18,idID,89,first
461,0.0009632578398061215,0.0009632578398061215,0.006283127134727445,[0.         0.         0.         0.         0.57613871 0.         0.         0.         0.         0.         0.         0.         0.         0.         0.         0.         0.         0.         0.         0.         0.         0.         0.         0.         0.         0.         0.         0.01       0.         0.         0.        ],[0. 0. 0. 0. 1. 0. 0. 0. 0. 0. 0. 0. 0. 0. 0. 0. 0. 0. 0. 0. 0. 0. 0. 0. 0. 0. 0. 1. 0. 0. 0.],500,100,0.1,0.0015,1,18,idID,89,first
462,0.0009632578398061215,0.0009632578398061215,0.006283127134727445,[0.         0.         0.         0.         0.57613871 0.         0.         0.         0.         0.         0.         0.         0.         0.         0.         0.         0.         0.         0.         0.         0.         0.         0.         0.         0.         0.         0.         0.01       0.         0.         0.        ],[0. 0. 0. 0. 1. 0. 0. 0. 0. 0. 0. 0. 0. 0. 0. 0. 0. 0. 0. 0. 0. 0. 0. 0. 0. 0. 0. 1. 0. 0. 0.],500,100,0.1,0.0015,1,18,idID,89,first
463,0.0009632578398061215,0.0009632578398061215,0.006283127134727445,[0.         0.         0.         0.         0.57613871 0.         0.         0.         0.         0.         0.         0.         0.         0.         0.         0.         0.         0.         0.         0.         0.         0.         0.         0.         0.         0.         0.         0.01       0.         0.         0.        ],[0. 0. 0. 0. 1. 0. 0. 0. 0. 0. 0. 0. 0. 0. 0. 0. 0. 0. 0. 0. 0. 0. 0. 0. 0. 0. 0. 1. 0. 0. 0.],500,100,0.1,0.0015,1,18,idID,89,first
464,0.0009632578398061215,0.0009632578398061215,0.006283127134727445,[0.         0.         0.         0.         0.57613871 0.         0.         0.         0.         0.         0.         0.         0.         0.         0.         0.         0.         0.         0.         0.         0.         0.         0.         0.         0.         0.         0.         0.01       0.         0.         0.        ],[0. 0. 0. 0. 1. 0. 0. 0. 0. 0. 0. 0. 0. 0. 0. 0. 0. 0. 0. 0. 0. 0. 0. 0. 0. 0. 0. 1. 0. 0. 0.],500,100,0.1,0.0015,1,18,idID,89,first
465,0.0009632578398061215,0.0009632578398061215,0.006283127134727445,[0.         0.         0.         0.         0.57613871 0.         0.         0.         0.         0.         0.         0.         0.         0.         0.         0.         0.         0.         0.         0.         0.         0.         0.         0.         0.         0.         0.         0.01       0.         0.         0.        ],[0. 0. 0. 0. 1. 0. 0. 0. 0. 0. 0. 0. 0. 0. 0. 0. 0. 0. 0. 0. 0. 0. 0. 0. 0. 0. 0. 1. 0. 0. 0.],500,100,0.1,0.0015,1,18,idID,89,first
466,0.0009632578398061215,0.0009632578398061215,0.006283127134727445,[0.         0.         0.         0.         0.57613871 0.         0.         0.         0.         0.         0.         0.         0.         0.         0.         0.         0.         0.         0.         0.         0.         0.         0.         0.         0.         0.         0.         0.01       0.         0.         0.        ],[0. 0. 0. 0. 1. 0. 0. 0. 0. 0. 0. 0. 0. 0. 0. 0. 0. 0. 0. 0. 0. 0. 0. 0. 0. 0. 0. 1. 0. 0. 0.],500,100,0.1,0.0015,1,18,idID,89,first
467,0.0009632578398061215,0.0009632578398061215,0.006283127134727445,[0.         0.         0.         0.         0.57613871 0.         0.         0.         0.         0.         0.         0.         0.         0.         0.         0.         0.         0.         0.         0.         0.         0.         0.         0.         0.         0.         0.         0.01       0.         0.         0.        ],[0. 0. 0. 0. 1. 0. 0. 0. 0. 0. 0. 0. 0. 0. 0. 0. 0. 0. 0. 0. 0. 0. 0. 0. 0. 0. 0. 1. 0. 0. 0.],500,100,0.1,0.0015,1,18,idID,89,first
468,0.0009632578398061215,0.0009632578398061215,0.006283127134727445,[0.         0.         0.         0.         0.57613871 0.         0.         0.         0.         0.         0.         0.         0.         0.         0.         0.         0.         0.         0.         0.         0.         0.         0.         0.         0.         0.         0.         0.01       0.         0.         0.        ],[0. 0. 0. 0. 1. 0. 0. 0. 0. 0. 0. 0. 0. 0. 0. 0. 0. 0. 0. 0. 0. 0. 0. 0. 0. 0. 0. 1. 0. 0. 0.],500,100,0.1,0.0015,1,18,idID,89,first
469,0.0009632578398061215,0.0009632578398061215,0.006283127134727445,[0.         0.         0.         0.         0.57613871 0.         0.         0.         0.         0.         0.         0.         0.         0.         0.         0.         0.         0.         0.         0.         0.         0.         0.         0.         0.         0.         0.         0.01       0.         0.         0.        ],[0. 0. 0. 0. 1. 0. 0. 0. 0. 0. 0. 0. 0. 0. 0. 0. 0. 0. 0. 0. 0. 0. 0. 0. 0. 0. 0. 1. 0. 0. 0.],500,100,0.1,0.0015,1,18,idID,89,first
470,0.0009632578398061215,0.0009632578398061215,0.006283127134727445,[0.         0.         0.         0.         0.57613871 0.         0.         0.         0.         0.         0.         0.         0.         0.         0.         0.         0.         0.         0.         0.         0.         0.         0.         0.         0.         0.         0.         0.01       0.         0.         0.        ],[0. 0. 0. 0. 1. 0. 0. 0. 0. 0. 0. 0. 0. 0. 0. 0. 0. 0. 0. 0. 0. 0. 0. 0. 0. 0. 0. 1. 0. 0. 0.],500,100,0.1,0.0015,1,18,idID,89,first
471,0.0009632578398061215,0.0009632578398061215,0.006283127134727445,[0.         0.         0.         0.         0.57613871 0.         0.         0.         0.         0.         0.         0.         0.         0.         0.         0.         0.         0.         0.         0.         0.         0.         0.         0.         0.         0.         0.         0.01       0.         0.         0.        ],[0. 0. 0. 0. 1. 0. 0. 0. 0. 0. 0. 0. 0. 0. 0. 0. 0. 0. 0. 0. 0. 0. 0. 0. 0. 0. 0. 1. 0. 0. 0.],500,100,0.1,0.0015,1,18,idID,89,first
472,0.0009632578398061215,0.0009632578398061215,0.006283127134727445,[0.         0.         0.         0.         0.57613871 0.         0.         0.         0.         0.         0.         0.         0.         0.         0.         0.         0.         0.         0.         0.         0.         0.         0.         0.         0.         0.         0.         0.01       0.         0.         0.        ],[0. 0. 0. 0. 1. 0. 0. 0. 0. 0. 0. 0. 0. 0. 0. 0. 0. 0. 0. 0. 0. 0. 0. 0. 0. 0. 0. 1. 0. 0. 0.],500,100,0.1,0.0015,1,18,idID,89,first
473,0.0009632578398061215,0.0009632578398061215,0.006283127134727445,[0.         0.         0.         0.         0.57613871 0.         0.         0.         0.         0.         0.         0.         0.         0.         0.         0.         0.         0.         0.         0.         0.         0.         0.         0.         0.         0.         0.         0.01       0.         0.         0.        ],[0. 0. 0. 0. 1. 0. 0. 0. 0. 0. 0. 0. 0. 0. 0. 0. 0. 0. 0. 0. 0. 0. 0. 0. 0. 0. 0. 1. 0. 0. 0.],500,100,0.1,0.0015,1,18,idID,89,first
474,0.0009632578398061215,0.0009632578398061215,0.006283127134727445,[0.         0.         0.         0.         0.57613871 0.         0.         0.         0.         0.         0.         0.         0.         0.         0.         0.         0.         0.         0.         0.         0.         0.         0.         0.         0.         0.         0.         0.01       0.         0.         0.        ],[0. 0. 0. 0. 1. 0. 0. 0. 0. 0. 0. 0. 0. 0. 0. 0. 0. 0. 0. 0. 0. 0. 0. 0. 0. 0. 0. 1. 0. 0. 0.],500,100,0.1,0.0015,1,18,idID,89,first
475,0.0009632578398061215,0.0009632578398061215,0.006283127134727445,[0.         0.         0.         0.         0.57613871 0.         0.         0.         0.         0.         0.         0.         0.         0.         0.         0.         0.         0.         0.         0.         0.         0.         0.         0.         0.         0.         0.         0.01       0.         0.         0.        ],[0. 0. 0. 0. 1. 0. 0. 0. 0. 0. 0. 0. 0. 0. 0. 0. 0. 0. 0. 0. 0. 0. 0. 0. 0. 0. 0. 1. 0. 0. 0.],500,100,0.1,0.0015,1,18,idID,89,first
476,0.0009632578398061215,0.0009632578398061215,0.006283127134727445,[0.         0.         0.         0.         0.57613871 0.         0.         0.         0.         0.         0.         0.         0.         0.         0.         0.         0.         0.         0.         0.         0.         0.         0.         0.         0.         0.         0.         0.01       0.         0.         0.        ],[0. 0. 0. 0. 1. 0. 0. 0. 0. 0. 0. 0. 0. 0. 0. 0. 0. 0. 0. 0. 0. 0. 0. 0. 0. 0. 0. 1. 0. 0. 0.],500,100,0.1,0.0015,1,18,idID,89,first
477,0.0009632578398061215,0.0009632578398061215,0.006283127134727445,[0.         0.         0.         0.         0.57613871 0.         0.         0.         0.         0.         0.         0.         0.         0.         0.         0.         0.         0.         0.         0.         0.         0.         0.         0.         0.         0.         0.         0.01       0.         0.         0.        ],[0. 0. 0. 0. 1. 0. 0. 0. 0. 0. 0. 0. 0. 0. 0. 0. 0. 0. 0. 0. 0. 0. 0. 0. 0. 0. 0. 1. 0. 0. 0.],500,100,0.1,0.0015,1,18,idID,89,first
478,0.0009632578398061215,0.0009632578398061215,0.006283127134727445,[0.         0.         0.         0.         0.57613871 0.         0.         0.         0.         0.         0.         0.         0.         0.         0.         0.         0.         0.         0.         0.         0.         0.         0.         0.         0.         0.         0.         0.01       0.         0.         0.        ],[0. 0. 0. 0. 1. 0. 0. 0. 0. 0. 0. 0. 0. 0. 0. 0. 0. 0. 0. 0. 0. 0. 0. 0. 0. 0. 0. 1. 0. 0. 0.],500,100,0.1,0.0015,1,18,idID,89,first
479,0.0009632578398061215,0.0009632578398061215,0.006283127134727445,[0.         0.         0.         0.         0.57613871 0.         0.         0.         0.         0.         0.         0.         0.         0.         0.         0.         0.         0.         0.         0.         0.         0.         0.         0.         0.         0.         0.         0.01       0.         0.         0.        ],[0. 0. 0. 0. 1. 0. 0. 0. 0. 0. 0. 0. 0. 0. 0. 0. 0. 0. 0. 0. 0. 0. 0. 0. 0. 0. 0. 1. 0. 0. 0.],500,100,0.1,0.0015,1,18,idID,89,first
480,0.0009632578398061215,0.0009632578398061215,0.006283127134727445,[0.         0.         0.         0.         0.57613871 0.         0.         0.         0.         0.         0.         0.         0.         0.         0.         0.         0.         0.         0.         0.         0.         0.         0.         0.         0.         0.         0.         0.01       0.         0.         0.        ],[0. 0. 0. 0. 1. 0. 0. 0. 0. 0. 0. 0. 0. 0. 0. 0. 0. 0. 0. 0. 0. 0. 0. 0. 0. 0. 0. 1. 0. 0. 0.],500,100,0.1,0.0015,1,18,idID,89,first
481,0.0009632578398061215,0.0009632578398061215,0.006283127134727445,[0.         0.         0.         0.         0.57613871 0.         0.         0.         0.         0.         0.         0.         0.         0.         0.         0.         0.         0.         0.         0.         0.         0.         0.         0.         0.         0.         0.         0.01       0.         0.         0.        ],[0. 0. 0. 0. 1. 0. 0. 0. 0. 0. 0. 0. 0. 0. 0. 0. 0. 0. 0. 0. 0. 0. 0. 0. 0. 0. 0. 1. 0. 0. 0.],500,100,0.1,0.0015,1,18,idID,89,first
482,0.0009632578398061215,0.0009632578398061215,0.006283127134727445,[0.         0.         0.         0.         0.57613871 0.         0.         0.         0.         0.         0.         0.         0.         0.         0.         0.         0.         0.         0.         0.         0.         0.         0.         0.         0.         0.         0.         0.01       0.         0.         0.        ],[0. 0. 0. 0. 1. 0. 0. 0. 0. 0. 0. 0. 0. 0. 0. 0. 0. 0. 0. 0. 0. 0. 0. 0. 0. 0. 0. 1. 0. 0. 0.],500,100,0.1,0.0015,1,18,idID,89,first
483,0.0009632578398061215,0.0009632578398061215,0.006283127134727445,[0.         0.         0.         0.         0.57613871 0.         0.         0.         0.         0.         0.         0.         0.         0.         0.         0.         0.         0.         0.         0.         0.         0.         0.         0.         0.         0.         0.         0.01       0.         0.         0.        ],[0. 0. 0. 0. 1. 0. 0. 0. 0. 0. 0. 0. 0. 0. 0. 0. 0. 0. 0. 0. 0. 0. 0. 0. 0. 0. 0. 1. 0. 0. 0.],500,100,0.1,0.0015,1,18,idID,89,first
484,0.0009632578398061215,0.0009632578398061215,0.006283127134727445,[0.         0.         0.         0.         0.57613871 0.         0.         0.         0.         0.         0.         0.         0.         0.         0.         0.         0.         0.         0.         0.         0.         0.         0.         0.         0.         0.         0.         0.01       0.         0.         0.        ],[0. 0. 0. 0. 1. 0. 0. 0. 0. 0. 0. 0. 0. 0. 0. 0. 0. 0. 0. 0. 0. 0. 0. 0. 0. 0. 0. 1. 0. 0. 0.],500,100,0.1,0.0015,1,18,idID,89,first
485,0.0009632578398061215,0.0009632578398061215,0.006283127134727445,[0.         0.         0.         0.         0.57613871 0.         0.         0.         0.         0.         0.         0.         0.         0.         0.         0.         0.         0.         0.         0.         0.         0.         0.         0.         0.         0.         0.         0.01       0.         0.         0.        ],[0. 0. 0. 0. 1. 0. 0. 0. 0. 0. 0. 0. 0. 0. 0. 0. 0. 0. 0. 0. 0. 0. 0. 0. 0. 0. 0. 1. 0. 0. 0.],500,100,0.1,0.0015,1,18,idID,89,first
486,0.0009632578398061215,0.0009632578398061215,0.006283127134727445,[0.         0.         0.         0.         0.57613871 0.         0.         0.         0.         0.         0.         0.         0.         0.         0.         0.         0.         0.         0.         0.         0.         0.         0.         0.         0.         0.         0.         0.01       0.         0.         0.        ],[0. 0. 0. 0. 1. 0. 0. 0. 0. 0. 0. 0. 0. 0. 0. 0. 0. 0. 0. 0. 0. 0. 0. 0. 0. 0. 0. 1. 0. 0. 0.],500,100,0.1,0.0015,1,18,idID,89,first
487,0.0009632578398061215,0.0009632578398061215,0.006283127134727445,[0.         0.         0.         0.         0.57613871 0.         0.         0.         0.         0.         0.         0.         0.         0.         0.         0.         0.         0.         0.         0.         0.         0.         0.         0.         0.         0.         0.         0.01       0.         0.         0.        ],[0. 0. 0. 0. 1. 0. 0. 0. 0. 0. 0. 0. 0. 0. 0. 0. 0. 0. 0. 0. 0. 0. 0. 0. 0. 0. 0. 1. 0. 0. 0.],500,100,0.1,0.0015,1,18,idID,89,first
488,0.0009632578398061215,0.0009632578398061215,0.006283127134727445,[0.         0.         0.         0.         0.57613871 0.         0.         0.         0.         0.         0.         0.         0.         0.         0.         0.         0.         0.         0.         0.         0.         0.         0.         0.         0.         0.         0.         0.01       0.         0.         0.        ],[0. 0. 0. 0. 1. 0. 0. 0. 0. 0. 0. 0. 0. 0. 0. 0. 0. 0. 0. 0. 0. 0. 0. 0. 0. 0. 0. 1. 0. 0. 0.],500,100,0.1,0.0015,1,18,idID,89,first
489,0.0009632578398061215,0.0009632578398061215,0.006283127134727445,[0.         0.         0.         0.         0.57613871 0.         0.         0.         0.         0.         0.         0.         0.         0.         0.         0.         0.         0.         0.         0.         0.         0.         0.         0.         0.         0.         0.         0.01       0.         0.         0.        ],[0. 0. 0. 0. 1. 0. 0. 0. 0. 0. 0. 0. 0. 0. 0. 0. 0. 0. 0. 0. 0. 0. 0. 0. 0. 0. 0. 1. 0. 0. 0.],500,100,0.1,0.0015,1,18,idID,89,first
490,0.0009632578398061215,0.0009632578398061215,0.006283127134727445,[0.         0.         0.         0.         0.57613871 0.         0.         0.         0.         0.         0.         0.         0.         0.         0.         0.         0.         0.         0.         0.         0.         0.         0.         0.         0.         0.         0.         0.01       0.         0.         0.        ],[0. 0. 0. 0. 1. 0. 0. 0. 0. 0. 0. 0. 0. 0. 0. 0. 0. 0. 0. 0. 0. 0. 0. 0. 0. 0. 0. 1. 0. 0. 0.],500,100,0.1,0.0015,1,18,idID,89,first
491,0.0009632578398061215,0.0009632578398061215,0.006283127134727445,[0.         0.         0.         0.         0.57613871 0.         0.         0.         0.         0.         0.         0.         0.         0.         0.         0.         0.         0.         0.         0.         0.         0.         0.         0.         0.         0.         0.         0.01       0.         0.         0.        ],[0. 0. 0. 0. 1. 0. 0. 0. 0. 0. 0. 0. 0. 0. 0. 0. 0. 0. 0. 0. 0. 0. 0. 0. 0. 0. 0. 1. 0. 0. 0.],500,100,0.1,0.0015,1,18,idID,89,first
492,0.0009632578398061215,0.0009632578398061215,0.006283127134727445,[0.         0.         0.         0.         0.57613871 0.         0.         0.         0.         0.         0.         0.         0.         0.         0.         0.         0.         0.         0.         0.         0.         0.         0.         0.         0.         0.         0.         0.01       0.         0.         0.        ],[0. 0. 0. 0. 1. 0. 0. 0. 0. 0. 0. 0. 0. 0. 0. 0. 0. 0. 0. 0. 0. 0. 0. 0. 0. 0. 0. 1. 0. 0. 0.],500,100,0.1,0.0015,1,18,idID,89,first
493,0.0009632578398061215,0.0009632578398061215,0.006283127134727445,[0.         0.         0.         0.         0.57613871 0.         0.         0.         0.         0.         0.         0.         0.         0.         0.         0.         0.         0.         0.         0.         0.         0.         0.         0.         0.         0.         0.         0.01       0.         0.         0.        ],[0. 0. 0. 0. 1. 0. 0. 0. 0. 0. 0. 0. 0. 0. 0. 0. 0. 0. 0. 0. 0. 0. 0. 0. 0. 0. 0. 1. 0. 0. 0.],500,100,0.1,0.0015,1,18,idID,89,first
494,0.0009632578398061215,0.0009632578398061215,0.006283127134727445,[0.         0.         0.         0.         0.57613871 0.         0.         0.         0.         0.         0.         0.         0.         0.         0.         0.         0.         0.         0.         0.         0.         0.         0.         0.         0.         0.         0.         0.01       0.         0.         0.        ],[0. 0. 0. 0. 1. 0. 0. 0. 0. 0. 0. 0. 0. 0. 0. 0. 0. 0. 0. 0. 0. 0. 0. 0. 0. 0. 0. 1. 0. 0. 0.],500,100,0.1,0.0015,1,18,idID,89,first
495,0.0009632578398061215,0.0009632578398061215,0.006283127134727445,[0.         0.         0.         0.         0.57613871 0.         0.         0.         0.         0.         0.         0.         0.         0.         0.         0.         0.         0.         0.         0.         0.         0.         0.         0.         0.         0.         0.         0.01       0.         0.         0.        ],[0. 0. 0. 0. 1. 0. 0. 0. 0. 0. 0. 0. 0. 0. 0. 0. 0. 0. 0. 0. 0. 0. 0. 0. 0. 0. 0. 1. 0. 0. 0.],500,100,0.1,0.0015,1,18,idID,89,first
496,0.0009632578398061215,0.0009632578398061215,0.006283127134727445,[0.         0.         0.         0.         0.57613871 0.         0.         0.         0.         0.         0.         0.         0.         0.         0.         0.         0.         0.         0.         0.         0.         0.         0.         0.         0.         0.         0.         0.01       0.         0.         0.        ],[0. 0. 0. 0. 1. 0. 0. 0. 0. 0. 0. 0. 0. 0. 0. 0. 0. 0. 0. 0. 0. 0. 0. 0. 0. 0. 0. 1. 0. 0. 0.],500,100,0.1,0.0015,1,18,idID,89,first
497,0.0009632578398061215,0.0009632578398061215,0.006283127134727445,[0.         0.         0.         0.         0.57613871 0.         0.         0.         0.         0.         0.         0.         0.         0.         0.         0.         0.         0.         0.         0.         0.         0.         0.         0.         0.         0.         0.         0.01       0.         0.         0.        ],[0. 0. 0. 0. 1. 0. 0. 0. 0. 0. 0. 0. 0. 0. 0. 0. 0. 0. 0. 0. 0. 0. 0. 0. 0. 0. 0. 1. 0. 0. 0.],500,100,0.1,0.0015,1,18,idID,89,first
498,0.0009632578398061215,0.0009632578398061215,0.006283127134727445,[0.         0.         0.         0.         0.57613871 0.         0.         0.         0.         0.         0.         0.         0.         0.         0.         0.         0.         0.         0.         0.         0.         0.         0.         0.         0.         0.         0.         0.01       0.         0.         0.        ],[0. 0. 0. 0. 1. 0. 0. 0. 0. 0. 0. 0. 0. 0. 0. 0. 0. 0. 0. 0. 0. 0. 0. 0. 0. 0. 0. 1. 0. 0. 0.],500,100,0.1,0.0015,1,18,idID,89,first
499,0.0009632578398061215,0.0009632578398061215,0.006283127134727445,[0.         0.         0.         0.         0.57613871 0.         0.         0.         0.         0.         0.         0.         0.         0.         0.         0.         0.         0.         0.         0.         0.         0.         0.         0.         0.         0.         0.         0.01       0.         0.         0.        ],[0. 0. 0. 0. 1. 0. 0. 0. 0. 0. 0. 0. 0. 0. 0. 0. 0. 0. 0. 0. 0. 0. 0. 0. 0. 0. 0. 1. 0. 0. 0.],500,100,0.1,0.0015,1,18,idID,89,first
