iter,obj,aug_obj,return,X,Z,max_iter,neighbours,alpha,exp_return,n_port,k,move_strategy,seed,selection_strategy
0,0.20935497898420505,0.20935497898420505,0.0039966636058,[0.        0.        0.        0.041687  0.090451  0.        0.        0.        0.        0.        0.114451  0.        0.        0.        0.124727  0.        0.        0.055562  0.023184  0.090508  0.01226   0.        0.116573  0.0799582 0.070001  0.013974  0.        0.1603308 0.        0.        0.       ],[0. 0. 0. 1. 1. 0. 0. 0. 0. 0. 1. 0. 0. 0. 1. 0. 0. 1. 1. 1. 1. 0. 1. 1. 1. 1. 0. 1. 0. 0. 0.],500,100,0.3,0.0005,1,14,best,1,best
1,0.2010896477995398,0.2010896477995398,0.0042138041329,[0.        0.        0.        0.041687  0.1254229 0.        0.        0.        0.        0.        0.114451  0.        0.        0.        0.124727  0.        0.        0.055562  0.023184  0.090508  0.01226   0.        0.0816011 0.0799582 0.070001  0.013974  0.        0.1603308 0.        0.        0.       ],[0. 0. 0. 1. 1. 0. 0. 0. 0. 0. 1. 0. 0. 0. 1. 0. 0. 1. 1. 1. 1. 0. 1. 1. 1. 1. 0. 1. 0. 0. 0.],500,100,0.3,0.0005,1,14,best,1,best
2,0.1510764773596452,0.1510764773596452,0.0037082448709000004,[0.        0.        0.        0.041687  0.1254229 0.        0.        0.        0.        0.        0.114451  0.        0.        0.        0.013974  0.        0.        0.055562  0.023184  0.090508  0.01226   0.        0.0816011 0.0799582 0.070001  0.        0.        0.1603308 0.        0.        0.       ],[0. 0. 0. 1. 1. 0. 0. 0. 0. 0. 1. 0. 0. 0. 1. 0. 0. 1. 1. 1. 1. 0. 1. 1. 1. 0. 0. 1. 0. 0. 0.],500,100,0.3,0.0005,1,14,best,1,best
3,0.11329742432333534,0.11329742432333534,0.0032854680969000003,[0.        0.        0.        0.041687  0.1254229 0.        0.        0.        0.        0.        0.114451  0.        0.        0.        0.        0.        0.        0.055562  0.023184  0.013974  0.01226   0.        0.0816011 0.0799582 0.070001  0.        0.        0.1603308 0.        0.        0.       ],[0. 0. 0. 1. 1. 0. 0. 0. 0. 0. 1. 0. 0. 0. 0. 0. 0. 1. 1. 1. 1. 0. 1. 1. 1. 0. 0. 1. 0. 0. 0.],500,100,0.3,0.0005,1,14,best,1,best
4,0.083096834950586,0.083096834950586,0.0029922818725,[0.        0.        0.        0.041687  0.1254229 0.        0.        0.        0.        0.        0.114451  0.        0.        0.        0.        0.        0.        0.055562  0.023184  0.013974  0.        0.        0.0816011 0.01226   0.070001  0.        0.        0.1603308 0.        0.        0.       ],[0. 0. 0. 1. 1. 0. 0. 0. 0. 0. 1. 0. 0. 0. 0. 0. 0. 1. 1. 1. 0. 0. 1. 1. 1. 0. 0. 1. 0. 0. 0.],500,100,0.3,0.0005,1,14,best,1,best
5,0.05857854751184529,0.05857854751184529,0.0025989894221000003,[0.        0.        0.        0.041687  0.1254229 0.        0.        0.        0.        0.        0.114451  0.        0.        0.        0.        0.        0.        0.055562  0.023184  0.013974  0.        0.        0.0816011 0.        0.070001  0.        0.        0.01226   0.        0.        0.       ],[0. 0. 0. 1. 1. 0. 0. 0. 0. 0. 1. 0. 0. 0. 0. 0. 0. 1. 1. 1. 0. 0. 1. 0. 1. 0. 0. 1. 0. 0. 0.],500,100,0.3,0.0005,1,14,best,1,best
6,0.05661300657011295,0.05661300657011295,0.0026784031571,[0.        0.        0.        0.0291809 0.137929  0.        0.        0.        0.        0.        0.114451  0.        0.        0.        0.        0.        0.        0.055562  0.023184  0.013974  0.        0.        0.0816011 0.        0.070001  0.        0.        0.01226   0.        0.        0.       ],[0. 0. 0. 1. 1. 0. 0. 0. 0. 0. 1. 0. 0. 0. 0. 0. 0. 1. 1. 1. 0. 0. 1. 0. 1. 0. 0. 1. 0. 0. 0.],500,100,0.3,0.0005,1,14,best,1,best
7,0.03612108575020475,0.03612108575020475,0.0024358535141,[0.        0.        0.        0.0291809 0.137929  0.        0.        0.        0.        0.        0.01226   0.        0.        0.        0.        0.        0.        0.055562  0.023184  0.013974  0.        0.        0.0816011 0.        0.070001  0.        0.        0.        0.        0.        0.       ],[0. 0. 0. 1. 1. 0. 0. 0. 0. 0. 1. 0. 0. 0. 0. 0. 0. 1. 1. 1. 0. 0. 1. 0. 1. 0. 0. 0. 0. 0. 0.],500,100,0.3,0.0005,1,14,best,1,best
8,0.029518345779616994,0.029518345779616994,0.0023001051866,[0.        0.        0.        0.013974  0.137929  0.        0.        0.        0.        0.        0.01226   0.        0.        0.        0.        0.        0.        0.055562  0.023184  0.        0.        0.        0.0816011 0.        0.070001  0.        0.        0.        0.        0.        0.       ],[0. 0. 0. 1. 1. 0. 0. 0. 0. 0. 1. 0. 0. 0. 0. 0. 0. 1. 1. 0. 0. 0. 1. 0. 1. 0. 0. 0. 0. 0. 0.],500,100,0.3,0.0005,1,14,best,1,best
9,0.014707149548616245,0.014707149548616245,0.0008902415016,[0.        0.        0.        0.        0.013974  0.        0.        0.        0.        0.        0.01226   0.        0.        0.        0.        0.        0.        0.055562  0.023184  0.        0.        0.        0.0816011 0.        0.070001  0.        0.        0.        0.        0.        0.       ],[0. 0. 0. 0. 1. 0. 0. 0. 0. 0. 1. 0. 0. 0. 0. 0. 0. 1. 1. 0. 0. 0. 1. 0. 1. 0. 0. 0. 0. 0. 0.],500,100,0.3,0.0005,1,14,best,1,best
10,0.012923001301760707,0.012923001301760707,0.0008459587115999999,[0.        0.        0.        0.        0.01226   0.        0.        0.        0.        0.        0.        0.        0.        0.        0.        0.        0.        0.055562  0.023184  0.        0.        0.        0.0816011 0.        0.070001  0.        0.        0.        0.        0.        0.       ],[0. 0. 0. 0. 1. 0. 0. 0. 0. 0. 0. 0. 0. 0. 0. 0. 0. 1. 1. 0. 0. 0. 1. 0. 1. 0. 0. 0. 0. 0. 0.],500,100,0.3,0.0005,1,14,best,1,best
11,0.00571142898396789,0.00571142898396789,0.0005574305216,[0.        0.        0.        0.        0.        0.        0.        0.        0.        0.        0.        0.        0.        0.        0.        0.        0.        0.055562  0.023184  0.        0.        0.        0.0816011 0.        0.01226   0.        0.        0.        0.        0.        0.       ],[0. 0. 0. 0. 0. 0. 0. 0. 0. 0. 0. 0. 0. 0. 0. 0. 0. 1. 1. 0. 0. 0. 1. 0. 1. 0. 0. 0. 0. 0. 0.],500,100,0.3,0.0005,1,14,best,1,best
12,0.0017421238795153565,0.0017421238795153565,0.0005074767376,[0.        0.        0.        0.        0.        0.        0.        0.        0.        0.        0.        0.        0.        0.        0.        0.        0.        0.01226   0.023184  0.        0.        0.        0.0816011 0.        0.        0.        0.        0.        0.        0.        0.       ],[0. 0. 0. 0. 0. 0. 0. 0. 0. 0. 0. 0. 0. 0. 0. 0. 0. 1. 1. 0. 0. 0. 1. 0. 0. 0. 0. 0. 0. 0. 0.],500,100,0.3,0.0005,1,14,best,1,best
13,0.0015106724863584308,0.0015106724863584308,0.0005030393200000001,[0.        0.        0.        0.        0.        0.        0.        0.        0.        0.        0.        0.        0.        0.        0.        0.        0.        0.01226   0.0162288 0.        0.        0.        0.0885563 0.        0.        0.        0.        0.        0.        0.        0.       ],[0. 0. 0. 0. 0. 0. 0. 0. 0. 0. 0. 0. 0. 0. 0. 0. 0. 1. 1. 0. 0. 0. 1. 0. 0. 0. 0. 0. 0. 0. 0.],500,100,0.3,0.0005,1,14,best,1,best
14,0.0012964540347411208,0.0012964540347411208,0.0005220334,[0.        0.        0.        0.        0.        0.        0.        0.        0.        0.        0.        0.        0.        0.        0.        0.        0.        0.        0.0162288 0.        0.        0.        0.0885563 0.        0.        0.        0.        0.        0.        0.        0.01     ],[0. 0. 0. 0. 0. 0. 0. 0. 0. 0. 0. 0. 0. 0. 0. 0. 0. 0. 1. 0. 0. 0. 1. 0. 0. 0. 0. 0. 0. 0. 1.],500,100,0.3,0.0005,1,14,best,1,best
15,0.0010473271012801206,0.0010473271012801206,0.0005461633999999999,[0.        0.        0.        0.        0.        0.        0.        0.        0.        0.        0.        0.        0.        0.        0.        0.        0.        0.        0.0162288 0.        0.        0.        0.0885563 0.        0.        0.01      0.        0.        0.        0.        0.       ],[0. 0. 0. 0. 0. 0. 0. 0. 0. 0. 0. 0. 0. 0. 0. 0. 0. 0. 1. 0. 0. 0. 1. 0. 0. 1. 0. 0. 0. 0. 0.],500,100,0.3,0.0005,1,14,best,1,best
16,0.0008543632539997235,0.0008543632539997235,0.0005430572076799999,[0.         0.         0.         0.         0.         0.         0.         0.         0.         0.         0.         0.         0.         0.         0.         0.         0.         0.         0.01136016 0.         0.         0.         0.09342494 0.         0.         0.01       0.         0.         0.         0.         0.        ],[0. 0. 0. 0. 0. 0. 0. 0. 0. 0. 0. 0. 0. 0. 0. 0. 0. 0. 1. 0. 0. 0. 1. 0. 0. 1. 0. 0. 0. 0. 0.],500,100,0.3,0.0005,1,14,best,1,best
17,0.0008059140016957998,0.0008059140016957998,0.00052780652064,[0.         0.         0.         0.         0.         0.         0.         0.         0.         0.         0.         0.         0.01       0.         0.         0.         0.         0.         0.         0.         0.         0.         0.09342494 0.         0.         0.01       0.         0.         0.         0.         0.        ],[0. 0. 0. 0. 0. 0. 0. 0. 0. 0. 0. 0. 1. 0. 0. 0. 0. 0. 0. 0. 0. 0. 1. 0. 0. 1. 0. 0. 0. 0. 0.],500,100,0.3,0.0005,1,14,best,1,best
18,0.0005701013568271999,0.0005701013568271999,0.00050629652064,[0.         0.         0.         0.         0.         0.         0.         0.         0.         0.         0.         0.         0.         0.         0.         0.         0.         0.         0.         0.         0.         0.         0.09342494 0.         0.         0.01       0.         0.01       0.         0.         0.        ],[0. 0. 0. 0. 0. 0. 0. 0. 0. 0. 0. 0. 0. 0. 0. 0. 0. 0. 0. 0. 0. 0. 1. 0. 0. 1. 0. 1. 0. 0. 0.],500,100,0.3,0.0005,1,14,best,1,best
19,0.0005701013568271999,0.0005701013568271999,0.00050629652064,[0.         0.         0.         0.         0.         0.         0.         0.         0.         0.         0.         0.         0.         0.         0.         0.         0.         0.         0.         0.         0.         0.         0.09342494 0.         0.         0.01       0.         0.01       0.         0.         0.        ],[0. 0. 0. 0. 0. 0. 0. 0. 0. 0. 0. 0. 0. 0. 0. 0. 0. 0. 0. 0. 0. 0. 1. 0. 0. 1. 0. 1. 0. 0. 0.],500,100,0.3,0.0005,1,14,best,1,best
20,0.0005701013568271999,0.0005701013568271999,0.00050629652064,[0.         0.         0.         0.         0.         0.         0.         0.         0.         0.         0.         0.         0.         0.         0.         0.         0.         0.         0.         0.         0.         0.         0.09342494 0.         0.         0.01       0.         0.01       0.         0.         0.        ],[0. 0. 0. 0. 0. 0. 0. 0. 0. 0. 0. 0. 0. 0. 0. 0. 0. 0. 0. 0. 0. 0. 1. 0. 0. 1. 0. 1. 0. 0. 0.],500,100,0.3,0.0005,1,14,best,1,best
21,0.0005701013568271999,0.0005701013568271999,0.00050629652064,[0.         0.         0.         0.         0.         0.         0.         0.         0.         0.         0.         0.         0.         0.         0.         0.         0.         0.         0.         0.         0.         0.         0.09342494 0.         0.         0.01       0.         0.01       0.         0.         0.        ],[0. 0. 0. 0. 0. 0. 0. 0. 0. 0. 0. 0. 0. 0. 0. 0. 0. 0. 0. 0. 0. 0. 1. 0. 0. 1. 0. 1. 0. 0. 0.],500,100,0.3,0.0005,1,14,best,1,best
22,0.0005701013568271999,0.0005701013568271999,0.00050629652064,[0.         0.         0.         0.         0.         0.         0.         0.         0.         0.         0.         0.         0.         0.         0.         0.         0.         0.         0.         0.         0.         0.         0.09342494 0.         0.         0.01       0.         0.01       0.         0.         0.        ],[0. 0. 0. 0. 0. 0. 0. 0. 0. 0. 0. 0. 0. 0. 0. 0. 0. 0. 0. 0. 0. 0. 1. 0. 0. 1. 0. 1. 0. 0. 0.],500,100,0.3,0.0005,1,14,best,1,best
23,0.0005701013568271999,0.0005701013568271999,0.00050629652064,[0.         0.         0.         0.         0.         0.         0.         0.         0.         0.         0.         0.         0.         0.         0.         0.         0.         0.         0.         0.         0.         0.         0.09342494 0.         0.         0.01       0.         0.01       0.         0.         0.        ],[0. 0. 0. 0. 0. 0. 0. 0. 0. 0. 0. 0. 0. 0. 0. 0. 0. 0. 0. 0. 0. 0. 1. 0. 0. 1. 0. 1. 0. 0. 0.],500,100,0.3,0.0005,1,14,best,1,best
24,0.0005701013568271999,0.0005701013568271999,0.00050629652064,[0.         0.         0.         0.         0.         0.         0.         0.         0.         0.         0.         0.         0.         0.         0.         0.         0.         0.         0.         0.         0.         0.         0.09342494 0.         0.         0.01       0.         0.01       0.         0.         0.        ],[0. 0. 0. 0. 0. 0. 0. 0. 0. 0. 0. 0. 0. 0. 0. 0. 0. 0. 0. 0. 0. 0. 1. 0. 0. 1. 0. 1. 0. 0. 0.],500,100,0.3,0.0005,1,14,best,1,best
25,0.0005701013568271999,0.0005701013568271999,0.00050629652064,[0.         0.         0.         0.         0.         0.         0.         0.         0.         0.         0.         0.         0.         0.         0.         0.         0.         0.         0.         0.         0.         0.         0.09342494 0.         0.         0.01       0.         0.01       0.         0.         0.        ],[0. 0. 0. 0. 0. 0. 0. 0. 0. 0. 0. 0. 0. 0. 0. 0. 0. 0. 0. 0. 0. 0. 1. 0. 0. 1. 0. 1. 0. 0. 0.],500,100,0.3,0.0005,1,14,best,1,best
26,0.0005701013568271999,0.0005701013568271999,0.00050629652064,[0.         0.         0.         0.         0.         0.         0.         0.         0.         0.         0.         0.         0.         0.         0.         0.         0.         0.         0.         0.         0.         0.         0.09342494 0.         0.         0.01       0.         0.01       0.         0.         0.        ],[0. 0. 0. 0. 0. 0. 0. 0. 0. 0. 0. 0. 0. 0. 0. 0. 0. 0. 0. 0. 0. 0. 1. 0. 0. 1. 0. 1. 0. 0. 0.],500,100,0.3,0.0005,1,14,best,1,best
27,0.0005701013568271999,0.0005701013568271999,0.00050629652064,[0.         0.         0.         0.         0.         0.         0.         0.         0.         0.         0.         0.         0.         0.         0.         0.         0.         0.         0.         0.         0.         0.         0.09342494 0.         0.         0.01       0.         0.01       0.         0.         0.        ],[0. 0. 0. 0. 0. 0. 0. 0. 0. 0. 0. 0. 0. 0. 0. 0. 0. 0. 0. 0. 0. 0. 1. 0. 0. 1. 0. 1. 0. 0. 0.],500,100,0.3,0.0005,1,14,best,1,best
28,0.0005701013568271999,0.0005701013568271999,0.00050629652064,[0.         0.         0.         0.         0.         0.         0.         0.         0.         0.         0.         0.         0.         0.         0.         0.         0.         0.         0.         0.         0.         0.         0.09342494 0.         0.         0.01       0.         0.01       0.         0.         0.        ],[0. 0. 0. 0. 0. 0. 0. 0. 0. 0. 0. 0. 0. 0. 0. 0. 0. 0. 0. 0. 0. 0. 1. 0. 0. 1. 0. 1. 0. 0. 0.],500,100,0.3,0.0005,1,14,best,1,best
29,0.0005701013568271999,0.0005701013568271999,0.00050629652064,[0.         0.         0.         0.         0.         0.         0.         0.         0.         0.         0.         0.         0.         0.         0.         0.         0.         0.         0.         0.         0.         0.         0.09342494 0.         0.         0.01       0.         0.01       0.         0.         0.        ],[0. 0. 0. 0. 0. 0. 0. 0. 0. 0. 0. 0. 0. 0. 0. 0. 0. 0. 0. 0. 0. 0. 1. 0. 0. 1. 0. 1. 0. 0. 0.],500,100,0.3,0.0005,1,14,best,1,best
30,0.0005701013568271999,0.0005701013568271999,0.00050629652064,[0.         0.         0.         0.         0.         0.         0.         0.         0.         0.         0.         0.         0.         0.         0.         0.         0.         0.         0.         0.         0.         0.         0.09342494 0.         0.         0.01       0.         0.01       0.         0.         0.        ],[0. 0. 0. 0. 0. 0. 0. 0. 0. 0. 0. 0. 0. 0. 0. 0. 0. 0. 0. 0. 0. 0. 1. 0. 0. 1. 0. 1. 0. 0. 0.],500,100,0.3,0.0005,1,14,best,1,best
31,0.0005701013568271999,0.0005701013568271999,0.00050629652064,[0.         0.         0.         0.         0.         0.         0.         0.         0.         0.         0.         0.         0.         0.         0.         0.         0.         0.         0.         0.         0.         0.         0.09342494 0.         0.         0.01       0.         0.01       0.         0.         0.        ],[0. 0. 0. 0. 0. 0. 0. 0. 0. 0. 0. 0. 0. 0. 0. 0. 0. 0. 0. 0. 0. 0. 1. 0. 0. 1. 0. 1. 0. 0. 0.],500,100,0.3,0.0005,1,14,best,1,best
32,0.0005701013568271999,0.0005701013568271999,0.00050629652064,[0.         0.         0.         0.         0.         0.         0.         0.         0.         0.         0.         0.         0.         0.         0.         0.         0.         0.         0.         0.         0.         0.         0.09342494 0.         0.         0.01       0.         0.01       0.         0.         0.        ],[0. 0. 0. 0. 0. 0. 0. 0. 0. 0. 0. 0. 0. 0. 0. 0. 0. 0. 0. 0. 0. 0. 1. 0. 0. 1. 0. 1. 0. 0. 0.],500,100,0.3,0.0005,1,14,best,1,best
33,0.0005701013568271999,0.0005701013568271999,0.00050629652064,[0.         0.         0.         0.         0.         0.         0.         0.         0.         0.         0.         0.         0.         0.         0.         0.         0.         0.         0.         0.         0.         0.         0.09342494 0.         0.         0.01       0.         0.01       0.         0.         0.        ],[0. 0. 0. 0. 0. 0. 0. 0. 0. 0. 0. 0. 0. 0. 0. 0. 0. 0. 0. 0. 0. 0. 1. 0. 0. 1. 0. 1. 0. 0. 0.],500,100,0.3,0.0005,1,14,best,1,best
34,0.0005701013568271999,0.0005701013568271999,0.00050629652064,[0.         0.         0.         0.         0.         0.         0.         0.         0.         0.         0.         0.         0.         0.         0.         0.         0.         0.         0.         0.         0.         0.         0.09342494 0.         0.         0.01       0.         0.01       0.         0.         0.        ],[0. 0. 0. 0. 0. 0. 0. 0. 0. 0. 0. 0. 0. 0. 0. 0. 0. 0. 0. 0. 0. 0. 1. 0. 0. 1. 0. 1. 0. 0. 0.],500,100,0.3,0.0005,1,14,best,1,best
35,0.0005701013568271999,0.0005701013568271999,0.00050629652064,[0.         0.         0.         0.         0.         0.         0.         0.         0.         0.         0.         0.         0.         0.         0.         0.         0.         0.         0.         0.         0.         0.         0.09342494 0.         0.         0.01       0.         0.01       0.         0.         0.        ],[0. 0. 0. 0. 0. 0. 0. 0. 0. 0. 0. 0. 0. 0. 0. 0. 0. 0. 0. 0. 0. 0. 1. 0. 0. 1. 0. 1. 0. 0. 0.],500,100,0.3,0.0005,1,14,best,1,best
36,0.0005701013568271999,0.0005701013568271999,0.00050629652064,[0.         0.         0.         0.         0.         0.         0.         0.         0.         0.         0.         0.         0.         0.         0.         0.         0.         0.         0.         0.         0.         0.         0.09342494 0.         0.         0.01       0.         0.01       0.         0.         0.        ],[0. 0. 0. 0. 0. 0. 0. 0. 0. 0. 0. 0. 0. 0. 0. 0. 0. 0. 0. 0. 0. 0. 1. 0. 0. 1. 0. 1. 0. 0. 0.],500,100,0.3,0.0005,1,14,best,1,best
37,0.0005701013568271999,0.0005701013568271999,0.00050629652064,[0.         0.         0.         0.         0.         0.         0.         0.         0.         0.         0.         0.         0.         0.         0.         0.         0.         0.         0.         0.         0.         0.         0.09342494 0.         0.         0.01       0.         0.01       0.         0.         0.        ],[0. 0. 0. 0. 0. 0. 0. 0. 0. 0. 0. 0. 0. 0. 0. 0. 0. 0. 0. 0. 0. 0. 1. 0. 0. 1. 0. 1. 0. 0. 0.],500,100,0.3,0.0005,1,14,best,1,best
38,0.0005701013568271999,0.0005701013568271999,0.00050629652064,[0.         0.         0.         0.         0.         0.         0.         0.         0.         0.         0.         0.         0.         0.         0.         0.         0.         0.         0.         0.         0.         0.         0.09342494 0.         0.         0.01       0.         0.01       0.         0.         0.        ],[0. 0. 0. 0. 0. 0. 0. 0. 0. 0. 0. 0. 0. 0. 0. 0. 0. 0. 0. 0. 0. 0. 1. 0. 0. 1. 0. 1. 0. 0. 0.],500,100,0.3,0.0005,1,14,best,1,best
39,0.0005701013568271999,0.0005701013568271999,0.00050629652064,[0.         0.         0.         0.         0.         0.         0.         0.         0.         0.         0.         0.         0.         0.         0.         0.         0.         0.         0.         0.         0.         0.         0.09342494 0.         0.         0.01       0.         0.01       0.         0.         0.        ],[0. 0. 0. 0. 0. 0. 0. 0. 0. 0. 0. 0. 0. 0. 0. 0. 0. 0. 0. 0. 0. 0. 1. 0. 0. 1. 0. 1. 0. 0. 0.],500,100,0.3,0.0005,1,14,best,1,best
40,0.0005701013568271999,0.0005701013568271999,0.00050629652064,[0.         0.         0.         0.         0.         0.         0.         0.         0.         0.         0.         0.         0.         0.         0.         0.         0.         0.         0.         0.         0.         0.         0.09342494 0.         0.         0.01       0.         0.01       0.         0.         0.        ],[0. 0. 0. 0. 0. 0. 0. 0. 0. 0. 0. 0. 0. 0. 0. 0. 0. 0. 0. 0. 0. 0. 1. 0. 0. 1. 0. 1. 0. 0. 0.],500,100,0.3,0.0005,1,14,best,1,best
41,0.0005701013568271999,0.0005701013568271999,0.00050629652064,[0.         0.         0.         0.         0.         0.         0.         0.         0.         0.         0.         0.         0.         0.         0.         0.         0.         0.         0.         0.         0.         0.         0.09342494 0.         0.         0.01       0.         0.01       0.         0.         0.        ],[0. 0. 0. 0. 0. 0. 0. 0. 0. 0. 0. 0. 0. 0. 0. 0. 0. 0. 0. 0. 0. 0. 1. 0. 0. 1. 0. 1. 0. 0. 0.],500,100,0.3,0.0005,1,14,best,1,best
42,0.0005701013568271999,0.0005701013568271999,0.00050629652064,[0.         0.         0.         0.         0.         0.         0.         0.         0.         0.         0.         0.         0.         0.         0.         0.         0.         0.         0.         0.         0.         0.         0.09342494 0.         0.         0.01       0.         0.01       0.         0.         0.        ],[0. 0. 0. 0. 0. 0. 0. 0. 0. 0. 0. 0. 0. 0. 0. 0. 0. 0. 0. 0. 0. 0. 1. 0. 0. 1. 0. 1. 0. 0. 0.],500,100,0.3,0.0005,1,14,best,1,best
43,0.0005701013568271999,0.0005701013568271999,0.00050629652064,[0.         0.         0.         0.         0.         0.         0.         0.         0.         0.         0.         0.         0.         0.         0.         0.         0.         0.         0.         0.         0.         0.         0.09342494 0.         0.         0.01       0.         0.01       0.         0.         0.        ],[0. 0. 0. 0. 0. 0. 0. 0. 0. 0. 0. 0. 0. 0. 0. 0. 0. 0. 0. 0. 0. 0. 1. 0. 0. 1. 0. 1. 0. 0. 0.],500,100,0.3,0.0005,1,14,best,1,best
44,0.0005701013568271999,0.0005701013568271999,0.00050629652064,[0.         0.         0.         0.         0.         0.         0.         0.         0.         0.         0.         0.         0.         0.         0.         0.         0.         0.         0.         0.         0.         0.         0.09342494 0.         0.         0.01       0.         0.01       0.         0.         0.        ],[0. 0. 0. 0. 0. 0. 0. 0. 0. 0. 0. 0. 0. 0. 0. 0. 0. 0. 0. 0. 0. 0. 1. 0. 0. 1. 0. 1. 0. 0. 0.],500,100,0.3,0.0005,1,14,best,1,best
45,0.0005701013568271999,0.0005701013568271999,0.00050629652064,[0.         0.         0.         0.         0.         0.         0.         0.         0.         0.         0.         0.         0.         0.         0.         0.         0.         0.         0.         0.         0.         0.         0.09342494 0.         0.         0.01       0.         0.01       0.         0.         0.        ],[0. 0. 0. 0. 0. 0. 0. 0. 0. 0. 0. 0. 0. 0. 0. 0. 0. 0. 0. 0. 0. 0. 1. 0. 0. 1. 0. 1. 0. 0. 0.],500,100,0.3,0.0005,1,14,best,1,best
46,0.0005701013568271999,0.0005701013568271999,0.00050629652064,[0.         0.         0.         0.         0.         0.         0.         0.         0.         0.         0.         0.         0.         0.         0.         0.         0.         0.         0.         0.         0.         0.         0.09342494 0.         0.         0.01       0.         0.01       0.         0.         0.        ],[0. 0. 0. 0. 0. 0. 0. 0. 0. 0. 0. 0. 0. 0. 0. 0. 0. 0. 0. 0. 0. 0. 1. 0. 0. 1. 0. 1. 0. 0. 0.],500,100,0.3,0.0005,1,14,best,1,best
47,0.0005701013568271999,0.0005701013568271999,0.00050629652064,[0.         0.         0.         0.         0.         0.         0.         0.         0.         0.         0.         0.         0.         0.         0.         0.         0.         0.         0.         0.         0.         0.         0.09342494 0.         0.         0.01       0.         0.01       0.         0.         0.        ],[0. 0. 0. 0. 0. 0. 0. 0. 0. 0. 0. 0. 0. 0. 0. 0. 0. 0. 0. 0. 0. 0. 1. 0. 0. 1. 0. 1. 0. 0. 0.],500,100,0.3,0.0005,1,14,best,1,best
48,0.0005701013568271999,0.0005701013568271999,0.00050629652064,[0.         0.         0.         0.         0.         0.         0.         0.         0.         0.         0.         0.         0.         0.         0.         0.         0.         0.         0.         0.         0.         0.         0.09342494 0.         0.         0.01       0.         0.01       0.         0.         0.        ],[0. 0. 0. 0. 0. 0. 0. 0. 0. 0. 0. 0. 0. 0. 0. 0. 0. 0. 0. 0. 0. 0. 1. 0. 0. 1. 0. 1. 0. 0. 0.],500,100,0.3,0.0005,1,14,best,1,best
49,0.0005701013568271999,0.0005701013568271999,0.00050629652064,[0.         0.         0.         0.         0.         0.         0.         0.         0.         0.         0.         0.         0.         0.         0.         0.         0.         0.         0.         0.         0.         0.         0.09342494 0.         0.         0.01       0.         0.01       0.         0.         0.        ],[0. 0. 0. 0. 0. 0. 0. 0. 0. 0. 0. 0. 0. 0. 0. 0. 0. 0. 0. 0. 0. 0. 1. 0. 0. 1. 0. 1. 0. 0. 0.],500,100,0.3,0.0005,1,14,best,1,best
50,0.0005701013568271999,0.0005701013568271999,0.00050629652064,[0.         0.         0.         0.         0.         0.         0.         0.         0.         0.         0.         0.         0.         0.         0.         0.         0.         0.         0.         0.         0.         0.         0.09342494 0.         0.         0.01       0.         0.01       0.         0.         0.        ],[0. 0. 0. 0. 0. 0. 0. 0. 0. 0. 0. 0. 0. 0. 0. 0. 0. 0. 0. 0. 0. 0. 1. 0. 0. 1. 0. 1. 0. 0. 0.],500,100,0.3,0.0005,1,14,best,1,best
51,0.0005701013568271999,0.0005701013568271999,0.00050629652064,[0.         0.         0.         0.         0.         0.         0.         0.         0.         0.         0.         0.         0.         0.         0.         0.         0.         0.         0.         0.         0.         0.         0.09342494 0.         0.         0.01       0.         0.01       0.         0.         0.        ],[0. 0. 0. 0. 0. 0. 0. 0. 0. 0. 0. 0. 0. 0. 0. 0. 0. 0. 0. 0. 0. 0. 1. 0. 0. 1. 0. 1. 0. 0. 0.],500,100,0.3,0.0005,1,14,best,1,best
52,0.0005701013568271999,0.0005701013568271999,0.00050629652064,[0.         0.         0.         0.         0.         0.         0.         0.         0.         0.         0.         0.         0.         0.         0.         0.         0.         0.         0.         0.         0.         0.         0.09342494 0.         0.         0.01       0.         0.01       0.         0.         0.        ],[0. 0. 0. 0. 0. 0. 0. 0. 0. 0. 0. 0. 0. 0. 0. 0. 0. 0. 0. 0. 0. 0. 1. 0. 0. 1. 0. 1. 0. 0. 0.],500,100,0.3,0.0005,1,14,best,1,best
53,0.0005701013568271999,0.0005701013568271999,0.00050629652064,[0.         0.         0.         0.         0.         0.         0.         0.         0.         0.         0.         0.         0.         0.         0.         0.         0.         0.         0.         0.         0.         0.         0.09342494 0.         0.         0.01       0.         0.01       0.         0.         0.        ],[0. 0. 0. 0. 0. 0. 0. 0. 0. 0. 0. 0. 0. 0. 0. 0. 0. 0. 0. 0. 0. 0. 1. 0. 0. 1. 0. 1. 0. 0. 0.],500,100,0.3,0.0005,1,14,best,1,best
54,0.0005701013568271999,0.0005701013568271999,0.00050629652064,[0.         0.         0.         0.         0.         0.         0.         0.         0.         0.         0.         0.         0.         0.         0.         0.         0.         0.         0.         0.         0.         0.         0.09342494 0.         0.         0.01       0.         0.01       0.         0.         0.        ],[0. 0. 0. 0. 0. 0. 0. 0. 0. 0. 0. 0. 0. 0. 0. 0. 0. 0. 0. 0. 0. 0. 1. 0. 0. 1. 0. 1. 0. 0. 0.],500,100,0.3,0.0005,1,14,best,1,best
55,0.0005701013568271999,0.0005701013568271999,0.00050629652064,[0.         0.         0.         0.         0.         0.         0.         0.         0.         0.         0.         0.         0.         0.         0.         0.         0.         0.         0.         0.         0.         0.         0.09342494 0.         0.         0.01       0.         0.01       0.         0.         0.        ],[0. 0. 0. 0. 0. 0. 0. 0. 0. 0. 0. 0. 0. 0. 0. 0. 0. 0. 0. 0. 0. 0. 1. 0. 0. 1. 0. 1. 0. 0. 0.],500,100,0.3,0.0005,1,14,best,1,best
56,0.0005701013568271999,0.0005701013568271999,0.00050629652064,[0.         0.         0.         0.         0.         0.         0.         0.         0.         0.         0.         0.         0.         0.         0.         0.         0.         0.         0.         0.         0.         0.         0.09342494 0.         0.         0.01       0.         0.01       0.         0.         0.        ],[0. 0. 0. 0. 0. 0. 0. 0. 0. 0. 0. 0. 0. 0. 0. 0. 0. 0. 0. 0. 0. 0. 1. 0. 0. 1. 0. 1. 0. 0. 0.],500,100,0.3,0.0005,1,14,best,1,best
57,0.0005701013568271999,0.0005701013568271999,0.00050629652064,[0.         0.         0.         0.         0.         0.         0.         0.         0.         0.         0.         0.         0.         0.         0.         0.         0.         0.         0.         0.         0.         0.         0.09342494 0.         0.         0.01       0.         0.01       0.         0.         0.        ],[0. 0. 0. 0. 0. 0. 0. 0. 0. 0. 0. 0. 0. 0. 0. 0. 0. 0. 0. 0. 0. 0. 1. 0. 0. 1. 0. 1. 0. 0. 0.],500,100,0.3,0.0005,1,14,best,1,best
58,0.0005701013568271999,0.0005701013568271999,0.00050629652064,[0.         0.         0.         0.         0.         0.         0.         0.         0.         0.         0.         0.         0.         0.         0.         0.         0.         0.         0.         0.         0.         0.         0.09342494 0.         0.         0.01       0.         0.01       0.         0.         0.        ],[0. 0. 0. 0. 0. 0. 0. 0. 0. 0. 0. 0. 0. 0. 0. 0. 0. 0. 0. 0. 0. 0. 1. 0. 0. 1. 0. 1. 0. 0. 0.],500,100,0.3,0.0005,1,14,best,1,best
59,0.0005701013568271999,0.0005701013568271999,0.00050629652064,[0.         0.         0.         0.         0.         0.         0.         0.         0.         0.         0.         0.         0.         0.         0.         0.         0.         0.         0.         0.         0.         0.         0.09342494 0.         0.         0.01       0.         0.01       0.         0.         0.        ],[0. 0. 0. 0. 0. 0. 0. 0. 0. 0. 0. 0. 0. 0. 0. 0. 0. 0. 0. 0. 0. 0. 1. 0. 0. 1. 0. 1. 0. 0. 0.],500,100,0.3,0.0005,1,14,best,1,best
60,0.0005701013568271999,0.0005701013568271999,0.00050629652064,[0.         0.         0.         0.         0.         0.         0.         0.         0.         0.         0.         0.         0.         0.         0.         0.         0.         0.         0.         0.         0.         0.         0.09342494 0.         0.         0.01       0.         0.01       0.         0.         0.        ],[0. 0. 0. 0. 0. 0. 0. 0. 0. 0. 0. 0. 0. 0. 0. 0. 0. 0. 0. 0. 0. 0. 1. 0. 0. 1. 0. 1. 0. 0. 0.],500,100,0.3,0.0005,1,14,best,1,best
61,0.0005701013568271999,0.0005701013568271999,0.00050629652064,[0.         0.         0.         0.         0.         0.         0.         0.         0.         0.         0.         0.         0.         0.         0.         0.         0.         0.         0.         0.         0.         0.         0.09342494 0.         0.         0.01       0.         0.01       0.         0.         0.        ],[0. 0. 0. 0. 0. 0. 0. 0. 0. 0. 0. 0. 0. 0. 0. 0. 0. 0. 0. 0. 0. 0. 1. 0. 0. 1. 0. 1. 0. 0. 0.],500,100,0.3,0.0005,1,14,best,1,best
62,0.0005701013568271999,0.0005701013568271999,0.00050629652064,[0.         0.         0.         0.         0.         0.         0.         0.         0.         0.         0.         0.         0.         0.         0.         0.         0.         0.         0.         0.         0.         0.         0.09342494 0.         0.         0.01       0.         0.01       0.         0.         0.        ],[0. 0. 0. 0. 0. 0. 0. 0. 0. 0. 0. 0. 0. 0. 0. 0. 0. 0. 0. 0. 0. 0. 1. 0. 0. 1. 0. 1. 0. 0. 0.],500,100,0.3,0.0005,1,14,best,1,best
63,0.0005701013568271999,0.0005701013568271999,0.00050629652064,[0.         0.         0.         0.         0.         0.         0.         0.         0.         0.         0.         0.         0.         0.         0.         0.         0.         0.         0.         0.         0.         0.         0.09342494 0.         0.         0.01       0.         0.01       0.         0.         0.        ],[0. 0. 0. 0. 0. 0. 0. 0. 0. 0. 0. 0. 0. 0. 0. 0. 0. 0. 0. 0. 0. 0. 1. 0. 0. 1. 0. 1. 0. 0. 0.],500,100,0.3,0.0005,1,14,best,1,best
64,0.0005701013568271999,0.0005701013568271999,0.00050629652064,[0.         0.         0.         0.         0.         0.         0.         0.         0.         0.         0.         0.         0.         0.         0.         0.         0.         0.         0.         0.         0.         0.         0.09342494 0.         0.         0.01       0.         0.01       0.         0.         0.        ],[0. 0. 0. 0. 0. 0. 0. 0. 0. 0. 0. 0. 0. 0. 0. 0. 0. 0. 0. 0. 0. 0. 1. 0. 0. 1. 0. 1. 0. 0. 0.],500,100,0.3,0.0005,1,14,best,1,best
65,0.0005701013568271999,0.0005701013568271999,0.00050629652064,[0.         0.         0.         0.         0.         0.         0.         0.         0.         0.         0.         0.         0.         0.         0.         0.         0.         0.         0.         0.         0.         0.         0.09342494 0.         0.         0.01       0.         0.01       0.         0.         0.        ],[0. 0. 0. 0. 0. 0. 0. 0. 0. 0. 0. 0. 0. 0. 0. 0. 0. 0. 0. 0. 0. 0. 1. 0. 0. 1. 0. 1. 0. 0. 0.],500,100,0.3,0.0005,1,14,best,1,best
66,0.0005701013568271999,0.0005701013568271999,0.00050629652064,[0.         0.         0.         0.         0.         0.         0.         0.         0.         0.         0.         0.         0.         0.         0.         0.         0.         0.         0.         0.         0.         0.         0.09342494 0.         0.         0.01       0.         0.01       0.         0.         0.        ],[0. 0. 0. 0. 0. 0. 0. 0. 0. 0. 0. 0. 0. 0. 0. 0. 0. 0. 0. 0. 0. 0. 1. 0. 0. 1. 0. 1. 0. 0. 0.],500,100,0.3,0.0005,1,14,best,1,best
67,0.0005701013568271999,0.0005701013568271999,0.00050629652064,[0.         0.         0.         0.         0.         0.         0.         0.         0.         0.         0.         0.         0.         0.         0.         0.         0.         0.         0.         0.         0.         0.         0.09342494 0.         0.         0.01       0.         0.01       0.         0.         0.        ],[0. 0. 0. 0. 0. 0. 0. 0. 0. 0. 0. 0. 0. 0. 0. 0. 0. 0. 0. 0. 0. 0. 1. 0. 0. 1. 0. 1. 0. 0. 0.],500,100,0.3,0.0005,1,14,best,1,best
68,0.0005701013568271999,0.0005701013568271999,0.00050629652064,[0.         0.         0.         0.         0.         0.         0.         0.         0.         0.         0.         0.         0.         0.         0.         0.         0.         0.         0.         0.         0.         0.         0.09342494 0.         0.         0.01       0.         0.01       0.         0.         0.        ],[0. 0. 0. 0. 0. 0. 0. 0. 0. 0. 0. 0. 0. 0. 0. 0. 0. 0. 0. 0. 0. 0. 1. 0. 0. 1. 0. 1. 0. 0. 0.],500,100,0.3,0.0005,1,14,best,1,best
69,0.0005701013568271999,0.0005701013568271999,0.00050629652064,[0.         0.         0.         0.         0.         0.         0.         0.         0.         0.         0.         0.         0.         0.         0.         0.         0.         0.         0.         0.         0.         0.         0.09342494 0.         0.         0.01       0.         0.01       0.         0.         0.        ],[0. 0. 0. 0. 0. 0. 0. 0. 0. 0. 0. 0. 0. 0. 0. 0. 0. 0. 0. 0. 0. 0. 1. 0. 0. 1. 0. 1. 0. 0. 0.],500,100,0.3,0.0005,1,14,best,1,best
70,0.0005701013568271999,0.0005701013568271999,0.00050629652064,[0.         0.         0.         0.         0.         0.         0.         0.         0.         0.         0.         0.         0.         0.         0.         0.         0.         0.         0.         0.         0.         0.         0.09342494 0.         0.         0.01       0.         0.01       0.         0.         0.        ],[0. 0. 0. 0. 0. 0. 0. 0. 0. 0. 0. 0. 0. 0. 0. 0. 0. 0. 0. 0. 0. 0. 1. 0. 0. 1. 0. 1. 0. 0. 0.],500,100,0.3,0.0005,1,14,best,1,best
71,0.0005701013568271999,0.0005701013568271999,0.00050629652064,[0.         0.         0.         0.         0.         0.         0.         0.         0.         0.         0.         0.         0.         0.         0.         0.         0.         0.         0.         0.         0.         0.         0.09342494 0.         0.         0.01       0.         0.01       0.         0.         0.        ],[0. 0. 0. 0. 0. 0. 0. 0. 0. 0. 0. 0. 0. 0. 0. 0. 0. 0. 0. 0. 0. 0. 1. 0. 0. 1. 0. 1. 0. 0. 0.],500,100,0.3,0.0005,1,14,best,1,best
72,0.0005701013568271999,0.0005701013568271999,0.00050629652064,[0.         0.         0.         0.         0.         0.         0.         0.         0.         0.         0.         0.         0.         0.         0.         0.         0.         0.         0.         0.         0.         0.         0.09342494 0.         0.         0.01       0.         0.01       0.         0.         0.        ],[0. 0. 0. 0. 0. 0. 0. 0. 0. 0. 0. 0. 0. 0. 0. 0. 0. 0. 0. 0. 0. 0. 1. 0. 0. 1. 0. 1. 0. 0. 0.],500,100,0.3,0.0005,1,14,best,1,best
73,0.0005701013568271999,0.0005701013568271999,0.00050629652064,[0.         0.         0.         0.         0.         0.         0.         0.         0.         0.         0.         0.         0.         0.         0.         0.         0.         0.         0.         0.         0.         0.         0.09342494 0.         0.         0.01       0.         0.01       0.         0.         0.        ],[0. 0. 0. 0. 0. 0. 0. 0. 0. 0. 0. 0. 0. 0. 0. 0. 0. 0. 0. 0. 0. 0. 1. 0. 0. 1. 0. 1. 0. 0. 0.],500,100,0.3,0.0005,1,14,best,1,best
74,0.0005701013568271999,0.0005701013568271999,0.00050629652064,[0.         0.         0.         0.         0.         0.         0.         0.         0.         0.         0.         0.         0.         0.         0.         0.         0.         0.         0.         0.         0.         0.         0.09342494 0.         0.         0.01       0.         0.01       0.         0.         0.        ],[0. 0. 0. 0. 0. 0. 0. 0. 0. 0. 0. 0. 0. 0. 0. 0. 0. 0. 0. 0. 0. 0. 1. 0. 0. 1. 0. 1. 0. 0. 0.],500,100,0.3,0.0005,1,14,best,1,best
75,0.0005701013568271999,0.0005701013568271999,0.00050629652064,[0.         0.         0.         0.         0.         0.         0.         0.         0.         0.         0.         0.         0.         0.         0.         0.         0.         0.         0.         0.         0.         0.         0.09342494 0.         0.         0.01       0.         0.01       0.         0.         0.        ],[0. 0. 0. 0. 0. 0. 0. 0. 0. 0. 0. 0. 0. 0. 0. 0. 0. 0. 0. 0. 0. 0. 1. 0. 0. 1. 0. 1. 0. 0. 0.],500,100,0.3,0.0005,1,14,best,1,best
76,0.0005701013568271999,0.0005701013568271999,0.00050629652064,[0.         0.         0.         0.         0.         0.         0.         0.         0.         0.         0.         0.         0.         0.         0.         0.         0.         0.         0.         0.         0.         0.         0.09342494 0.         0.         0.01       0.         0.01       0.         0.         0.        ],[0. 0. 0. 0. 0. 0. 0. 0. 0. 0. 0. 0. 0. 0. 0. 0. 0. 0. 0. 0. 0. 0. 1. 0. 0. 1. 0. 1. 0. 0. 0.],500,100,0.3,0.0005,1,14,best,1,best
77,0.0005701013568271999,0.0005701013568271999,0.00050629652064,[0.         0.         0.         0.         0.         0.         0.         0.         0.         0.         0.         0.         0.         0.         0.         0.         0.         0.         0.         0.         0.         0.         0.09342494 0.         0.         0.01       0.         0.01       0.         0.         0.        ],[0. 0. 0. 0. 0. 0. 0. 0. 0. 0. 0. 0. 0. 0. 0. 0. 0. 0. 0. 0. 0. 0. 1. 0. 0. 1. 0. 1. 0. 0. 0.],500,100,0.3,0.0005,1,14,best,1,best
78,0.0005701013568271999,0.0005701013568271999,0.00050629652064,[0.         0.         0.         0.         0.         0.         0.         0.         0.         0.         0.         0.         0.         0.         0.         0.         0.         0.         0.         0.         0.         0.         0.09342494 0.         0.         0.01       0.         0.01       0.         0.         0.        ],[0. 0. 0. 0. 0. 0. 0. 0. 0. 0. 0. 0. 0. 0. 0. 0. 0. 0. 0. 0. 0. 0. 1. 0. 0. 1. 0. 1. 0. 0. 0.],500,100,0.3,0.0005,1,14,best,1,best
79,0.0005701013568271999,0.0005701013568271999,0.00050629652064,[0.         0.         0.         0.         0.         0.         0.         0.         0.         0.         0.         0.         0.         0.         0.         0.         0.         0.         0.         0.         0.         0.         0.09342494 0.         0.         0.01       0.         0.01       0.         0.         0.        ],[0. 0. 0. 0. 0. 0. 0. 0. 0. 0. 0. 0. 0. 0. 0. 0. 0. 0. 0. 0. 0. 0. 1. 0. 0. 1. 0. 1. 0. 0. 0.],500,100,0.3,0.0005,1,14,best,1,best
80,0.0005701013568271999,0.0005701013568271999,0.00050629652064,[0.         0.         0.         0.         0.         0.         0.         0.         0.         0.         0.         0.         0.         0.         0.         0.         0.         0.         0.         0.         0.         0.         0.09342494 0.         0.         0.01       0.         0.01       0.         0.         0.        ],[0. 0. 0. 0. 0. 0. 0. 0. 0. 0. 0. 0. 0. 0. 0. 0. 0. 0. 0. 0. 0. 0. 1. 0. 0. 1. 0. 1. 0. 0. 0.],500,100,0.3,0.0005,1,14,best,1,best
81,0.0005701013568271999,0.0005701013568271999,0.00050629652064,[0.         0.         0.         0.         0.         0.         0.         0.         0.         0.         0.         0.         0.         0.         0.         0.         0.         0.         0.         0.         0.         0.         0.09342494 0.         0.         0.01       0.         0.01       0.         0.         0.        ],[0. 0. 0. 0. 0. 0. 0. 0. 0. 0. 0. 0. 0. 0. 0. 0. 0. 0. 0. 0. 0. 0. 1. 0. 0. 1. 0. 1. 0. 0. 0.],500,100,0.3,0.0005,1,14,best,1,best
82,0.0005701013568271999,0.0005701013568271999,0.00050629652064,[0.         0.         0.         0.         0.         0.         0.         0.         0.         0.         0.         0.         0.         0.         0.         0.         0.         0.         0.         0.         0.         0.         0.09342494 0.         0.         0.01       0.         0.01       0.         0.         0.        ],[0. 0. 0. 0. 0. 0. 0. 0. 0. 0. 0. 0. 0. 0. 0. 0. 0. 0. 0. 0. 0. 0. 1. 0. 0. 1. 0. 1. 0. 0. 0.],500,100,0.3,0.0005,1,14,best,1,best
83,0.0005701013568271999,0.0005701013568271999,0.00050629652064,[0.         0.         0.         0.         0.         0.         0.         0.         0.         0.         0.         0.         0.         0.         0.         0.         0.         0.         0.         0.         0.         0.         0.09342494 0.         0.         0.01       0.         0.01       0.         0.         0.        ],[0. 0. 0. 0. 0. 0. 0. 0. 0. 0. 0. 0. 0. 0. 0. 0. 0. 0. 0. 0. 0. 0. 1. 0. 0. 1. 0. 1. 0. 0. 0.],500,100,0.3,0.0005,1,14,best,1,best
84,0.0005701013568271999,0.0005701013568271999,0.00050629652064,[0.         0.         0.         0.         0.         0.         0.         0.         0.         0.         0.         0.         0.         0.         0.         0.         0.         0.         0.         0.         0.         0.         0.09342494 0.         0.         0.01       0.         0.01       0.         0.         0.        ],[0. 0. 0. 0. 0. 0. 0. 0. 0. 0. 0. 0. 0. 0. 0. 0. 0. 0. 0. 0. 0. 0. 1. 0. 0. 1. 0. 1. 0. 0. 0.],500,100,0.3,0.0005,1,14,best,1,best
85,0.0005701013568271999,0.0005701013568271999,0.00050629652064,[0.         0.         0.         0.         0.         0.         0.         0.         0.         0.         0.         0.         0.         0.         0.         0.         0.         0.         0.         0.         0.         0.         0.09342494 0.         0.         0.01       0.         0.01       0.         0.         0.        ],[0. 0. 0. 0. 0. 0. 0. 0. 0. 0. 0. 0. 0. 0. 0. 0. 0. 0. 0. 0. 0. 0. 1. 0. 0. 1. 0. 1. 0. 0. 0.],500,100,0.3,0.0005,1,14,best,1,best
86,0.0005701013568271999,0.0005701013568271999,0.00050629652064,[0.         0.         0.         0.         0.         0.         0.         0.         0.         0.         0.         0.         0.         0.         0.         0.         0.         0.         0.         0.         0.         0.         0.09342494 0.         0.         0.01       0.         0.01       0.         0.         0.        ],[0. 0. 0. 0. 0. 0. 0. 0. 0. 0. 0. 0. 0. 0. 0. 0. 0. 0. 0. 0. 0. 0. 1. 0. 0. 1. 0. 1. 0. 0. 0.],500,100,0.3,0.0005,1,14,best,1,best
87,0.0005701013568271999,0.0005701013568271999,0.00050629652064,[0.         0.         0.         0.         0.         0.         0.         0.         0.         0.         0.         0.         0.         0.         0.         0.         0.         0.         0.         0.         0.         0.         0.09342494 0.         0.         0.01       0.         0.01       0.         0.         0.        ],[0. 0. 0. 0. 0. 0. 0. 0. 0. 0. 0. 0. 0. 0. 0. 0. 0. 0. 0. 0. 0. 0. 1. 0. 0. 1. 0. 1. 0. 0. 0.],500,100,0.3,0.0005,1,14,best,1,best
88,0.0005701013568271999,0.0005701013568271999,0.00050629652064,[0.         0.         0.         0.         0.         0.         0.         0.         0.         0.         0.         0.         0.         0.         0.         0.         0.         0.         0.         0.         0.         0.         0.09342494 0.         0.         0.01       0.         0.01       0.         0.         0.        ],[0. 0. 0. 0. 0. 0. 0. 0. 0. 0. 0. 0. 0. 0. 0. 0. 0. 0. 0. 0. 0. 0. 1. 0. 0. 1. 0. 1. 0. 0. 0.],500,100,0.3,0.0005,1,14,best,1,best
89,0.0005701013568271999,0.0005701013568271999,0.00050629652064,[0.         0.         0.         0.         0.         0.         0.         0.         0.         0.         0.         0.         0.         0.         0.         0.         0.         0.         0.         0.         0.         0.         0.09342494 0.         0.         0.01       0.         0.01       0.         0.         0.        ],[0. 0. 0. 0. 0. 0. 0. 0. 0. 0. 0. 0. 0. 0. 0. 0. 0. 0. 0. 0. 0. 0. 1. 0. 0. 1. 0. 1. 0. 0. 0.],500,100,0.3,0.0005,1,14,best,1,best
90,0.0005701013568271999,0.0005701013568271999,0.00050629652064,[0.         0.         0.         0.         0.         0.         0.         0.         0.         0.         0.         0.         0.         0.         0.         0.         0.         0.         0.         0.         0.         0.         0.09342494 0.         0.         0.01       0.         0.01       0.         0.         0.        ],[0. 0. 0. 0. 0. 0. 0. 0. 0. 0. 0. 0. 0. 0. 0. 0. 0. 0. 0. 0. 0. 0. 1. 0. 0. 1. 0. 1. 0. 0. 0.],500,100,0.3,0.0005,1,14,best,1,best
91,0.0005701013568271999,0.0005701013568271999,0.00050629652064,[0.         0.         0.         0.         0.         0.         0.         0.         0.         0.         0.         0.         0.         0.         0.         0.         0.         0.         0.         0.         0.         0.         0.09342494 0.         0.         0.01       0.         0.01       0.         0.         0.        ],[0. 0. 0. 0. 0. 0. 0. 0. 0. 0. 0. 0. 0. 0. 0. 0. 0. 0. 0. 0. 0. 0. 1. 0. 0. 1. 0. 1. 0. 0. 0.],500,100,0.3,0.0005,1,14,best,1,best
92,0.0005701013568271999,0.0005701013568271999,0.00050629652064,[0.         0.         0.         0.         0.         0.         0.         0.         0.         0.         0.         0.         0.         0.         0.         0.         0.         0.         0.         0.         0.         0.         0.09342494 0.         0.         0.01       0.         0.01       0.         0.         0.        ],[0. 0. 0. 0. 0. 0. 0. 0. 0. 0. 0. 0. 0. 0. 0. 0. 0. 0. 0. 0. 0. 0. 1. 0. 0. 1. 0. 1. 0. 0. 0.],500,100,0.3,0.0005,1,14,best,1,best
93,0.0005701013568271999,0.0005701013568271999,0.00050629652064,[0.         0.         0.         0.         0.         0.         0.         0.         0.         0.         0.         0.         0.         0.         0.         0.         0.         0.         0.         0.         0.         0.         0.09342494 0.         0.         0.01       0.         0.01       0.         0.         0.        ],[0. 0. 0. 0. 0. 0. 0. 0. 0. 0. 0. 0. 0. 0. 0. 0. 0. 0. 0. 0. 0. 0. 1. 0. 0. 1. 0. 1. 0. 0. 0.],500,100,0.3,0.0005,1,14,best,1,best
94,0.0005701013568271999,0.0005701013568271999,0.00050629652064,[0.         0.         0.         0.         0.         0.         0.         0.         0.         0.         0.         0.         0.         0.         0.         0.         0.         0.         0.         0.         0.         0.         0.09342494 0.         0.         0.01       0.         0.01       0.         0.         0.        ],[0. 0. 0. 0. 0. 0. 0. 0. 0. 0. 0. 0. 0. 0. 0. 0. 0. 0. 0. 0. 0. 0. 1. 0. 0. 1. 0. 1. 0. 0. 0.],500,100,0.3,0.0005,1,14,best,1,best
95,0.0005701013568271999,0.0005701013568271999,0.00050629652064,[0.         0.         0.         0.         0.         0.         0.         0.         0.         0.         0.         0.         0.         0.         0.         0.         0.         0.         0.         0.         0.         0.         0.09342494 0.         0.         0.01       0.         0.01       0.         0.         0.        ],[0. 0. 0. 0. 0. 0. 0. 0. 0. 0. 0. 0. 0. 0. 0. 0. 0. 0. 0. 0. 0. 0. 1. 0. 0. 1. 0. 1. 0. 0. 0.],500,100,0.3,0.0005,1,14,best,1,best
96,0.0005701013568271999,0.0005701013568271999,0.00050629652064,[0.         0.         0.         0.         0.         0.         0.         0.         0.         0.         0.         0.         0.         0.         0.         0.         0.         0.         0.         0.         0.         0.         0.09342494 0.         0.         0.01       0.         0.01       0.         0.         0.        ],[0. 0. 0. 0. 0. 0. 0. 0. 0. 0. 0. 0. 0. 0. 0. 0. 0. 0. 0. 0. 0. 0. 1. 0. 0. 1. 0. 1. 0. 0. 0.],500,100,0.3,0.0005,1,14,best,1,best
97,0.0005701013568271999,0.0005701013568271999,0.00050629652064,[0.         0.         0.         0.         0.         0.         0.         0.         0.         0.         0.         0.         0.         0.         0.         0.         0.         0.         0.         0.         0.         0.         0.09342494 0.         0.         0.01       0.         0.01       0.         0.         0.        ],[0. 0. 0. 0. 0. 0. 0. 0. 0. 0. 0. 0. 0. 0. 0. 0. 0. 0. 0. 0. 0. 0. 1. 0. 0. 1. 0. 1. 0. 0. 0.],500,100,0.3,0.0005,1,14,best,1,best
98,0.0005701013568271999,0.0005701013568271999,0.00050629652064,[0.         0.         0.         0.         0.         0.         0.         0.         0.         0.         0.         0.         0.         0.         0.         0.         0.         0.         0.         0.         0.         0.         0.09342494 0.         0.         0.01       0.         0.01       0.         0.         0.        ],[0. 0. 0. 0. 0. 0. 0. 0. 0. 0. 0. 0. 0. 0. 0. 0. 0. 0. 0. 0. 0. 0. 1. 0. 0. 1. 0. 1. 0. 0. 0.],500,100,0.3,0.0005,1,14,best,1,best
99,0.0005701013568271999,0.0005701013568271999,0.00050629652064,[0.         0.         0.         0.         0.         0.         0.         0.         0.         0.         0.         0.         0.         0.         0.         0.         0.         0.         0.         0.         0.         0.         0.09342494 0.         0.         0.01       0.         0.01       0.         0.         0.        ],[0. 0. 0. 0. 0. 0. 0. 0. 0. 0. 0. 0. 0. 0. 0. 0. 0. 0. 0. 0. 0. 0. 1. 0. 0. 1. 0. 1. 0. 0. 0.],500,100,0.3,0.0005,1,14,best,1,best
100,0.0005701013568271999,0.0005701013568271999,0.00050629652064,[0.         0.         0.         0.         0.         0.         0.         0.         0.         0.         0.         0.         0.         0.         0.         0.         0.         0.         0.         0.         0.         0.         0.09342494 0.         0.         0.01       0.         0.01       0.         0.         0.        ],[0. 0. 0. 0. 0. 0. 0. 0. 0. 0. 0. 0. 0. 0. 0. 0. 0. 0. 0. 0. 0. 0. 1. 0. 0. 1. 0. 1. 0. 0. 0.],500,100,0.3,0.0005,1,14,best,1,best
101,0.0005701013568271999,0.0005701013568271999,0.00050629652064,[0.         0.         0.         0.         0.         0.         0.         0.         0.         0.         0.         0.         0.         0.         0.         0.         0.         0.         0.         0.         0.         0.         0.09342494 0.         0.         0.01       0.         0.01       0.         0.         0.        ],[0. 0. 0. 0. 0. 0. 0. 0. 0. 0. 0. 0. 0. 0. 0. 0. 0. 0. 0. 0. 0. 0. 1. 0. 0. 1. 0. 1. 0. 0. 0.],500,100,0.3,0.0005,1,14,best,1,best
102,0.0005701013568271999,0.0005701013568271999,0.00050629652064,[0.         0.         0.         0.         0.         0.         0.         0.         0.         0.         0.         0.         0.         0.         0.         0.         0.         0.         0.         0.         0.         0.         0.09342494 0.         0.         0.01       0.         0.01       0.         0.         0.        ],[0. 0. 0. 0. 0. 0. 0. 0. 0. 0. 0. 0. 0. 0. 0. 0. 0. 0. 0. 0. 0. 0. 1. 0. 0. 1. 0. 1. 0. 0. 0.],500,100,0.3,0.0005,1,14,best,1,best
103,0.0005701013568271999,0.0005701013568271999,0.00050629652064,[0.         0.         0.         0.         0.         0.         0.         0.         0.         0.         0.         0.         0.         0.         0.         0.         0.         0.         0.         0.         0.         0.         0.09342494 0.         0.         0.01       0.         0.01       0.         0.         0.        ],[0. 0. 0. 0. 0. 0. 0. 0. 0. 0. 0. 0. 0. 0. 0. 0. 0. 0. 0. 0. 0. 0. 1. 0. 0. 1. 0. 1. 0. 0. 0.],500,100,0.3,0.0005,1,14,best,1,best
104,0.0005701013568271999,0.0005701013568271999,0.00050629652064,[0.         0.         0.         0.         0.         0.         0.         0.         0.         0.         0.         0.         0.         0.         0.         0.         0.         0.         0.         0.         0.         0.         0.09342494 0.         0.         0.01       0.         0.01       0.         0.         0.        ],[0. 0. 0. 0. 0. 0. 0. 0. 0. 0. 0. 0. 0. 0. 0. 0. 0. 0. 0. 0. 0. 0. 1. 0. 0. 1. 0. 1. 0. 0. 0.],500,100,0.3,0.0005,1,14,best,1,best
105,0.0005701013568271999,0.0005701013568271999,0.00050629652064,[0.         0.         0.         0.         0.         0.         0.         0.         0.         0.         0.         0.         0.         0.         0.         0.         0.         0.         0.         0.         0.         0.         0.09342494 0.         0.         0.01       0.         0.01       0.         0.         0.        ],[0. 0. 0. 0. 0. 0. 0. 0. 0. 0. 0. 0. 0. 0. 0. 0. 0. 0. 0. 0. 0. 0. 1. 0. 0. 1. 0. 1. 0. 0. 0.],500,100,0.3,0.0005,1,14,best,1,best
106,0.0005701013568271999,0.0005701013568271999,0.00050629652064,[0.         0.         0.         0.         0.         0.         0.         0.         0.         0.         0.         0.         0.         0.         0.         0.         0.         0.         0.         0.         0.         0.         0.09342494 0.         0.         0.01       0.         0.01       0.         0.         0.        ],[0. 0. 0. 0. 0. 0. 0. 0. 0. 0. 0. 0. 0. 0. 0. 0. 0. 0. 0. 0. 0. 0. 1. 0. 0. 1. 0. 1. 0. 0. 0.],500,100,0.3,0.0005,1,14,best,1,best
107,0.0005701013568271999,0.0005701013568271999,0.00050629652064,[0.         0.         0.         0.         0.         0.         0.         0.         0.         0.         0.         0.         0.         0.         0.         0.         0.         0.         0.         0.         0.         0.         0.09342494 0.         0.         0.01       0.         0.01       0.         0.         0.        ],[0. 0. 0. 0. 0. 0. 0. 0. 0. 0. 0. 0. 0. 0. 0. 0. 0. 0. 0. 0. 0. 0. 1. 0. 0. 1. 0. 1. 0. 0. 0.],500,100,0.3,0.0005,1,14,best,1,best
108,0.0005701013568271999,0.0005701013568271999,0.00050629652064,[0.         0.         0.         0.         0.         0.         0.         0.         0.         0.         0.         0.         0.         0.         0.         0.         0.         0.         0.         0.         0.         0.         0.09342494 0.         0.         0.01       0.         0.01       0.         0.         0.        ],[0. 0. 0. 0. 0. 0. 0. 0. 0. 0. 0. 0. 0. 0. 0. 0. 0. 0. 0. 0. 0. 0. 1. 0. 0. 1. 0. 1. 0. 0. 0.],500,100,0.3,0.0005,1,14,best,1,best
109,0.0005701013568271999,0.0005701013568271999,0.00050629652064,[0.         0.         0.         0.         0.         0.         0.         0.         0.         0.         0.         0.         0.         0.         0.         0.         0.         0.         0.         0.         0.         0.         0.09342494 0.         0.         0.01       0.         0.01       0.         0.         0.        ],[0. 0. 0. 0. 0. 0. 0. 0. 0. 0. 0. 0. 0. 0. 0. 0. 0. 0. 0. 0. 0. 0. 1. 0. 0. 1. 0. 1. 0. 0. 0.],500,100,0.3,0.0005,1,14,best,1,best
110,0.0005701013568271999,0.0005701013568271999,0.00050629652064,[0.         0.         0.         0.         0.         0.         0.         0.         0.         0.         0.         0.         0.         0.         0.         0.         0.         0.         0.         0.         0.         0.         0.09342494 0.         0.         0.01       0.         0.01       0.         0.         0.        ],[0. 0. 0. 0. 0. 0. 0. 0. 0. 0. 0. 0. 0. 0. 0. 0. 0. 0. 0. 0. 0. 0. 1. 0. 0. 1. 0. 1. 0. 0. 0.],500,100,0.3,0.0005,1,14,best,1,best
111,0.0005701013568271999,0.0005701013568271999,0.00050629652064,[0.         0.         0.         0.         0.         0.         0.         0.         0.         0.         0.         0.         0.         0.         0.         0.         0.         0.         0.         0.         0.         0.         0.09342494 0.         0.         0.01       0.         0.01       0.         0.         0.        ],[0. 0. 0. 0. 0. 0. 0. 0. 0. 0. 0. 0. 0. 0. 0. 0. 0. 0. 0. 0. 0. 0. 1. 0. 0. 1. 0. 1. 0. 0. 0.],500,100,0.3,0.0005,1,14,best,1,best
112,0.0005701013568271999,0.0005701013568271999,0.00050629652064,[0.         0.         0.         0.         0.         0.         0.         0.         0.         0.         0.         0.         0.         0.         0.         0.         0.         0.         0.         0.         0.         0.         0.09342494 0.         0.         0.01       0.         0.01       0.         0.         0.        ],[0. 0. 0. 0. 0. 0. 0. 0. 0. 0. 0. 0. 0. 0. 0. 0. 0. 0. 0. 0. 0. 0. 1. 0. 0. 1. 0. 1. 0. 0. 0.],500,100,0.3,0.0005,1,14,best,1,best
113,0.0005701013568271999,0.0005701013568271999,0.00050629652064,[0.         0.         0.         0.         0.         0.         0.         0.         0.         0.         0.         0.         0.         0.         0.         0.         0.         0.         0.         0.         0.         0.         0.09342494 0.         0.         0.01       0.         0.01       0.         0.         0.        ],[0. 0. 0. 0. 0. 0. 0. 0. 0. 0. 0. 0. 0. 0. 0. 0. 0. 0. 0. 0. 0. 0. 1. 0. 0. 1. 0. 1. 0. 0. 0.],500,100,0.3,0.0005,1,14,best,1,best
114,0.0005701013568271999,0.0005701013568271999,0.00050629652064,[0.         0.         0.         0.         0.         0.         0.         0.         0.         0.         0.         0.         0.         0.         0.         0.         0.         0.         0.         0.         0.         0.         0.09342494 0.         0.         0.01       0.         0.01       0.         0.         0.        ],[0. 0. 0. 0. 0. 0. 0. 0. 0. 0. 0. 0. 0. 0. 0. 0. 0. 0. 0. 0. 0. 0. 1. 0. 0. 1. 0. 1. 0. 0. 0.],500,100,0.3,0.0005,1,14,best,1,best
115,0.0005701013568271999,0.0005701013568271999,0.00050629652064,[0.         0.         0.         0.         0.         0.         0.         0.         0.         0.         0.         0.         0.         0.         0.         0.         0.         0.         0.         0.         0.         0.         0.09342494 0.         0.         0.01       0.         0.01       0.         0.         0.        ],[0. 0. 0. 0. 0. 0. 0. 0. 0. 0. 0. 0. 0. 0. 0. 0. 0. 0. 0. 0. 0. 0. 1. 0. 0. 1. 0. 1. 0. 0. 0.],500,100,0.3,0.0005,1,14,best,1,best
116,0.0005701013568271999,0.0005701013568271999,0.00050629652064,[0.         0.         0.         0.         0.         0.         0.         0.         0.         0.         0.         0.         0.         0.         0.         0.         0.         0.         0.         0.         0.         0.         0.09342494 0.         0.         0.01       0.         0.01       0.         0.         0.        ],[0. 0. 0. 0. 0. 0. 0. 0. 0. 0. 0. 0. 0. 0. 0. 0. 0. 0. 0. 0. 0. 0. 1. 0. 0. 1. 0. 1. 0. 0. 0.],500,100,0.3,0.0005,1,14,best,1,best
117,0.0005701013568271999,0.0005701013568271999,0.00050629652064,[0.         0.         0.         0.         0.         0.         0.         0.         0.         0.         0.         0.         0.         0.         0.         0.         0.         0.         0.         0.         0.         0.         0.09342494 0.         0.         0.01       0.         0.01       0.         0.         0.        ],[0. 0. 0. 0. 0. 0. 0. 0. 0. 0. 0. 0. 0. 0. 0. 0. 0. 0. 0. 0. 0. 0. 1. 0. 0. 1. 0. 1. 0. 0. 0.],500,100,0.3,0.0005,1,14,best,1,best
118,0.0005701013568271999,0.0005701013568271999,0.00050629652064,[0.         0.         0.         0.         0.         0.         0.         0.         0.         0.         0.         0.         0.         0.         0.         0.         0.         0.         0.         0.         0.         0.         0.09342494 0.         0.         0.01       0.         0.01       0.         0.         0.        ],[0. 0. 0. 0. 0. 0. 0. 0. 0. 0. 0. 0. 0. 0. 0. 0. 0. 0. 0. 0. 0. 0. 1. 0. 0. 1. 0. 1. 0. 0. 0.],500,100,0.3,0.0005,1,14,best,1,best
119,0.0005701013568271999,0.0005701013568271999,0.00050629652064,[0.         0.         0.         0.         0.         0.         0.         0.         0.         0.         0.         0.         0.         0.         0.         0.         0.         0.         0.         0.         0.         0.         0.09342494 0.         0.         0.01       0.         0.01       0.         0.         0.        ],[0. 0. 0. 0. 0. 0. 0. 0. 0. 0. 0. 0. 0. 0. 0. 0. 0. 0. 0. 0. 0. 0. 1. 0. 0. 1. 0. 1. 0. 0. 0.],500,100,0.3,0.0005,1,14,best,1,best
120,0.0005701013568271999,0.0005701013568271999,0.00050629652064,[0.         0.         0.         0.         0.         0.         0.         0.         0.         0.         0.         0.         0.         0.         0.         0.         0.         0.         0.         0.         0.         0.         0.09342494 0.         0.         0.01       0.         0.01       0.         0.         0.        ],[0. 0. 0. 0. 0. 0. 0. 0. 0. 0. 0. 0. 0. 0. 0. 0. 0. 0. 0. 0. 0. 0. 1. 0. 0. 1. 0. 1. 0. 0. 0.],500,100,0.3,0.0005,1,14,best,1,best
121,0.0005701013568271999,0.0005701013568271999,0.00050629652064,[0.         0.         0.         0.         0.         0.         0.         0.         0.         0.         0.         0.         0.         0.         0.         0.         0.         0.         0.         0.         0.         0.         0.09342494 0.         0.         0.01       0.         0.01       0.         0.         0.        ],[0. 0. 0. 0. 0. 0. 0. 0. 0. 0. 0. 0. 0. 0. 0. 0. 0. 0. 0. 0. 0. 0. 1. 0. 0. 1. 0. 1. 0. 0. 0.],500,100,0.3,0.0005,1,14,best,1,best
122,0.0005701013568271999,0.0005701013568271999,0.00050629652064,[0.         0.         0.         0.         0.         0.         0.         0.         0.         0.         0.         0.         0.         0.         0.         0.         0.         0.         0.         0.         0.         0.         0.09342494 0.         0.         0.01       0.         0.01       0.         0.         0.        ],[0. 0. 0. 0. 0. 0. 0. 0. 0. 0. 0. 0. 0. 0. 0. 0. 0. 0. 0. 0. 0. 0. 1. 0. 0. 1. 0. 1. 0. 0. 0.],500,100,0.3,0.0005,1,14,best,1,best
123,0.0005701013568271999,0.0005701013568271999,0.00050629652064,[0.         0.         0.         0.         0.         0.         0.         0.         0.         0.         0.         0.         0.         0.         0.         0.         0.         0.         0.         0.         0.         0.         0.09342494 0.         0.         0.01       0.         0.01       0.         0.         0.        ],[0. 0. 0. 0. 0. 0. 0. 0. 0. 0. 0. 0. 0. 0. 0. 0. 0. 0. 0. 0. 0. 0. 1. 0. 0. 1. 0. 1. 0. 0. 0.],500,100,0.3,0.0005,1,14,best,1,best
124,0.0005701013568271999,0.0005701013568271999,0.00050629652064,[0.         0.         0.         0.         0.         0.         0.         0.         0.         0.         0.         0.         0.         0.         0.         0.         0.         0.         0.         0.         0.         0.         0.09342494 0.         0.         0.01       0.         0.01       0.         0.         0.        ],[0. 0. 0. 0. 0. 0. 0. 0. 0. 0. 0. 0. 0. 0. 0. 0. 0. 0. 0. 0. 0. 0. 1. 0. 0. 1. 0. 1. 0. 0. 0.],500,100,0.3,0.0005,1,14,best,1,best
125,0.0005701013568271999,0.0005701013568271999,0.00050629652064,[0.         0.         0.         0.         0.         0.         0.         0.         0.         0.         0.         0.         0.         0.         0.         0.         0.         0.         0.         0.         0.         0.         0.09342494 0.         0.         0.01       0.         0.01       0.         0.         0.        ],[0. 0. 0. 0. 0. 0. 0. 0. 0. 0. 0. 0. 0. 0. 0. 0. 0. 0. 0. 0. 0. 0. 1. 0. 0. 1. 0. 1. 0. 0. 0.],500,100,0.3,0.0005,1,14,best,1,best
126,0.0005701013568271999,0.0005701013568271999,0.00050629652064,[0.         0.         0.         0.         0.         0.         0.         0.         0.         0.         0.         0.         0.         0.         0.         0.         0.         0.         0.         0.         0.         0.         0.09342494 0.         0.         0.01       0.         0.01       0.         0.         0.        ],[0. 0. 0. 0. 0. 0. 0. 0. 0. 0. 0. 0. 0. 0. 0. 0. 0. 0. 0. 0. 0. 0. 1. 0. 0. 1. 0. 1. 0. 0. 0.],500,100,0.3,0.0005,1,14,best,1,best
127,0.0005701013568271999,0.0005701013568271999,0.00050629652064,[0.         0.         0.         0.         0.         0.         0.         0.         0.         0.         0.         0.         0.         0.         0.         0.         0.         0.         0.         0.         0.         0.         0.09342494 0.         0.         0.01       0.         0.01       0.         0.         0.        ],[0. 0. 0. 0. 0. 0. 0. 0. 0. 0. 0. 0. 0. 0. 0. 0. 0. 0. 0. 0. 0. 0. 1. 0. 0. 1. 0. 1. 0. 0. 0.],500,100,0.3,0.0005,1,14,best,1,best
128,0.0005701013568271999,0.0005701013568271999,0.00050629652064,[0.         0.         0.         0.         0.         0.         0.         0.         0.         0.         0.         0.         0.         0.         0.         0.         0.         0.         0.         0.         0.         0.         0.09342494 0.         0.         0.01       0.         0.01       0.         0.         0.        ],[0. 0. 0. 0. 0. 0. 0. 0. 0. 0. 0. 0. 0. 0. 0. 0. 0. 0. 0. 0. 0. 0. 1. 0. 0. 1. 0. 1. 0. 0. 0.],500,100,0.3,0.0005,1,14,best,1,best
129,0.0005701013568271999,0.0005701013568271999,0.00050629652064,[0.         0.         0.         0.         0.         0.         0.         0.         0.         0.         0.         0.         0.         0.         0.         0.         0.         0.         0.         0.         0.         0.         0.09342494 0.         0.         0.01       0.         0.01       0.         0.         0.        ],[0. 0. 0. 0. 0. 0. 0. 0. 0. 0. 0. 0. 0. 0. 0. 0. 0. 0. 0. 0. 0. 0. 1. 0. 0. 1. 0. 1. 0. 0. 0.],500,100,0.3,0.0005,1,14,best,1,best
130,0.0005701013568271999,0.0005701013568271999,0.00050629652064,[0.         0.         0.         0.         0.         0.         0.         0.         0.         0.         0.         0.         0.         0.         0.         0.         0.         0.         0.         0.         0.         0.         0.09342494 0.         0.         0.01       0.         0.01       0.         0.         0.        ],[0. 0. 0. 0. 0. 0. 0. 0. 0. 0. 0. 0. 0. 0. 0. 0. 0. 0. 0. 0. 0. 0. 1. 0. 0. 1. 0. 1. 0. 0. 0.],500,100,0.3,0.0005,1,14,best,1,best
131,0.0005701013568271999,0.0005701013568271999,0.00050629652064,[0.         0.         0.         0.         0.         0.         0.         0.         0.         0.         0.         0.         0.         0.         0.         0.         0.         0.         0.         0.         0.         0.         0.09342494 0.         0.         0.01       0.         0.01       0.         0.         0.        ],[0. 0. 0. 0. 0. 0. 0. 0. 0. 0. 0. 0. 0. 0. 0. 0. 0. 0. 0. 0. 0. 0. 1. 0. 0. 1. 0. 1. 0. 0. 0.],500,100,0.3,0.0005,1,14,best,1,best
132,0.0005701013568271999,0.0005701013568271999,0.00050629652064,[0.         0.         0.         0.         0.         0.         0.         0.         0.         0.         0.         0.         0.         0.         0.         0.         0.         0.         0.         0.         0.         0.         0.09342494 0.         0.         0.01       0.         0.01       0.         0.         0.        ],[0. 0. 0. 0. 0. 0. 0. 0. 0. 0. 0. 0. 0. 0. 0. 0. 0. 0. 0. 0. 0. 0. 1. 0. 0. 1. 0. 1. 0. 0. 0.],500,100,0.3,0.0005,1,14,best,1,best
133,0.0005701013568271999,0.0005701013568271999,0.00050629652064,[0.         0.         0.         0.         0.         0.         0.         0.         0.         0.         0.         0.         0.         0.         0.         0.         0.         0.         0.         0.         0.         0.         0.09342494 0.         0.         0.01       0.         0.01       0.         0.         0.        ],[0. 0. 0. 0. 0. 0. 0. 0. 0. 0. 0. 0. 0. 0. 0. 0. 0. 0. 0. 0. 0. 0. 1. 0. 0. 1. 0. 1. 0. 0. 0.],500,100,0.3,0.0005,1,14,best,1,best
134,0.0005701013568271999,0.0005701013568271999,0.00050629652064,[0.         0.         0.         0.         0.         0.         0.         0.         0.         0.         0.         0.         0.         0.         0.         0.         0.         0.         0.         0.         0.         0.         0.09342494 0.         0.         0.01       0.         0.01       0.         0.         0.        ],[0. 0. 0. 0. 0. 0. 0. 0. 0. 0. 0. 0. 0. 0. 0. 0. 0. 0. 0. 0. 0. 0. 1. 0. 0. 1. 0. 1. 0. 0. 0.],500,100,0.3,0.0005,1,14,best,1,best
135,0.0005701013568271999,0.0005701013568271999,0.00050629652064,[0.         0.         0.         0.         0.         0.         0.         0.         0.         0.         0.         0.         0.         0.         0.         0.         0.         0.         0.         0.         0.         0.         0.09342494 0.         0.         0.01       0.         0.01       0.         0.         0.        ],[0. 0. 0. 0. 0. 0. 0. 0. 0. 0. 0. 0. 0. 0. 0. 0. 0. 0. 0. 0. 0. 0. 1. 0. 0. 1. 0. 1. 0. 0. 0.],500,100,0.3,0.0005,1,14,best,1,best
136,0.0005701013568271999,0.0005701013568271999,0.00050629652064,[0.         0.         0.         0.         0.         0.         0.         0.         0.         0.         0.         0.         0.         0.         0.         0.         0.         0.         0.         0.         0.         0.         0.09342494 0.         0.         0.01       0.         0.01       0.         0.         0.        ],[0. 0. 0. 0. 0. 0. 0. 0. 0. 0. 0. 0. 0. 0. 0. 0. 0. 0. 0. 0. 0. 0. 1. 0. 0. 1. 0. 1. 0. 0. 0.],500,100,0.3,0.0005,1,14,best,1,best
137,0.0005701013568271999,0.0005701013568271999,0.00050629652064,[0.         0.         0.         0.         0.         0.         0.         0.         0.         0.         0.         0.         0.         0.         0.         0.         0.         0.         0.         0.         0.         0.         0.09342494 0.         0.         0.01       0.         0.01       0.         0.         0.        ],[0. 0. 0. 0. 0. 0. 0. 0. 0. 0. 0. 0. 0. 0. 0. 0. 0. 0. 0. 0. 0. 0. 1. 0. 0. 1. 0. 1. 0. 0. 0.],500,100,0.3,0.0005,1,14,best,1,best
138,0.0005701013568271999,0.0005701013568271999,0.00050629652064,[0.         0.         0.         0.         0.         0.         0.         0.         0.         0.         0.         0.         0.         0.         0.         0.         0.         0.         0.         0.         0.         0.         0.09342494 0.         0.         0.01       0.         0.01       0.         0.         0.        ],[0. 0. 0. 0. 0. 0. 0. 0. 0. 0. 0. 0. 0. 0. 0. 0. 0. 0. 0. 0. 0. 0. 1. 0. 0. 1. 0. 1. 0. 0. 0.],500,100,0.3,0.0005,1,14,best,1,best
139,0.0005701013568271999,0.0005701013568271999,0.00050629652064,[0.         0.         0.         0.         0.         0.         0.         0.         0.         0.         0.         0.         0.         0.         0.         0.         0.         0.         0.         0.         0.         0.         0.09342494 0.         0.         0.01       0.         0.01       0.         0.         0.        ],[0. 0. 0. 0. 0. 0. 0. 0. 0. 0. 0. 0. 0. 0. 0. 0. 0. 0. 0. 0. 0. 0. 1. 0. 0. 1. 0. 1. 0. 0. 0.],500,100,0.3,0.0005,1,14,best,1,best
140,0.0005701013568271999,0.0005701013568271999,0.00050629652064,[0.         0.         0.         0.         0.         0.         0.         0.         0.         0.         0.         0.         0.         0.         0.         0.         0.         0.         0.         0.         0.         0.         0.09342494 0.         0.         0.01       0.         0.01       0.         0.         0.        ],[0. 0. 0. 0. 0. 0. 0. 0. 0. 0. 0. 0. 0. 0. 0. 0. 0. 0. 0. 0. 0. 0. 1. 0. 0. 1. 0. 1. 0. 0. 0.],500,100,0.3,0.0005,1,14,best,1,best
141,0.0005701013568271999,0.0005701013568271999,0.00050629652064,[0.         0.         0.         0.         0.         0.         0.         0.         0.         0.         0.         0.         0.         0.         0.         0.         0.         0.         0.         0.         0.         0.         0.09342494 0.         0.         0.01       0.         0.01       0.         0.         0.        ],[0. 0. 0. 0. 0. 0. 0. 0. 0. 0. 0. 0. 0. 0. 0. 0. 0. 0. 0. 0. 0. 0. 1. 0. 0. 1. 0. 1. 0. 0. 0.],500,100,0.3,0.0005,1,14,best,1,best
142,0.0005701013568271999,0.0005701013568271999,0.00050629652064,[0.         0.         0.         0.         0.         0.         0.         0.         0.         0.         0.         0.         0.         0.         0.         0.         0.         0.         0.         0.         0.         0.         0.09342494 0.         0.         0.01       0.         0.01       0.         0.         0.        ],[0. 0. 0. 0. 0. 0. 0. 0. 0. 0. 0. 0. 0. 0. 0. 0. 0. 0. 0. 0. 0. 0. 1. 0. 0. 1. 0. 1. 0. 0. 0.],500,100,0.3,0.0005,1,14,best,1,best
143,0.0005701013568271999,0.0005701013568271999,0.00050629652064,[0.         0.         0.         0.         0.         0.         0.         0.         0.         0.         0.         0.         0.         0.         0.         0.         0.         0.         0.         0.         0.         0.         0.09342494 0.         0.         0.01       0.         0.01       0.         0.         0.        ],[0. 0. 0. 0. 0. 0. 0. 0. 0. 0. 0. 0. 0. 0. 0. 0. 0. 0. 0. 0. 0. 0. 1. 0. 0. 1. 0. 1. 0. 0. 0.],500,100,0.3,0.0005,1,14,best,1,best
144,0.0005701013568271999,0.0005701013568271999,0.00050629652064,[0.         0.         0.         0.         0.         0.         0.         0.         0.         0.         0.         0.         0.         0.         0.         0.         0.         0.         0.         0.         0.         0.         0.09342494 0.         0.         0.01       0.         0.01       0.         0.         0.        ],[0. 0. 0. 0. 0. 0. 0. 0. 0. 0. 0. 0. 0. 0. 0. 0. 0. 0. 0. 0. 0. 0. 1. 0. 0. 1. 0. 1. 0. 0. 0.],500,100,0.3,0.0005,1,14,best,1,best
145,0.0005701013568271999,0.0005701013568271999,0.00050629652064,[0.         0.         0.         0.         0.         0.         0.         0.         0.         0.         0.         0.         0.         0.         0.         0.         0.         0.         0.         0.         0.         0.         0.09342494 0.         0.         0.01       0.         0.01       0.         0.         0.        ],[0. 0. 0. 0. 0. 0. 0. 0. 0. 0. 0. 0. 0. 0. 0. 0. 0. 0. 0. 0. 0. 0. 1. 0. 0. 1. 0. 1. 0. 0. 0.],500,100,0.3,0.0005,1,14,best,1,best
146,0.0005701013568271999,0.0005701013568271999,0.00050629652064,[0.         0.         0.         0.         0.         0.         0.         0.         0.         0.         0.         0.         0.         0.         0.         0.         0.         0.         0.         0.         0.         0.         0.09342494 0.         0.         0.01       0.         0.01       0.         0.         0.        ],[0. 0. 0. 0. 0. 0. 0. 0. 0. 0. 0. 0. 0. 0. 0. 0. 0. 0. 0. 0. 0. 0. 1. 0. 0. 1. 0. 1. 0. 0. 0.],500,100,0.3,0.0005,1,14,best,1,best
147,0.0005701013568271999,0.0005701013568271999,0.00050629652064,[0.         0.         0.         0.         0.         0.         0.         0.         0.         0.         0.         0.         0.         0.         0.         0.         0.         0.         0.         0.         0.         0.         0.09342494 0.         0.         0.01       0.         0.01       0.         0.         0.        ],[0. 0. 0. 0. 0. 0. 0. 0. 0. 0. 0. 0. 0. 0. 0. 0. 0. 0. 0. 0. 0. 0. 1. 0. 0. 1. 0. 1. 0. 0. 0.],500,100,0.3,0.0005,1,14,best,1,best
148,0.0005701013568271999,0.0005701013568271999,0.00050629652064,[0.         0.         0.         0.         0.         0.         0.         0.         0.         0.         0.         0.         0.         0.         0.         0.         0.         0.         0.         0.         0.         0.         0.09342494 0.         0.         0.01       0.         0.01       0.         0.         0.        ],[0. 0. 0. 0. 0. 0. 0. 0. 0. 0. 0. 0. 0. 0. 0. 0. 0. 0. 0. 0. 0. 0. 1. 0. 0. 1. 0. 1. 0. 0. 0.],500,100,0.3,0.0005,1,14,best,1,best
149,0.0005701013568271999,0.0005701013568271999,0.00050629652064,[0.         0.         0.         0.         0.         0.         0.         0.         0.         0.         0.         0.         0.         0.         0.         0.         0.         0.         0.         0.         0.         0.         0.09342494 0.         0.         0.01       0.         0.01       0.         0.         0.        ],[0. 0. 0. 0. 0. 0. 0. 0. 0. 0. 0. 0. 0. 0. 0. 0. 0. 0. 0. 0. 0. 0. 1. 0. 0. 1. 0. 1. 0. 0. 0.],500,100,0.3,0.0005,1,14,best,1,best
150,0.0005701013568271999,0.0005701013568271999,0.00050629652064,[0.         0.         0.         0.         0.         0.         0.         0.         0.         0.         0.         0.         0.         0.         0.         0.         0.         0.         0.         0.         0.         0.         0.09342494 0.         0.         0.01       0.         0.01       0.         0.         0.        ],[0. 0. 0. 0. 0. 0. 0. 0. 0. 0. 0. 0. 0. 0. 0. 0. 0. 0. 0. 0. 0. 0. 1. 0. 0. 1. 0. 1. 0. 0. 0.],500,100,0.3,0.0005,1,14,best,1,best
151,0.0005701013568271999,0.0005701013568271999,0.00050629652064,[0.         0.         0.         0.         0.         0.         0.         0.         0.         0.         0.         0.         0.         0.         0.         0.         0.         0.         0.         0.         0.         0.         0.09342494 0.         0.         0.01       0.         0.01       0.         0.         0.        ],[0. 0. 0. 0. 0. 0. 0. 0. 0. 0. 0. 0. 0. 0. 0. 0. 0. 0. 0. 0. 0. 0. 1. 0. 0. 1. 0. 1. 0. 0. 0.],500,100,0.3,0.0005,1,14,best,1,best
152,0.0005701013568271999,0.0005701013568271999,0.00050629652064,[0.         0.         0.         0.         0.         0.         0.         0.         0.         0.         0.         0.         0.         0.         0.         0.         0.         0.         0.         0.         0.         0.         0.09342494 0.         0.         0.01       0.         0.01       0.         0.         0.        ],[0. 0. 0. 0. 0. 0. 0. 0. 0. 0. 0. 0. 0. 0. 0. 0. 0. 0. 0. 0. 0. 0. 1. 0. 0. 1. 0. 1. 0. 0. 0.],500,100,0.3,0.0005,1,14,best,1,best
153,0.0005701013568271999,0.0005701013568271999,0.00050629652064,[0.         0.         0.         0.         0.         0.         0.         0.         0.         0.         0.         0.         0.         0.         0.         0.         0.         0.         0.         0.         0.         0.         0.09342494 0.         0.         0.01       0.         0.01       0.         0.         0.        ],[0. 0. 0. 0. 0. 0. 0. 0. 0. 0. 0. 0. 0. 0. 0. 0. 0. 0. 0. 0. 0. 0. 1. 0. 0. 1. 0. 1. 0. 0. 0.],500,100,0.3,0.0005,1,14,best,1,best
154,0.0005701013568271999,0.0005701013568271999,0.00050629652064,[0.         0.         0.         0.         0.         0.         0.         0.         0.         0.         0.         0.         0.         0.         0.         0.         0.         0.         0.         0.         0.         0.         0.09342494 0.         0.         0.01       0.         0.01       0.         0.         0.        ],[0. 0. 0. 0. 0. 0. 0. 0. 0. 0. 0. 0. 0. 0. 0. 0. 0. 0. 0. 0. 0. 0. 1. 0. 0. 1. 0. 1. 0. 0. 0.],500,100,0.3,0.0005,1,14,best,1,best
155,0.0005701013568271999,0.0005701013568271999,0.00050629652064,[0.         0.         0.         0.         0.         0.         0.         0.         0.         0.         0.         0.         0.         0.         0.         0.         0.         0.         0.         0.         0.         0.         0.09342494 0.         0.         0.01       0.         0.01       0.         0.         0.        ],[0. 0. 0. 0. 0. 0. 0. 0. 0. 0. 0. 0. 0. 0. 0. 0. 0. 0. 0. 0. 0. 0. 1. 0. 0. 1. 0. 1. 0. 0. 0.],500,100,0.3,0.0005,1,14,best,1,best
156,0.0005701013568271999,0.0005701013568271999,0.00050629652064,[0.         0.         0.         0.         0.         0.         0.         0.         0.         0.         0.         0.         0.         0.         0.         0.         0.         0.         0.         0.         0.         0.         0.09342494 0.         0.         0.01       0.         0.01       0.         0.         0.        ],[0. 0. 0. 0. 0. 0. 0. 0. 0. 0. 0. 0. 0. 0. 0. 0. 0. 0. 0. 0. 0. 0. 1. 0. 0. 1. 0. 1. 0. 0. 0.],500,100,0.3,0.0005,1,14,best,1,best
157,0.0005701013568271999,0.0005701013568271999,0.00050629652064,[0.         0.         0.         0.         0.         0.         0.         0.         0.         0.         0.         0.         0.         0.         0.         0.         0.         0.         0.         0.         0.         0.         0.09342494 0.         0.         0.01       0.         0.01       0.         0.         0.        ],[0. 0. 0. 0. 0. 0. 0. 0. 0. 0. 0. 0. 0. 0. 0. 0. 0. 0. 0. 0. 0. 0. 1. 0. 0. 1. 0. 1. 0. 0. 0.],500,100,0.3,0.0005,1,14,best,1,best
158,0.0005701013568271999,0.0005701013568271999,0.00050629652064,[0.         0.         0.         0.         0.         0.         0.         0.         0.         0.         0.         0.         0.         0.         0.         0.         0.         0.         0.         0.         0.         0.         0.09342494 0.         0.         0.01       0.         0.01       0.         0.         0.        ],[0. 0. 0. 0. 0. 0. 0. 0. 0. 0. 0. 0. 0. 0. 0. 0. 0. 0. 0. 0. 0. 0. 1. 0. 0. 1. 0. 1. 0. 0. 0.],500,100,0.3,0.0005,1,14,best,1,best
159,0.0005701013568271999,0.0005701013568271999,0.00050629652064,[0.         0.         0.         0.         0.         0.         0.         0.         0.         0.         0.         0.         0.         0.         0.         0.         0.         0.         0.         0.         0.         0.         0.09342494 0.         0.         0.01       0.         0.01       0.         0.         0.        ],[0. 0. 0. 0. 0. 0. 0. 0. 0. 0. 0. 0. 0. 0. 0. 0. 0. 0. 0. 0. 0. 0. 1. 0. 0. 1. 0. 1. 0. 0. 0.],500,100,0.3,0.0005,1,14,best,1,best
160,0.0005701013568271999,0.0005701013568271999,0.00050629652064,[0.         0.         0.         0.         0.         0.         0.         0.         0.         0.         0.         0.         0.         0.         0.         0.         0.         0.         0.         0.         0.         0.         0.09342494 0.         0.         0.01       0.         0.01       0.         0.         0.        ],[0. 0. 0. 0. 0. 0. 0. 0. 0. 0. 0. 0. 0. 0. 0. 0. 0. 0. 0. 0. 0. 0. 1. 0. 0. 1. 0. 1. 0. 0. 0.],500,100,0.3,0.0005,1,14,best,1,best
161,0.0005701013568271999,0.0005701013568271999,0.00050629652064,[0.         0.         0.         0.         0.         0.         0.         0.         0.         0.         0.         0.         0.         0.         0.         0.         0.         0.         0.         0.         0.         0.         0.09342494 0.         0.         0.01       0.         0.01       0.         0.         0.        ],[0. 0. 0. 0. 0. 0. 0. 0. 0. 0. 0. 0. 0. 0. 0. 0. 0. 0. 0. 0. 0. 0. 1. 0. 0. 1. 0. 1. 0. 0. 0.],500,100,0.3,0.0005,1,14,best,1,best
162,0.0005701013568271999,0.0005701013568271999,0.00050629652064,[0.         0.         0.         0.         0.         0.         0.         0.         0.         0.         0.         0.         0.         0.         0.         0.         0.         0.         0.         0.         0.         0.         0.09342494 0.         0.         0.01       0.         0.01       0.         0.         0.        ],[0. 0. 0. 0. 0. 0. 0. 0. 0. 0. 0. 0. 0. 0. 0. 0. 0. 0. 0. 0. 0. 0. 1. 0. 0. 1. 0. 1. 0. 0. 0.],500,100,0.3,0.0005,1,14,best,1,best
163,0.0005701013568271999,0.0005701013568271999,0.00050629652064,[0.         0.         0.         0.         0.         0.         0.         0.         0.         0.         0.         0.         0.         0.         0.         0.         0.         0.         0.         0.         0.         0.         0.09342494 0.         0.         0.01       0.         0.01       0.         0.         0.        ],[0. 0. 0. 0. 0. 0. 0. 0. 0. 0. 0. 0. 0. 0. 0. 0. 0. 0. 0. 0. 0. 0. 1. 0. 0. 1. 0. 1. 0. 0. 0.],500,100,0.3,0.0005,1,14,best,1,best
164,0.0005701013568271999,0.0005701013568271999,0.00050629652064,[0.         0.         0.         0.         0.         0.         0.         0.         0.         0.         0.         0.         0.         0.         0.         0.         0.         0.         0.         0.         0.         0.         0.09342494 0.         0.         0.01       0.         0.01       0.         0.         0.        ],[0. 0. 0. 0. 0. 0. 0. 0. 0. 0. 0. 0. 0. 0. 0. 0. 0. 0. 0. 0. 0. 0. 1. 0. 0. 1. 0. 1. 0. 0. 0.],500,100,0.3,0.0005,1,14,best,1,best
165,0.0005701013568271999,0.0005701013568271999,0.00050629652064,[0.         0.         0.         0.         0.         0.         0.         0.         0.         0.         0.         0.         0.         0.         0.         0.         0.         0.         0.         0.         0.         0.         0.09342494 0.         0.         0.01       0.         0.01       0.         0.         0.        ],[0. 0. 0. 0. 0. 0. 0. 0. 0. 0. 0. 0. 0. 0. 0. 0. 0. 0. 0. 0. 0. 0. 1. 0. 0. 1. 0. 1. 0. 0. 0.],500,100,0.3,0.0005,1,14,best,1,best
166,0.0005701013568271999,0.0005701013568271999,0.00050629652064,[0.         0.         0.         0.         0.         0.         0.         0.         0.         0.         0.         0.         0.         0.         0.         0.         0.         0.         0.         0.         0.         0.         0.09342494 0.         0.         0.01       0.         0.01       0.         0.         0.        ],[0. 0. 0. 0. 0. 0. 0. 0. 0. 0. 0. 0. 0. 0. 0. 0. 0. 0. 0. 0. 0. 0. 1. 0. 0. 1. 0. 1. 0. 0. 0.],500,100,0.3,0.0005,1,14,best,1,best
167,0.0005701013568271999,0.0005701013568271999,0.00050629652064,[0.         0.         0.         0.         0.         0.         0.         0.         0.         0.         0.         0.         0.         0.         0.         0.         0.         0.         0.         0.         0.         0.         0.09342494 0.         0.         0.01       0.         0.01       0.         0.         0.        ],[0. 0. 0. 0. 0. 0. 0. 0. 0. 0. 0. 0. 0. 0. 0. 0. 0. 0. 0. 0. 0. 0. 1. 0. 0. 1. 0. 1. 0. 0. 0.],500,100,0.3,0.0005,1,14,best,1,best
168,0.0005701013568271999,0.0005701013568271999,0.00050629652064,[0.         0.         0.         0.         0.         0.         0.         0.         0.         0.         0.         0.         0.         0.         0.         0.         0.         0.         0.         0.         0.         0.         0.09342494 0.         0.         0.01       0.         0.01       0.         0.         0.        ],[0. 0. 0. 0. 0. 0. 0. 0. 0. 0. 0. 0. 0. 0. 0. 0. 0. 0. 0. 0. 0. 0. 1. 0. 0. 1. 0. 1. 0. 0. 0.],500,100,0.3,0.0005,1,14,best,1,best
169,0.0005701013568271999,0.0005701013568271999,0.00050629652064,[0.         0.         0.         0.         0.         0.         0.         0.         0.         0.         0.         0.         0.         0.         0.         0.         0.         0.         0.         0.         0.         0.         0.09342494 0.         0.         0.01       0.         0.01       0.         0.         0.        ],[0. 0. 0. 0. 0. 0. 0. 0. 0. 0. 0. 0. 0. 0. 0. 0. 0. 0. 0. 0. 0. 0. 1. 0. 0. 1. 0. 1. 0. 0. 0.],500,100,0.3,0.0005,1,14,best,1,best
170,0.0005701013568271999,0.0005701013568271999,0.00050629652064,[0.         0.         0.         0.         0.         0.         0.         0.         0.         0.         0.         0.         0.         0.         0.         0.         0.         0.         0.         0.         0.         0.         0.09342494 0.         0.         0.01       0.         0.01       0.         0.         0.        ],[0. 0. 0. 0. 0. 0. 0. 0. 0. 0. 0. 0. 0. 0. 0. 0. 0. 0. 0. 0. 0. 0. 1. 0. 0. 1. 0. 1. 0. 0. 0.],500,100,0.3,0.0005,1,14,best,1,best
171,0.0005701013568271999,0.0005701013568271999,0.00050629652064,[0.         0.         0.         0.         0.         0.         0.         0.         0.         0.         0.         0.         0.         0.         0.         0.         0.         0.         0.         0.         0.         0.         0.09342494 0.         0.         0.01       0.         0.01       0.         0.         0.        ],[0. 0. 0. 0. 0. 0. 0. 0. 0. 0. 0. 0. 0. 0. 0. 0. 0. 0. 0. 0. 0. 0. 1. 0. 0. 1. 0. 1. 0. 0. 0.],500,100,0.3,0.0005,1,14,best,1,best
172,0.0005701013568271999,0.0005701013568271999,0.00050629652064,[0.         0.         0.         0.         0.         0.         0.         0.         0.         0.         0.         0.         0.         0.         0.         0.         0.         0.         0.         0.         0.         0.         0.09342494 0.         0.         0.01       0.         0.01       0.         0.         0.        ],[0. 0. 0. 0. 0. 0. 0. 0. 0. 0. 0. 0. 0. 0. 0. 0. 0. 0. 0. 0. 0. 0. 1. 0. 0. 1. 0. 1. 0. 0. 0.],500,100,0.3,0.0005,1,14,best,1,best
173,0.0005701013568271999,0.0005701013568271999,0.00050629652064,[0.         0.         0.         0.         0.         0.         0.         0.         0.         0.         0.         0.         0.         0.         0.         0.         0.         0.         0.         0.         0.         0.         0.09342494 0.         0.         0.01       0.         0.01       0.         0.         0.        ],[0. 0. 0. 0. 0. 0. 0. 0. 0. 0. 0. 0. 0. 0. 0. 0. 0. 0. 0. 0. 0. 0. 1. 0. 0. 1. 0. 1. 0. 0. 0.],500,100,0.3,0.0005,1,14,best,1,best
174,0.0005701013568271999,0.0005701013568271999,0.00050629652064,[0.         0.         0.         0.         0.         0.         0.         0.         0.         0.         0.         0.         0.         0.         0.         0.         0.         0.         0.         0.         0.         0.         0.09342494 0.         0.         0.01       0.         0.01       0.         0.         0.        ],[0. 0. 0. 0. 0. 0. 0. 0. 0. 0. 0. 0. 0. 0. 0. 0. 0. 0. 0. 0. 0. 0. 1. 0. 0. 1. 0. 1. 0. 0. 0.],500,100,0.3,0.0005,1,14,best,1,best
175,0.0005701013568271999,0.0005701013568271999,0.00050629652064,[0.         0.         0.         0.         0.         0.         0.         0.         0.         0.         0.         0.         0.         0.         0.         0.         0.         0.         0.         0.         0.         0.         0.09342494 0.         0.         0.01       0.         0.01       0.         0.         0.        ],[0. 0. 0. 0. 0. 0. 0. 0. 0. 0. 0. 0. 0. 0. 0. 0. 0. 0. 0. 0. 0. 0. 1. 0. 0. 1. 0. 1. 0. 0. 0.],500,100,0.3,0.0005,1,14,best,1,best
176,0.0005701013568271999,0.0005701013568271999,0.00050629652064,[0.         0.         0.         0.         0.         0.         0.         0.         0.         0.         0.         0.         0.         0.         0.         0.         0.         0.         0.         0.         0.         0.         0.09342494 0.         0.         0.01       0.         0.01       0.         0.         0.        ],[0. 0. 0. 0. 0. 0. 0. 0. 0. 0. 0. 0. 0. 0. 0. 0. 0. 0. 0. 0. 0. 0. 1. 0. 0. 1. 0. 1. 0. 0. 0.],500,100,0.3,0.0005,1,14,best,1,best
177,0.0005701013568271999,0.0005701013568271999,0.00050629652064,[0.         0.         0.         0.         0.         0.         0.         0.         0.         0.         0.         0.         0.         0.         0.         0.         0.         0.         0.         0.         0.         0.         0.09342494 0.         0.         0.01       0.         0.01       0.         0.         0.        ],[0. 0. 0. 0. 0. 0. 0. 0. 0. 0. 0. 0. 0. 0. 0. 0. 0. 0. 0. 0. 0. 0. 1. 0. 0. 1. 0. 1. 0. 0. 0.],500,100,0.3,0.0005,1,14,best,1,best
178,0.0005701013568271999,0.0005701013568271999,0.00050629652064,[0.         0.         0.         0.         0.         0.         0.         0.         0.         0.         0.         0.         0.         0.         0.         0.         0.         0.         0.         0.         0.         0.         0.09342494 0.         0.         0.01       0.         0.01       0.         0.         0.        ],[0. 0. 0. 0. 0. 0. 0. 0. 0. 0. 0. 0. 0. 0. 0. 0. 0. 0. 0. 0. 0. 0. 1. 0. 0. 1. 0. 1. 0. 0. 0.],500,100,0.3,0.0005,1,14,best,1,best
179,0.0005701013568271999,0.0005701013568271999,0.00050629652064,[0.         0.         0.         0.         0.         0.         0.         0.         0.         0.         0.         0.         0.         0.         0.         0.         0.         0.         0.         0.         0.         0.         0.09342494 0.         0.         0.01       0.         0.01       0.         0.         0.        ],[0. 0. 0. 0. 0. 0. 0. 0. 0. 0. 0. 0. 0. 0. 0. 0. 0. 0. 0. 0. 0. 0. 1. 0. 0. 1. 0. 1. 0. 0. 0.],500,100,0.3,0.0005,1,14,best,1,best
180,0.0005701013568271999,0.0005701013568271999,0.00050629652064,[0.         0.         0.         0.         0.         0.         0.         0.         0.         0.         0.         0.         0.         0.         0.         0.         0.         0.         0.         0.         0.         0.         0.09342494 0.         0.         0.01       0.         0.01       0.         0.         0.        ],[0. 0. 0. 0. 0. 0. 0. 0. 0. 0. 0. 0. 0. 0. 0. 0. 0. 0. 0. 0. 0. 0. 1. 0. 0. 1. 0. 1. 0. 0. 0.],500,100,0.3,0.0005,1,14,best,1,best
181,0.0005701013568271999,0.0005701013568271999,0.00050629652064,[0.         0.         0.         0.         0.         0.         0.         0.         0.         0.         0.         0.         0.         0.         0.         0.         0.         0.         0.         0.         0.         0.         0.09342494 0.         0.         0.01       0.         0.01       0.         0.         0.        ],[0. 0. 0. 0. 0. 0. 0. 0. 0. 0. 0. 0. 0. 0. 0. 0. 0. 0. 0. 0. 0. 0. 1. 0. 0. 1. 0. 1. 0. 0. 0.],500,100,0.3,0.0005,1,14,best,1,best
182,0.0005701013568271999,0.0005701013568271999,0.00050629652064,[0.         0.         0.         0.         0.         0.         0.         0.         0.         0.         0.         0.         0.         0.         0.         0.         0.         0.         0.         0.         0.         0.         0.09342494 0.         0.         0.01       0.         0.01       0.         0.         0.        ],[0. 0. 0. 0. 0. 0. 0. 0. 0. 0. 0. 0. 0. 0. 0. 0. 0. 0. 0. 0. 0. 0. 1. 0. 0. 1. 0. 1. 0. 0. 0.],500,100,0.3,0.0005,1,14,best,1,best
183,0.0005701013568271999,0.0005701013568271999,0.00050629652064,[0.         0.         0.         0.         0.         0.         0.         0.         0.         0.         0.         0.         0.         0.         0.         0.         0.         0.         0.         0.         0.         0.         0.09342494 0.         0.         0.01       0.         0.01       0.         0.         0.        ],[0. 0. 0. 0. 0. 0. 0. 0. 0. 0. 0. 0. 0. 0. 0. 0. 0. 0. 0. 0. 0. 0. 1. 0. 0. 1. 0. 1. 0. 0. 0.],500,100,0.3,0.0005,1,14,best,1,best
184,0.0005701013568271999,0.0005701013568271999,0.00050629652064,[0.         0.         0.         0.         0.         0.         0.         0.         0.         0.         0.         0.         0.         0.         0.         0.         0.         0.         0.         0.         0.         0.         0.09342494 0.         0.         0.01       0.         0.01       0.         0.         0.        ],[0. 0. 0. 0. 0. 0. 0. 0. 0. 0. 0. 0. 0. 0. 0. 0. 0. 0. 0. 0. 0. 0. 1. 0. 0. 1. 0. 1. 0. 0. 0.],500,100,0.3,0.0005,1,14,best,1,best
185,0.0005701013568271999,0.0005701013568271999,0.00050629652064,[0.         0.         0.         0.         0.         0.         0.         0.         0.         0.         0.         0.         0.         0.         0.         0.         0.         0.         0.         0.         0.         0.         0.09342494 0.         0.         0.01       0.         0.01       0.         0.         0.        ],[0. 0. 0. 0. 0. 0. 0. 0. 0. 0. 0. 0. 0. 0. 0. 0. 0. 0. 0. 0. 0. 0. 1. 0. 0. 1. 0. 1. 0. 0. 0.],500,100,0.3,0.0005,1,14,best,1,best
186,0.0005701013568271999,0.0005701013568271999,0.00050629652064,[0.         0.         0.         0.         0.         0.         0.         0.         0.         0.         0.         0.         0.         0.         0.         0.         0.         0.         0.         0.         0.         0.         0.09342494 0.         0.         0.01       0.         0.01       0.         0.         0.        ],[0. 0. 0. 0. 0. 0. 0. 0. 0. 0. 0. 0. 0. 0. 0. 0. 0. 0. 0. 0. 0. 0. 1. 0. 0. 1. 0. 1. 0. 0. 0.],500,100,0.3,0.0005,1,14,best,1,best
187,0.0005701013568271999,0.0005701013568271999,0.00050629652064,[0.         0.         0.         0.         0.         0.         0.         0.         0.         0.         0.         0.         0.         0.         0.         0.         0.         0.         0.         0.         0.         0.         0.09342494 0.         0.         0.01       0.         0.01       0.         0.         0.        ],[0. 0. 0. 0. 0. 0. 0. 0. 0. 0. 0. 0. 0. 0. 0. 0. 0. 0. 0. 0. 0. 0. 1. 0. 0. 1. 0. 1. 0. 0. 0.],500,100,0.3,0.0005,1,14,best,1,best
188,0.0005701013568271999,0.0005701013568271999,0.00050629652064,[0.         0.         0.         0.         0.         0.         0.         0.         0.         0.         0.         0.         0.         0.         0.         0.         0.         0.         0.         0.         0.         0.         0.09342494 0.         0.         0.01       0.         0.01       0.         0.         0.        ],[0. 0. 0. 0. 0. 0. 0. 0. 0. 0. 0. 0. 0. 0. 0. 0. 0. 0. 0. 0. 0. 0. 1. 0. 0. 1. 0. 1. 0. 0. 0.],500,100,0.3,0.0005,1,14,best,1,best
189,0.0005701013568271999,0.0005701013568271999,0.00050629652064,[0.         0.         0.         0.         0.         0.         0.         0.         0.         0.         0.         0.         0.         0.         0.         0.         0.         0.         0.         0.         0.         0.         0.09342494 0.         0.         0.01       0.         0.01       0.         0.         0.        ],[0. 0. 0. 0. 0. 0. 0. 0. 0. 0. 0. 0. 0. 0. 0. 0. 0. 0. 0. 0. 0. 0. 1. 0. 0. 1. 0. 1. 0. 0. 0.],500,100,0.3,0.0005,1,14,best,1,best
190,0.0005701013568271999,0.0005701013568271999,0.00050629652064,[0.         0.         0.         0.         0.         0.         0.         0.         0.         0.         0.         0.         0.         0.         0.         0.         0.         0.         0.         0.         0.         0.         0.09342494 0.         0.         0.01       0.         0.01       0.         0.         0.        ],[0. 0. 0. 0. 0. 0. 0. 0. 0. 0. 0. 0. 0. 0. 0. 0. 0. 0. 0. 0. 0. 0. 1. 0. 0. 1. 0. 1. 0. 0. 0.],500,100,0.3,0.0005,1,14,best,1,best
191,0.0005701013568271999,0.0005701013568271999,0.00050629652064,[0.         0.         0.         0.         0.         0.         0.         0.         0.         0.         0.         0.         0.         0.         0.         0.         0.         0.         0.         0.         0.         0.         0.09342494 0.         0.         0.01       0.         0.01       0.         0.         0.        ],[0. 0. 0. 0. 0. 0. 0. 0. 0. 0. 0. 0. 0. 0. 0. 0. 0. 0. 0. 0. 0. 0. 1. 0. 0. 1. 0. 1. 0. 0. 0.],500,100,0.3,0.0005,1,14,best,1,best
192,0.0005701013568271999,0.0005701013568271999,0.00050629652064,[0.         0.         0.         0.         0.         0.         0.         0.         0.         0.         0.         0.         0.         0.         0.         0.         0.         0.         0.         0.         0.         0.         0.09342494 0.         0.         0.01       0.         0.01       0.         0.         0.        ],[0. 0. 0. 0. 0. 0. 0. 0. 0. 0. 0. 0. 0. 0. 0. 0. 0. 0. 0. 0. 0. 0. 1. 0. 0. 1. 0. 1. 0. 0. 0.],500,100,0.3,0.0005,1,14,best,1,best
193,0.0005701013568271999,0.0005701013568271999,0.00050629652064,[0.         0.         0.         0.         0.         0.         0.         0.         0.         0.         0.         0.         0.         0.         0.         0.         0.         0.         0.         0.         0.         0.         0.09342494 0.         0.         0.01       0.         0.01       0.         0.         0.        ],[0. 0. 0. 0. 0. 0. 0. 0. 0. 0. 0. 0. 0. 0. 0. 0. 0. 0. 0. 0. 0. 0. 1. 0. 0. 1. 0. 1. 0. 0. 0.],500,100,0.3,0.0005,1,14,best,1,best
194,0.0005701013568271999,0.0005701013568271999,0.00050629652064,[0.         0.         0.         0.         0.         0.         0.         0.         0.         0.         0.         0.         0.         0.         0.         0.         0.         0.         0.         0.         0.         0.         0.09342494 0.         0.         0.01       0.         0.01       0.         0.         0.        ],[0. 0. 0. 0. 0. 0. 0. 0. 0. 0. 0. 0. 0. 0. 0. 0. 0. 0. 0. 0. 0. 0. 1. 0. 0. 1. 0. 1. 0. 0. 0.],500,100,0.3,0.0005,1,14,best,1,best
195,0.0005701013568271999,0.0005701013568271999,0.00050629652064,[0.         0.         0.         0.         0.         0.         0.         0.         0.         0.         0.         0.         0.         0.         0.         0.         0.         0.         0.         0.         0.         0.         0.09342494 0.         0.         0.01       0.         0.01       0.         0.         0.        ],[0. 0. 0. 0. 0. 0. 0. 0. 0. 0. 0. 0. 0. 0. 0. 0. 0. 0. 0. 0. 0. 0. 1. 0. 0. 1. 0. 1. 0. 0. 0.],500,100,0.3,0.0005,1,14,best,1,best
196,0.0005701013568271999,0.0005701013568271999,0.00050629652064,[0.         0.         0.         0.         0.         0.         0.         0.         0.         0.         0.         0.         0.         0.         0.         0.         0.         0.         0.         0.         0.         0.         0.09342494 0.         0.         0.01       0.         0.01       0.         0.         0.        ],[0. 0. 0. 0. 0. 0. 0. 0. 0. 0. 0. 0. 0. 0. 0. 0. 0. 0. 0. 0. 0. 0. 1. 0. 0. 1. 0. 1. 0. 0. 0.],500,100,0.3,0.0005,1,14,best,1,best
197,0.0005701013568271999,0.0005701013568271999,0.00050629652064,[0.         0.         0.         0.         0.         0.         0.         0.         0.         0.         0.         0.         0.         0.         0.         0.         0.         0.         0.         0.         0.         0.         0.09342494 0.         0.         0.01       0.         0.01       0.         0.         0.        ],[0. 0. 0. 0. 0. 0. 0. 0. 0. 0. 0. 0. 0. 0. 0. 0. 0. 0. 0. 0. 0. 0. 1. 0. 0. 1. 0. 1. 0. 0. 0.],500,100,0.3,0.0005,1,14,best,1,best
198,0.0005701013568271999,0.0005701013568271999,0.00050629652064,[0.         0.         0.         0.         0.         0.         0.         0.         0.         0.         0.         0.         0.         0.         0.         0.         0.         0.         0.         0.         0.         0.         0.09342494 0.         0.         0.01       0.         0.01       0.         0.         0.        ],[0. 0. 0. 0. 0. 0. 0. 0. 0. 0. 0. 0. 0. 0. 0. 0. 0. 0. 0. 0. 0. 0. 1. 0. 0. 1. 0. 1. 0. 0. 0.],500,100,0.3,0.0005,1,14,best,1,best
199,0.0005701013568271999,0.0005701013568271999,0.00050629652064,[0.         0.         0.         0.         0.         0.         0.         0.         0.         0.         0.         0.         0.         0.         0.         0.         0.         0.         0.         0.         0.         0.         0.09342494 0.         0.         0.01       0.         0.01       0.         0.         0.        ],[0. 0. 0. 0. 0. 0. 0. 0. 0. 0. 0. 0. 0. 0. 0. 0. 0. 0. 0. 0. 0. 0. 1. 0. 0. 1. 0. 1. 0. 0. 0.],500,100,0.3,0.0005,1,14,best,1,best
200,0.0005701013568271999,0.0005701013568271999,0.00050629652064,[0.         0.         0.         0.         0.         0.         0.         0.         0.         0.         0.         0.         0.         0.         0.         0.         0.         0.         0.         0.         0.         0.         0.09342494 0.         0.         0.01       0.         0.01       0.         0.         0.        ],[0. 0. 0. 0. 0. 0. 0. 0. 0. 0. 0. 0. 0. 0. 0. 0. 0. 0. 0. 0. 0. 0. 1. 0. 0. 1. 0. 1. 0. 0. 0.],500,100,0.3,0.0005,1,14,best,1,best
201,0.0005701013568271999,0.0005701013568271999,0.00050629652064,[0.         0.         0.         0.         0.         0.         0.         0.         0.         0.         0.         0.         0.         0.         0.         0.         0.         0.         0.         0.         0.         0.         0.09342494 0.         0.         0.01       0.         0.01       0.         0.         0.        ],[0. 0. 0. 0. 0. 0. 0. 0. 0. 0. 0. 0. 0. 0. 0. 0. 0. 0. 0. 0. 0. 0. 1. 0. 0. 1. 0. 1. 0. 0. 0.],500,100,0.3,0.0005,1,14,best,1,best
202,0.0005701013568271999,0.0005701013568271999,0.00050629652064,[0.         0.         0.         0.         0.         0.         0.         0.         0.         0.         0.         0.         0.         0.         0.         0.         0.         0.         0.         0.         0.         0.         0.09342494 0.         0.         0.01       0.         0.01       0.         0.         0.        ],[0. 0. 0. 0. 0. 0. 0. 0. 0. 0. 0. 0. 0. 0. 0. 0. 0. 0. 0. 0. 0. 0. 1. 0. 0. 1. 0. 1. 0. 0. 0.],500,100,0.3,0.0005,1,14,best,1,best
203,0.0005701013568271999,0.0005701013568271999,0.00050629652064,[0.         0.         0.         0.         0.         0.         0.         0.         0.         0.         0.         0.         0.         0.         0.         0.         0.         0.         0.         0.         0.         0.         0.09342494 0.         0.         0.01       0.         0.01       0.         0.         0.        ],[0. 0. 0. 0. 0. 0. 0. 0. 0. 0. 0. 0. 0. 0. 0. 0. 0. 0. 0. 0. 0. 0. 1. 0. 0. 1. 0. 1. 0. 0. 0.],500,100,0.3,0.0005,1,14,best,1,best
204,0.0005701013568271999,0.0005701013568271999,0.00050629652064,[0.         0.         0.         0.         0.         0.         0.         0.         0.         0.         0.         0.         0.         0.         0.         0.         0.         0.         0.         0.         0.         0.         0.09342494 0.         0.         0.01       0.         0.01       0.         0.         0.        ],[0. 0. 0. 0. 0. 0. 0. 0. 0. 0. 0. 0. 0. 0. 0. 0. 0. 0. 0. 0. 0. 0. 1. 0. 0. 1. 0. 1. 0. 0. 0.],500,100,0.3,0.0005,1,14,best,1,best
205,0.0005701013568271999,0.0005701013568271999,0.00050629652064,[0.         0.         0.         0.         0.         0.         0.         0.         0.         0.         0.         0.         0.         0.         0.         0.         0.         0.         0.         0.         0.         0.         0.09342494 0.         0.         0.01       0.         0.01       0.         0.         0.        ],[0. 0. 0. 0. 0. 0. 0. 0. 0. 0. 0. 0. 0. 0. 0. 0. 0. 0. 0. 0. 0. 0. 1. 0. 0. 1. 0. 1. 0. 0. 0.],500,100,0.3,0.0005,1,14,best,1,best
206,0.0005701013568271999,0.0005701013568271999,0.00050629652064,[0.         0.         0.         0.         0.         0.         0.         0.         0.         0.         0.         0.         0.         0.         0.         0.         0.         0.         0.         0.         0.         0.         0.09342494 0.         0.         0.01       0.         0.01       0.         0.         0.        ],[0. 0. 0. 0. 0. 0. 0. 0. 0. 0. 0. 0. 0. 0. 0. 0. 0. 0. 0. 0. 0. 0. 1. 0. 0. 1. 0. 1. 0. 0. 0.],500,100,0.3,0.0005,1,14,best,1,best
207,0.0005701013568271999,0.0005701013568271999,0.00050629652064,[0.         0.         0.         0.         0.         0.         0.         0.         0.         0.         0.         0.         0.         0.         0.         0.         0.         0.         0.         0.         0.         0.         0.09342494 0.         0.         0.01       0.         0.01       0.         0.         0.        ],[0. 0. 0. 0. 0. 0. 0. 0. 0. 0. 0. 0. 0. 0. 0. 0. 0. 0. 0. 0. 0. 0. 1. 0. 0. 1. 0. 1. 0. 0. 0.],500,100,0.3,0.0005,1,14,best,1,best
208,0.0005701013568271999,0.0005701013568271999,0.00050629652064,[0.         0.         0.         0.         0.         0.         0.         0.         0.         0.         0.         0.         0.         0.         0.         0.         0.         0.         0.         0.         0.         0.         0.09342494 0.         0.         0.01       0.         0.01       0.         0.         0.        ],[0. 0. 0. 0. 0. 0. 0. 0. 0. 0. 0. 0. 0. 0. 0. 0. 0. 0. 0. 0. 0. 0. 1. 0. 0. 1. 0. 1. 0. 0. 0.],500,100,0.3,0.0005,1,14,best,1,best
209,0.0005701013568271999,0.0005701013568271999,0.00050629652064,[0.         0.         0.         0.         0.         0.         0.         0.         0.         0.         0.         0.         0.         0.         0.         0.         0.         0.         0.         0.         0.         0.         0.09342494 0.         0.         0.01       0.         0.01       0.         0.         0.        ],[0. 0. 0. 0. 0. 0. 0. 0. 0. 0. 0. 0. 0. 0. 0. 0. 0. 0. 0. 0. 0. 0. 1. 0. 0. 1. 0. 1. 0. 0. 0.],500,100,0.3,0.0005,1,14,best,1,best
210,0.0005701013568271999,0.0005701013568271999,0.00050629652064,[0.         0.         0.         0.         0.         0.         0.         0.         0.         0.         0.         0.         0.         0.         0.         0.         0.         0.         0.         0.         0.         0.         0.09342494 0.         0.         0.01       0.         0.01       0.         0.         0.        ],[0. 0. 0. 0. 0. 0. 0. 0. 0. 0. 0. 0. 0. 0. 0. 0. 0. 0. 0. 0. 0. 0. 1. 0. 0. 1. 0. 1. 0. 0. 0.],500,100,0.3,0.0005,1,14,best,1,best
211,0.0005701013568271999,0.0005701013568271999,0.00050629652064,[0.         0.         0.         0.         0.         0.         0.         0.         0.         0.         0.         0.         0.         0.         0.         0.         0.         0.         0.         0.         0.         0.         0.09342494 0.         0.         0.01       0.         0.01       0.         0.         0.        ],[0. 0. 0. 0. 0. 0. 0. 0. 0. 0. 0. 0. 0. 0. 0. 0. 0. 0. 0. 0. 0. 0. 1. 0. 0. 1. 0. 1. 0. 0. 0.],500,100,0.3,0.0005,1,14,best,1,best
212,0.0005701013568271999,0.0005701013568271999,0.00050629652064,[0.         0.         0.         0.         0.         0.         0.         0.         0.         0.         0.         0.         0.         0.         0.         0.         0.         0.         0.         0.         0.         0.         0.09342494 0.         0.         0.01       0.         0.01       0.         0.         0.        ],[0. 0. 0. 0. 0. 0. 0. 0. 0. 0. 0. 0. 0. 0. 0. 0. 0. 0. 0. 0. 0. 0. 1. 0. 0. 1. 0. 1. 0. 0. 0.],500,100,0.3,0.0005,1,14,best,1,best
213,0.0005701013568271999,0.0005701013568271999,0.00050629652064,[0.         0.         0.         0.         0.         0.         0.         0.         0.         0.         0.         0.         0.         0.         0.         0.         0.         0.         0.         0.         0.         0.         0.09342494 0.         0.         0.01       0.         0.01       0.         0.         0.        ],[0. 0. 0. 0. 0. 0. 0. 0. 0. 0. 0. 0. 0. 0. 0. 0. 0. 0. 0. 0. 0. 0. 1. 0. 0. 1. 0. 1. 0. 0. 0.],500,100,0.3,0.0005,1,14,best,1,best
214,0.0005701013568271999,0.0005701013568271999,0.00050629652064,[0.         0.         0.         0.         0.         0.         0.         0.         0.         0.         0.         0.         0.         0.         0.         0.         0.         0.         0.         0.         0.         0.         0.09342494 0.         0.         0.01       0.         0.01       0.         0.         0.        ],[0. 0. 0. 0. 0. 0. 0. 0. 0. 0. 0. 0. 0. 0. 0. 0. 0. 0. 0. 0. 0. 0. 1. 0. 0. 1. 0. 1. 0. 0. 0.],500,100,0.3,0.0005,1,14,best,1,best
215,0.0005701013568271999,0.0005701013568271999,0.00050629652064,[0.         0.         0.         0.         0.         0.         0.         0.         0.         0.         0.         0.         0.         0.         0.         0.         0.         0.         0.         0.         0.         0.         0.09342494 0.         0.         0.01       0.         0.01       0.         0.         0.        ],[0. 0. 0. 0. 0. 0. 0. 0. 0. 0. 0. 0. 0. 0. 0. 0. 0. 0. 0. 0. 0. 0. 1. 0. 0. 1. 0. 1. 0. 0. 0.],500,100,0.3,0.0005,1,14,best,1,best
216,0.0005701013568271999,0.0005701013568271999,0.00050629652064,[0.         0.         0.         0.         0.         0.         0.         0.         0.         0.         0.         0.         0.         0.         0.         0.         0.         0.         0.         0.         0.         0.         0.09342494 0.         0.         0.01       0.         0.01       0.         0.         0.        ],[0. 0. 0. 0. 0. 0. 0. 0. 0. 0. 0. 0. 0. 0. 0. 0. 0. 0. 0. 0. 0. 0. 1. 0. 0. 1. 0. 1. 0. 0. 0.],500,100,0.3,0.0005,1,14,best,1,best
217,0.0005701013568271999,0.0005701013568271999,0.00050629652064,[0.         0.         0.         0.         0.         0.         0.         0.         0.         0.         0.         0.         0.         0.         0.         0.         0.         0.         0.         0.         0.         0.         0.09342494 0.         0.         0.01       0.         0.01       0.         0.         0.        ],[0. 0. 0. 0. 0. 0. 0. 0. 0. 0. 0. 0. 0. 0. 0. 0. 0. 0. 0. 0. 0. 0. 1. 0. 0. 1. 0. 1. 0. 0. 0.],500,100,0.3,0.0005,1,14,best,1,best
218,0.0005701013568271999,0.0005701013568271999,0.00050629652064,[0.         0.         0.         0.         0.         0.         0.         0.         0.         0.         0.         0.         0.         0.         0.         0.         0.         0.         0.         0.         0.         0.         0.09342494 0.         0.         0.01       0.         0.01       0.         0.         0.        ],[0. 0. 0. 0. 0. 0. 0. 0. 0. 0. 0. 0. 0. 0. 0. 0. 0. 0. 0. 0. 0. 0. 1. 0. 0. 1. 0. 1. 0. 0. 0.],500,100,0.3,0.0005,1,14,best,1,best
219,0.0005701013568271999,0.0005701013568271999,0.00050629652064,[0.         0.         0.         0.         0.         0.         0.         0.         0.         0.         0.         0.         0.         0.         0.         0.         0.         0.         0.         0.         0.         0.         0.09342494 0.         0.         0.01       0.         0.01       0.         0.         0.        ],[0. 0. 0. 0. 0. 0. 0. 0. 0. 0. 0. 0. 0. 0. 0. 0. 0. 0. 0. 0. 0. 0. 1. 0. 0. 1. 0. 1. 0. 0. 0.],500,100,0.3,0.0005,1,14,best,1,best
220,0.0005701013568271999,0.0005701013568271999,0.00050629652064,[0.         0.         0.         0.         0.         0.         0.         0.         0.         0.         0.         0.         0.         0.         0.         0.         0.         0.         0.         0.         0.         0.         0.09342494 0.         0.         0.01       0.         0.01       0.         0.         0.        ],[0. 0. 0. 0. 0. 0. 0. 0. 0. 0. 0. 0. 0. 0. 0. 0. 0. 0. 0. 0. 0. 0. 1. 0. 0. 1. 0. 1. 0. 0. 0.],500,100,0.3,0.0005,1,14,best,1,best
221,0.0005701013568271999,0.0005701013568271999,0.00050629652064,[0.         0.         0.         0.         0.         0.         0.         0.         0.         0.         0.         0.         0.         0.         0.         0.         0.         0.         0.         0.         0.         0.         0.09342494 0.         0.         0.01       0.         0.01       0.         0.         0.        ],[0. 0. 0. 0. 0. 0. 0. 0. 0. 0. 0. 0. 0. 0. 0. 0. 0. 0. 0. 0. 0. 0. 1. 0. 0. 1. 0. 1. 0. 0. 0.],500,100,0.3,0.0005,1,14,best,1,best
222,0.0005701013568271999,0.0005701013568271999,0.00050629652064,[0.         0.         0.         0.         0.         0.         0.         0.         0.         0.         0.         0.         0.         0.         0.         0.         0.         0.         0.         0.         0.         0.         0.09342494 0.         0.         0.01       0.         0.01       0.         0.         0.        ],[0. 0. 0. 0. 0. 0. 0. 0. 0. 0. 0. 0. 0. 0. 0. 0. 0. 0. 0. 0. 0. 0. 1. 0. 0. 1. 0. 1. 0. 0. 0.],500,100,0.3,0.0005,1,14,best,1,best
223,0.0005701013568271999,0.0005701013568271999,0.00050629652064,[0.         0.         0.         0.         0.         0.         0.         0.         0.         0.         0.         0.         0.         0.         0.         0.         0.         0.         0.         0.         0.         0.         0.09342494 0.         0.         0.01       0.         0.01       0.         0.         0.        ],[0. 0. 0. 0. 0. 0. 0. 0. 0. 0. 0. 0. 0. 0. 0. 0. 0. 0. 0. 0. 0. 0. 1. 0. 0. 1. 0. 1. 0. 0. 0.],500,100,0.3,0.0005,1,14,best,1,best
224,0.0005701013568271999,0.0005701013568271999,0.00050629652064,[0.         0.         0.         0.         0.         0.         0.         0.         0.         0.         0.         0.         0.         0.         0.         0.         0.         0.         0.         0.         0.         0.         0.09342494 0.         0.         0.01       0.         0.01       0.         0.         0.        ],[0. 0. 0. 0. 0. 0. 0. 0. 0. 0. 0. 0. 0. 0. 0. 0. 0. 0. 0. 0. 0. 0. 1. 0. 0. 1. 0. 1. 0. 0. 0.],500,100,0.3,0.0005,1,14,best,1,best
225,0.0005701013568271999,0.0005701013568271999,0.00050629652064,[0.         0.         0.         0.         0.         0.         0.         0.         0.         0.         0.         0.         0.         0.         0.         0.         0.         0.         0.         0.         0.         0.         0.09342494 0.         0.         0.01       0.         0.01       0.         0.         0.        ],[0. 0. 0. 0. 0. 0. 0. 0. 0. 0. 0. 0. 0. 0. 0. 0. 0. 0. 0. 0. 0. 0. 1. 0. 0. 1. 0. 1. 0. 0. 0.],500,100,0.3,0.0005,1,14,best,1,best
226,0.0005701013568271999,0.0005701013568271999,0.00050629652064,[0.         0.         0.         0.         0.         0.         0.         0.         0.         0.         0.         0.         0.         0.         0.         0.         0.         0.         0.         0.         0.         0.         0.09342494 0.         0.         0.01       0.         0.01       0.         0.         0.        ],[0. 0. 0. 0. 0. 0. 0. 0. 0. 0. 0. 0. 0. 0. 0. 0. 0. 0. 0. 0. 0. 0. 1. 0. 0. 1. 0. 1. 0. 0. 0.],500,100,0.3,0.0005,1,14,best,1,best
227,0.0005701013568271999,0.0005701013568271999,0.00050629652064,[0.         0.         0.         0.         0.         0.         0.         0.         0.         0.         0.         0.         0.         0.         0.         0.         0.         0.         0.         0.         0.         0.         0.09342494 0.         0.         0.01       0.         0.01       0.         0.         0.        ],[0. 0. 0. 0. 0. 0. 0. 0. 0. 0. 0. 0. 0. 0. 0. 0. 0. 0. 0. 0. 0. 0. 1. 0. 0. 1. 0. 1. 0. 0. 0.],500,100,0.3,0.0005,1,14,best,1,best
228,0.0005701013568271999,0.0005701013568271999,0.00050629652064,[0.         0.         0.         0.         0.         0.         0.         0.         0.         0.         0.         0.         0.         0.         0.         0.         0.         0.         0.         0.         0.         0.         0.09342494 0.         0.         0.01       0.         0.01       0.         0.         0.        ],[0. 0. 0. 0. 0. 0. 0. 0. 0. 0. 0. 0. 0. 0. 0. 0. 0. 0. 0. 0. 0. 0. 1. 0. 0. 1. 0. 1. 0. 0. 0.],500,100,0.3,0.0005,1,14,best,1,best
229,0.0005701013568271999,0.0005701013568271999,0.00050629652064,[0.         0.         0.         0.         0.         0.         0.         0.         0.         0.         0.         0.         0.         0.         0.         0.         0.         0.         0.         0.         0.         0.         0.09342494 0.         0.         0.01       0.         0.01       0.         0.         0.        ],[0. 0. 0. 0. 0. 0. 0. 0. 0. 0. 0. 0. 0. 0. 0. 0. 0. 0. 0. 0. 0. 0. 1. 0. 0. 1. 0. 1. 0. 0. 0.],500,100,0.3,0.0005,1,14,best,1,best
230,0.0005701013568271999,0.0005701013568271999,0.00050629652064,[0.         0.         0.         0.         0.         0.         0.         0.         0.         0.         0.         0.         0.         0.         0.         0.         0.         0.         0.         0.         0.         0.         0.09342494 0.         0.         0.01       0.         0.01       0.         0.         0.        ],[0. 0. 0. 0. 0. 0. 0. 0. 0. 0. 0. 0. 0. 0. 0. 0. 0. 0. 0. 0. 0. 0. 1. 0. 0. 1. 0. 1. 0. 0. 0.],500,100,0.3,0.0005,1,14,best,1,best
231,0.0005701013568271999,0.0005701013568271999,0.00050629652064,[0.         0.         0.         0.         0.         0.         0.         0.         0.         0.         0.         0.         0.         0.         0.         0.         0.         0.         0.         0.         0.         0.         0.09342494 0.         0.         0.01       0.         0.01       0.         0.         0.        ],[0. 0. 0. 0. 0. 0. 0. 0. 0. 0. 0. 0. 0. 0. 0. 0. 0. 0. 0. 0. 0. 0. 1. 0. 0. 1. 0. 1. 0. 0. 0.],500,100,0.3,0.0005,1,14,best,1,best
232,0.0005701013568271999,0.0005701013568271999,0.00050629652064,[0.         0.         0.         0.         0.         0.         0.         0.         0.         0.         0.         0.         0.         0.         0.         0.         0.         0.         0.         0.         0.         0.         0.09342494 0.         0.         0.01       0.         0.01       0.         0.         0.        ],[0. 0. 0. 0. 0. 0. 0. 0. 0. 0. 0. 0. 0. 0. 0. 0. 0. 0. 0. 0. 0. 0. 1. 0. 0. 1. 0. 1. 0. 0. 0.],500,100,0.3,0.0005,1,14,best,1,best
233,0.0005701013568271999,0.0005701013568271999,0.00050629652064,[0.         0.         0.         0.         0.         0.         0.         0.         0.         0.         0.         0.         0.         0.         0.         0.         0.         0.         0.         0.         0.         0.         0.09342494 0.         0.         0.01       0.         0.01       0.         0.         0.        ],[0. 0. 0. 0. 0. 0. 0. 0. 0. 0. 0. 0. 0. 0. 0. 0. 0. 0. 0. 0. 0. 0. 1. 0. 0. 1. 0. 1. 0. 0. 0.],500,100,0.3,0.0005,1,14,best,1,best
234,0.0005701013568271999,0.0005701013568271999,0.00050629652064,[0.         0.         0.         0.         0.         0.         0.         0.         0.         0.         0.         0.         0.         0.         0.         0.         0.         0.         0.         0.         0.         0.         0.09342494 0.         0.         0.01       0.         0.01       0.         0.         0.        ],[0. 0. 0. 0. 0. 0. 0. 0. 0. 0. 0. 0. 0. 0. 0. 0. 0. 0. 0. 0. 0. 0. 1. 0. 0. 1. 0. 1. 0. 0. 0.],500,100,0.3,0.0005,1,14,best,1,best
235,0.0005701013568271999,0.0005701013568271999,0.00050629652064,[0.         0.         0.         0.         0.         0.         0.         0.         0.         0.         0.         0.         0.         0.         0.         0.         0.         0.         0.         0.         0.         0.         0.09342494 0.         0.         0.01       0.         0.01       0.         0.         0.        ],[0. 0. 0. 0. 0. 0. 0. 0. 0. 0. 0. 0. 0. 0. 0. 0. 0. 0. 0. 0. 0. 0. 1. 0. 0. 1. 0. 1. 0. 0. 0.],500,100,0.3,0.0005,1,14,best,1,best
236,0.0005701013568271999,0.0005701013568271999,0.00050629652064,[0.         0.         0.         0.         0.         0.         0.         0.         0.         0.         0.         0.         0.         0.         0.         0.         0.         0.         0.         0.         0.         0.         0.09342494 0.         0.         0.01       0.         0.01       0.         0.         0.        ],[0. 0. 0. 0. 0. 0. 0. 0. 0. 0. 0. 0. 0. 0. 0. 0. 0. 0. 0. 0. 0. 0. 1. 0. 0. 1. 0. 1. 0. 0. 0.],500,100,0.3,0.0005,1,14,best,1,best
237,0.0005701013568271999,0.0005701013568271999,0.00050629652064,[0.         0.         0.         0.         0.         0.         0.         0.         0.         0.         0.         0.         0.         0.         0.         0.         0.         0.         0.         0.         0.         0.         0.09342494 0.         0.         0.01       0.         0.01       0.         0.         0.        ],[0. 0. 0. 0. 0. 0. 0. 0. 0. 0. 0. 0. 0. 0. 0. 0. 0. 0. 0. 0. 0. 0. 1. 0. 0. 1. 0. 1. 0. 0. 0.],500,100,0.3,0.0005,1,14,best,1,best
238,0.0005701013568271999,0.0005701013568271999,0.00050629652064,[0.         0.         0.         0.         0.         0.         0.         0.         0.         0.         0.         0.         0.         0.         0.         0.         0.         0.         0.         0.         0.         0.         0.09342494 0.         0.         0.01       0.         0.01       0.         0.         0.        ],[0. 0. 0. 0. 0. 0. 0. 0. 0. 0. 0. 0. 0. 0. 0. 0. 0. 0. 0. 0. 0. 0. 1. 0. 0. 1. 0. 1. 0. 0. 0.],500,100,0.3,0.0005,1,14,best,1,best
239,0.0005701013568271999,0.0005701013568271999,0.00050629652064,[0.         0.         0.         0.         0.         0.         0.         0.         0.         0.         0.         0.         0.         0.         0.         0.         0.         0.         0.         0.         0.         0.         0.09342494 0.         0.         0.01       0.         0.01       0.         0.         0.        ],[0. 0. 0. 0. 0. 0. 0. 0. 0. 0. 0. 0. 0. 0. 0. 0. 0. 0. 0. 0. 0. 0. 1. 0. 0. 1. 0. 1. 0. 0. 0.],500,100,0.3,0.0005,1,14,best,1,best
240,0.0005701013568271999,0.0005701013568271999,0.00050629652064,[0.         0.         0.         0.         0.         0.         0.         0.         0.         0.         0.         0.         0.         0.         0.         0.         0.         0.         0.         0.         0.         0.         0.09342494 0.         0.         0.01       0.         0.01       0.         0.         0.        ],[0. 0. 0. 0. 0. 0. 0. 0. 0. 0. 0. 0. 0. 0. 0. 0. 0. 0. 0. 0. 0. 0. 1. 0. 0. 1. 0. 1. 0. 0. 0.],500,100,0.3,0.0005,1,14,best,1,best
241,0.0005701013568271999,0.0005701013568271999,0.00050629652064,[0.         0.         0.         0.         0.         0.         0.         0.         0.         0.         0.         0.         0.         0.         0.         0.         0.         0.         0.         0.         0.         0.         0.09342494 0.         0.         0.01       0.         0.01       0.         0.         0.        ],[0. 0. 0. 0. 0. 0. 0. 0. 0. 0. 0. 0. 0. 0. 0. 0. 0. 0. 0. 0. 0. 0. 1. 0. 0. 1. 0. 1. 0. 0. 0.],500,100,0.3,0.0005,1,14,best,1,best
242,0.0005701013568271999,0.0005701013568271999,0.00050629652064,[0.         0.         0.         0.         0.         0.         0.         0.         0.         0.         0.         0.         0.         0.         0.         0.         0.         0.         0.         0.         0.         0.         0.09342494 0.         0.         0.01       0.         0.01       0.         0.         0.        ],[0. 0. 0. 0. 0. 0. 0. 0. 0. 0. 0. 0. 0. 0. 0. 0. 0. 0. 0. 0. 0. 0. 1. 0. 0. 1. 0. 1. 0. 0. 0.],500,100,0.3,0.0005,1,14,best,1,best
243,0.0005701013568271999,0.0005701013568271999,0.00050629652064,[0.         0.         0.         0.         0.         0.         0.         0.         0.         0.         0.         0.         0.         0.         0.         0.         0.         0.         0.         0.         0.         0.         0.09342494 0.         0.         0.01       0.         0.01       0.         0.         0.        ],[0. 0. 0. 0. 0. 0. 0. 0. 0. 0. 0. 0. 0. 0. 0. 0. 0. 0. 0. 0. 0. 0. 1. 0. 0. 1. 0. 1. 0. 0. 0.],500,100,0.3,0.0005,1,14,best,1,best
244,0.0005701013568271999,0.0005701013568271999,0.00050629652064,[0.         0.         0.         0.         0.         0.         0.         0.         0.         0.         0.         0.         0.         0.         0.         0.         0.         0.         0.         0.         0.         0.         0.09342494 0.         0.         0.01       0.         0.01       0.         0.         0.        ],[0. 0. 0. 0. 0. 0. 0. 0. 0. 0. 0. 0. 0. 0. 0. 0. 0. 0. 0. 0. 0. 0. 1. 0. 0. 1. 0. 1. 0. 0. 0.],500,100,0.3,0.0005,1,14,best,1,best
245,0.0005701013568271999,0.0005701013568271999,0.00050629652064,[0.         0.         0.         0.         0.         0.         0.         0.         0.         0.         0.         0.         0.         0.         0.         0.         0.         0.         0.         0.         0.         0.         0.09342494 0.         0.         0.01       0.         0.01       0.         0.         0.        ],[0. 0. 0. 0. 0. 0. 0. 0. 0. 0. 0. 0. 0. 0. 0. 0. 0. 0. 0. 0. 0. 0. 1. 0. 0. 1. 0. 1. 0. 0. 0.],500,100,0.3,0.0005,1,14,best,1,best
246,0.0005701013568271999,0.0005701013568271999,0.00050629652064,[0.         0.         0.         0.         0.         0.         0.         0.         0.         0.         0.         0.         0.         0.         0.         0.         0.         0.         0.         0.         0.         0.         0.09342494 0.         0.         0.01       0.         0.01       0.         0.         0.        ],[0. 0. 0. 0. 0. 0. 0. 0. 0. 0. 0. 0. 0. 0. 0. 0. 0. 0. 0. 0. 0. 0. 1. 0. 0. 1. 0. 1. 0. 0. 0.],500,100,0.3,0.0005,1,14,best,1,best
247,0.0005701013568271999,0.0005701013568271999,0.00050629652064,[0.         0.         0.         0.         0.         0.         0.         0.         0.         0.         0.         0.         0.         0.         0.         0.         0.         0.         0.         0.         0.         0.         0.09342494 0.         0.         0.01       0.         0.01       0.         0.         0.        ],[0. 0. 0. 0. 0. 0. 0. 0. 0. 0. 0. 0. 0. 0. 0. 0. 0. 0. 0. 0. 0. 0. 1. 0. 0. 1. 0. 1. 0. 0. 0.],500,100,0.3,0.0005,1,14,best,1,best
248,0.0005701013568271999,0.0005701013568271999,0.00050629652064,[0.         0.         0.         0.         0.         0.         0.         0.         0.         0.         0.         0.         0.         0.         0.         0.         0.         0.         0.         0.         0.         0.         0.09342494 0.         0.         0.01       0.         0.01       0.         0.         0.        ],[0. 0. 0. 0. 0. 0. 0. 0. 0. 0. 0. 0. 0. 0. 0. 0. 0. 0. 0. 0. 0. 0. 1. 0. 0. 1. 0. 1. 0. 0. 0.],500,100,0.3,0.0005,1,14,best,1,best
249,0.0005701013568271999,0.0005701013568271999,0.00050629652064,[0.         0.         0.         0.         0.         0.         0.         0.         0.         0.         0.         0.         0.         0.         0.         0.         0.         0.         0.         0.         0.         0.         0.09342494 0.         0.         0.01       0.         0.01       0.         0.         0.        ],[0. 0. 0. 0. 0. 0. 0. 0. 0. 0. 0. 0. 0. 0. 0. 0. 0. 0. 0. 0. 0. 0. 1. 0. 0. 1. 0. 1. 0. 0. 0.],500,100,0.3,0.0005,1,14,best,1,best
250,0.0005701013568271999,0.0005701013568271999,0.00050629652064,[0.         0.         0.         0.         0.         0.         0.         0.         0.         0.         0.         0.         0.         0.         0.         0.         0.         0.         0.         0.         0.         0.         0.09342494 0.         0.         0.01       0.         0.01       0.         0.         0.        ],[0. 0. 0. 0. 0. 0. 0. 0. 0. 0. 0. 0. 0. 0. 0. 0. 0. 0. 0. 0. 0. 0. 1. 0. 0. 1. 0. 1. 0. 0. 0.],500,100,0.3,0.0005,1,14,best,1,best
251,0.0005701013568271999,0.0005701013568271999,0.00050629652064,[0.         0.         0.         0.         0.         0.         0.         0.         0.         0.         0.         0.         0.         0.         0.         0.         0.         0.         0.         0.         0.         0.         0.09342494 0.         0.         0.01       0.         0.01       0.         0.         0.        ],[0. 0. 0. 0. 0. 0. 0. 0. 0. 0. 0. 0. 0. 0. 0. 0. 0. 0. 0. 0. 0. 0. 1. 0. 0. 1. 0. 1. 0. 0. 0.],500,100,0.3,0.0005,1,14,best,1,best
252,0.0005701013568271999,0.0005701013568271999,0.00050629652064,[0.         0.         0.         0.         0.         0.         0.         0.         0.         0.         0.         0.         0.         0.         0.         0.         0.         0.         0.         0.         0.         0.         0.09342494 0.         0.         0.01       0.         0.01       0.         0.         0.        ],[0. 0. 0. 0. 0. 0. 0. 0. 0. 0. 0. 0. 0. 0. 0. 0. 0. 0. 0. 0. 0. 0. 1. 0. 0. 1. 0. 1. 0. 0. 0.],500,100,0.3,0.0005,1,14,best,1,best
253,0.0005701013568271999,0.0005701013568271999,0.00050629652064,[0.         0.         0.         0.         0.         0.         0.         0.         0.         0.         0.         0.         0.         0.         0.         0.         0.         0.         0.         0.         0.         0.         0.09342494 0.         0.         0.01       0.         0.01       0.         0.         0.        ],[0. 0. 0. 0. 0. 0. 0. 0. 0. 0. 0. 0. 0. 0. 0. 0. 0. 0. 0. 0. 0. 0. 1. 0. 0. 1. 0. 1. 0. 0. 0.],500,100,0.3,0.0005,1,14,best,1,best
254,0.0005701013568271999,0.0005701013568271999,0.00050629652064,[0.         0.         0.         0.         0.         0.         0.         0.         0.         0.         0.         0.         0.         0.         0.         0.         0.         0.         0.         0.         0.         0.         0.09342494 0.         0.         0.01       0.         0.01       0.         0.         0.        ],[0. 0. 0. 0. 0. 0. 0. 0. 0. 0. 0. 0. 0. 0. 0. 0. 0. 0. 0. 0. 0. 0. 1. 0. 0. 1. 0. 1. 0. 0. 0.],500,100,0.3,0.0005,1,14,best,1,best
255,0.0005701013568271999,0.0005701013568271999,0.00050629652064,[0.         0.         0.         0.         0.         0.         0.         0.         0.         0.         0.         0.         0.         0.         0.         0.         0.         0.         0.         0.         0.         0.         0.09342494 0.         0.         0.01       0.         0.01       0.         0.         0.        ],[0. 0. 0. 0. 0. 0. 0. 0. 0. 0. 0. 0. 0. 0. 0. 0. 0. 0. 0. 0. 0. 0. 1. 0. 0. 1. 0. 1. 0. 0. 0.],500,100,0.3,0.0005,1,14,best,1,best
256,0.0005701013568271999,0.0005701013568271999,0.00050629652064,[0.         0.         0.         0.         0.         0.         0.         0.         0.         0.         0.         0.         0.         0.         0.         0.         0.         0.         0.         0.         0.         0.         0.09342494 0.         0.         0.01       0.         0.01       0.         0.         0.        ],[0. 0. 0. 0. 0. 0. 0. 0. 0. 0. 0. 0. 0. 0. 0. 0. 0. 0. 0. 0. 0. 0. 1. 0. 0. 1. 0. 1. 0. 0. 0.],500,100,0.3,0.0005,1,14,best,1,best
257,0.0005701013568271999,0.0005701013568271999,0.00050629652064,[0.         0.         0.         0.         0.         0.         0.         0.         0.         0.         0.         0.         0.         0.         0.         0.         0.         0.         0.         0.         0.         0.         0.09342494 0.         0.         0.01       0.         0.01       0.         0.         0.        ],[0. 0. 0. 0. 0. 0. 0. 0. 0. 0. 0. 0. 0. 0. 0. 0. 0. 0. 0. 0. 0. 0. 1. 0. 0. 1. 0. 1. 0. 0. 0.],500,100,0.3,0.0005,1,14,best,1,best
258,0.0005701013568271999,0.0005701013568271999,0.00050629652064,[0.         0.         0.         0.         0.         0.         0.         0.         0.         0.         0.         0.         0.         0.         0.         0.         0.         0.         0.         0.         0.         0.         0.09342494 0.         0.         0.01       0.         0.01       0.         0.         0.        ],[0. 0. 0. 0. 0. 0. 0. 0. 0. 0. 0. 0. 0. 0. 0. 0. 0. 0. 0. 0. 0. 0. 1. 0. 0. 1. 0. 1. 0. 0. 0.],500,100,0.3,0.0005,1,14,best,1,best
259,0.0005701013568271999,0.0005701013568271999,0.00050629652064,[0.         0.         0.         0.         0.         0.         0.         0.         0.         0.         0.         0.         0.         0.         0.         0.         0.         0.         0.         0.         0.         0.         0.09342494 0.         0.         0.01       0.         0.01       0.         0.         0.        ],[0. 0. 0. 0. 0. 0. 0. 0. 0. 0. 0. 0. 0. 0. 0. 0. 0. 0. 0. 0. 0. 0. 1. 0. 0. 1. 0. 1. 0. 0. 0.],500,100,0.3,0.0005,1,14,best,1,best
260,0.0005701013568271999,0.0005701013568271999,0.00050629652064,[0.         0.         0.         0.         0.         0.         0.         0.         0.         0.         0.         0.         0.         0.         0.         0.         0.         0.         0.         0.         0.         0.         0.09342494 0.         0.         0.01       0.         0.01       0.         0.         0.        ],[0. 0. 0. 0. 0. 0. 0. 0. 0. 0. 0. 0. 0. 0. 0. 0. 0. 0. 0. 0. 0. 0. 1. 0. 0. 1. 0. 1. 0. 0. 0.],500,100,0.3,0.0005,1,14,best,1,best
261,0.0005701013568271999,0.0005701013568271999,0.00050629652064,[0.         0.         0.         0.         0.         0.         0.         0.         0.         0.         0.         0.         0.         0.         0.         0.         0.         0.         0.         0.         0.         0.         0.09342494 0.         0.         0.01       0.         0.01       0.         0.         0.        ],[0. 0. 0. 0. 0. 0. 0. 0. 0. 0. 0. 0. 0. 0. 0. 0. 0. 0. 0. 0. 0. 0. 1. 0. 0. 1. 0. 1. 0. 0. 0.],500,100,0.3,0.0005,1,14,best,1,best
262,0.0005701013568271999,0.0005701013568271999,0.00050629652064,[0.         0.         0.         0.         0.         0.         0.         0.         0.         0.         0.         0.         0.         0.         0.         0.         0.         0.         0.         0.         0.         0.         0.09342494 0.         0.         0.01       0.         0.01       0.         0.         0.        ],[0. 0. 0. 0. 0. 0. 0. 0. 0. 0. 0. 0. 0. 0. 0. 0. 0. 0. 0. 0. 0. 0. 1. 0. 0. 1. 0. 1. 0. 0. 0.],500,100,0.3,0.0005,1,14,best,1,best
263,0.0005701013568271999,0.0005701013568271999,0.00050629652064,[0.         0.         0.         0.         0.         0.         0.         0.         0.         0.         0.         0.         0.         0.         0.         0.         0.         0.         0.         0.         0.         0.         0.09342494 0.         0.         0.01       0.         0.01       0.         0.         0.        ],[0. 0. 0. 0. 0. 0. 0. 0. 0. 0. 0. 0. 0. 0. 0. 0. 0. 0. 0. 0. 0. 0. 1. 0. 0. 1. 0. 1. 0. 0. 0.],500,100,0.3,0.0005,1,14,best,1,best
264,0.0005701013568271999,0.0005701013568271999,0.00050629652064,[0.         0.         0.         0.         0.         0.         0.         0.         0.         0.         0.         0.         0.         0.         0.         0.         0.         0.         0.         0.         0.         0.         0.09342494 0.         0.         0.01       0.         0.01       0.         0.         0.        ],[0. 0. 0. 0. 0. 0. 0. 0. 0. 0. 0. 0. 0. 0. 0. 0. 0. 0. 0. 0. 0. 0. 1. 0. 0. 1. 0. 1. 0. 0. 0.],500,100,0.3,0.0005,1,14,best,1,best
265,0.0005701013568271999,0.0005701013568271999,0.00050629652064,[0.         0.         0.         0.         0.         0.         0.         0.         0.         0.         0.         0.         0.         0.         0.         0.         0.         0.         0.         0.         0.         0.         0.09342494 0.         0.         0.01       0.         0.01       0.         0.         0.        ],[0. 0. 0. 0. 0. 0. 0. 0. 0. 0. 0. 0. 0. 0. 0. 0. 0. 0. 0. 0. 0. 0. 1. 0. 0. 1. 0. 1. 0. 0. 0.],500,100,0.3,0.0005,1,14,best,1,best
266,0.0005701013568271999,0.0005701013568271999,0.00050629652064,[0.         0.         0.         0.         0.         0.         0.         0.         0.         0.         0.         0.         0.         0.         0.         0.         0.         0.         0.         0.         0.         0.         0.09342494 0.         0.         0.01       0.         0.01       0.         0.         0.        ],[0. 0. 0. 0. 0. 0. 0. 0. 0. 0. 0. 0. 0. 0. 0. 0. 0. 0. 0. 0. 0. 0. 1. 0. 0. 1. 0. 1. 0. 0. 0.],500,100,0.3,0.0005,1,14,best,1,best
267,0.0005701013568271999,0.0005701013568271999,0.00050629652064,[0.         0.         0.         0.         0.         0.         0.         0.         0.         0.         0.         0.         0.         0.         0.         0.         0.         0.         0.         0.         0.         0.         0.09342494 0.         0.         0.01       0.         0.01       0.         0.         0.        ],[0. 0. 0. 0. 0. 0. 0. 0. 0. 0. 0. 0. 0. 0. 0. 0. 0. 0. 0. 0. 0. 0. 1. 0. 0. 1. 0. 1. 0. 0. 0.],500,100,0.3,0.0005,1,14,best,1,best
268,0.0005701013568271999,0.0005701013568271999,0.00050629652064,[0.         0.         0.         0.         0.         0.         0.         0.         0.         0.         0.         0.         0.         0.         0.         0.         0.         0.         0.         0.         0.         0.         0.09342494 0.         0.         0.01       0.         0.01       0.         0.         0.        ],[0. 0. 0. 0. 0. 0. 0. 0. 0. 0. 0. 0. 0. 0. 0. 0. 0. 0. 0. 0. 0. 0. 1. 0. 0. 1. 0. 1. 0. 0. 0.],500,100,0.3,0.0005,1,14,best,1,best
269,0.0005701013568271999,0.0005701013568271999,0.00050629652064,[0.         0.         0.         0.         0.         0.         0.         0.         0.         0.         0.         0.         0.         0.         0.         0.         0.         0.         0.         0.         0.         0.         0.09342494 0.         0.         0.01       0.         0.01       0.         0.         0.        ],[0. 0. 0. 0. 0. 0. 0. 0. 0. 0. 0. 0. 0. 0. 0. 0. 0. 0. 0. 0. 0. 0. 1. 0. 0. 1. 0. 1. 0. 0. 0.],500,100,0.3,0.0005,1,14,best,1,best
270,0.0005701013568271999,0.0005701013568271999,0.00050629652064,[0.         0.         0.         0.         0.         0.         0.         0.         0.         0.         0.         0.         0.         0.         0.         0.         0.         0.         0.         0.         0.         0.         0.09342494 0.         0.         0.01       0.         0.01       0.         0.         0.        ],[0. 0. 0. 0. 0. 0. 0. 0. 0. 0. 0. 0. 0. 0. 0. 0. 0. 0. 0. 0. 0. 0. 1. 0. 0. 1. 0. 1. 0. 0. 0.],500,100,0.3,0.0005,1,14,best,1,best
271,0.0005701013568271999,0.0005701013568271999,0.00050629652064,[0.         0.         0.         0.         0.         0.         0.         0.         0.         0.         0.         0.         0.         0.         0.         0.         0.         0.         0.         0.         0.         0.         0.09342494 0.         0.         0.01       0.         0.01       0.         0.         0.        ],[0. 0. 0. 0. 0. 0. 0. 0. 0. 0. 0. 0. 0. 0. 0. 0. 0. 0. 0. 0. 0. 0. 1. 0. 0. 1. 0. 1. 0. 0. 0.],500,100,0.3,0.0005,1,14,best,1,best
272,0.0005701013568271999,0.0005701013568271999,0.00050629652064,[0.         0.         0.         0.         0.         0.         0.         0.         0.         0.         0.         0.         0.         0.         0.         0.         0.         0.         0.         0.         0.         0.         0.09342494 0.         0.         0.01       0.         0.01       0.         0.         0.        ],[0. 0. 0. 0. 0. 0. 0. 0. 0. 0. 0. 0. 0. 0. 0. 0. 0. 0. 0. 0. 0. 0. 1. 0. 0. 1. 0. 1. 0. 0. 0.],500,100,0.3,0.0005,1,14,best,1,best
273,0.0005701013568271999,0.0005701013568271999,0.00050629652064,[0.         0.         0.         0.         0.         0.         0.         0.         0.         0.         0.         0.         0.         0.         0.         0.         0.         0.         0.         0.         0.         0.         0.09342494 0.         0.         0.01       0.         0.01       0.         0.         0.        ],[0. 0. 0. 0. 0. 0. 0. 0. 0. 0. 0. 0. 0. 0. 0. 0. 0. 0. 0. 0. 0. 0. 1. 0. 0. 1. 0. 1. 0. 0. 0.],500,100,0.3,0.0005,1,14,best,1,best
274,0.0005701013568271999,0.0005701013568271999,0.00050629652064,[0.         0.         0.         0.         0.         0.         0.         0.         0.         0.         0.         0.         0.         0.         0.         0.         0.         0.         0.         0.         0.         0.         0.09342494 0.         0.         0.01       0.         0.01       0.         0.         0.        ],[0. 0. 0. 0. 0. 0. 0. 0. 0. 0. 0. 0. 0. 0. 0. 0. 0. 0. 0. 0. 0. 0. 1. 0. 0. 1. 0. 1. 0. 0. 0.],500,100,0.3,0.0005,1,14,best,1,best
275,0.0005701013568271999,0.0005701013568271999,0.00050629652064,[0.         0.         0.         0.         0.         0.         0.         0.         0.         0.         0.         0.         0.         0.         0.         0.         0.         0.         0.         0.         0.         0.         0.09342494 0.         0.         0.01       0.         0.01       0.         0.         0.        ],[0. 0. 0. 0. 0. 0. 0. 0. 0. 0. 0. 0. 0. 0. 0. 0. 0. 0. 0. 0. 0. 0. 1. 0. 0. 1. 0. 1. 0. 0. 0.],500,100,0.3,0.0005,1,14,best,1,best
276,0.0005701013568271999,0.0005701013568271999,0.00050629652064,[0.         0.         0.         0.         0.         0.         0.         0.         0.         0.         0.         0.         0.         0.         0.         0.         0.         0.         0.         0.         0.         0.         0.09342494 0.         0.         0.01       0.         0.01       0.         0.         0.        ],[0. 0. 0. 0. 0. 0. 0. 0. 0. 0. 0. 0. 0. 0. 0. 0. 0. 0. 0. 0. 0. 0. 1. 0. 0. 1. 0. 1. 0. 0. 0.],500,100,0.3,0.0005,1,14,best,1,best
277,0.0005701013568271999,0.0005701013568271999,0.00050629652064,[0.         0.         0.         0.         0.         0.         0.         0.         0.         0.         0.         0.         0.         0.         0.         0.         0.         0.         0.         0.         0.         0.         0.09342494 0.         0.         0.01       0.         0.01       0.         0.         0.        ],[0. 0. 0. 0. 0. 0. 0. 0. 0. 0. 0. 0. 0. 0. 0. 0. 0. 0. 0. 0. 0. 0. 1. 0. 0. 1. 0. 1. 0. 0. 0.],500,100,0.3,0.0005,1,14,best,1,best
278,0.0005701013568271999,0.0005701013568271999,0.00050629652064,[0.         0.         0.         0.         0.         0.         0.         0.         0.         0.         0.         0.         0.         0.         0.         0.         0.         0.         0.         0.         0.         0.         0.09342494 0.         0.         0.01       0.         0.01       0.         0.         0.        ],[0. 0. 0. 0. 0. 0. 0. 0. 0. 0. 0. 0. 0. 0. 0. 0. 0. 0. 0. 0. 0. 0. 1. 0. 0. 1. 0. 1. 0. 0. 0.],500,100,0.3,0.0005,1,14,best,1,best
279,0.0005701013568271999,0.0005701013568271999,0.00050629652064,[0.         0.         0.         0.         0.         0.         0.         0.         0.         0.         0.         0.         0.         0.         0.         0.         0.         0.         0.         0.         0.         0.         0.09342494 0.         0.         0.01       0.         0.01       0.         0.         0.        ],[0. 0. 0. 0. 0. 0. 0. 0. 0. 0. 0. 0. 0. 0. 0. 0. 0. 0. 0. 0. 0. 0. 1. 0. 0. 1. 0. 1. 0. 0. 0.],500,100,0.3,0.0005,1,14,best,1,best
280,0.0005701013568271999,0.0005701013568271999,0.00050629652064,[0.         0.         0.         0.         0.         0.         0.         0.         0.         0.         0.         0.         0.         0.         0.         0.         0.         0.         0.         0.         0.         0.         0.09342494 0.         0.         0.01       0.         0.01       0.         0.         0.        ],[0. 0. 0. 0. 0. 0. 0. 0. 0. 0. 0. 0. 0. 0. 0. 0. 0. 0. 0. 0. 0. 0. 1. 0. 0. 1. 0. 1. 0. 0. 0.],500,100,0.3,0.0005,1,14,best,1,best
281,0.0005701013568271999,0.0005701013568271999,0.00050629652064,[0.         0.         0.         0.         0.         0.         0.         0.         0.         0.         0.         0.         0.         0.         0.         0.         0.         0.         0.         0.         0.         0.         0.09342494 0.         0.         0.01       0.         0.01       0.         0.         0.        ],[0. 0. 0. 0. 0. 0. 0. 0. 0. 0. 0. 0. 0. 0. 0. 0. 0. 0. 0. 0. 0. 0. 1. 0. 0. 1. 0. 1. 0. 0. 0.],500,100,0.3,0.0005,1,14,best,1,best
282,0.0005701013568271999,0.0005701013568271999,0.00050629652064,[0.         0.         0.         0.         0.         0.         0.         0.         0.         0.         0.         0.         0.         0.         0.         0.         0.         0.         0.         0.         0.         0.         0.09342494 0.         0.         0.01       0.         0.01       0.         0.         0.        ],[0. 0. 0. 0. 0. 0. 0. 0. 0. 0. 0. 0. 0. 0. 0. 0. 0. 0. 0. 0. 0. 0. 1. 0. 0. 1. 0. 1. 0. 0. 0.],500,100,0.3,0.0005,1,14,best,1,best
283,0.0005701013568271999,0.0005701013568271999,0.00050629652064,[0.         0.         0.         0.         0.         0.         0.         0.         0.         0.         0.         0.         0.         0.         0.         0.         0.         0.         0.         0.         0.         0.         0.09342494 0.         0.         0.01       0.         0.01       0.         0.         0.        ],[0. 0. 0. 0. 0. 0. 0. 0. 0. 0. 0. 0. 0. 0. 0. 0. 0. 0. 0. 0. 0. 0. 1. 0. 0. 1. 0. 1. 0. 0. 0.],500,100,0.3,0.0005,1,14,best,1,best
284,0.0005701013568271999,0.0005701013568271999,0.00050629652064,[0.         0.         0.         0.         0.         0.         0.         0.         0.         0.         0.         0.         0.         0.         0.         0.         0.         0.         0.         0.         0.         0.         0.09342494 0.         0.         0.01       0.         0.01       0.         0.         0.        ],[0. 0. 0. 0. 0. 0. 0. 0. 0. 0. 0. 0. 0. 0. 0. 0. 0. 0. 0. 0. 0. 0. 1. 0. 0. 1. 0. 1. 0. 0. 0.],500,100,0.3,0.0005,1,14,best,1,best
285,0.0005701013568271999,0.0005701013568271999,0.00050629652064,[0.         0.         0.         0.         0.         0.         0.         0.         0.         0.         0.         0.         0.         0.         0.         0.         0.         0.         0.         0.         0.         0.         0.09342494 0.         0.         0.01       0.         0.01       0.         0.         0.        ],[0. 0. 0. 0. 0. 0. 0. 0. 0. 0. 0. 0. 0. 0. 0. 0. 0. 0. 0. 0. 0. 0. 1. 0. 0. 1. 0. 1. 0. 0. 0.],500,100,0.3,0.0005,1,14,best,1,best
286,0.0005701013568271999,0.0005701013568271999,0.00050629652064,[0.         0.         0.         0.         0.         0.         0.         0.         0.         0.         0.         0.         0.         0.         0.         0.         0.         0.         0.         0.         0.         0.         0.09342494 0.         0.         0.01       0.         0.01       0.         0.         0.        ],[0. 0. 0. 0. 0. 0. 0. 0. 0. 0. 0. 0. 0. 0. 0. 0. 0. 0. 0. 0. 0. 0. 1. 0. 0. 1. 0. 1. 0. 0. 0.],500,100,0.3,0.0005,1,14,best,1,best
287,0.0005701013568271999,0.0005701013568271999,0.00050629652064,[0.         0.         0.         0.         0.         0.         0.         0.         0.         0.         0.         0.         0.         0.         0.         0.         0.         0.         0.         0.         0.         0.         0.09342494 0.         0.         0.01       0.         0.01       0.         0.         0.        ],[0. 0. 0. 0. 0. 0. 0. 0. 0. 0. 0. 0. 0. 0. 0. 0. 0. 0. 0. 0. 0. 0. 1. 0. 0. 1. 0. 1. 0. 0. 0.],500,100,0.3,0.0005,1,14,best,1,best
288,0.0005701013568271999,0.0005701013568271999,0.00050629652064,[0.         0.         0.         0.         0.         0.         0.         0.         0.         0.         0.         0.         0.         0.         0.         0.         0.         0.         0.         0.         0.         0.         0.09342494 0.         0.         0.01       0.         0.01       0.         0.         0.        ],[0. 0. 0. 0. 0. 0. 0. 0. 0. 0. 0. 0. 0. 0. 0. 0. 0. 0. 0. 0. 0. 0. 1. 0. 0. 1. 0. 1. 0. 0. 0.],500,100,0.3,0.0005,1,14,best,1,best
289,0.0005701013568271999,0.0005701013568271999,0.00050629652064,[0.         0.         0.         0.         0.         0.         0.         0.         0.         0.         0.         0.         0.         0.         0.         0.         0.         0.         0.         0.         0.         0.         0.09342494 0.         0.         0.01       0.         0.01       0.         0.         0.        ],[0. 0. 0. 0. 0. 0. 0. 0. 0. 0. 0. 0. 0. 0. 0. 0. 0. 0. 0. 0. 0. 0. 1. 0. 0. 1. 0. 1. 0. 0. 0.],500,100,0.3,0.0005,1,14,best,1,best
290,0.0005701013568271999,0.0005701013568271999,0.00050629652064,[0.         0.         0.         0.         0.         0.         0.         0.         0.         0.         0.         0.         0.         0.         0.         0.         0.         0.         0.         0.         0.         0.         0.09342494 0.         0.         0.01       0.         0.01       0.         0.         0.        ],[0. 0. 0. 0. 0. 0. 0. 0. 0. 0. 0. 0. 0. 0. 0. 0. 0. 0. 0. 0. 0. 0. 1. 0. 0. 1. 0. 1. 0. 0. 0.],500,100,0.3,0.0005,1,14,best,1,best
291,0.0005701013568271999,0.0005701013568271999,0.00050629652064,[0.         0.         0.         0.         0.         0.         0.         0.         0.         0.         0.         0.         0.         0.         0.         0.         0.         0.         0.         0.         0.         0.         0.09342494 0.         0.         0.01       0.         0.01       0.         0.         0.        ],[0. 0. 0. 0. 0. 0. 0. 0. 0. 0. 0. 0. 0. 0. 0. 0. 0. 0. 0. 0. 0. 0. 1. 0. 0. 1. 0. 1. 0. 0. 0.],500,100,0.3,0.0005,1,14,best,1,best
292,0.0005701013568271999,0.0005701013568271999,0.00050629652064,[0.         0.         0.         0.         0.         0.         0.         0.         0.         0.         0.         0.         0.         0.         0.         0.         0.         0.         0.         0.         0.         0.         0.09342494 0.         0.         0.01       0.         0.01       0.         0.         0.        ],[0. 0. 0. 0. 0. 0. 0. 0. 0. 0. 0. 0. 0. 0. 0. 0. 0. 0. 0. 0. 0. 0. 1. 0. 0. 1. 0. 1. 0. 0. 0.],500,100,0.3,0.0005,1,14,best,1,best
293,0.0005701013568271999,0.0005701013568271999,0.00050629652064,[0.         0.         0.         0.         0.         0.         0.         0.         0.         0.         0.         0.         0.         0.         0.         0.         0.         0.         0.         0.         0.         0.         0.09342494 0.         0.         0.01       0.         0.01       0.         0.         0.        ],[0. 0. 0. 0. 0. 0. 0. 0. 0. 0. 0. 0. 0. 0. 0. 0. 0. 0. 0. 0. 0. 0. 1. 0. 0. 1. 0. 1. 0. 0. 0.],500,100,0.3,0.0005,1,14,best,1,best
294,0.0005701013568271999,0.0005701013568271999,0.00050629652064,[0.         0.         0.         0.         0.         0.         0.         0.         0.         0.         0.         0.         0.         0.         0.         0.         0.         0.         0.         0.         0.         0.         0.09342494 0.         0.         0.01       0.         0.01       0.         0.         0.        ],[0. 0. 0. 0. 0. 0. 0. 0. 0. 0. 0. 0. 0. 0. 0. 0. 0. 0. 0. 0. 0. 0. 1. 0. 0. 1. 0. 1. 0. 0. 0.],500,100,0.3,0.0005,1,14,best,1,best
295,0.0005701013568271999,0.0005701013568271999,0.00050629652064,[0.         0.         0.         0.         0.         0.         0.         0.         0.         0.         0.         0.         0.         0.         0.         0.         0.         0.         0.         0.         0.         0.         0.09342494 0.         0.         0.01       0.         0.01       0.         0.         0.        ],[0. 0. 0. 0. 0. 0. 0. 0. 0. 0. 0. 0. 0. 0. 0. 0. 0. 0. 0. 0. 0. 0. 1. 0. 0. 1. 0. 1. 0. 0. 0.],500,100,0.3,0.0005,1,14,best,1,best
296,0.0005701013568271999,0.0005701013568271999,0.00050629652064,[0.         0.         0.         0.         0.         0.         0.         0.         0.         0.         0.         0.         0.         0.         0.         0.         0.         0.         0.         0.         0.         0.         0.09342494 0.         0.         0.01       0.         0.01       0.         0.         0.        ],[0. 0. 0. 0. 0. 0. 0. 0. 0. 0. 0. 0. 0. 0. 0. 0. 0. 0. 0. 0. 0. 0. 1. 0. 0. 1. 0. 1. 0. 0. 0.],500,100,0.3,0.0005,1,14,best,1,best
297,0.0005701013568271999,0.0005701013568271999,0.00050629652064,[0.         0.         0.         0.         0.         0.         0.         0.         0.         0.         0.         0.         0.         0.         0.         0.         0.         0.         0.         0.         0.         0.         0.09342494 0.         0.         0.01       0.         0.01       0.         0.         0.        ],[0. 0. 0. 0. 0. 0. 0. 0. 0. 0. 0. 0. 0. 0. 0. 0. 0. 0. 0. 0. 0. 0. 1. 0. 0. 1. 0. 1. 0. 0. 0.],500,100,0.3,0.0005,1,14,best,1,best
298,0.0005701013568271999,0.0005701013568271999,0.00050629652064,[0.         0.         0.         0.         0.         0.         0.         0.         0.         0.         0.         0.         0.         0.         0.         0.         0.         0.         0.         0.         0.         0.         0.09342494 0.         0.         0.01       0.         0.01       0.         0.         0.        ],[0. 0. 0. 0. 0. 0. 0. 0. 0. 0. 0. 0. 0. 0. 0. 0. 0. 0. 0. 0. 0. 0. 1. 0. 0. 1. 0. 1. 0. 0. 0.],500,100,0.3,0.0005,1,14,best,1,best
299,0.0005701013568271999,0.0005701013568271999,0.00050629652064,[0.         0.         0.         0.         0.         0.         0.         0.         0.         0.         0.         0.         0.         0.         0.         0.         0.         0.         0.         0.         0.         0.         0.09342494 0.         0.         0.01       0.         0.01       0.         0.         0.        ],[0. 0. 0. 0. 0. 0. 0. 0. 0. 0. 0. 0. 0. 0. 0. 0. 0. 0. 0. 0. 0. 0. 1. 0. 0. 1. 0. 1. 0. 0. 0.],500,100,0.3,0.0005,1,14,best,1,best
300,0.0005701013568271999,0.0005701013568271999,0.00050629652064,[0.         0.         0.         0.         0.         0.         0.         0.         0.         0.         0.         0.         0.         0.         0.         0.         0.         0.         0.         0.         0.         0.         0.09342494 0.         0.         0.01       0.         0.01       0.         0.         0.        ],[0. 0. 0. 0. 0. 0. 0. 0. 0. 0. 0. 0. 0. 0. 0. 0. 0. 0. 0. 0. 0. 0. 1. 0. 0. 1. 0. 1. 0. 0. 0.],500,100,0.3,0.0005,1,14,best,1,best
301,0.0005701013568271999,0.0005701013568271999,0.00050629652064,[0.         0.         0.         0.         0.         0.         0.         0.         0.         0.         0.         0.         0.         0.         0.         0.         0.         0.         0.         0.         0.         0.         0.09342494 0.         0.         0.01       0.         0.01       0.         0.         0.        ],[0. 0. 0. 0. 0. 0. 0. 0. 0. 0. 0. 0. 0. 0. 0. 0. 0. 0. 0. 0. 0. 0. 1. 0. 0. 1. 0. 1. 0. 0. 0.],500,100,0.3,0.0005,1,14,best,1,best
302,0.0005701013568271999,0.0005701013568271999,0.00050629652064,[0.         0.         0.         0.         0.         0.         0.         0.         0.         0.         0.         0.         0.         0.         0.         0.         0.         0.         0.         0.         0.         0.         0.09342494 0.         0.         0.01       0.         0.01       0.         0.         0.        ],[0. 0. 0. 0. 0. 0. 0. 0. 0. 0. 0. 0. 0. 0. 0. 0. 0. 0. 0. 0. 0. 0. 1. 0. 0. 1. 0. 1. 0. 0. 0.],500,100,0.3,0.0005,1,14,best,1,best
303,0.0005701013568271999,0.0005701013568271999,0.00050629652064,[0.         0.         0.         0.         0.         0.         0.         0.         0.         0.         0.         0.         0.         0.         0.         0.         0.         0.         0.         0.         0.         0.         0.09342494 0.         0.         0.01       0.         0.01       0.         0.         0.        ],[0. 0. 0. 0. 0. 0. 0. 0. 0. 0. 0. 0. 0. 0. 0. 0. 0. 0. 0. 0. 0. 0. 1. 0. 0. 1. 0. 1. 0. 0. 0.],500,100,0.3,0.0005,1,14,best,1,best
304,0.0005701013568271999,0.0005701013568271999,0.00050629652064,[0.         0.         0.         0.         0.         0.         0.         0.         0.         0.         0.         0.         0.         0.         0.         0.         0.         0.         0.         0.         0.         0.         0.09342494 0.         0.         0.01       0.         0.01       0.         0.         0.        ],[0. 0. 0. 0. 0. 0. 0. 0. 0. 0. 0. 0. 0. 0. 0. 0. 0. 0. 0. 0. 0. 0. 1. 0. 0. 1. 0. 1. 0. 0. 0.],500,100,0.3,0.0005,1,14,best,1,best
305,0.0005701013568271999,0.0005701013568271999,0.00050629652064,[0.         0.         0.         0.         0.         0.         0.         0.         0.         0.         0.         0.         0.         0.         0.         0.         0.         0.         0.         0.         0.         0.         0.09342494 0.         0.         0.01       0.         0.01       0.         0.         0.        ],[0. 0. 0. 0. 0. 0. 0. 0. 0. 0. 0. 0. 0. 0. 0. 0. 0. 0. 0. 0. 0. 0. 1. 0. 0. 1. 0. 1. 0. 0. 0.],500,100,0.3,0.0005,1,14,best,1,best
306,0.0005701013568271999,0.0005701013568271999,0.00050629652064,[0.         0.         0.         0.         0.         0.         0.         0.         0.         0.         0.         0.         0.         0.         0.         0.         0.         0.         0.         0.         0.         0.         0.09342494 0.         0.         0.01       0.         0.01       0.         0.         0.        ],[0. 0. 0. 0. 0. 0. 0. 0. 0. 0. 0. 0. 0. 0. 0. 0. 0. 0. 0. 0. 0. 0. 1. 0. 0. 1. 0. 1. 0. 0. 0.],500,100,0.3,0.0005,1,14,best,1,best
307,0.0005701013568271999,0.0005701013568271999,0.00050629652064,[0.         0.         0.         0.         0.         0.         0.         0.         0.         0.         0.         0.         0.         0.         0.         0.         0.         0.         0.         0.         0.         0.         0.09342494 0.         0.         0.01       0.         0.01       0.         0.         0.        ],[0. 0. 0. 0. 0. 0. 0. 0. 0. 0. 0. 0. 0. 0. 0. 0. 0. 0. 0. 0. 0. 0. 1. 0. 0. 1. 0. 1. 0. 0. 0.],500,100,0.3,0.0005,1,14,best,1,best
308,0.0005701013568271999,0.0005701013568271999,0.00050629652064,[0.         0.         0.         0.         0.         0.         0.         0.         0.         0.         0.         0.         0.         0.         0.         0.         0.         0.         0.         0.         0.         0.         0.09342494 0.         0.         0.01       0.         0.01       0.         0.         0.        ],[0. 0. 0. 0. 0. 0. 0. 0. 0. 0. 0. 0. 0. 0. 0. 0. 0. 0. 0. 0. 0. 0. 1. 0. 0. 1. 0. 1. 0. 0. 0.],500,100,0.3,0.0005,1,14,best,1,best
309,0.0005701013568271999,0.0005701013568271999,0.00050629652064,[0.         0.         0.         0.         0.         0.         0.         0.         0.         0.         0.         0.         0.         0.         0.         0.         0.         0.         0.         0.         0.         0.         0.09342494 0.         0.         0.01       0.         0.01       0.         0.         0.        ],[0. 0. 0. 0. 0. 0. 0. 0. 0. 0. 0. 0. 0. 0. 0. 0. 0. 0. 0. 0. 0. 0. 1. 0. 0. 1. 0. 1. 0. 0. 0.],500,100,0.3,0.0005,1,14,best,1,best
310,0.0005701013568271999,0.0005701013568271999,0.00050629652064,[0.         0.         0.         0.         0.         0.         0.         0.         0.         0.         0.         0.         0.         0.         0.         0.         0.         0.         0.         0.         0.         0.         0.09342494 0.         0.         0.01       0.         0.01       0.         0.         0.        ],[0. 0. 0. 0. 0. 0. 0. 0. 0. 0. 0. 0. 0. 0. 0. 0. 0. 0. 0. 0. 0. 0. 1. 0. 0. 1. 0. 1. 0. 0. 0.],500,100,0.3,0.0005,1,14,best,1,best
311,0.0005701013568271999,0.0005701013568271999,0.00050629652064,[0.         0.         0.         0.         0.         0.         0.         0.         0.         0.         0.         0.         0.         0.         0.         0.         0.         0.         0.         0.         0.         0.         0.09342494 0.         0.         0.01       0.         0.01       0.         0.         0.        ],[0. 0. 0. 0. 0. 0. 0. 0. 0. 0. 0. 0. 0. 0. 0. 0. 0. 0. 0. 0. 0. 0. 1. 0. 0. 1. 0. 1. 0. 0. 0.],500,100,0.3,0.0005,1,14,best,1,best
312,0.0005701013568271999,0.0005701013568271999,0.00050629652064,[0.         0.         0.         0.         0.         0.         0.         0.         0.         0.         0.         0.         0.         0.         0.         0.         0.         0.         0.         0.         0.         0.         0.09342494 0.         0.         0.01       0.         0.01       0.         0.         0.        ],[0. 0. 0. 0. 0. 0. 0. 0. 0. 0. 0. 0. 0. 0. 0. 0. 0. 0. 0. 0. 0. 0. 1. 0. 0. 1. 0. 1. 0. 0. 0.],500,100,0.3,0.0005,1,14,best,1,best
313,0.0005701013568271999,0.0005701013568271999,0.00050629652064,[0.         0.         0.         0.         0.         0.         0.         0.         0.         0.         0.         0.         0.         0.         0.         0.         0.         0.         0.         0.         0.         0.         0.09342494 0.         0.         0.01       0.         0.01       0.         0.         0.        ],[0. 0. 0. 0. 0. 0. 0. 0. 0. 0. 0. 0. 0. 0. 0. 0. 0. 0. 0. 0. 0. 0. 1. 0. 0. 1. 0. 1. 0. 0. 0.],500,100,0.3,0.0005,1,14,best,1,best
314,0.0005701013568271999,0.0005701013568271999,0.00050629652064,[0.         0.         0.         0.         0.         0.         0.         0.         0.         0.         0.         0.         0.         0.         0.         0.         0.         0.         0.         0.         0.         0.         0.09342494 0.         0.         0.01       0.         0.01       0.         0.         0.        ],[0. 0. 0. 0. 0. 0. 0. 0. 0. 0. 0. 0. 0. 0. 0. 0. 0. 0. 0. 0. 0. 0. 1. 0. 0. 1. 0. 1. 0. 0. 0.],500,100,0.3,0.0005,1,14,best,1,best
315,0.0005701013568271999,0.0005701013568271999,0.00050629652064,[0.         0.         0.         0.         0.         0.         0.         0.         0.         0.         0.         0.         0.         0.         0.         0.         0.         0.         0.         0.         0.         0.         0.09342494 0.         0.         0.01       0.         0.01       0.         0.         0.        ],[0. 0. 0. 0. 0. 0. 0. 0. 0. 0. 0. 0. 0. 0. 0. 0. 0. 0. 0. 0. 0. 0. 1. 0. 0. 1. 0. 1. 0. 0. 0.],500,100,0.3,0.0005,1,14,best,1,best
316,0.0005701013568271999,0.0005701013568271999,0.00050629652064,[0.         0.         0.         0.         0.         0.         0.         0.         0.         0.         0.         0.         0.         0.         0.         0.         0.         0.         0.         0.         0.         0.         0.09342494 0.         0.         0.01       0.         0.01       0.         0.         0.        ],[0. 0. 0. 0. 0. 0. 0. 0. 0. 0. 0. 0. 0. 0. 0. 0. 0. 0. 0. 0. 0. 0. 1. 0. 0. 1. 0. 1. 0. 0. 0.],500,100,0.3,0.0005,1,14,best,1,best
317,0.0005701013568271999,0.0005701013568271999,0.00050629652064,[0.         0.         0.         0.         0.         0.         0.         0.         0.         0.         0.         0.         0.         0.         0.         0.         0.         0.         0.         0.         0.         0.         0.09342494 0.         0.         0.01       0.         0.01       0.         0.         0.        ],[0. 0. 0. 0. 0. 0. 0. 0. 0. 0. 0. 0. 0. 0. 0. 0. 0. 0. 0. 0. 0. 0. 1. 0. 0. 1. 0. 1. 0. 0. 0.],500,100,0.3,0.0005,1,14,best,1,best
318,0.0005701013568271999,0.0005701013568271999,0.00050629652064,[0.         0.         0.         0.         0.         0.         0.         0.         0.         0.         0.         0.         0.         0.         0.         0.         0.         0.         0.         0.         0.         0.         0.09342494 0.         0.         0.01       0.         0.01       0.         0.         0.        ],[0. 0. 0. 0. 0. 0. 0. 0. 0. 0. 0. 0. 0. 0. 0. 0. 0. 0. 0. 0. 0. 0. 1. 0. 0. 1. 0. 1. 0. 0. 0.],500,100,0.3,0.0005,1,14,best,1,best
319,0.0005701013568271999,0.0005701013568271999,0.00050629652064,[0.         0.         0.         0.         0.         0.         0.         0.         0.         0.         0.         0.         0.         0.         0.         0.         0.         0.         0.         0.         0.         0.         0.09342494 0.         0.         0.01       0.         0.01       0.         0.         0.        ],[0. 0. 0. 0. 0. 0. 0. 0. 0. 0. 0. 0. 0. 0. 0. 0. 0. 0. 0. 0. 0. 0. 1. 0. 0. 1. 0. 1. 0. 0. 0.],500,100,0.3,0.0005,1,14,best,1,best
320,0.0005701013568271999,0.0005701013568271999,0.00050629652064,[0.         0.         0.         0.         0.         0.         0.         0.         0.         0.         0.         0.         0.         0.         0.         0.         0.         0.         0.         0.         0.         0.         0.09342494 0.         0.         0.01       0.         0.01       0.         0.         0.        ],[0. 0. 0. 0. 0. 0. 0. 0. 0. 0. 0. 0. 0. 0. 0. 0. 0. 0. 0. 0. 0. 0. 1. 0. 0. 1. 0. 1. 0. 0. 0.],500,100,0.3,0.0005,1,14,best,1,best
321,0.0005701013568271999,0.0005701013568271999,0.00050629652064,[0.         0.         0.         0.         0.         0.         0.         0.         0.         0.         0.         0.         0.         0.         0.         0.         0.         0.         0.         0.         0.         0.         0.09342494 0.         0.         0.01       0.         0.01       0.         0.         0.        ],[0. 0. 0. 0. 0. 0. 0. 0. 0. 0. 0. 0. 0. 0. 0. 0. 0. 0. 0. 0. 0. 0. 1. 0. 0. 1. 0. 1. 0. 0. 0.],500,100,0.3,0.0005,1,14,best,1,best
322,0.0005701013568271999,0.0005701013568271999,0.00050629652064,[0.         0.         0.         0.         0.         0.         0.         0.         0.         0.         0.         0.         0.         0.         0.         0.         0.         0.         0.         0.         0.         0.         0.09342494 0.         0.         0.01       0.         0.01       0.         0.         0.        ],[0. 0. 0. 0. 0. 0. 0. 0. 0. 0. 0. 0. 0. 0. 0. 0. 0. 0. 0. 0. 0. 0. 1. 0. 0. 1. 0. 1. 0. 0. 0.],500,100,0.3,0.0005,1,14,best,1,best
323,0.0005701013568271999,0.0005701013568271999,0.00050629652064,[0.         0.         0.         0.         0.         0.         0.         0.         0.         0.         0.         0.         0.         0.         0.         0.         0.         0.         0.         0.         0.         0.         0.09342494 0.         0.         0.01       0.         0.01       0.         0.         0.        ],[0. 0. 0. 0. 0. 0. 0. 0. 0. 0. 0. 0. 0. 0. 0. 0. 0. 0. 0. 0. 0. 0. 1. 0. 0. 1. 0. 1. 0. 0. 0.],500,100,0.3,0.0005,1,14,best,1,best
324,0.0005701013568271999,0.0005701013568271999,0.00050629652064,[0.         0.         0.         0.         0.         0.         0.         0.         0.         0.         0.         0.         0.         0.         0.         0.         0.         0.         0.         0.         0.         0.         0.09342494 0.         0.         0.01       0.         0.01       0.         0.         0.        ],[0. 0. 0. 0. 0. 0. 0. 0. 0. 0. 0. 0. 0. 0. 0. 0. 0. 0. 0. 0. 0. 0. 1. 0. 0. 1. 0. 1. 0. 0. 0.],500,100,0.3,0.0005,1,14,best,1,best
325,0.0005701013568271999,0.0005701013568271999,0.00050629652064,[0.         0.         0.         0.         0.         0.         0.         0.         0.         0.         0.         0.         0.         0.         0.         0.         0.         0.         0.         0.         0.         0.         0.09342494 0.         0.         0.01       0.         0.01       0.         0.         0.        ],[0. 0. 0. 0. 0. 0. 0. 0. 0. 0. 0. 0. 0. 0. 0. 0. 0. 0. 0. 0. 0. 0. 1. 0. 0. 1. 0. 1. 0. 0. 0.],500,100,0.3,0.0005,1,14,best,1,best
326,0.0005701013568271999,0.0005701013568271999,0.00050629652064,[0.         0.         0.         0.         0.         0.         0.         0.         0.         0.         0.         0.         0.         0.         0.         0.         0.         0.         0.         0.         0.         0.         0.09342494 0.         0.         0.01       0.         0.01       0.         0.         0.        ],[0. 0. 0. 0. 0. 0. 0. 0. 0. 0. 0. 0. 0. 0. 0. 0. 0. 0. 0. 0. 0. 0. 1. 0. 0. 1. 0. 1. 0. 0. 0.],500,100,0.3,0.0005,1,14,best,1,best
327,0.0005701013568271999,0.0005701013568271999,0.00050629652064,[0.         0.         0.         0.         0.         0.         0.         0.         0.         0.         0.         0.         0.         0.         0.         0.         0.         0.         0.         0.         0.         0.         0.09342494 0.         0.         0.01       0.         0.01       0.         0.         0.        ],[0. 0. 0. 0. 0. 0. 0. 0. 0. 0. 0. 0. 0. 0. 0. 0. 0. 0. 0. 0. 0. 0. 1. 0. 0. 1. 0. 1. 0. 0. 0.],500,100,0.3,0.0005,1,14,best,1,best
328,0.0005701013568271999,0.0005701013568271999,0.00050629652064,[0.         0.         0.         0.         0.         0.         0.         0.         0.         0.         0.         0.         0.         0.         0.         0.         0.         0.         0.         0.         0.         0.         0.09342494 0.         0.         0.01       0.         0.01       0.         0.         0.        ],[0. 0. 0. 0. 0. 0. 0. 0. 0. 0. 0. 0. 0. 0. 0. 0. 0. 0. 0. 0. 0. 0. 1. 0. 0. 1. 0. 1. 0. 0. 0.],500,100,0.3,0.0005,1,14,best,1,best
329,0.0005701013568271999,0.0005701013568271999,0.00050629652064,[0.         0.         0.         0.         0.         0.         0.         0.         0.         0.         0.         0.         0.         0.         0.         0.         0.         0.         0.         0.         0.         0.         0.09342494 0.         0.         0.01       0.         0.01       0.         0.         0.        ],[0. 0. 0. 0. 0. 0. 0. 0. 0. 0. 0. 0. 0. 0. 0. 0. 0. 0. 0. 0. 0. 0. 1. 0. 0. 1. 0. 1. 0. 0. 0.],500,100,0.3,0.0005,1,14,best,1,best
330,0.0005701013568271999,0.0005701013568271999,0.00050629652064,[0.         0.         0.         0.         0.         0.         0.         0.         0.         0.         0.         0.         0.         0.         0.         0.         0.         0.         0.         0.         0.         0.         0.09342494 0.         0.         0.01       0.         0.01       0.         0.         0.        ],[0. 0. 0. 0. 0. 0. 0. 0. 0. 0. 0. 0. 0. 0. 0. 0. 0. 0. 0. 0. 0. 0. 1. 0. 0. 1. 0. 1. 0. 0. 0.],500,100,0.3,0.0005,1,14,best,1,best
331,0.0005701013568271999,0.0005701013568271999,0.00050629652064,[0.         0.         0.         0.         0.         0.         0.         0.         0.         0.         0.         0.         0.         0.         0.         0.         0.         0.         0.         0.         0.         0.         0.09342494 0.         0.         0.01       0.         0.01       0.         0.         0.        ],[0. 0. 0. 0. 0. 0. 0. 0. 0. 0. 0. 0. 0. 0. 0. 0. 0. 0. 0. 0. 0. 0. 1. 0. 0. 1. 0. 1. 0. 0. 0.],500,100,0.3,0.0005,1,14,best,1,best
332,0.0005701013568271999,0.0005701013568271999,0.00050629652064,[0.         0.         0.         0.         0.         0.         0.         0.         0.         0.         0.         0.         0.         0.         0.         0.         0.         0.         0.         0.         0.         0.         0.09342494 0.         0.         0.01       0.         0.01       0.         0.         0.        ],[0. 0. 0. 0. 0. 0. 0. 0. 0. 0. 0. 0. 0. 0. 0. 0. 0. 0. 0. 0. 0. 0. 1. 0. 0. 1. 0. 1. 0. 0. 0.],500,100,0.3,0.0005,1,14,best,1,best
333,0.0005701013568271999,0.0005701013568271999,0.00050629652064,[0.         0.         0.         0.         0.         0.         0.         0.         0.         0.         0.         0.         0.         0.         0.         0.         0.         0.         0.         0.         0.         0.         0.09342494 0.         0.         0.01       0.         0.01       0.         0.         0.        ],[0. 0. 0. 0. 0. 0. 0. 0. 0. 0. 0. 0. 0. 0. 0. 0. 0. 0. 0. 0. 0. 0. 1. 0. 0. 1. 0. 1. 0. 0. 0.],500,100,0.3,0.0005,1,14,best,1,best
334,0.0005701013568271999,0.0005701013568271999,0.00050629652064,[0.         0.         0.         0.         0.         0.         0.         0.         0.         0.         0.         0.         0.         0.         0.         0.         0.         0.         0.         0.         0.         0.         0.09342494 0.         0.         0.01       0.         0.01       0.         0.         0.        ],[0. 0. 0. 0. 0. 0. 0. 0. 0. 0. 0. 0. 0. 0. 0. 0. 0. 0. 0. 0. 0. 0. 1. 0. 0. 1. 0. 1. 0. 0. 0.],500,100,0.3,0.0005,1,14,best,1,best
335,0.0005701013568271999,0.0005701013568271999,0.00050629652064,[0.         0.         0.         0.         0.         0.         0.         0.         0.         0.         0.         0.         0.         0.         0.         0.         0.         0.         0.         0.         0.         0.         0.09342494 0.         0.         0.01       0.         0.01       0.         0.         0.        ],[0. 0. 0. 0. 0. 0. 0. 0. 0. 0. 0. 0. 0. 0. 0. 0. 0. 0. 0. 0. 0. 0. 1. 0. 0. 1. 0. 1. 0. 0. 0.],500,100,0.3,0.0005,1,14,best,1,best
336,0.0005701013568271999,0.0005701013568271999,0.00050629652064,[0.         0.         0.         0.         0.         0.         0.         0.         0.         0.         0.         0.         0.         0.         0.         0.         0.         0.         0.         0.         0.         0.         0.09342494 0.         0.         0.01       0.         0.01       0.         0.         0.        ],[0. 0. 0. 0. 0. 0. 0. 0. 0. 0. 0. 0. 0. 0. 0. 0. 0. 0. 0. 0. 0. 0. 1. 0. 0. 1. 0. 1. 0. 0. 0.],500,100,0.3,0.0005,1,14,best,1,best
337,0.0005701013568271999,0.0005701013568271999,0.00050629652064,[0.         0.         0.         0.         0.         0.         0.         0.         0.         0.         0.         0.         0.         0.         0.         0.         0.         0.         0.         0.         0.         0.         0.09342494 0.         0.         0.01       0.         0.01       0.         0.         0.        ],[0. 0. 0. 0. 0. 0. 0. 0. 0. 0. 0. 0. 0. 0. 0. 0. 0. 0. 0. 0. 0. 0. 1. 0. 0. 1. 0. 1. 0. 0. 0.],500,100,0.3,0.0005,1,14,best,1,best
338,0.0005701013568271999,0.0005701013568271999,0.00050629652064,[0.         0.         0.         0.         0.         0.         0.         0.         0.         0.         0.         0.         0.         0.         0.         0.         0.         0.         0.         0.         0.         0.         0.09342494 0.         0.         0.01       0.         0.01       0.         0.         0.        ],[0. 0. 0. 0. 0. 0. 0. 0. 0. 0. 0. 0. 0. 0. 0. 0. 0. 0. 0. 0. 0. 0. 1. 0. 0. 1. 0. 1. 0. 0. 0.],500,100,0.3,0.0005,1,14,best,1,best
339,0.0005701013568271999,0.0005701013568271999,0.00050629652064,[0.         0.         0.         0.         0.         0.         0.         0.         0.         0.         0.         0.         0.         0.         0.         0.         0.         0.         0.         0.         0.         0.         0.09342494 0.         0.         0.01       0.         0.01       0.         0.         0.        ],[0. 0. 0. 0. 0. 0. 0. 0. 0. 0. 0. 0. 0. 0. 0. 0. 0. 0. 0. 0. 0. 0. 1. 0. 0. 1. 0. 1. 0. 0. 0.],500,100,0.3,0.0005,1,14,best,1,best
340,0.0005701013568271999,0.0005701013568271999,0.00050629652064,[0.         0.         0.         0.         0.         0.         0.         0.         0.         0.         0.         0.         0.         0.         0.         0.         0.         0.         0.         0.         0.         0.         0.09342494 0.         0.         0.01       0.         0.01       0.         0.         0.        ],[0. 0. 0. 0. 0. 0. 0. 0. 0. 0. 0. 0. 0. 0. 0. 0. 0. 0. 0. 0. 0. 0. 1. 0. 0. 1. 0. 1. 0. 0. 0.],500,100,0.3,0.0005,1,14,best,1,best
341,0.0005701013568271999,0.0005701013568271999,0.00050629652064,[0.         0.         0.         0.         0.         0.         0.         0.         0.         0.         0.         0.         0.         0.         0.         0.         0.         0.         0.         0.         0.         0.         0.09342494 0.         0.         0.01       0.         0.01       0.         0.         0.        ],[0. 0. 0. 0. 0. 0. 0. 0. 0. 0. 0. 0. 0. 0. 0. 0. 0. 0. 0. 0. 0. 0. 1. 0. 0. 1. 0. 1. 0. 0. 0.],500,100,0.3,0.0005,1,14,best,1,best
342,0.0005701013568271999,0.0005701013568271999,0.00050629652064,[0.         0.         0.         0.         0.         0.         0.         0.         0.         0.         0.         0.         0.         0.         0.         0.         0.         0.         0.         0.         0.         0.         0.09342494 0.         0.         0.01       0.         0.01       0.         0.         0.        ],[0. 0. 0. 0. 0. 0. 0. 0. 0. 0. 0. 0. 0. 0. 0. 0. 0. 0. 0. 0. 0. 0. 1. 0. 0. 1. 0. 1. 0. 0. 0.],500,100,0.3,0.0005,1,14,best,1,best
343,0.0005701013568271999,0.0005701013568271999,0.00050629652064,[0.         0.         0.         0.         0.         0.         0.         0.         0.         0.         0.         0.         0.         0.         0.         0.         0.         0.         0.         0.         0.         0.         0.09342494 0.         0.         0.01       0.         0.01       0.         0.         0.        ],[0. 0. 0. 0. 0. 0. 0. 0. 0. 0. 0. 0. 0. 0. 0. 0. 0. 0. 0. 0. 0. 0. 1. 0. 0. 1. 0. 1. 0. 0. 0.],500,100,0.3,0.0005,1,14,best,1,best
344,0.0005701013568271999,0.0005701013568271999,0.00050629652064,[0.         0.         0.         0.         0.         0.         0.         0.         0.         0.         0.         0.         0.         0.         0.         0.         0.         0.         0.         0.         0.         0.         0.09342494 0.         0.         0.01       0.         0.01       0.         0.         0.        ],[0. 0. 0. 0. 0. 0. 0. 0. 0. 0. 0. 0. 0. 0. 0. 0. 0. 0. 0. 0. 0. 0. 1. 0. 0. 1. 0. 1. 0. 0. 0.],500,100,0.3,0.0005,1,14,best,1,best
345,0.0005701013568271999,0.0005701013568271999,0.00050629652064,[0.         0.         0.         0.         0.         0.         0.         0.         0.         0.         0.         0.         0.         0.         0.         0.         0.         0.         0.         0.         0.         0.         0.09342494 0.         0.         0.01       0.         0.01       0.         0.         0.        ],[0. 0. 0. 0. 0. 0. 0. 0. 0. 0. 0. 0. 0. 0. 0. 0. 0. 0. 0. 0. 0. 0. 1. 0. 0. 1. 0. 1. 0. 0. 0.],500,100,0.3,0.0005,1,14,best,1,best
346,0.0005701013568271999,0.0005701013568271999,0.00050629652064,[0.         0.         0.         0.         0.         0.         0.         0.         0.         0.         0.         0.         0.         0.         0.         0.         0.         0.         0.         0.         0.         0.         0.09342494 0.         0.         0.01       0.         0.01       0.         0.         0.        ],[0. 0. 0. 0. 0. 0. 0. 0. 0. 0. 0. 0. 0. 0. 0. 0. 0. 0. 0. 0. 0. 0. 1. 0. 0. 1. 0. 1. 0. 0. 0.],500,100,0.3,0.0005,1,14,best,1,best
347,0.0005701013568271999,0.0005701013568271999,0.00050629652064,[0.         0.         0.         0.         0.         0.         0.         0.         0.         0.         0.         0.         0.         0.         0.         0.         0.         0.         0.         0.         0.         0.         0.09342494 0.         0.         0.01       0.         0.01       0.         0.         0.        ],[0. 0. 0. 0. 0. 0. 0. 0. 0. 0. 0. 0. 0. 0. 0. 0. 0. 0. 0. 0. 0. 0. 1. 0. 0. 1. 0. 1. 0. 0. 0.],500,100,0.3,0.0005,1,14,best,1,best
348,0.0005701013568271999,0.0005701013568271999,0.00050629652064,[0.         0.         0.         0.         0.         0.         0.         0.         0.         0.         0.         0.         0.         0.         0.         0.         0.         0.         0.         0.         0.         0.         0.09342494 0.         0.         0.01       0.         0.01       0.         0.         0.        ],[0. 0. 0. 0. 0. 0. 0. 0. 0. 0. 0. 0. 0. 0. 0. 0. 0. 0. 0. 0. 0. 0. 1. 0. 0. 1. 0. 1. 0. 0. 0.],500,100,0.3,0.0005,1,14,best,1,best
349,0.0005701013568271999,0.0005701013568271999,0.00050629652064,[0.         0.         0.         0.         0.         0.         0.         0.         0.         0.         0.         0.         0.         0.         0.         0.         0.         0.         0.         0.         0.         0.         0.09342494 0.         0.         0.01       0.         0.01       0.         0.         0.        ],[0. 0. 0. 0. 0. 0. 0. 0. 0. 0. 0. 0. 0. 0. 0. 0. 0. 0. 0. 0. 0. 0. 1. 0. 0. 1. 0. 1. 0. 0. 0.],500,100,0.3,0.0005,1,14,best,1,best
350,0.0005701013568271999,0.0005701013568271999,0.00050629652064,[0.         0.         0.         0.         0.         0.         0.         0.         0.         0.         0.         0.         0.         0.         0.         0.         0.         0.         0.         0.         0.         0.         0.09342494 0.         0.         0.01       0.         0.01       0.         0.         0.        ],[0. 0. 0. 0. 0. 0. 0. 0. 0. 0. 0. 0. 0. 0. 0. 0. 0. 0. 0. 0. 0. 0. 1. 0. 0. 1. 0. 1. 0. 0. 0.],500,100,0.3,0.0005,1,14,best,1,best
351,0.0005701013568271999,0.0005701013568271999,0.00050629652064,[0.         0.         0.         0.         0.         0.         0.         0.         0.         0.         0.         0.         0.         0.         0.         0.         0.         0.         0.         0.         0.         0.         0.09342494 0.         0.         0.01       0.         0.01       0.         0.         0.        ],[0. 0. 0. 0. 0. 0. 0. 0. 0. 0. 0. 0. 0. 0. 0. 0. 0. 0. 0. 0. 0. 0. 1. 0. 0. 1. 0. 1. 0. 0. 0.],500,100,0.3,0.0005,1,14,best,1,best
352,0.0005701013568271999,0.0005701013568271999,0.00050629652064,[0.         0.         0.         0.         0.         0.         0.         0.         0.         0.         0.         0.         0.         0.         0.         0.         0.         0.         0.         0.         0.         0.         0.09342494 0.         0.         0.01       0.         0.01       0.         0.         0.        ],[0. 0. 0. 0. 0. 0. 0. 0. 0. 0. 0. 0. 0. 0. 0. 0. 0. 0. 0. 0. 0. 0. 1. 0. 0. 1. 0. 1. 0. 0. 0.],500,100,0.3,0.0005,1,14,best,1,best
353,0.0005701013568271999,0.0005701013568271999,0.00050629652064,[0.         0.         0.         0.         0.         0.         0.         0.         0.         0.         0.         0.         0.         0.         0.         0.         0.         0.         0.         0.         0.         0.         0.09342494 0.         0.         0.01       0.         0.01       0.         0.         0.        ],[0. 0. 0. 0. 0. 0. 0. 0. 0. 0. 0. 0. 0. 0. 0. 0. 0. 0. 0. 0. 0. 0. 1. 0. 0. 1. 0. 1. 0. 0. 0.],500,100,0.3,0.0005,1,14,best,1,best
354,0.0005701013568271999,0.0005701013568271999,0.00050629652064,[0.         0.         0.         0.         0.         0.         0.         0.         0.         0.         0.         0.         0.         0.         0.         0.         0.         0.         0.         0.         0.         0.         0.09342494 0.         0.         0.01       0.         0.01       0.         0.         0.        ],[0. 0. 0. 0. 0. 0. 0. 0. 0. 0. 0. 0. 0. 0. 0. 0. 0. 0. 0. 0. 0. 0. 1. 0. 0. 1. 0. 1. 0. 0. 0.],500,100,0.3,0.0005,1,14,best,1,best
355,0.0005701013568271999,0.0005701013568271999,0.00050629652064,[0.         0.         0.         0.         0.         0.         0.         0.         0.         0.         0.         0.         0.         0.         0.         0.         0.         0.         0.         0.         0.         0.         0.09342494 0.         0.         0.01       0.         0.01       0.         0.         0.        ],[0. 0. 0. 0. 0. 0. 0. 0. 0. 0. 0. 0. 0. 0. 0. 0. 0. 0. 0. 0. 0. 0. 1. 0. 0. 1. 0. 1. 0. 0. 0.],500,100,0.3,0.0005,1,14,best,1,best
356,0.0005701013568271999,0.0005701013568271999,0.00050629652064,[0.         0.         0.         0.         0.         0.         0.         0.         0.         0.         0.         0.         0.         0.         0.         0.         0.         0.         0.         0.         0.         0.         0.09342494 0.         0.         0.01       0.         0.01       0.         0.         0.        ],[0. 0. 0. 0. 0. 0. 0. 0. 0. 0. 0. 0. 0. 0. 0. 0. 0. 0. 0. 0. 0. 0. 1. 0. 0. 1. 0. 1. 0. 0. 0.],500,100,0.3,0.0005,1,14,best,1,best
357,0.0005701013568271999,0.0005701013568271999,0.00050629652064,[0.         0.         0.         0.         0.         0.         0.         0.         0.         0.         0.         0.         0.         0.         0.         0.         0.         0.         0.         0.         0.         0.         0.09342494 0.         0.         0.01       0.         0.01       0.         0.         0.        ],[0. 0. 0. 0. 0. 0. 0. 0. 0. 0. 0. 0. 0. 0. 0. 0. 0. 0. 0. 0. 0. 0. 1. 0. 0. 1. 0. 1. 0. 0. 0.],500,100,0.3,0.0005,1,14,best,1,best
358,0.0005701013568271999,0.0005701013568271999,0.00050629652064,[0.         0.         0.         0.         0.         0.         0.         0.         0.         0.         0.         0.         0.         0.         0.         0.         0.         0.         0.         0.         0.         0.         0.09342494 0.         0.         0.01       0.         0.01       0.         0.         0.        ],[0. 0. 0. 0. 0. 0. 0. 0. 0. 0. 0. 0. 0. 0. 0. 0. 0. 0. 0. 0. 0. 0. 1. 0. 0. 1. 0. 1. 0. 0. 0.],500,100,0.3,0.0005,1,14,best,1,best
359,0.0005701013568271999,0.0005701013568271999,0.00050629652064,[0.         0.         0.         0.         0.         0.         0.         0.         0.         0.         0.         0.         0.         0.         0.         0.         0.         0.         0.         0.         0.         0.         0.09342494 0.         0.         0.01       0.         0.01       0.         0.         0.        ],[0. 0. 0. 0. 0. 0. 0. 0. 0. 0. 0. 0. 0. 0. 0. 0. 0. 0. 0. 0. 0. 0. 1. 0. 0. 1. 0. 1. 0. 0. 0.],500,100,0.3,0.0005,1,14,best,1,best
360,0.0005701013568271999,0.0005701013568271999,0.00050629652064,[0.         0.         0.         0.         0.         0.         0.         0.         0.         0.         0.         0.         0.         0.         0.         0.         0.         0.         0.         0.         0.         0.         0.09342494 0.         0.         0.01       0.         0.01       0.         0.         0.        ],[0. 0. 0. 0. 0. 0. 0. 0. 0. 0. 0. 0. 0. 0. 0. 0. 0. 0. 0. 0. 0. 0. 1. 0. 0. 1. 0. 1. 0. 0. 0.],500,100,0.3,0.0005,1,14,best,1,best
361,0.0005701013568271999,0.0005701013568271999,0.00050629652064,[0.         0.         0.         0.         0.         0.         0.         0.         0.         0.         0.         0.         0.         0.         0.         0.         0.         0.         0.         0.         0.         0.         0.09342494 0.         0.         0.01       0.         0.01       0.         0.         0.        ],[0. 0. 0. 0. 0. 0. 0. 0. 0. 0. 0. 0. 0. 0. 0. 0. 0. 0. 0. 0. 0. 0. 1. 0. 0. 1. 0. 1. 0. 0. 0.],500,100,0.3,0.0005,1,14,best,1,best
362,0.0005701013568271999,0.0005701013568271999,0.00050629652064,[0.         0.         0.         0.         0.         0.         0.         0.         0.         0.         0.         0.         0.         0.         0.         0.         0.         0.         0.         0.         0.         0.         0.09342494 0.         0.         0.01       0.         0.01       0.         0.         0.        ],[0. 0. 0. 0. 0. 0. 0. 0. 0. 0. 0. 0. 0. 0. 0. 0. 0. 0. 0. 0. 0. 0. 1. 0. 0. 1. 0. 1. 0. 0. 0.],500,100,0.3,0.0005,1,14,best,1,best
363,0.0005701013568271999,0.0005701013568271999,0.00050629652064,[0.         0.         0.         0.         0.         0.         0.         0.         0.         0.         0.         0.         0.         0.         0.         0.         0.         0.         0.         0.         0.         0.         0.09342494 0.         0.         0.01       0.         0.01       0.         0.         0.        ],[0. 0. 0. 0. 0. 0. 0. 0. 0. 0. 0. 0. 0. 0. 0. 0. 0. 0. 0. 0. 0. 0. 1. 0. 0. 1. 0. 1. 0. 0. 0.],500,100,0.3,0.0005,1,14,best,1,best
364,0.0005701013568271999,0.0005701013568271999,0.00050629652064,[0.         0.         0.         0.         0.         0.         0.         0.         0.         0.         0.         0.         0.         0.         0.         0.         0.         0.         0.         0.         0.         0.         0.09342494 0.         0.         0.01       0.         0.01       0.         0.         0.        ],[0. 0. 0. 0. 0. 0. 0. 0. 0. 0. 0. 0. 0. 0. 0. 0. 0. 0. 0. 0. 0. 0. 1. 0. 0. 1. 0. 1. 0. 0. 0.],500,100,0.3,0.0005,1,14,best,1,best
365,0.0005701013568271999,0.0005701013568271999,0.00050629652064,[0.         0.         0.         0.         0.         0.         0.         0.         0.         0.         0.         0.         0.         0.         0.         0.         0.         0.         0.         0.         0.         0.         0.09342494 0.         0.         0.01       0.         0.01       0.         0.         0.        ],[0. 0. 0. 0. 0. 0. 0. 0. 0. 0. 0. 0. 0. 0. 0. 0. 0. 0. 0. 0. 0. 0. 1. 0. 0. 1. 0. 1. 0. 0. 0.],500,100,0.3,0.0005,1,14,best,1,best
366,0.0005701013568271999,0.0005701013568271999,0.00050629652064,[0.         0.         0.         0.         0.         0.         0.         0.         0.         0.         0.         0.         0.         0.         0.         0.         0.         0.         0.         0.         0.         0.         0.09342494 0.         0.         0.01       0.         0.01       0.         0.         0.        ],[0. 0. 0. 0. 0. 0. 0. 0. 0. 0. 0. 0. 0. 0. 0. 0. 0. 0. 0. 0. 0. 0. 1. 0. 0. 1. 0. 1. 0. 0. 0.],500,100,0.3,0.0005,1,14,best,1,best
367,0.0005701013568271999,0.0005701013568271999,0.00050629652064,[0.         0.         0.         0.         0.         0.         0.         0.         0.         0.         0.         0.         0.         0.         0.         0.         0.         0.         0.         0.         0.         0.         0.09342494 0.         0.         0.01       0.         0.01       0.         0.         0.        ],[0. 0. 0. 0. 0. 0. 0. 0. 0. 0. 0. 0. 0. 0. 0. 0. 0. 0. 0. 0. 0. 0. 1. 0. 0. 1. 0. 1. 0. 0. 0.],500,100,0.3,0.0005,1,14,best,1,best
368,0.0005701013568271999,0.0005701013568271999,0.00050629652064,[0.         0.         0.         0.         0.         0.         0.         0.         0.         0.         0.         0.         0.         0.         0.         0.         0.         0.         0.         0.         0.         0.         0.09342494 0.         0.         0.01       0.         0.01       0.         0.         0.        ],[0. 0. 0. 0. 0. 0. 0. 0. 0. 0. 0. 0. 0. 0. 0. 0. 0. 0. 0. 0. 0. 0. 1. 0. 0. 1. 0. 1. 0. 0. 0.],500,100,0.3,0.0005,1,14,best,1,best
369,0.0005701013568271999,0.0005701013568271999,0.00050629652064,[0.         0.         0.         0.         0.         0.         0.         0.         0.         0.         0.         0.         0.         0.         0.         0.         0.         0.         0.         0.         0.         0.         0.09342494 0.         0.         0.01       0.         0.01       0.         0.         0.        ],[0. 0. 0. 0. 0. 0. 0. 0. 0. 0. 0. 0. 0. 0. 0. 0. 0. 0. 0. 0. 0. 0. 1. 0. 0. 1. 0. 1. 0. 0. 0.],500,100,0.3,0.0005,1,14,best,1,best
370,0.0005701013568271999,0.0005701013568271999,0.00050629652064,[0.         0.         0.         0.         0.         0.         0.         0.         0.         0.         0.         0.         0.         0.         0.         0.         0.         0.         0.         0.         0.         0.         0.09342494 0.         0.         0.01       0.         0.01       0.         0.         0.        ],[0. 0. 0. 0. 0. 0. 0. 0. 0. 0. 0. 0. 0. 0. 0. 0. 0. 0. 0. 0. 0. 0. 1. 0. 0. 1. 0. 1. 0. 0. 0.],500,100,0.3,0.0005,1,14,best,1,best
371,0.0005701013568271999,0.0005701013568271999,0.00050629652064,[0.         0.         0.         0.         0.         0.         0.         0.         0.         0.         0.         0.         0.         0.         0.         0.         0.         0.         0.         0.         0.         0.         0.09342494 0.         0.         0.01       0.         0.01       0.         0.         0.        ],[0. 0. 0. 0. 0. 0. 0. 0. 0. 0. 0. 0. 0. 0. 0. 0. 0. 0. 0. 0. 0. 0. 1. 0. 0. 1. 0. 1. 0. 0. 0.],500,100,0.3,0.0005,1,14,best,1,best
372,0.0005701013568271999,0.0005701013568271999,0.00050629652064,[0.         0.         0.         0.         0.         0.         0.         0.         0.         0.         0.         0.         0.         0.         0.         0.         0.         0.         0.         0.         0.         0.         0.09342494 0.         0.         0.01       0.         0.01       0.         0.         0.        ],[0. 0. 0. 0. 0. 0. 0. 0. 0. 0. 0. 0. 0. 0. 0. 0. 0. 0. 0. 0. 0. 0. 1. 0. 0. 1. 0. 1. 0. 0. 0.],500,100,0.3,0.0005,1,14,best,1,best
373,0.0005701013568271999,0.0005701013568271999,0.00050629652064,[0.         0.         0.         0.         0.         0.         0.         0.         0.         0.         0.         0.         0.         0.         0.         0.         0.         0.         0.         0.         0.         0.         0.09342494 0.         0.         0.01       0.         0.01       0.         0.         0.        ],[0. 0. 0. 0. 0. 0. 0. 0. 0. 0. 0. 0. 0. 0. 0. 0. 0. 0. 0. 0. 0. 0. 1. 0. 0. 1. 0. 1. 0. 0. 0.],500,100,0.3,0.0005,1,14,best,1,best
374,0.0005701013568271999,0.0005701013568271999,0.00050629652064,[0.         0.         0.         0.         0.         0.         0.         0.         0.         0.         0.         0.         0.         0.         0.         0.         0.         0.         0.         0.         0.         0.         0.09342494 0.         0.         0.01       0.         0.01       0.         0.         0.        ],[0. 0. 0. 0. 0. 0. 0. 0. 0. 0. 0. 0. 0. 0. 0. 0. 0. 0. 0. 0. 0. 0. 1. 0. 0. 1. 0. 1. 0. 0. 0.],500,100,0.3,0.0005,1,14,best,1,best
375,0.0005701013568271999,0.0005701013568271999,0.00050629652064,[0.         0.         0.         0.         0.         0.         0.         0.         0.         0.         0.         0.         0.         0.         0.         0.         0.         0.         0.         0.         0.         0.         0.09342494 0.         0.         0.01       0.         0.01       0.         0.         0.        ],[0. 0. 0. 0. 0. 0. 0. 0. 0. 0. 0. 0. 0. 0. 0. 0. 0. 0. 0. 0. 0. 0. 1. 0. 0. 1. 0. 1. 0. 0. 0.],500,100,0.3,0.0005,1,14,best,1,best
376,0.0005701013568271999,0.0005701013568271999,0.00050629652064,[0.         0.         0.         0.         0.         0.         0.         0.         0.         0.         0.         0.         0.         0.         0.         0.         0.         0.         0.         0.         0.         0.         0.09342494 0.         0.         0.01       0.         0.01       0.         0.         0.        ],[0. 0. 0. 0. 0. 0. 0. 0. 0. 0. 0. 0. 0. 0. 0. 0. 0. 0. 0. 0. 0. 0. 1. 0. 0. 1. 0. 1. 0. 0. 0.],500,100,0.3,0.0005,1,14,best,1,best
377,0.0005701013568271999,0.0005701013568271999,0.00050629652064,[0.         0.         0.         0.         0.         0.         0.         0.         0.         0.         0.         0.         0.         0.         0.         0.         0.         0.         0.         0.         0.         0.         0.09342494 0.         0.         0.01       0.         0.01       0.         0.         0.        ],[0. 0. 0. 0. 0. 0. 0. 0. 0. 0. 0. 0. 0. 0. 0. 0. 0. 0. 0. 0. 0. 0. 1. 0. 0. 1. 0. 1. 0. 0. 0.],500,100,0.3,0.0005,1,14,best,1,best
378,0.0005701013568271999,0.0005701013568271999,0.00050629652064,[0.         0.         0.         0.         0.         0.         0.         0.         0.         0.         0.         0.         0.         0.         0.         0.         0.         0.         0.         0.         0.         0.         0.09342494 0.         0.         0.01       0.         0.01       0.         0.         0.        ],[0. 0. 0. 0. 0. 0. 0. 0. 0. 0. 0. 0. 0. 0. 0. 0. 0. 0. 0. 0. 0. 0. 1. 0. 0. 1. 0. 1. 0. 0. 0.],500,100,0.3,0.0005,1,14,best,1,best
379,0.0005701013568271999,0.0005701013568271999,0.00050629652064,[0.         0.         0.         0.         0.         0.         0.         0.         0.         0.         0.         0.         0.         0.         0.         0.         0.         0.         0.         0.         0.         0.         0.09342494 0.         0.         0.01       0.         0.01       0.         0.         0.        ],[0. 0. 0. 0. 0. 0. 0. 0. 0. 0. 0. 0. 0. 0. 0. 0. 0. 0. 0. 0. 0. 0. 1. 0. 0. 1. 0. 1. 0. 0. 0.],500,100,0.3,0.0005,1,14,best,1,best
380,0.0005701013568271999,0.0005701013568271999,0.00050629652064,[0.         0.         0.         0.         0.         0.         0.         0.         0.         0.         0.         0.         0.         0.         0.         0.         0.         0.         0.         0.         0.         0.         0.09342494 0.         0.         0.01       0.         0.01       0.         0.         0.        ],[0. 0. 0. 0. 0. 0. 0. 0. 0. 0. 0. 0. 0. 0. 0. 0. 0. 0. 0. 0. 0. 0. 1. 0. 0. 1. 0. 1. 0. 0. 0.],500,100,0.3,0.0005,1,14,best,1,best
381,0.0005701013568271999,0.0005701013568271999,0.00050629652064,[0.         0.         0.         0.         0.         0.         0.         0.         0.         0.         0.         0.         0.         0.         0.         0.         0.         0.         0.         0.         0.         0.         0.09342494 0.         0.         0.01       0.         0.01       0.         0.         0.        ],[0. 0. 0. 0. 0. 0. 0. 0. 0. 0. 0. 0. 0. 0. 0. 0. 0. 0. 0. 0. 0. 0. 1. 0. 0. 1. 0. 1. 0. 0. 0.],500,100,0.3,0.0005,1,14,best,1,best
382,0.0005701013568271999,0.0005701013568271999,0.00050629652064,[0.         0.         0.         0.         0.         0.         0.         0.         0.         0.         0.         0.         0.         0.         0.         0.         0.         0.         0.         0.         0.         0.         0.09342494 0.         0.         0.01       0.         0.01       0.         0.         0.        ],[0. 0. 0. 0. 0. 0. 0. 0. 0. 0. 0. 0. 0. 0. 0. 0. 0. 0. 0. 0. 0. 0. 1. 0. 0. 1. 0. 1. 0. 0. 0.],500,100,0.3,0.0005,1,14,best,1,best
383,0.0005701013568271999,0.0005701013568271999,0.00050629652064,[0.         0.         0.         0.         0.         0.         0.         0.         0.         0.         0.         0.         0.         0.         0.         0.         0.         0.         0.         0.         0.         0.         0.09342494 0.         0.         0.01       0.         0.01       0.         0.         0.        ],[0. 0. 0. 0. 0. 0. 0. 0. 0. 0. 0. 0. 0. 0. 0. 0. 0. 0. 0. 0. 0. 0. 1. 0. 0. 1. 0. 1. 0. 0. 0.],500,100,0.3,0.0005,1,14,best,1,best
384,0.0005701013568271999,0.0005701013568271999,0.00050629652064,[0.         0.         0.         0.         0.         0.         0.         0.         0.         0.         0.         0.         0.         0.         0.         0.         0.         0.         0.         0.         0.         0.         0.09342494 0.         0.         0.01       0.         0.01       0.         0.         0.        ],[0. 0. 0. 0. 0. 0. 0. 0. 0. 0. 0. 0. 0. 0. 0. 0. 0. 0. 0. 0. 0. 0. 1. 0. 0. 1. 0. 1. 0. 0. 0.],500,100,0.3,0.0005,1,14,best,1,best
385,0.0005701013568271999,0.0005701013568271999,0.00050629652064,[0.         0.         0.         0.         0.         0.         0.         0.         0.         0.         0.         0.         0.         0.         0.         0.         0.         0.         0.         0.         0.         0.         0.09342494 0.         0.         0.01       0.         0.01       0.         0.         0.        ],[0. 0. 0. 0. 0. 0. 0. 0. 0. 0. 0. 0. 0. 0. 0. 0. 0. 0. 0. 0. 0. 0. 1. 0. 0. 1. 0. 1. 0. 0. 0.],500,100,0.3,0.0005,1,14,best,1,best
386,0.0005701013568271999,0.0005701013568271999,0.00050629652064,[0.         0.         0.         0.         0.         0.         0.         0.         0.         0.         0.         0.         0.         0.         0.         0.         0.         0.         0.         0.         0.         0.         0.09342494 0.         0.         0.01       0.         0.01       0.         0.         0.        ],[0. 0. 0. 0. 0. 0. 0. 0. 0. 0. 0. 0. 0. 0. 0. 0. 0. 0. 0. 0. 0. 0. 1. 0. 0. 1. 0. 1. 0. 0. 0.],500,100,0.3,0.0005,1,14,best,1,best
387,0.0005701013568271999,0.0005701013568271999,0.00050629652064,[0.         0.         0.         0.         0.         0.         0.         0.         0.         0.         0.         0.         0.         0.         0.         0.         0.         0.         0.         0.         0.         0.         0.09342494 0.         0.         0.01       0.         0.01       0.         0.         0.        ],[0. 0. 0. 0. 0. 0. 0. 0. 0. 0. 0. 0. 0. 0. 0. 0. 0. 0. 0. 0. 0. 0. 1. 0. 0. 1. 0. 1. 0. 0. 0.],500,100,0.3,0.0005,1,14,best,1,best
388,0.0005701013568271999,0.0005701013568271999,0.00050629652064,[0.         0.         0.         0.         0.         0.         0.         0.         0.         0.         0.         0.         0.         0.         0.         0.         0.         0.         0.         0.         0.         0.         0.09342494 0.         0.         0.01       0.         0.01       0.         0.         0.        ],[0. 0. 0. 0. 0. 0. 0. 0. 0. 0. 0. 0. 0. 0. 0. 0. 0. 0. 0. 0. 0. 0. 1. 0. 0. 1. 0. 1. 0. 0. 0.],500,100,0.3,0.0005,1,14,best,1,best
389,0.0005701013568271999,0.0005701013568271999,0.00050629652064,[0.         0.         0.         0.         0.         0.         0.         0.         0.         0.         0.         0.         0.         0.         0.         0.         0.         0.         0.         0.         0.         0.         0.09342494 0.         0.         0.01       0.         0.01       0.         0.         0.        ],[0. 0. 0. 0. 0. 0. 0. 0. 0. 0. 0. 0. 0. 0. 0. 0. 0. 0. 0. 0. 0. 0. 1. 0. 0. 1. 0. 1. 0. 0. 0.],500,100,0.3,0.0005,1,14,best,1,best
390,0.0005701013568271999,0.0005701013568271999,0.00050629652064,[0.         0.         0.         0.         0.         0.         0.         0.         0.         0.         0.         0.         0.         0.         0.         0.         0.         0.         0.         0.         0.         0.         0.09342494 0.         0.         0.01       0.         0.01       0.         0.         0.        ],[0. 0. 0. 0. 0. 0. 0. 0. 0. 0. 0. 0. 0. 0. 0. 0. 0. 0. 0. 0. 0. 0. 1. 0. 0. 1. 0. 1. 0. 0. 0.],500,100,0.3,0.0005,1,14,best,1,best
391,0.0005701013568271999,0.0005701013568271999,0.00050629652064,[0.         0.         0.         0.         0.         0.         0.         0.         0.         0.         0.         0.         0.         0.         0.         0.         0.         0.         0.         0.         0.         0.         0.09342494 0.         0.         0.01       0.         0.01       0.         0.         0.        ],[0. 0. 0. 0. 0. 0. 0. 0. 0. 0. 0. 0. 0. 0. 0. 0. 0. 0. 0. 0. 0. 0. 1. 0. 0. 1. 0. 1. 0. 0. 0.],500,100,0.3,0.0005,1,14,best,1,best
392,0.0005701013568271999,0.0005701013568271999,0.00050629652064,[0.         0.         0.         0.         0.         0.         0.         0.         0.         0.         0.         0.         0.         0.         0.         0.         0.         0.         0.         0.         0.         0.         0.09342494 0.         0.         0.01       0.         0.01       0.         0.         0.        ],[0. 0. 0. 0. 0. 0. 0. 0. 0. 0. 0. 0. 0. 0. 0. 0. 0. 0. 0. 0. 0. 0. 1. 0. 0. 1. 0. 1. 0. 0. 0.],500,100,0.3,0.0005,1,14,best,1,best
393,0.0005701013568271999,0.0005701013568271999,0.00050629652064,[0.         0.         0.         0.         0.         0.         0.         0.         0.         0.         0.         0.         0.         0.         0.         0.         0.         0.         0.         0.         0.         0.         0.09342494 0.         0.         0.01       0.         0.01       0.         0.         0.        ],[0. 0. 0. 0. 0. 0. 0. 0. 0. 0. 0. 0. 0. 0. 0. 0. 0. 0. 0. 0. 0. 0. 1. 0. 0. 1. 0. 1. 0. 0. 0.],500,100,0.3,0.0005,1,14,best,1,best
394,0.0005701013568271999,0.0005701013568271999,0.00050629652064,[0.         0.         0.         0.         0.         0.         0.         0.         0.         0.         0.         0.         0.         0.         0.         0.         0.         0.         0.         0.         0.         0.         0.09342494 0.         0.         0.01       0.         0.01       0.         0.         0.        ],[0. 0. 0. 0. 0. 0. 0. 0. 0. 0. 0. 0. 0. 0. 0. 0. 0. 0. 0. 0. 0. 0. 1. 0. 0. 1. 0. 1. 0. 0. 0.],500,100,0.3,0.0005,1,14,best,1,best
395,0.0005701013568271999,0.0005701013568271999,0.00050629652064,[0.         0.         0.         0.         0.         0.         0.         0.         0.         0.         0.         0.         0.         0.         0.         0.         0.         0.         0.         0.         0.         0.         0.09342494 0.         0.         0.01       0.         0.01       0.         0.         0.        ],[0. 0. 0. 0. 0. 0. 0. 0. 0. 0. 0. 0. 0. 0. 0. 0. 0. 0. 0. 0. 0. 0. 1. 0. 0. 1. 0. 1. 0. 0. 0.],500,100,0.3,0.0005,1,14,best,1,best
396,0.0005701013568271999,0.0005701013568271999,0.00050629652064,[0.         0.         0.         0.         0.         0.         0.         0.         0.         0.         0.         0.         0.         0.         0.         0.         0.         0.         0.         0.         0.         0.         0.09342494 0.         0.         0.01       0.         0.01       0.         0.         0.        ],[0. 0. 0. 0. 0. 0. 0. 0. 0. 0. 0. 0. 0. 0. 0. 0. 0. 0. 0. 0. 0. 0. 1. 0. 0. 1. 0. 1. 0. 0. 0.],500,100,0.3,0.0005,1,14,best,1,best
397,0.0005701013568271999,0.0005701013568271999,0.00050629652064,[0.         0.         0.         0.         0.         0.         0.         0.         0.         0.         0.         0.         0.         0.         0.         0.         0.         0.         0.         0.         0.         0.         0.09342494 0.         0.         0.01       0.         0.01       0.         0.         0.        ],[0. 0. 0. 0. 0. 0. 0. 0. 0. 0. 0. 0. 0. 0. 0. 0. 0. 0. 0. 0. 0. 0. 1. 0. 0. 1. 0. 1. 0. 0. 0.],500,100,0.3,0.0005,1,14,best,1,best
398,0.0005701013568271999,0.0005701013568271999,0.00050629652064,[0.         0.         0.         0.         0.         0.         0.         0.         0.         0.         0.         0.         0.         0.         0.         0.         0.         0.         0.         0.         0.         0.         0.09342494 0.         0.         0.01       0.         0.01       0.         0.         0.        ],[0. 0. 0. 0. 0. 0. 0. 0. 0. 0. 0. 0. 0. 0. 0. 0. 0. 0. 0. 0. 0. 0. 1. 0. 0. 1. 0. 1. 0. 0. 0.],500,100,0.3,0.0005,1,14,best,1,best
399,0.0005701013568271999,0.0005701013568271999,0.00050629652064,[0.         0.         0.         0.         0.         0.         0.         0.         0.         0.         0.         0.         0.         0.         0.         0.         0.         0.         0.         0.         0.         0.         0.09342494 0.         0.         0.01       0.         0.01       0.         0.         0.        ],[0. 0. 0. 0. 0. 0. 0. 0. 0. 0. 0. 0. 0. 0. 0. 0. 0. 0. 0. 0. 0. 0. 1. 0. 0. 1. 0. 1. 0. 0. 0.],500,100,0.3,0.0005,1,14,best,1,best
400,0.0005701013568271999,0.0005701013568271999,0.00050629652064,[0.         0.         0.         0.         0.         0.         0.         0.         0.         0.         0.         0.         0.         0.         0.         0.         0.         0.         0.         0.         0.         0.         0.09342494 0.         0.         0.01       0.         0.01       0.         0.         0.        ],[0. 0. 0. 0. 0. 0. 0. 0. 0. 0. 0. 0. 0. 0. 0. 0. 0. 0. 0. 0. 0. 0. 1. 0. 0. 1. 0. 1. 0. 0. 0.],500,100,0.3,0.0005,1,14,best,1,best
401,0.0005701013568271999,0.0005701013568271999,0.00050629652064,[0.         0.         0.         0.         0.         0.         0.         0.         0.         0.         0.         0.         0.         0.         0.         0.         0.         0.         0.         0.         0.         0.         0.09342494 0.         0.         0.01       0.         0.01       0.         0.         0.        ],[0. 0. 0. 0. 0. 0. 0. 0. 0. 0. 0. 0. 0. 0. 0. 0. 0. 0. 0. 0. 0. 0. 1. 0. 0. 1. 0. 1. 0. 0. 0.],500,100,0.3,0.0005,1,14,best,1,best
402,0.0005701013568271999,0.0005701013568271999,0.00050629652064,[0.         0.         0.         0.         0.         0.         0.         0.         0.         0.         0.         0.         0.         0.         0.         0.         0.         0.         0.         0.         0.         0.         0.09342494 0.         0.         0.01       0.         0.01       0.         0.         0.        ],[0. 0. 0. 0. 0. 0. 0. 0. 0. 0. 0. 0. 0. 0. 0. 0. 0. 0. 0. 0. 0. 0. 1. 0. 0. 1. 0. 1. 0. 0. 0.],500,100,0.3,0.0005,1,14,best,1,best
403,0.0005701013568271999,0.0005701013568271999,0.00050629652064,[0.         0.         0.         0.         0.         0.         0.         0.         0.         0.         0.         0.         0.         0.         0.         0.         0.         0.         0.         0.         0.         0.         0.09342494 0.         0.         0.01       0.         0.01       0.         0.         0.        ],[0. 0. 0. 0. 0. 0. 0. 0. 0. 0. 0. 0. 0. 0. 0. 0. 0. 0. 0. 0. 0. 0. 1. 0. 0. 1. 0. 1. 0. 0. 0.],500,100,0.3,0.0005,1,14,best,1,best
404,0.0005701013568271999,0.0005701013568271999,0.00050629652064,[0.         0.         0.         0.         0.         0.         0.         0.         0.         0.         0.         0.         0.         0.         0.         0.         0.         0.         0.         0.         0.         0.         0.09342494 0.         0.         0.01       0.         0.01       0.         0.         0.        ],[0. 0. 0. 0. 0. 0. 0. 0. 0. 0. 0. 0. 0. 0. 0. 0. 0. 0. 0. 0. 0. 0. 1. 0. 0. 1. 0. 1. 0. 0. 0.],500,100,0.3,0.0005,1,14,best,1,best
405,0.0005701013568271999,0.0005701013568271999,0.00050629652064,[0.         0.         0.         0.         0.         0.         0.         0.         0.         0.         0.         0.         0.         0.         0.         0.         0.         0.         0.         0.         0.         0.         0.09342494 0.         0.         0.01       0.         0.01       0.         0.         0.        ],[0. 0. 0. 0. 0. 0. 0. 0. 0. 0. 0. 0. 0. 0. 0. 0. 0. 0. 0. 0. 0. 0. 1. 0. 0. 1. 0. 1. 0. 0. 0.],500,100,0.3,0.0005,1,14,best,1,best
406,0.0005701013568271999,0.0005701013568271999,0.00050629652064,[0.         0.         0.         0.         0.         0.         0.         0.         0.         0.         0.         0.         0.         0.         0.         0.         0.         0.         0.         0.         0.         0.         0.09342494 0.         0.         0.01       0.         0.01       0.         0.         0.        ],[0. 0. 0. 0. 0. 0. 0. 0. 0. 0. 0. 0. 0. 0. 0. 0. 0. 0. 0. 0. 0. 0. 1. 0. 0. 1. 0. 1. 0. 0. 0.],500,100,0.3,0.0005,1,14,best,1,best
407,0.0005701013568271999,0.0005701013568271999,0.00050629652064,[0.         0.         0.         0.         0.         0.         0.         0.         0.         0.         0.         0.         0.         0.         0.         0.         0.         0.         0.         0.         0.         0.         0.09342494 0.         0.         0.01       0.         0.01       0.         0.         0.        ],[0. 0. 0. 0. 0. 0. 0. 0. 0. 0. 0. 0. 0. 0. 0. 0. 0. 0. 0. 0. 0. 0. 1. 0. 0. 1. 0. 1. 0. 0. 0.],500,100,0.3,0.0005,1,14,best,1,best
408,0.0005701013568271999,0.0005701013568271999,0.00050629652064,[0.         0.         0.         0.         0.         0.         0.         0.         0.         0.         0.         0.         0.         0.         0.         0.         0.         0.         0.         0.         0.         0.         0.09342494 0.         0.         0.01       0.         0.01       0.         0.         0.        ],[0. 0. 0. 0. 0. 0. 0. 0. 0. 0. 0. 0. 0. 0. 0. 0. 0. 0. 0. 0. 0. 0. 1. 0. 0. 1. 0. 1. 0. 0. 0.],500,100,0.3,0.0005,1,14,best,1,best
409,0.0005701013568271999,0.0005701013568271999,0.00050629652064,[0.         0.         0.         0.         0.         0.         0.         0.         0.         0.         0.         0.         0.         0.         0.         0.         0.         0.         0.         0.         0.         0.         0.09342494 0.         0.         0.01       0.         0.01       0.         0.         0.        ],[0. 0. 0. 0. 0. 0. 0. 0. 0. 0. 0. 0. 0. 0. 0. 0. 0. 0. 0. 0. 0. 0. 1. 0. 0. 1. 0. 1. 0. 0. 0.],500,100,0.3,0.0005,1,14,best,1,best
410,0.0005701013568271999,0.0005701013568271999,0.00050629652064,[0.         0.         0.         0.         0.         0.         0.         0.         0.         0.         0.         0.         0.         0.         0.         0.         0.         0.         0.         0.         0.         0.         0.09342494 0.         0.         0.01       0.         0.01       0.         0.         0.        ],[0. 0. 0. 0. 0. 0. 0. 0. 0. 0. 0. 0. 0. 0. 0. 0. 0. 0. 0. 0. 0. 0. 1. 0. 0. 1. 0. 1. 0. 0. 0.],500,100,0.3,0.0005,1,14,best,1,best
411,0.0005701013568271999,0.0005701013568271999,0.00050629652064,[0.         0.         0.         0.         0.         0.         0.         0.         0.         0.         0.         0.         0.         0.         0.         0.         0.         0.         0.         0.         0.         0.         0.09342494 0.         0.         0.01       0.         0.01       0.         0.         0.        ],[0. 0. 0. 0. 0. 0. 0. 0. 0. 0. 0. 0. 0. 0. 0. 0. 0. 0. 0. 0. 0. 0. 1. 0. 0. 1. 0. 1. 0. 0. 0.],500,100,0.3,0.0005,1,14,best,1,best
412,0.0005701013568271999,0.0005701013568271999,0.00050629652064,[0.         0.         0.         0.         0.         0.         0.         0.         0.         0.         0.         0.         0.         0.         0.         0.         0.         0.         0.         0.         0.         0.         0.09342494 0.         0.         0.01       0.         0.01       0.         0.         0.        ],[0. 0. 0. 0. 0. 0. 0. 0. 0. 0. 0. 0. 0. 0. 0. 0. 0. 0. 0. 0. 0. 0. 1. 0. 0. 1. 0. 1. 0. 0. 0.],500,100,0.3,0.0005,1,14,best,1,best
413,0.0005701013568271999,0.0005701013568271999,0.00050629652064,[0.         0.         0.         0.         0.         0.         0.         0.         0.         0.         0.         0.         0.         0.         0.         0.         0.         0.         0.         0.         0.         0.         0.09342494 0.         0.         0.01       0.         0.01       0.         0.         0.        ],[0. 0. 0. 0. 0. 0. 0. 0. 0. 0. 0. 0. 0. 0. 0. 0. 0. 0. 0. 0. 0. 0. 1. 0. 0. 1. 0. 1. 0. 0. 0.],500,100,0.3,0.0005,1,14,best,1,best
414,0.0005701013568271999,0.0005701013568271999,0.00050629652064,[0.         0.         0.         0.         0.         0.         0.         0.         0.         0.         0.         0.         0.         0.         0.         0.         0.         0.         0.         0.         0.         0.         0.09342494 0.         0.         0.01       0.         0.01       0.         0.         0.        ],[0. 0. 0. 0. 0. 0. 0. 0. 0. 0. 0. 0. 0. 0. 0. 0. 0. 0. 0. 0. 0. 0. 1. 0. 0. 1. 0. 1. 0. 0. 0.],500,100,0.3,0.0005,1,14,best,1,best
415,0.0005701013568271999,0.0005701013568271999,0.00050629652064,[0.         0.         0.         0.         0.         0.         0.         0.         0.         0.         0.         0.         0.         0.         0.         0.         0.         0.         0.         0.         0.         0.         0.09342494 0.         0.         0.01       0.         0.01       0.         0.         0.        ],[0. 0. 0. 0. 0. 0. 0. 0. 0. 0. 0. 0. 0. 0. 0. 0. 0. 0. 0. 0. 0. 0. 1. 0. 0. 1. 0. 1. 0. 0. 0.],500,100,0.3,0.0005,1,14,best,1,best
416,0.0005701013568271999,0.0005701013568271999,0.00050629652064,[0.         0.         0.         0.         0.         0.         0.         0.         0.         0.         0.         0.         0.         0.         0.         0.         0.         0.         0.         0.         0.         0.         0.09342494 0.         0.         0.01       0.         0.01       0.         0.         0.        ],[0. 0. 0. 0. 0. 0. 0. 0. 0. 0. 0. 0. 0. 0. 0. 0. 0. 0. 0. 0. 0. 0. 1. 0. 0. 1. 0. 1. 0. 0. 0.],500,100,0.3,0.0005,1,14,best,1,best
417,0.0005701013568271999,0.0005701013568271999,0.00050629652064,[0.         0.         0.         0.         0.         0.         0.         0.         0.         0.         0.         0.         0.         0.         0.         0.         0.         0.         0.         0.         0.         0.         0.09342494 0.         0.         0.01       0.         0.01       0.         0.         0.        ],[0. 0. 0. 0. 0. 0. 0. 0. 0. 0. 0. 0. 0. 0. 0. 0. 0. 0. 0. 0. 0. 0. 1. 0. 0. 1. 0. 1. 0. 0. 0.],500,100,0.3,0.0005,1,14,best,1,best
418,0.0005701013568271999,0.0005701013568271999,0.00050629652064,[0.         0.         0.         0.         0.         0.         0.         0.         0.         0.         0.         0.         0.         0.         0.         0.         0.         0.         0.         0.         0.         0.         0.09342494 0.         0.         0.01       0.         0.01       0.         0.         0.        ],[0. 0. 0. 0. 0. 0. 0. 0. 0. 0. 0. 0. 0. 0. 0. 0. 0. 0. 0. 0. 0. 0. 1. 0. 0. 1. 0. 1. 0. 0. 0.],500,100,0.3,0.0005,1,14,best,1,best
419,0.0005701013568271999,0.0005701013568271999,0.00050629652064,[0.         0.         0.         0.         0.         0.         0.         0.         0.         0.         0.         0.         0.         0.         0.         0.         0.         0.         0.         0.         0.         0.         0.09342494 0.         0.         0.01       0.         0.01       0.         0.         0.        ],[0. 0. 0. 0. 0. 0. 0. 0. 0. 0. 0. 0. 0. 0. 0. 0. 0. 0. 0. 0. 0. 0. 1. 0. 0. 1. 0. 1. 0. 0. 0.],500,100,0.3,0.0005,1,14,best,1,best
420,0.0005701013568271999,0.0005701013568271999,0.00050629652064,[0.         0.         0.         0.         0.         0.         0.         0.         0.         0.         0.         0.         0.         0.         0.         0.         0.         0.         0.         0.         0.         0.         0.09342494 0.         0.         0.01       0.         0.01       0.         0.         0.        ],[0. 0. 0. 0. 0. 0. 0. 0. 0. 0. 0. 0. 0. 0. 0. 0. 0. 0. 0. 0. 0. 0. 1. 0. 0. 1. 0. 1. 0. 0. 0.],500,100,0.3,0.0005,1,14,best,1,best
421,0.0005701013568271999,0.0005701013568271999,0.00050629652064,[0.         0.         0.         0.         0.         0.         0.         0.         0.         0.         0.         0.         0.         0.         0.         0.         0.         0.         0.         0.         0.         0.         0.09342494 0.         0.         0.01       0.         0.01       0.         0.         0.        ],[0. 0. 0. 0. 0. 0. 0. 0. 0. 0. 0. 0. 0. 0. 0. 0. 0. 0. 0. 0. 0. 0. 1. 0. 0. 1. 0. 1. 0. 0. 0.],500,100,0.3,0.0005,1,14,best,1,best
422,0.0005701013568271999,0.0005701013568271999,0.00050629652064,[0.         0.         0.         0.         0.         0.         0.         0.         0.         0.         0.         0.         0.         0.         0.         0.         0.         0.         0.         0.         0.         0.         0.09342494 0.         0.         0.01       0.         0.01       0.         0.         0.        ],[0. 0. 0. 0. 0. 0. 0. 0. 0. 0. 0. 0. 0. 0. 0. 0. 0. 0. 0. 0. 0. 0. 1. 0. 0. 1. 0. 1. 0. 0. 0.],500,100,0.3,0.0005,1,14,best,1,best
423,0.0005701013568271999,0.0005701013568271999,0.00050629652064,[0.         0.         0.         0.         0.         0.         0.         0.         0.         0.         0.         0.         0.         0.         0.         0.         0.         0.         0.         0.         0.         0.         0.09342494 0.         0.         0.01       0.         0.01       0.         0.         0.        ],[0. 0. 0. 0. 0. 0. 0. 0. 0. 0. 0. 0. 0. 0. 0. 0. 0. 0. 0. 0. 0. 0. 1. 0. 0. 1. 0. 1. 0. 0. 0.],500,100,0.3,0.0005,1,14,best,1,best
424,0.0005701013568271999,0.0005701013568271999,0.00050629652064,[0.         0.         0.         0.         0.         0.         0.         0.         0.         0.         0.         0.         0.         0.         0.         0.         0.         0.         0.         0.         0.         0.         0.09342494 0.         0.         0.01       0.         0.01       0.         0.         0.        ],[0. 0. 0. 0. 0. 0. 0. 0. 0. 0. 0. 0. 0. 0. 0. 0. 0. 0. 0. 0. 0. 0. 1. 0. 0. 1. 0. 1. 0. 0. 0.],500,100,0.3,0.0005,1,14,best,1,best
425,0.0005701013568271999,0.0005701013568271999,0.00050629652064,[0.         0.         0.         0.         0.         0.         0.         0.         0.         0.         0.         0.         0.         0.         0.         0.         0.         0.         0.         0.         0.         0.         0.09342494 0.         0.         0.01       0.         0.01       0.         0.         0.        ],[0. 0. 0. 0. 0. 0. 0. 0. 0. 0. 0. 0. 0. 0. 0. 0. 0. 0. 0. 0. 0. 0. 1. 0. 0. 1. 0. 1. 0. 0. 0.],500,100,0.3,0.0005,1,14,best,1,best
426,0.0005701013568271999,0.0005701013568271999,0.00050629652064,[0.         0.         0.         0.         0.         0.         0.         0.         0.         0.         0.         0.         0.         0.         0.         0.         0.         0.         0.         0.         0.         0.         0.09342494 0.         0.         0.01       0.         0.01       0.         0.         0.        ],[0. 0. 0. 0. 0. 0. 0. 0. 0. 0. 0. 0. 0. 0. 0. 0. 0. 0. 0. 0. 0. 0. 1. 0. 0. 1. 0. 1. 0. 0. 0.],500,100,0.3,0.0005,1,14,best,1,best
427,0.0005701013568271999,0.0005701013568271999,0.00050629652064,[0.         0.         0.         0.         0.         0.         0.         0.         0.         0.         0.         0.         0.         0.         0.         0.         0.         0.         0.         0.         0.         0.         0.09342494 0.         0.         0.01       0.         0.01       0.         0.         0.        ],[0. 0. 0. 0. 0. 0. 0. 0. 0. 0. 0. 0. 0. 0. 0. 0. 0. 0. 0. 0. 0. 0. 1. 0. 0. 1. 0. 1. 0. 0. 0.],500,100,0.3,0.0005,1,14,best,1,best
428,0.0005701013568271999,0.0005701013568271999,0.00050629652064,[0.         0.         0.         0.         0.         0.         0.         0.         0.         0.         0.         0.         0.         0.         0.         0.         0.         0.         0.         0.         0.         0.         0.09342494 0.         0.         0.01       0.         0.01       0.         0.         0.        ],[0. 0. 0. 0. 0. 0. 0. 0. 0. 0. 0. 0. 0. 0. 0. 0. 0. 0. 0. 0. 0. 0. 1. 0. 0. 1. 0. 1. 0. 0. 0.],500,100,0.3,0.0005,1,14,best,1,best
429,0.0005701013568271999,0.0005701013568271999,0.00050629652064,[0.         0.         0.         0.         0.         0.         0.         0.         0.         0.         0.         0.         0.         0.         0.         0.         0.         0.         0.         0.         0.         0.         0.09342494 0.         0.         0.01       0.         0.01       0.         0.         0.        ],[0. 0. 0. 0. 0. 0. 0. 0. 0. 0. 0. 0. 0. 0. 0. 0. 0. 0. 0. 0. 0. 0. 1. 0. 0. 1. 0. 1. 0. 0. 0.],500,100,0.3,0.0005,1,14,best,1,best
430,0.0005701013568271999,0.0005701013568271999,0.00050629652064,[0.         0.         0.         0.         0.         0.         0.         0.         0.         0.         0.         0.         0.         0.         0.         0.         0.         0.         0.         0.         0.         0.         0.09342494 0.         0.         0.01       0.         0.01       0.         0.         0.        ],[0. 0. 0. 0. 0. 0. 0. 0. 0. 0. 0. 0. 0. 0. 0. 0. 0. 0. 0. 0. 0. 0. 1. 0. 0. 1. 0. 1. 0. 0. 0.],500,100,0.3,0.0005,1,14,best,1,best
431,0.0005701013568271999,0.0005701013568271999,0.00050629652064,[0.         0.         0.         0.         0.         0.         0.         0.         0.         0.         0.         0.         0.         0.         0.         0.         0.         0.         0.         0.         0.         0.         0.09342494 0.         0.         0.01       0.         0.01       0.         0.         0.        ],[0. 0. 0. 0. 0. 0. 0. 0. 0. 0. 0. 0. 0. 0. 0. 0. 0. 0. 0. 0. 0. 0. 1. 0. 0. 1. 0. 1. 0. 0. 0.],500,100,0.3,0.0005,1,14,best,1,best
432,0.0005701013568271999,0.0005701013568271999,0.00050629652064,[0.         0.         0.         0.         0.         0.         0.         0.         0.         0.         0.         0.         0.         0.         0.         0.         0.         0.         0.         0.         0.         0.         0.09342494 0.         0.         0.01       0.         0.01       0.         0.         0.        ],[0. 0. 0. 0. 0. 0. 0. 0. 0. 0. 0. 0. 0. 0. 0. 0. 0. 0. 0. 0. 0. 0. 1. 0. 0. 1. 0. 1. 0. 0. 0.],500,100,0.3,0.0005,1,14,best,1,best
433,0.0005701013568271999,0.0005701013568271999,0.00050629652064,[0.         0.         0.         0.         0.         0.         0.         0.         0.         0.         0.         0.         0.         0.         0.         0.         0.         0.         0.         0.         0.         0.         0.09342494 0.         0.         0.01       0.         0.01       0.         0.         0.        ],[0. 0. 0. 0. 0. 0. 0. 0. 0. 0. 0. 0. 0. 0. 0. 0. 0. 0. 0. 0. 0. 0. 1. 0. 0. 1. 0. 1. 0. 0. 0.],500,100,0.3,0.0005,1,14,best,1,best
434,0.0005701013568271999,0.0005701013568271999,0.00050629652064,[0.         0.         0.         0.         0.         0.         0.         0.         0.         0.         0.         0.         0.         0.         0.         0.         0.         0.         0.         0.         0.         0.         0.09342494 0.         0.         0.01       0.         0.01       0.         0.         0.        ],[0. 0. 0. 0. 0. 0. 0. 0. 0. 0. 0. 0. 0. 0. 0. 0. 0. 0. 0. 0. 0. 0. 1. 0. 0. 1. 0. 1. 0. 0. 0.],500,100,0.3,0.0005,1,14,best,1,best
435,0.0005701013568271999,0.0005701013568271999,0.00050629652064,[0.         0.         0.         0.         0.         0.         0.         0.         0.         0.         0.         0.         0.         0.         0.         0.         0.         0.         0.         0.         0.         0.         0.09342494 0.         0.         0.01       0.         0.01       0.         0.         0.        ],[0. 0. 0. 0. 0. 0. 0. 0. 0. 0. 0. 0. 0. 0. 0. 0. 0. 0. 0. 0. 0. 0. 1. 0. 0. 1. 0. 1. 0. 0. 0.],500,100,0.3,0.0005,1,14,best,1,best
436,0.0005701013568271999,0.0005701013568271999,0.00050629652064,[0.         0.         0.         0.         0.         0.         0.         0.         0.         0.         0.         0.         0.         0.         0.         0.         0.         0.         0.         0.         0.         0.         0.09342494 0.         0.         0.01       0.         0.01       0.         0.         0.        ],[0. 0. 0. 0. 0. 0. 0. 0. 0. 0. 0. 0. 0. 0. 0. 0. 0. 0. 0. 0. 0. 0. 1. 0. 0. 1. 0. 1. 0. 0. 0.],500,100,0.3,0.0005,1,14,best,1,best
437,0.0005701013568271999,0.0005701013568271999,0.00050629652064,[0.         0.         0.         0.         0.         0.         0.         0.         0.         0.         0.         0.         0.         0.         0.         0.         0.         0.         0.         0.         0.         0.         0.09342494 0.         0.         0.01       0.         0.01       0.         0.         0.        ],[0. 0. 0. 0. 0. 0. 0. 0. 0. 0. 0. 0. 0. 0. 0. 0. 0. 0. 0. 0. 0. 0. 1. 0. 0. 1. 0. 1. 0. 0. 0.],500,100,0.3,0.0005,1,14,best,1,best
438,0.0005701013568271999,0.0005701013568271999,0.00050629652064,[0.         0.         0.         0.         0.         0.         0.         0.         0.         0.         0.         0.         0.         0.         0.         0.         0.         0.         0.         0.         0.         0.         0.09342494 0.         0.         0.01       0.         0.01       0.         0.         0.        ],[0. 0. 0. 0. 0. 0. 0. 0. 0. 0. 0. 0. 0. 0. 0. 0. 0. 0. 0. 0. 0. 0. 1. 0. 0. 1. 0. 1. 0. 0. 0.],500,100,0.3,0.0005,1,14,best,1,best
439,0.0005701013568271999,0.0005701013568271999,0.00050629652064,[0.         0.         0.         0.         0.         0.         0.         0.         0.         0.         0.         0.         0.         0.         0.         0.         0.         0.         0.         0.         0.         0.         0.09342494 0.         0.         0.01       0.         0.01       0.         0.         0.        ],[0. 0. 0. 0. 0. 0. 0. 0. 0. 0. 0. 0. 0. 0. 0. 0. 0. 0. 0. 0. 0. 0. 1. 0. 0. 1. 0. 1. 0. 0. 0.],500,100,0.3,0.0005,1,14,best,1,best
440,0.0005701013568271999,0.0005701013568271999,0.00050629652064,[0.         0.         0.         0.         0.         0.         0.         0.         0.         0.         0.         0.         0.         0.         0.         0.         0.         0.         0.         0.         0.         0.         0.09342494 0.         0.         0.01       0.         0.01       0.         0.         0.        ],[0. 0. 0. 0. 0. 0. 0. 0. 0. 0. 0. 0. 0. 0. 0. 0. 0. 0. 0. 0. 0. 0. 1. 0. 0. 1. 0. 1. 0. 0. 0.],500,100,0.3,0.0005,1,14,best,1,best
441,0.0005701013568271999,0.0005701013568271999,0.00050629652064,[0.         0.         0.         0.         0.         0.         0.         0.         0.         0.         0.         0.         0.         0.         0.         0.         0.         0.         0.         0.         0.         0.         0.09342494 0.         0.         0.01       0.         0.01       0.         0.         0.        ],[0. 0. 0. 0. 0. 0. 0. 0. 0. 0. 0. 0. 0. 0. 0. 0. 0. 0. 0. 0. 0. 0. 1. 0. 0. 1. 0. 1. 0. 0. 0.],500,100,0.3,0.0005,1,14,best,1,best
442,0.0005701013568271999,0.0005701013568271999,0.00050629652064,[0.         0.         0.         0.         0.         0.         0.         0.         0.         0.         0.         0.         0.         0.         0.         0.         0.         0.         0.         0.         0.         0.         0.09342494 0.         0.         0.01       0.         0.01       0.         0.         0.        ],[0. 0. 0. 0. 0. 0. 0. 0. 0. 0. 0. 0. 0. 0. 0. 0. 0. 0. 0. 0. 0. 0. 1. 0. 0. 1. 0. 1. 0. 0. 0.],500,100,0.3,0.0005,1,14,best,1,best
443,0.0005701013568271999,0.0005701013568271999,0.00050629652064,[0.         0.         0.         0.         0.         0.         0.         0.         0.         0.         0.         0.         0.         0.         0.         0.         0.         0.         0.         0.         0.         0.         0.09342494 0.         0.         0.01       0.         0.01       0.         0.         0.        ],[0. 0. 0. 0. 0. 0. 0. 0. 0. 0. 0. 0. 0. 0. 0. 0. 0. 0. 0. 0. 0. 0. 1. 0. 0. 1. 0. 1. 0. 0. 0.],500,100,0.3,0.0005,1,14,best,1,best
444,0.0005701013568271999,0.0005701013568271999,0.00050629652064,[0.         0.         0.         0.         0.         0.         0.         0.         0.         0.         0.         0.         0.         0.         0.         0.         0.         0.         0.         0.         0.         0.         0.09342494 0.         0.         0.01       0.         0.01       0.         0.         0.        ],[0. 0. 0. 0. 0. 0. 0. 0. 0. 0. 0. 0. 0. 0. 0. 0. 0. 0. 0. 0. 0. 0. 1. 0. 0. 1. 0. 1. 0. 0. 0.],500,100,0.3,0.0005,1,14,best,1,best
445,0.0005701013568271999,0.0005701013568271999,0.00050629652064,[0.         0.         0.         0.         0.         0.         0.         0.         0.         0.         0.         0.         0.         0.         0.         0.         0.         0.         0.         0.         0.         0.         0.09342494 0.         0.         0.01       0.         0.01       0.         0.         0.        ],[0. 0. 0. 0. 0. 0. 0. 0. 0. 0. 0. 0. 0. 0. 0. 0. 0. 0. 0. 0. 0. 0. 1. 0. 0. 1. 0. 1. 0. 0. 0.],500,100,0.3,0.0005,1,14,best,1,best
446,0.0005701013568271999,0.0005701013568271999,0.00050629652064,[0.         0.         0.         0.         0.         0.         0.         0.         0.         0.         0.         0.         0.         0.         0.         0.         0.         0.         0.         0.         0.         0.         0.09342494 0.         0.         0.01       0.         0.01       0.         0.         0.        ],[0. 0. 0. 0. 0. 0. 0. 0. 0. 0. 0. 0. 0. 0. 0. 0. 0. 0. 0. 0. 0. 0. 1. 0. 0. 1. 0. 1. 0. 0. 0.],500,100,0.3,0.0005,1,14,best,1,best
447,0.0005701013568271999,0.0005701013568271999,0.00050629652064,[0.         0.         0.         0.         0.         0.         0.         0.         0.         0.         0.         0.         0.         0.         0.         0.         0.         0.         0.         0.         0.         0.         0.09342494 0.         0.         0.01       0.         0.01       0.         0.         0.        ],[0. 0. 0. 0. 0. 0. 0. 0. 0. 0. 0. 0. 0. 0. 0. 0. 0. 0. 0. 0. 0. 0. 1. 0. 0. 1. 0. 1. 0. 0. 0.],500,100,0.3,0.0005,1,14,best,1,best
448,0.0005701013568271999,0.0005701013568271999,0.00050629652064,[0.         0.         0.         0.         0.         0.         0.         0.         0.         0.         0.         0.         0.         0.         0.         0.         0.         0.         0.         0.         0.         0.         0.09342494 0.         0.         0.01       0.         0.01       0.         0.         0.        ],[0. 0. 0. 0. 0. 0. 0. 0. 0. 0. 0. 0. 0. 0. 0. 0. 0. 0. 0. 0. 0. 0. 1. 0. 0. 1. 0. 1. 0. 0. 0.],500,100,0.3,0.0005,1,14,best,1,best
449,0.0005701013568271999,0.0005701013568271999,0.00050629652064,[0.         0.         0.         0.         0.         0.         0.         0.         0.         0.         0.         0.         0.         0.         0.         0.         0.         0.         0.         0.         0.         0.         0.09342494 0.         0.         0.01       0.         0.01       0.         0.         0.        ],[0. 0. 0. 0. 0. 0. 0. 0. 0. 0. 0. 0. 0. 0. 0. 0. 0. 0. 0. 0. 0. 0. 1. 0. 0. 1. 0. 1. 0. 0. 0.],500,100,0.3,0.0005,1,14,best,1,best
450,0.0005701013568271999,0.0005701013568271999,0.00050629652064,[0.         0.         0.         0.         0.         0.         0.         0.         0.         0.         0.         0.         0.         0.         0.         0.         0.         0.         0.         0.         0.         0.         0.09342494 0.         0.         0.01       0.         0.01       0.         0.         0.        ],[0. 0. 0. 0. 0. 0. 0. 0. 0. 0. 0. 0. 0. 0. 0. 0. 0. 0. 0. 0. 0. 0. 1. 0. 0. 1. 0. 1. 0. 0. 0.],500,100,0.3,0.0005,1,14,best,1,best
451,0.0005701013568271999,0.0005701013568271999,0.00050629652064,[0.         0.         0.         0.         0.         0.         0.         0.         0.         0.         0.         0.         0.         0.         0.         0.         0.         0.         0.         0.         0.         0.         0.09342494 0.         0.         0.01       0.         0.01       0.         0.         0.        ],[0. 0. 0. 0. 0. 0. 0. 0. 0. 0. 0. 0. 0. 0. 0. 0. 0. 0. 0. 0. 0. 0. 1. 0. 0. 1. 0. 1. 0. 0. 0.],500,100,0.3,0.0005,1,14,best,1,best
452,0.0005701013568271999,0.0005701013568271999,0.00050629652064,[0.         0.         0.         0.         0.         0.         0.         0.         0.         0.         0.         0.         0.         0.         0.         0.         0.         0.         0.         0.         0.         0.         0.09342494 0.         0.         0.01       0.         0.01       0.         0.         0.        ],[0. 0. 0. 0. 0. 0. 0. 0. 0. 0. 0. 0. 0. 0. 0. 0. 0. 0. 0. 0. 0. 0. 1. 0. 0. 1. 0. 1. 0. 0. 0.],500,100,0.3,0.0005,1,14,best,1,best
453,0.0005701013568271999,0.0005701013568271999,0.00050629652064,[0.         0.         0.         0.         0.         0.         0.         0.         0.         0.         0.         0.         0.         0.         0.         0.         0.         0.         0.         0.         0.         0.         0.09342494 0.         0.         0.01       0.         0.01       0.         0.         0.        ],[0. 0. 0. 0. 0. 0. 0. 0. 0. 0. 0. 0. 0. 0. 0. 0. 0. 0. 0. 0. 0. 0. 1. 0. 0. 1. 0. 1. 0. 0. 0.],500,100,0.3,0.0005,1,14,best,1,best
454,0.0005701013568271999,0.0005701013568271999,0.00050629652064,[0.         0.         0.         0.         0.         0.         0.         0.         0.         0.         0.         0.         0.         0.         0.         0.         0.         0.         0.         0.         0.         0.         0.09342494 0.         0.         0.01       0.         0.01       0.         0.         0.        ],[0. 0. 0. 0. 0. 0. 0. 0. 0. 0. 0. 0. 0. 0. 0. 0. 0. 0. 0. 0. 0. 0. 1. 0. 0. 1. 0. 1. 0. 0. 0.],500,100,0.3,0.0005,1,14,best,1,best
455,0.0005701013568271999,0.0005701013568271999,0.00050629652064,[0.         0.         0.         0.         0.         0.         0.         0.         0.         0.         0.         0.         0.         0.         0.         0.         0.         0.         0.         0.         0.         0.         0.09342494 0.         0.         0.01       0.         0.01       0.         0.         0.        ],[0. 0. 0. 0. 0. 0. 0. 0. 0. 0. 0. 0. 0. 0. 0. 0. 0. 0. 0. 0. 0. 0. 1. 0. 0. 1. 0. 1. 0. 0. 0.],500,100,0.3,0.0005,1,14,best,1,best
456,0.0005701013568271999,0.0005701013568271999,0.00050629652064,[0.         0.         0.         0.         0.         0.         0.         0.         0.         0.         0.         0.         0.         0.         0.         0.         0.         0.         0.         0.         0.         0.         0.09342494 0.         0.         0.01       0.         0.01       0.         0.         0.        ],[0. 0. 0. 0. 0. 0. 0. 0. 0. 0. 0. 0. 0. 0. 0. 0. 0. 0. 0. 0. 0. 0. 1. 0. 0. 1. 0. 1. 0. 0. 0.],500,100,0.3,0.0005,1,14,best,1,best
457,0.0005701013568271999,0.0005701013568271999,0.00050629652064,[0.         0.         0.         0.         0.         0.         0.         0.         0.         0.         0.         0.         0.         0.         0.         0.         0.         0.         0.         0.         0.         0.         0.09342494 0.         0.         0.01       0.         0.01       0.         0.         0.        ],[0. 0. 0. 0. 0. 0. 0. 0. 0. 0. 0. 0. 0. 0. 0. 0. 0. 0. 0. 0. 0. 0. 1. 0. 0. 1. 0. 1. 0. 0. 0.],500,100,0.3,0.0005,1,14,best,1,best
458,0.0005701013568271999,0.0005701013568271999,0.00050629652064,[0.         0.         0.         0.         0.         0.         0.         0.         0.         0.         0.         0.         0.         0.         0.         0.         0.         0.         0.         0.         0.         0.         0.09342494 0.         0.         0.01       0.         0.01       0.         0.         0.        ],[0. 0. 0. 0. 0. 0. 0. 0. 0. 0. 0. 0. 0. 0. 0. 0. 0. 0. 0. 0. 0. 0. 1. 0. 0. 1. 0. 1. 0. 0. 0.],500,100,0.3,0.0005,1,14,best,1,best
459,0.0005701013568271999,0.0005701013568271999,0.00050629652064,[0.         0.         0.         0.         0.         0.         0.         0.         0.         0.         0.         0.         0.         0.         0.         0.         0.         0.         0.         0.         0.         0.         0.09342494 0.         0.         0.01       0.         0.01       0.         0.         0.        ],[0. 0. 0. 0. 0. 0. 0. 0. 0. 0. 0. 0. 0. 0. 0. 0. 0. 0. 0. 0. 0. 0. 1. 0. 0. 1. 0. 1. 0. 0. 0.],500,100,0.3,0.0005,1,14,best,1,best
460,0.0005701013568271999,0.0005701013568271999,0.00050629652064,[0.         0.         0.         0.         0.         0.         0.         0.         0.         0.         0.         0.         0.         0.         0.         0.         0.         0.         0.         0.         0.         0.         0.09342494 0.         0.         0.01       0.         0.01       0.         0.         0.        ],[0. 0. 0. 0. 0. 0. 0. 0. 0. 0. 0. 0. 0. 0. 0. 0. 0. 0. 0. 0. 0. 0. 1. 0. 0. 1. 0. 1. 0. 0. 0.],500,100,0.3,0.0005,1,14,best,1,best
461,0.0005701013568271999,0.0005701013568271999,0.00050629652064,[0.         0.         0.         0.         0.         0.         0.         0.         0.         0.         0.         0.         0.         0.         0.         0.         0.         0.         0.         0.         0.         0.         0.09342494 0.         0.         0.01       0.         0.01       0.         0.         0.        ],[0. 0. 0. 0. 0. 0. 0. 0. 0. 0. 0. 0. 0. 0. 0. 0. 0. 0. 0. 0. 0. 0. 1. 0. 0. 1. 0. 1. 0. 0. 0.],500,100,0.3,0.0005,1,14,best,1,best
462,0.0005701013568271999,0.0005701013568271999,0.00050629652064,[0.         0.         0.         0.         0.         0.         0.         0.         0.         0.         0.         0.         0.         0.         0.         0.         0.         0.         0.         0.         0.         0.         0.09342494 0.         0.         0.01       0.         0.01       0.         0.         0.        ],[0. 0. 0. 0. 0. 0. 0. 0. 0. 0. 0. 0. 0. 0. 0. 0. 0. 0. 0. 0. 0. 0. 1. 0. 0. 1. 0. 1. 0. 0. 0.],500,100,0.3,0.0005,1,14,best,1,best
463,0.0005701013568271999,0.0005701013568271999,0.00050629652064,[0.         0.         0.         0.         0.         0.         0.         0.         0.         0.         0.         0.         0.         0.         0.         0.         0.         0.         0.         0.         0.         0.         0.09342494 0.         0.         0.01       0.         0.01       0.         0.         0.        ],[0. 0. 0. 0. 0. 0. 0. 0. 0. 0. 0. 0. 0. 0. 0. 0. 0. 0. 0. 0. 0. 0. 1. 0. 0. 1. 0. 1. 0. 0. 0.],500,100,0.3,0.0005,1,14,best,1,best
464,0.0005701013568271999,0.0005701013568271999,0.00050629652064,[0.         0.         0.         0.         0.         0.         0.         0.         0.         0.         0.         0.         0.         0.         0.         0.         0.         0.         0.         0.         0.         0.         0.09342494 0.         0.         0.01       0.         0.01       0.         0.         0.        ],[0. 0. 0. 0. 0. 0. 0. 0. 0. 0. 0. 0. 0. 0. 0. 0. 0. 0. 0. 0. 0. 0. 1. 0. 0. 1. 0. 1. 0. 0. 0.],500,100,0.3,0.0005,1,14,best,1,best
465,0.0005701013568271999,0.0005701013568271999,0.00050629652064,[0.         0.         0.         0.         0.         0.         0.         0.         0.         0.         0.         0.         0.         0.         0.         0.         0.         0.         0.         0.         0.         0.         0.09342494 0.         0.         0.01       0.         0.01       0.         0.         0.        ],[0. 0. 0. 0. 0. 0. 0. 0. 0. 0. 0. 0. 0. 0. 0. 0. 0. 0. 0. 0. 0. 0. 1. 0. 0. 1. 0. 1. 0. 0. 0.],500,100,0.3,0.0005,1,14,best,1,best
466,0.0005701013568271999,0.0005701013568271999,0.00050629652064,[0.         0.         0.         0.         0.         0.         0.         0.         0.         0.         0.         0.         0.         0.         0.         0.         0.         0.         0.         0.         0.         0.         0.09342494 0.         0.         0.01       0.         0.01       0.         0.         0.        ],[0. 0. 0. 0. 0. 0. 0. 0. 0. 0. 0. 0. 0. 0. 0. 0. 0. 0. 0. 0. 0. 0. 1. 0. 0. 1. 0. 1. 0. 0. 0.],500,100,0.3,0.0005,1,14,best,1,best
467,0.0005701013568271999,0.0005701013568271999,0.00050629652064,[0.         0.         0.         0.         0.         0.         0.         0.         0.         0.         0.         0.         0.         0.         0.         0.         0.         0.         0.         0.         0.         0.         0.09342494 0.         0.         0.01       0.         0.01       0.         0.         0.        ],[0. 0. 0. 0. 0. 0. 0. 0. 0. 0. 0. 0. 0. 0. 0. 0. 0. 0. 0. 0. 0. 0. 1. 0. 0. 1. 0. 1. 0. 0. 0.],500,100,0.3,0.0005,1,14,best,1,best
468,0.0005701013568271999,0.0005701013568271999,0.00050629652064,[0.         0.         0.         0.         0.         0.         0.         0.         0.         0.         0.         0.         0.         0.         0.         0.         0.         0.         0.         0.         0.         0.         0.09342494 0.         0.         0.01       0.         0.01       0.         0.         0.        ],[0. 0. 0. 0. 0. 0. 0. 0. 0. 0. 0. 0. 0. 0. 0. 0. 0. 0. 0. 0. 0. 0. 1. 0. 0. 1. 0. 1. 0. 0. 0.],500,100,0.3,0.0005,1,14,best,1,best
469,0.0005701013568271999,0.0005701013568271999,0.00050629652064,[0.         0.         0.         0.         0.         0.         0.         0.         0.         0.         0.         0.         0.         0.         0.         0.         0.         0.         0.         0.         0.         0.         0.09342494 0.         0.         0.01       0.         0.01       0.         0.         0.        ],[0. 0. 0. 0. 0. 0. 0. 0. 0. 0. 0. 0. 0. 0. 0. 0. 0. 0. 0. 0. 0. 0. 1. 0. 0. 1. 0. 1. 0. 0. 0.],500,100,0.3,0.0005,1,14,best,1,best
470,0.0005701013568271999,0.0005701013568271999,0.00050629652064,[0.         0.         0.         0.         0.         0.         0.         0.         0.         0.         0.         0.         0.         0.         0.         0.         0.         0.         0.         0.         0.         0.         0.09342494 0.         0.         0.01       0.         0.01       0.         0.         0.        ],[0. 0. 0. 0. 0. 0. 0. 0. 0. 0. 0. 0. 0. 0. 0. 0. 0. 0. 0. 0. 0. 0. 1. 0. 0. 1. 0. 1. 0. 0. 0.],500,100,0.3,0.0005,1,14,best,1,best
471,0.0005701013568271999,0.0005701013568271999,0.00050629652064,[0.         0.         0.         0.         0.         0.         0.         0.         0.         0.         0.         0.         0.         0.         0.         0.         0.         0.         0.         0.         0.         0.         0.09342494 0.         0.         0.01       0.         0.01       0.         0.         0.        ],[0. 0. 0. 0. 0. 0. 0. 0. 0. 0. 0. 0. 0. 0. 0. 0. 0. 0. 0. 0. 0. 0. 1. 0. 0. 1. 0. 1. 0. 0. 0.],500,100,0.3,0.0005,1,14,best,1,best
472,0.0005701013568271999,0.0005701013568271999,0.00050629652064,[0.         0.         0.         0.         0.         0.         0.         0.         0.         0.         0.         0.         0.         0.         0.         0.         0.         0.         0.         0.         0.         0.         0.09342494 0.         0.         0.01       0.         0.01       0.         0.         0.        ],[0. 0. 0. 0. 0. 0. 0. 0. 0. 0. 0. 0. 0. 0. 0. 0. 0. 0. 0. 0. 0. 0. 1. 0. 0. 1. 0. 1. 0. 0. 0.],500,100,0.3,0.0005,1,14,best,1,best
473,0.0005701013568271999,0.0005701013568271999,0.00050629652064,[0.         0.         0.         0.         0.         0.         0.         0.         0.         0.         0.         0.         0.         0.         0.         0.         0.         0.         0.         0.         0.         0.         0.09342494 0.         0.         0.01       0.         0.01       0.         0.         0.        ],[0. 0. 0. 0. 0. 0. 0. 0. 0. 0. 0. 0. 0. 0. 0. 0. 0. 0. 0. 0. 0. 0. 1. 0. 0. 1. 0. 1. 0. 0. 0.],500,100,0.3,0.0005,1,14,best,1,best
474,0.0005701013568271999,0.0005701013568271999,0.00050629652064,[0.         0.         0.         0.         0.         0.         0.         0.         0.         0.         0.         0.         0.         0.         0.         0.         0.         0.         0.         0.         0.         0.         0.09342494 0.         0.         0.01       0.         0.01       0.         0.         0.        ],[0. 0. 0. 0. 0. 0. 0. 0. 0. 0. 0. 0. 0. 0. 0. 0. 0. 0. 0. 0. 0. 0. 1. 0. 0. 1. 0. 1. 0. 0. 0.],500,100,0.3,0.0005,1,14,best,1,best
475,0.0005701013568271999,0.0005701013568271999,0.00050629652064,[0.         0.         0.         0.         0.         0.         0.         0.         0.         0.         0.         0.         0.         0.         0.         0.         0.         0.         0.         0.         0.         0.         0.09342494 0.         0.         0.01       0.         0.01       0.         0.         0.        ],[0. 0. 0. 0. 0. 0. 0. 0. 0. 0. 0. 0. 0. 0. 0. 0. 0. 0. 0. 0. 0. 0. 1. 0. 0. 1. 0. 1. 0. 0. 0.],500,100,0.3,0.0005,1,14,best,1,best
476,0.0005701013568271999,0.0005701013568271999,0.00050629652064,[0.         0.         0.         0.         0.         0.         0.         0.         0.         0.         0.         0.         0.         0.         0.         0.         0.         0.         0.         0.         0.         0.         0.09342494 0.         0.         0.01       0.         0.01       0.         0.         0.        ],[0. 0. 0. 0. 0. 0. 0. 0. 0. 0. 0. 0. 0. 0. 0. 0. 0. 0. 0. 0. 0. 0. 1. 0. 0. 1. 0. 1. 0. 0. 0.],500,100,0.3,0.0005,1,14,best,1,best
477,0.0005701013568271999,0.0005701013568271999,0.00050629652064,[0.         0.         0.         0.         0.         0.         0.         0.         0.         0.         0.         0.         0.         0.         0.         0.         0.         0.         0.         0.         0.         0.         0.09342494 0.         0.         0.01       0.         0.01       0.         0.         0.        ],[0. 0. 0. 0. 0. 0. 0. 0. 0. 0. 0. 0. 0. 0. 0. 0. 0. 0. 0. 0. 0. 0. 1. 0. 0. 1. 0. 1. 0. 0. 0.],500,100,0.3,0.0005,1,14,best,1,best
478,0.0005701013568271999,0.0005701013568271999,0.00050629652064,[0.         0.         0.         0.         0.         0.         0.         0.         0.         0.         0.         0.         0.         0.         0.         0.         0.         0.         0.         0.         0.         0.         0.09342494 0.         0.         0.01       0.         0.01       0.         0.         0.        ],[0. 0. 0. 0. 0. 0. 0. 0. 0. 0. 0. 0. 0. 0. 0. 0. 0. 0. 0. 0. 0. 0. 1. 0. 0. 1. 0. 1. 0. 0. 0.],500,100,0.3,0.0005,1,14,best,1,best
479,0.0005701013568271999,0.0005701013568271999,0.00050629652064,[0.         0.         0.         0.         0.         0.         0.         0.         0.         0.         0.         0.         0.         0.         0.         0.         0.         0.         0.         0.         0.         0.         0.09342494 0.         0.         0.01       0.         0.01       0.         0.         0.        ],[0. 0. 0. 0. 0. 0. 0. 0. 0. 0. 0. 0. 0. 0. 0. 0. 0. 0. 0. 0. 0. 0. 1. 0. 0. 1. 0. 1. 0. 0. 0.],500,100,0.3,0.0005,1,14,best,1,best
480,0.0005701013568271999,0.0005701013568271999,0.00050629652064,[0.         0.         0.         0.         0.         0.         0.         0.         0.         0.         0.         0.         0.         0.         0.         0.         0.         0.         0.         0.         0.         0.         0.09342494 0.         0.         0.01       0.         0.01       0.         0.         0.        ],[0. 0. 0. 0. 0. 0. 0. 0. 0. 0. 0. 0. 0. 0. 0. 0. 0. 0. 0. 0. 0. 0. 1. 0. 0. 1. 0. 1. 0. 0. 0.],500,100,0.3,0.0005,1,14,best,1,best
481,0.0005701013568271999,0.0005701013568271999,0.00050629652064,[0.         0.         0.         0.         0.         0.         0.         0.         0.         0.         0.         0.         0.         0.         0.         0.         0.         0.         0.         0.         0.         0.         0.09342494 0.         0.         0.01       0.         0.01       0.         0.         0.        ],[0. 0. 0. 0. 0. 0. 0. 0. 0. 0. 0. 0. 0. 0. 0. 0. 0. 0. 0. 0. 0. 0. 1. 0. 0. 1. 0. 1. 0. 0. 0.],500,100,0.3,0.0005,1,14,best,1,best
482,0.0005701013568271999,0.0005701013568271999,0.00050629652064,[0.         0.         0.         0.         0.         0.         0.         0.         0.         0.         0.         0.         0.         0.         0.         0.         0.         0.         0.         0.         0.         0.         0.09342494 0.         0.         0.01       0.         0.01       0.         0.         0.        ],[0. 0. 0. 0. 0. 0. 0. 0. 0. 0. 0. 0. 0. 0. 0. 0. 0. 0. 0. 0. 0. 0. 1. 0. 0. 1. 0. 1. 0. 0. 0.],500,100,0.3,0.0005,1,14,best,1,best
483,0.0005701013568271999,0.0005701013568271999,0.00050629652064,[0.         0.         0.         0.         0.         0.         0.         0.         0.         0.         0.         0.         0.         0.         0.         0.         0.         0.         0.         0.         0.         0.         0.09342494 0.         0.         0.01       0.         0.01       0.         0.         0.        ],[0. 0. 0. 0. 0. 0. 0. 0. 0. 0. 0. 0. 0. 0. 0. 0. 0. 0. 0. 0. 0. 0. 1. 0. 0. 1. 0. 1. 0. 0. 0.],500,100,0.3,0.0005,1,14,best,1,best
484,0.0005701013568271999,0.0005701013568271999,0.00050629652064,[0.         0.         0.         0.         0.         0.         0.         0.         0.         0.         0.         0.         0.         0.         0.         0.         0.         0.         0.         0.         0.         0.         0.09342494 0.         0.         0.01       0.         0.01       0.         0.         0.        ],[0. 0. 0. 0. 0. 0. 0. 0. 0. 0. 0. 0. 0. 0. 0. 0. 0. 0. 0. 0. 0. 0. 1. 0. 0. 1. 0. 1. 0. 0. 0.],500,100,0.3,0.0005,1,14,best,1,best
485,0.0005701013568271999,0.0005701013568271999,0.00050629652064,[0.         0.         0.         0.         0.         0.         0.         0.         0.         0.         0.         0.         0.         0.         0.         0.         0.         0.         0.         0.         0.         0.         0.09342494 0.         0.         0.01       0.         0.01       0.         0.         0.        ],[0. 0. 0. 0. 0. 0. 0. 0. 0. 0. 0. 0. 0. 0. 0. 0. 0. 0. 0. 0. 0. 0. 1. 0. 0. 1. 0. 1. 0. 0. 0.],500,100,0.3,0.0005,1,14,best,1,best
486,0.0005701013568271999,0.0005701013568271999,0.00050629652064,[0.         0.         0.         0.         0.         0.         0.         0.         0.         0.         0.         0.         0.         0.         0.         0.         0.         0.         0.         0.         0.         0.         0.09342494 0.         0.         0.01       0.         0.01       0.         0.         0.        ],[0. 0. 0. 0. 0. 0. 0. 0. 0. 0. 0. 0. 0. 0. 0. 0. 0. 0. 0. 0. 0. 0. 1. 0. 0. 1. 0. 1. 0. 0. 0.],500,100,0.3,0.0005,1,14,best,1,best
487,0.0005701013568271999,0.0005701013568271999,0.00050629652064,[0.         0.         0.         0.         0.         0.         0.         0.         0.         0.         0.         0.         0.         0.         0.         0.         0.         0.         0.         0.         0.         0.         0.09342494 0.         0.         0.01       0.         0.01       0.         0.         0.        ],[0. 0. 0. 0. 0. 0. 0. 0. 0. 0. 0. 0. 0. 0. 0. 0. 0. 0. 0. 0. 0. 0. 1. 0. 0. 1. 0. 1. 0. 0. 0.],500,100,0.3,0.0005,1,14,best,1,best
488,0.0005701013568271999,0.0005701013568271999,0.00050629652064,[0.         0.         0.         0.         0.         0.         0.         0.         0.         0.         0.         0.         0.         0.         0.         0.         0.         0.         0.         0.         0.         0.         0.09342494 0.         0.         0.01       0.         0.01       0.         0.         0.        ],[0. 0. 0. 0. 0. 0. 0. 0. 0. 0. 0. 0. 0. 0. 0. 0. 0. 0. 0. 0. 0. 0. 1. 0. 0. 1. 0. 1. 0. 0. 0.],500,100,0.3,0.0005,1,14,best,1,best
489,0.0005701013568271999,0.0005701013568271999,0.00050629652064,[0.         0.         0.         0.         0.         0.         0.         0.         0.         0.         0.         0.         0.         0.         0.         0.         0.         0.         0.         0.         0.         0.         0.09342494 0.         0.         0.01       0.         0.01       0.         0.         0.        ],[0. 0. 0. 0. 0. 0. 0. 0. 0. 0. 0. 0. 0. 0. 0. 0. 0. 0. 0. 0. 0. 0. 1. 0. 0. 1. 0. 1. 0. 0. 0.],500,100,0.3,0.0005,1,14,best,1,best
490,0.0005701013568271999,0.0005701013568271999,0.00050629652064,[0.         0.         0.         0.         0.         0.         0.         0.         0.         0.         0.         0.         0.         0.         0.         0.         0.         0.         0.         0.         0.         0.         0.09342494 0.         0.         0.01       0.         0.01       0.         0.         0.        ],[0. 0. 0. 0. 0. 0. 0. 0. 0. 0. 0. 0. 0. 0. 0. 0. 0. 0. 0. 0. 0. 0. 1. 0. 0. 1. 0. 1. 0. 0. 0.],500,100,0.3,0.0005,1,14,best,1,best
491,0.0005701013568271999,0.0005701013568271999,0.00050629652064,[0.         0.         0.         0.         0.         0.         0.         0.         0.         0.         0.         0.         0.         0.         0.         0.         0.         0.         0.         0.         0.         0.         0.09342494 0.         0.         0.01       0.         0.01       0.         0.         0.        ],[0. 0. 0. 0. 0. 0. 0. 0. 0. 0. 0. 0. 0. 0. 0. 0. 0. 0. 0. 0. 0. 0. 1. 0. 0. 1. 0. 1. 0. 0. 0.],500,100,0.3,0.0005,1,14,best,1,best
492,0.0005701013568271999,0.0005701013568271999,0.00050629652064,[0.         0.         0.         0.         0.         0.         0.         0.         0.         0.         0.         0.         0.         0.         0.         0.         0.         0.         0.         0.         0.         0.         0.09342494 0.         0.         0.01       0.         0.01       0.         0.         0.        ],[0. 0. 0. 0. 0. 0. 0. 0. 0. 0. 0. 0. 0. 0. 0. 0. 0. 0. 0. 0. 0. 0. 1. 0. 0. 1. 0. 1. 0. 0. 0.],500,100,0.3,0.0005,1,14,best,1,best
493,0.0005701013568271999,0.0005701013568271999,0.00050629652064,[0.         0.         0.         0.         0.         0.         0.         0.         0.         0.         0.         0.         0.         0.         0.         0.         0.         0.         0.         0.         0.         0.         0.09342494 0.         0.         0.01       0.         0.01       0.         0.         0.        ],[0. 0. 0. 0. 0. 0. 0. 0. 0. 0. 0. 0. 0. 0. 0. 0. 0. 0. 0. 0. 0. 0. 1. 0. 0. 1. 0. 1. 0. 0. 0.],500,100,0.3,0.0005,1,14,best,1,best
494,0.0005701013568271999,0.0005701013568271999,0.00050629652064,[0.         0.         0.         0.         0.         0.         0.         0.         0.         0.         0.         0.         0.         0.         0.         0.         0.         0.         0.         0.         0.         0.         0.09342494 0.         0.         0.01       0.         0.01       0.         0.         0.        ],[0. 0. 0. 0. 0. 0. 0. 0. 0. 0. 0. 0. 0. 0. 0. 0. 0. 0. 0. 0. 0. 0. 1. 0. 0. 1. 0. 1. 0. 0. 0.],500,100,0.3,0.0005,1,14,best,1,best
495,0.0005701013568271999,0.0005701013568271999,0.00050629652064,[0.         0.         0.         0.         0.         0.         0.         0.         0.         0.         0.         0.         0.         0.         0.         0.         0.         0.         0.         0.         0.         0.         0.09342494 0.         0.         0.01       0.         0.01       0.         0.         0.        ],[0. 0. 0. 0. 0. 0. 0. 0. 0. 0. 0. 0. 0. 0. 0. 0. 0. 0. 0. 0. 0. 0. 1. 0. 0. 1. 0. 1. 0. 0. 0.],500,100,0.3,0.0005,1,14,best,1,best
496,0.0005701013568271999,0.0005701013568271999,0.00050629652064,[0.         0.         0.         0.         0.         0.         0.         0.         0.         0.         0.         0.         0.         0.         0.         0.         0.         0.         0.         0.         0.         0.         0.09342494 0.         0.         0.01       0.         0.01       0.         0.         0.        ],[0. 0. 0. 0. 0. 0. 0. 0. 0. 0. 0. 0. 0. 0. 0. 0. 0. 0. 0. 0. 0. 0. 1. 0. 0. 1. 0. 1. 0. 0. 0.],500,100,0.3,0.0005,1,14,best,1,best
497,0.0005701013568271999,0.0005701013568271999,0.00050629652064,[0.         0.         0.         0.         0.         0.         0.         0.         0.         0.         0.         0.         0.         0.         0.         0.         0.         0.         0.         0.         0.         0.         0.09342494 0.         0.         0.01       0.         0.01       0.         0.         0.        ],[0. 0. 0. 0. 0. 0. 0. 0. 0. 0. 0. 0. 0. 0. 0. 0. 0. 0. 0. 0. 0. 0. 1. 0. 0. 1. 0. 1. 0. 0. 0.],500,100,0.3,0.0005,1,14,best,1,best
498,0.0005701013568271999,0.0005701013568271999,0.00050629652064,[0.         0.         0.         0.         0.         0.         0.         0.         0.         0.         0.         0.         0.         0.         0.         0.         0.         0.         0.         0.         0.         0.         0.09342494 0.         0.         0.01       0.         0.01       0.         0.         0.        ],[0. 0. 0. 0. 0. 0. 0. 0. 0. 0. 0. 0. 0. 0. 0. 0. 0. 0. 0. 0. 0. 0. 1. 0. 0. 1. 0. 1. 0. 0. 0.],500,100,0.3,0.0005,1,14,best,1,best
499,0.0005701013568271999,0.0005701013568271999,0.00050629652064,[0.         0.         0.         0.         0.         0.         0.         0.         0.         0.         0.         0.         0.         0.         0.         0.         0.         0.         0.         0.         0.         0.         0.09342494 0.         0.         0.01       0.         0.01       0.         0.         0.        ],[0. 0. 0. 0. 0. 0. 0. 0. 0. 0. 0. 0. 0. 0. 0. 0. 0. 0. 0. 0. 0. 0. 1. 0. 0. 1. 0. 1. 0. 0. 0.],500,100,0.3,0.0005,1,14,best,1,best
