iter,move,improve,obj,return,n_assets,X,Z,qN,qNv,iter_time,max_iter,neighbours,alpha,exp_return,n_port,k_min,k_max,move_strategy,seed,selection_strategy
0,idID,True,0.16206745202611392,0.007775977136917056,10,"[0.03849717 0.53175923 0.01303123 0.07108686 0.07199357 0.03448171
 0.06311525 0.06925155 0.04780507 0.05897835]",[ 3  4  5  6  7  9 11 18 19 23],100,100,0.019145,1000,100,0.003,0.002,1,10,10,idID,9,first
1,idID,True,0.14787239231248178,0.0078982744469677,10,"[0.04092186 0.56525124 0.01385198 0.07556416 0.07652797 0.03665349
 0.01062983 0.06709046 0.050816   0.06269301]",[ 3  4  5  6  7  9 10 11 19 23],100,68,0.017151,1000,100,0.003,0.002,1,10,10,idID,9,first
2,idID,True,0.13108618927843046,0.008081814374904326,10,"[0.04339956 0.59947558 0.01469067 0.08013935 0.08116152 0.01060547
 0.03887275 0.01127344 0.05389276 0.06648889]",[ 3  4  5  6  7  8  9 10 19 23],100,65,0.016827,1000,100,0.003,0.002,1,10,10,idID,9,first
3,idID,True,0.11339579890648091,0.008530421093847221,10,"[0.04667318 0.644694   0.01579879 0.08728353 0.01140544 0.04180492
 0.0121238  0.05795789 0.07150414 0.0107543 ]",[ 3  4  5  7  8  9 10 19 23 28],100,61,0.016634,1000,100,0.003,0.002,1,10,10,idID,9,first
4,idID,True,0.0945867926287317,0.008779715000923316,10,"[0.05058237 0.69869133 0.01712204 0.01236072 0.04530636 0.01313924
 0.01083757 0.06281224 0.07749308 0.01165504]",[ 3  4  5  8  9 10 16 19 23 28],100,73,0.017279,1000,100,0.003,0.002,1,10,10,idID,9,first
5,idID,True,0.07782023093963392,0.009131135031716128,10,"[0.05424342 0.74926129 0.0183613  0.01325537 0.04858555 0.01409024
 0.01162197 0.06735847 0.01072378 0.01249861]",[ 3  4  5  8  9 10 16 19 26 28],100,62,0.016803,1000,100,0.003,0.002,1,10,10,idID,9,first
6,idID,True,0.06221885101541305,0.009322045163749468,10,"[0.78394573 0.01921128 0.01386898 0.05083465 0.01474249 0.01215997
 0.0704766  0.0112202  0.01046292 0.01307719]",[ 4  5  8  9 10 16 19 26 27 28],100,69,0.017062,1000,100,0.003,0.002,1,10,10,idID,9,first
7,idID,True,0.046801386599312114,0.009587293948308666,10,"[0.83440788 0.0204479  0.01476172 0.05410684 0.01569146 0.0129427
 0.01194244 0.01113641 0.01391896 0.01064369]",[ 4  5  8  9 10 16 26 27 28 30],100,63,0.016791,1000,100,0.003,0.002,1,10,10,idID,9,first
8,idID,True,0.035007942337286324,0.00986488864165025,10,"[0.01046142 0.87290915 0.0213914  0.01544285 0.0164155  0.0135399
 0.01249349 0.01165026 0.01456121 0.01113482]",[ 2  4  5  8 10 16 26 27 28 30],100,74,0.017352,1000,100,0.003,0.002,1,10,10,idID,9,first
9,idID,True,0.03149812158829775,0.009967798382681754,10,"[0.01058196 0.88296739 0.0156208  0.01660465 0.01369591 0.01011523
 0.01263745 0.01178451 0.014729   0.01126312]",[ 2  4  8 10 16 20 26 27 28 30],100,66,0.016944,1000,100,0.003,0.002,1,10,10,idID,9,first
10,idID,True,0.03005905379631393,0.009956451336704995,10,"[0.01060995 0.88530232 0.0156621  0.01664856 0.01373213 0.01002644
 0.01014198 0.01181567 0.01476795 0.0112929 ]",[ 2  4  8 10 16 17 20 27 28 30],100,67,0.016952,1000,100,0.003,0.002,1,10,10,idID,9,first
11,idID,True,0.028290075208606318,0.009919973385157828,10,"[0.01067036 0.89034354 0.01674336 0.01381033 0.01008354 0.01019973
 0.01005694 0.01188295 0.01485204 0.01135721]",[ 2  4 10 16 17 20 21 27 28 30],100,63,0.016773,1000,100,0.003,0.002,1,10,10,idID,9,first
12,idID,True,0.02768641899919624,0.0099297687042164,10,"[0.01072239 0.89468459 0.01682499 0.01387766 0.0101327  0.01004876
 0.01024946 0.01010598 0.01194089 0.01141258]",[ 2  4 10 16 17 19 20 21 27 30],100,68,0.017031,1000,100,0.003,0.002,1,10,10,idID,9,first
13,idID,True,0.026197336640972155,0.009929938775744395,10,"[0.01072291 0.89472821 0.01682581 0.01387834 0.0101332  0.01024996
 0.01010647 0.01000049 0.01194147 0.01141314]",[ 2  4 10 16 17 20 21 25 27 30],100,67,0.017127,1000,100,0.003,0.002,1,10,10,idID,9,first
14,idID,True,0.02533580184265443,0.009922576953721314,10,"[0.89537549 0.01683799 0.01000723 0.01388838 0.01014053 0.01025737
 0.01011378 0.01000772 0.01195011 0.0114214 ]",[ 4 10 15 16 17 20 21 25 27 30],100,60,0.016567,1000,100,0.003,0.002,1,10,10,idID,9,first
15,idID,True,0.024733100934306803,0.010028806234875884,10,"[0.89887064 0.01003904 0.01690371 0.0100463  0.01018011 0.01029741
 0.01015326 0.01004679 0.01199676 0.01146598]",[ 4  8 10 15 17 20 21 25 27 30],100,60,0.016551,1000,100,0.003,0.002,1,10,10,idID,9,first
16,idID,True,0.024571317711048184,0.010077871511203514,10,"[0.01006952 0.90511932 0.01010882 0.01011614 0.01025088 0.010369
 0.01022384 0.01011663 0.01208016 0.01154569]",[ 2  4  8 15 17 20 21 25 27 30],100,67,0.016921,1000,100,0.003,0.002,1,10,10,idID,9,first
17,idID,True,0.02374390126084291,0.01002796851214309,10,"[0.01007061 0.90521783 0.01000109 0.01011724 0.010252   0.01037013
 0.01022496 0.01011773 0.01208147 0.01154695]",[ 2  4 10 15 17 20 21 25 27 30],100,69,0.017082,1000,100,0.003,0.002,1,10,10,idID,9,first
18,idID,True,0.023067860425855034,0.01006187370716613,10,"[0.01007434 0.905553   0.01000479 0.01012098 0.01025579 0.01022874
 0.01012148 0.01208594 0.0100037  0.01155122]",[ 2  4 10 15 17 21 25 27 28 30],100,59,0.016557,1000,100,0.003,0.002,1,10,10,idID,9,first
19,idID,True,0.02285679912669258,0.01008742372077699,10,"[0.01007692 0.9057847  0.01000735 0.01012357 0.01000256 0.01023136
 0.01012407 0.01208904 0.01000626 0.01155418]",[ 2  4 10 15 20 21 25 27 28 30],100,73,0.017298,1000,100,0.003,0.002,1,10,10,idID,9,first
20,idID,True,0.02235565135312819,0.010063272562830282,10,"[0.01007695 0.90578701 0.01000738 0.0101236  0.01000003 0.01023139
 0.01012409 0.01208907 0.01000629 0.01155421]",[ 2  4 10 15 16 21 25 27 28 30],100,63,0.016715,1000,100,0.003,0.002,1,10,10,idID,9,first
21,idID,True,0.02217889915955754,0.010076053448928247,10,"[0.90585671 0.01000815 0.01012438 0.0100008  0.01000077 0.01023217
 0.01012487 0.01209    0.01000706 0.01155509]",[ 4 10 15 16 20 21 25 27 28 30],100,54,0.016248,1000,100,0.003,0.002,1,10,10,idID,9,first
22,idID,True,0.022171480568749954,0.01007630507767613,10,"[0.90588452 0.01000845 0.01012469 0.0100011  0.01000108 0.01020179
 0.01012518 0.01209037 0.01000736 0.01155545]",[ 4 10 15 16 20 21 25 27 28 30],100,56,0.016201,1000,100,0.003,0.002,1,10,10,idID,9,first
23,idID,True,0.022067054182197943,0.010097333042048778,10,"[0.9058855  0.01000846 0.0101247  0.01000111 0.01000001 0.0102018
 0.01012519 0.01209038 0.01000738 0.01155546]",[ 4 10 15 16 19 21 25 27 28 30],100,50,0.015907,1000,100,0.003,0.002,1,10,10,idID,9,first
24,idID,True,0.022059651318857648,0.010097584575149301,10,"[0.90591322 0.01000877 0.01012501 0.01000142 0.01000032 0.01017151
 0.0101255  0.01209075 0.01000768 0.01155582]",[ 4 10 15 16 19 21 25 27 28 30],100,57,0.016216,1000,100,0.003,0.002,1,10,10,idID,9,first
25,idID,True,0.022052269720682905,0.010097835368978788,10,"[0.90594087 0.01000908 0.01012532 0.01000172 0.01000062 0.0101413
 0.01012581 0.01209112 0.01000799 0.01155617]",[ 4 10 15 16 19 21 25 27 28 30],100,58,0.016311,1000,100,0.003,0.002,1,10,10,idID,9,first
26,idID,True,0.02204490932939964,0.010098085425664621,10,"[0.90596843 0.01000938 0.01012563 0.01000203 0.01000093 0.01011119
 0.01012612 0.01209149 0.01000829 0.01155652]",[ 4 10 15 16 19 21 25 27 28 30],100,56,0.01626,1000,100,0.003,0.002,1,10,10,idID,9,first
27,idID,True,0.02203757008687664,0.01009833474732832,10,"[0.90599591 0.01000968 0.01012593 0.01000233 0.01000123 0.01008116
 0.01012643 0.01209186 0.0100086  0.01155687]",[ 4 10 15 16 19 21 25 27 28 30],100,56,0.016194,1000,100,0.003,0.002,1,10,10,idID,9,first
28,idID,True,0.022030251935125335,0.010098583336085562,10,"[0.90602331 0.01000999 0.01012624 0.01000263 0.01000153 0.01005122
 0.01012673 0.01209222 0.0100089  0.01155722]",[ 4 10 15 16 19 21 25 27 28 30],100,55,0.016139,1000,100,0.003,0.002,1,10,10,idID,9,first
29,idID,True,0.022022954816299616,0.010098831194046217,10,"[0.90605063 0.01001029 0.01012655 0.01000294 0.01000183 0.01002137
 0.01012704 0.01209259 0.0100092  0.01155757]",[ 4 10 15 16 19 21 25 27 28 30],100,59,0.016405,1000,100,0.003,0.002,1,10,10,idID,9,first
30,idID,True,0.021964490688127593,0.01012198095116136,10,"[0.9060523  0.01000002 0.01001031 0.01012656 0.01000295 0.01002139
 0.01012706 0.01209261 0.01000922 0.01155759]",[ 4  8 10 15 16 21 25 27 28 30],100,48,0.015761,1000,100,0.003,0.002,1,10,10,idID,9,first
31,idID,True,0.021957276515534134,0.01012228417951619,10,"[0.90607982 0.01000032 0.01001061 0.01009649 0.01000326 0.01002169
 0.01012737 0.01209298 0.01000952 0.01155794]",[ 4  8 10 15 16 21 25 27 28 30],100,48,0.015676,1000,100,0.003,0.002,1,10,10,idID,9,first
32,idID,True,0.021950083072310087,0.010122586516528212,10,"[0.90610727 0.01000063 0.01001092 0.01006651 0.01000356 0.01002199
 0.01012767 0.01209334 0.01000983 0.01155829]",[ 4  8 10 15 16 21 25 27 28 30],100,51,0.015963,1000,100,0.003,0.002,1,10,10,idID,9,first
33,idID,True,0.02194291030161243,0.010122887964763225,10,"[0.90613463 0.01000093 0.01001122 0.01003661 0.01000386 0.0100223
 0.01012798 0.01209371 0.01001013 0.01155864]",[ 4  8 10 15 16 21 25 27 28 30],100,46,0.015776,1000,100,0.003,0.002,1,10,10,idID,9,first
34,idID,True,0.021935758146737802,0.010123188526779956,10,"[0.90616192 0.01000123 0.01001152 0.0100068  0.01000416 0.0100226
 0.01012828 0.01209407 0.01001043 0.01155899]",[ 4  8 10 15 16 21 25 27 28 30],100,58,0.016594,1000,100,0.003,0.002,1,10,10,idID,9,first
35,idID,True,0.02192891575572501,0.010123457046357705,10,"[0.90619334 0.01000158 0.01001187 0.01000715 0.01000451 0.01002295
 0.01012863 0.01209449 0.01001078 0.01152471]",[ 4  8 10 15 16 21 25 27 28 30],100,57,0.016382,1000,100,0.003,0.002,1,10,10,idID,9,first
36,idID,True,0.021922092894451517,0.010123724778917171,10,"[0.90622467 0.01000192 0.01001221 0.0100075  0.01000486 0.01002329
 0.01012898 0.01209491 0.01001112 0.01149053]",[ 4  8 10 15 16 21 25 27 28 30],100,47,0.015743,1000,100,0.003,0.002,1,10,10,idID,9,first
37,idID,True,0.021915289510146756,0.01012399172671025,10,"[0.90625591 0.01000227 0.01001256 0.01000784 0.0100052  0.01002364
 0.01012933 0.01209533 0.01001147 0.01145646]",[ 4  8 10 15 16 21 25 27 28 30],100,50,0.015755,1000,100,0.003,0.002,1,10,10,idID,9,first
38,idID,True,0.021908505550164954,0.010124257891982706,10,"[0.90628706 0.01000261 0.0100129  0.01000818 0.01000555 0.01002398
 0.01012968 0.01209574 0.01001181 0.01142248]",[ 4  8 10 15 16 21 25 27 28 30],100,50,0.015749,1000,100,0.003,0.002,1,10,10,idID,9,first
39,idID,True,0.021901740961985074,0.010124523276974214,10,"[0.90631812 0.01000295 0.01001324 0.01000853 0.01000589 0.01002433
 0.01013003 0.01209616 0.01001215 0.0113886 ]",[ 4  8 10 15 16 21 25 27 28 30],100,46,0.015542,1000,100,0.003,0.002,1,10,10,idID,9,first
40,idID,True,0.021894995693210444,0.010124787883918351,10,"[0.90634908 0.01000329 0.01001359 0.01000887 0.01000623 0.01002467
 0.01013038 0.01209657 0.0100125  0.01135483]",[ 4  8 10 15 16 21 25 27 28 30],100,48,0.015703,1000,100,0.003,0.002,1,10,10,idID,9,first
41,idID,True,0.021888269691568728,0.010125051715042622,10,"[0.90637996 0.01000363 0.01001393 0.01000921 0.01000657 0.01002501
 0.01013072 0.01209698 0.01001284 0.01132115]",[ 4  8 10 15 16 21 25 27 28 30],100,40,0.015018,1000,100,0.003,0.002,1,10,10,idID,9,first
42,idID,True,0.021881562904911646,0.01012531477256847,10,"[0.90641074 0.01000397 0.01001427 0.01000955 0.01000691 0.01002535
 0.01013106 0.01209739 0.01001318 0.01128757]",[ 4  8 10 15 16 21 25 27 28 30],100,45,0.015396,1000,100,0.003,0.002,1,10,10,idID,9,first
43,idID,True,0.021874875281214814,0.010125577058711296,10,"[0.90644144 0.01000431 0.01001461 0.01000989 0.01000725 0.01002569
 0.01013141 0.0120978  0.01001352 0.01125408]",[ 4  8 10 15 16 21 25 27 28 30],100,51,0.015851,1000,100,0.003,0.002,1,10,10,idID,9,first
44,idID,True,0.02186820676857756,0.010125838575680463,10,"[0.90647204 0.01000465 0.01001495 0.01001023 0.01000759 0.01002603
 0.01013175 0.01209821 0.01001386 0.0112207 ]",[ 4  8 10 15 16 21 25 27 28 30],100,53,0.015873,1000,100,0.003,0.002,1,10,10,idID,9,first
45,idID,True,0.02186155731522275,0.010126099325679329,10,"[0.90650256 0.01000499 0.01001528 0.01001056 0.01000793 0.01002637
 0.01013209 0.01209862 0.01001419 0.01118742]",[ 4  8 10 15 16 21 25 27 28 30],100,49,0.015779,1000,100,0.003,0.002,1,10,10,idID,9,first
46,idID,True,0.021854926869496576,0.010126359310905242,10,"[0.90653298 0.01000532 0.01001562 0.0100109  0.01000826 0.0100267
 0.01013243 0.01209902 0.01001453 0.01115423]",[ 4  8 10 15 16 21 25 27 28 30],100,44,0.015327,1000,100,0.003,0.002,1,10,10,idID,9,first
47,idID,True,0.02184831537986835,0.010126618533549568,10,"[0.90656332 0.01000566 0.01001595 0.01001123 0.0100086  0.01002704
 0.01013277 0.01209943 0.01001486 0.01112114]",[ 4  8 10 15 16 21 25 27 28 30],100,46,0.015532,1000,100,0.003,0.002,1,10,10,idID,9,first
48,idID,True,0.021841722794930366,0.0101268769957977,10,"[0.90659357 0.01000599 0.01001629 0.01001157 0.01000893 0.01002737
 0.01013311 0.01209983 0.0100152  0.01108814]",[ 4  8 10 15 16 21 25 27 28 30],100,45,0.015336,1000,100,0.003,0.002,1,10,10,idID,9,first
49,idID,True,0.021835149063397643,0.010127134699829057,10,"[0.90662373 0.01000633 0.01001662 0.0100119  0.01000926 0.01002771
 0.01013345 0.01210023 0.01001553 0.01105525]",[ 4  8 10 15 16 21 25 27 28 30],100,47,0.01559,1000,100,0.003,0.002,1,10,10,idID,9,first
50,idID,True,0.0218285941341078,0.01012739164781714,10,"[0.9066538  0.01000666 0.01001695 0.01001223 0.01000959 0.01002804
 0.01013378 0.01210064 0.01001586 0.01102245]",[ 4  8 10 15 16 21 25 27 28 30],100,41,0.015309,1000,100,0.003,0.002,1,10,10,idID,9,first
51,idID,True,0.02182205795602084,0.0101276478419295,10,"[0.90668378 0.01000699 0.01001728 0.01001256 0.01000993 0.01002837
 0.01013412 0.01210104 0.01001619 0.01098974]",[ 4  8 10 15 16 21 25 27 28 30],100,45,0.01569,1000,100,0.003,0.002,1,10,10,idID,9,first
52,idID,True,0.02181554047821893,0.010127903284327786,10,"[0.90671367 0.01000732 0.01001761 0.0100129  0.01001026 0.0100287
 0.01013445 0.01210143 0.01001652 0.01095714]",[ 4  8 10 15 16 21 25 27 28 30],100,47,0.015675,1000,100,0.003,0.002,1,10,10,idID,9,first
53,idID,True,0.021809041649906265,0.01012815797716774,10,"[0.90674348 0.01000765 0.01001794 0.01001322 0.01001059 0.01002903
 0.01013478 0.01210183 0.01001685 0.01092462]",[ 4  8 10 15 16 21 25 27 28 30],100,46,0.015634,1000,100,0.003,0.002,1,10,10,idID,9,first
54,idID,True,0.0218025614204088,0.010128411922599216,10,"[0.90677319 0.01000797 0.01001827 0.01001355 0.01001091 0.01002936
 0.01013512 0.01210223 0.01001718 0.01089221]",[ 4  8 10 15 16 21 25 27 28 30],100,48,0.015665,1000,100,0.003,0.002,1,10,10,idID,9,first
55,idID,True,0.021796099739174145,0.010128665122766207,10,"[0.90680283 0.0100083  0.0100186  0.01001388 0.01001124 0.01002969
 0.01013545 0.01210262 0.01001751 0.01085988]",[ 4  8 10 15 16 21 25 27 28 30],100,59,0.016339,1000,100,0.003,0.002,1,10,10,idID,9,first
56,idID,True,0.021789656555771284,0.010128917579806825,10,"[0.90683237 0.01000863 0.01001893 0.01001421 0.01001157 0.01003001
 0.01013578 0.01210302 0.01001784 0.01082766]",[ 4  8 10 15 16 21 25 27 28 30],100,50,0.015826,1000,100,0.003,0.002,1,10,10,idID,9,first
57,idID,True,0.021783231819890485,0.010129169295853366,10,"[0.90686183 0.01000895 0.01001925 0.01001453 0.01001189 0.01003034
 0.01013611 0.01210341 0.01001816 0.01079552]",[ 4  8 10 15 16 21 25 27 28 30],100,49,0.015771,1000,100,0.003,0.002,1,10,10,idID,9,first
58,idID,True,0.021776023752830824,0.010129417559316659,10,"[0.90688912 0.01000925 0.01001955 0.01001483 0.01001219 0.01000055
 0.01013641 0.01210378 0.01001846 0.01079585]",[ 4  8 10 15 16 21 25 27 28 30],100,48,0.015719,1000,100,0.003,0.002,1,10,10,idID,9,first
59,idID,True,0.021769617101125096,0.010129668552089107,10,"[0.90691849 0.01000958 0.01001988 0.01001516 0.01001252 0.01000087
 0.01013674 0.01210417 0.01001879 0.01076381]",[ 4  8 10 15 16 21 25 27 28 30],100,42,0.015281,1000,100,0.003,0.002,1,10,10,idID,9,first
60,idID,True,0.021763228797571317,0.010129918808069278,10,"[0.90694778 0.0100099  0.0100202  0.01001548 0.01001284 0.0100012
 0.01013707 0.01210456 0.01001911 0.01073187]",[ 4  8 10 15 16 21 25 27 28 30],100,39,0.015032,1000,100,0.003,0.002,1,10,10,idID,9,first
61,idID,True,0.021756858792219884,0.010130168329372137,10,"[0.90697698 0.01001022 0.01002052 0.0100158  0.01001316 0.01000152
 0.01013739 0.01210495 0.01001943 0.01070001]",[ 4  8 10 15 16 21 25 27 28 30],100,60,0.016381,1000,100,0.003,0.002,1,10,10,idID,9,first
62,idID,True,0.021750507035241638,0.010130417118106862,10,"[0.90700609 0.01001055 0.01002085 0.01001612 0.01001348 0.01000184
 0.01013772 0.01210534 0.01001976 0.01066826]",[ 4  8 10 15 16 21 25 27 28 30],100,50,0.015743,1000,100,0.003,0.002,1,10,10,idID,9,first
63,idID,True,0.021744173476927676,0.010130665176376858,10,"[0.90703512 0.01001087 0.01002117 0.01001644 0.0100138  0.01000216
 0.01013804 0.01210573 0.01002008 0.01063659]",[ 4  8 10 15 16 21 25 27 28 30],100,41,0.01529,1000,100,0.003,0.002,1,10,10,idID,9,first
64,idID,True,0.021737858067689173,0.010130912506279767,10,"[0.90706407 0.01001119 0.01002149 0.01001676 0.01001412 0.01000248
 0.01013837 0.01210611 0.0100204  0.01060502]",[ 4  8 10 15 16 21 25 27 28 30],100,55,0.016042,1000,100,0.003,0.002,1,10,10,idID,9,first
65,idID,True,0.021731560758057173,0.0101311591099075,10,"[0.90709293 0.0100115  0.0100218  0.01001708 0.01001444 0.0100028
 0.01013869 0.0121065  0.01002071 0.01057354]",[ 4  8 10 15 16 21 25 27 28 30],100,38,0.015121,1000,100,0.003,0.002,1,10,10,idID,9,first
66,idID,True,0.02172528149868236,0.01013140498934622,10,"[0.9071217  0.01001182 0.01002212 0.0100174  0.01001476 0.01000311
 0.01013901 0.01210688 0.01002103 0.01054216]",[ 4  8 10 15 16 21 25 27 28 30],100,50,0.015779,1000,100,0.003,0.002,1,10,10,idID,9,first
67,idID,True,0.02171902024033493,0.010131650146676387,10,"[0.90715039 0.01001214 0.01002244 0.01001772 0.01001508 0.01000343
 0.01013933 0.01210726 0.01002135 0.01051086]",[ 4  8 10 15 16 21 25 27 28 30],100,38,0.015007,1000,100,0.003,0.002,1,10,10,idID,9,first
68,idID,True,0.02171277693390431,0.01013189458397274,10,"[0.907179   0.01001245 0.01002276 0.01001803 0.01001539 0.01000375
 0.01013965 0.01210765 0.01002167 0.01047966]",[ 4  8 10 15 16 21 25 27 28 30],100,51,0.015771,1000,100,0.003,0.002,1,10,10,idID,9,first
69,idID,True,0.021706551530399076,0.010132138303304358,10,"[0.90720752 0.01001277 0.01002307 0.01001835 0.01001571 0.01000406
 0.01013997 0.01210803 0.01002198 0.01044855]",[ 4  8 10 15 16 21 25 27 28 30],100,51,0.015812,1000,100,0.003,0.002,1,10,10,idID,9,first
70,idID,True,0.02170034398094663,0.010132381306734621,10,"[0.90723595 0.01001308 0.01002339 0.01001866 0.01001602 0.01000437
 0.01014029 0.01210841 0.01002229 0.01041753]",[ 4  8 10 15 16 21 25 27 28 30],100,44,0.015443,1000,100,0.003,0.002,1,10,10,idID,9,first
71,idID,True,0.02169415423679308,0.01013262359632126,10,"[0.90726431 0.0100134  0.0100237  0.01001898 0.01001634 0.01000469
 0.01014061 0.01210878 0.01002261 0.0103866 ]",[ 4  8 10 15 16 21 25 27 28 30],100,49,0.015772,1000,100,0.003,0.002,1,10,10,idID,9,first
72,idID,True,0.021687982249303014,0.01013286517411635,10,"[0.90729258 0.01001371 0.01002401 0.01001929 0.01001665 0.010005
 0.01014092 0.01210916 0.01002292 0.01035577]",[ 4  8 10 15 16 21 25 27 28 30],100,48,0.015632,1000,100,0.003,0.002,1,10,10,idID,9,first
73,idID,True,0.021681827969959322,0.010133106042166348,10,"[0.90732077 0.01001402 0.01002432 0.0100196  0.01001696 0.01000531
 0.01014124 0.01210954 0.01002323 0.01032502]",[ 4  8 10 15 16 21 25 27 28 30],100,51,0.015953,1000,100,0.003,0.002,1,10,10,idID,9,first
74,idID,True,0.021675691350362982,0.010133346202512071,10,"[0.90734887 0.01001433 0.01002463 0.01001991 0.01001727 0.01000562
 0.01014155 0.01210991 0.01002354 0.01029436]",[ 4  8 10 15 16 21 25 27 28 30],100,51,0.015834,1000,100,0.003,0.002,1,10,10,idID,9,first
75,idID,True,0.021669572342232876,0.010133585657188757,10,"[0.9073769  0.01001464 0.01002494 0.01002022 0.01001758 0.01000593
 0.01014186 0.01211029 0.01002385 0.0102638 ]",[ 4  8 10 15 16 21 25 27 28 30],100,46,0.015571,1000,100,0.003,0.002,1,10,10,idID,9,first
76,idID,True,0.021663470897405532,0.010133824408226029,10,"[0.90740484 0.01001495 0.01002525 0.01002053 0.01001789 0.01000624
 0.01014218 0.01211066 0.01002416 0.01023332]",[ 4  8 10 15 16 21 25 27 28 30],100,46,0.015433,1000,100,0.003,0.002,1,10,10,idID,9,first
77,idID,True,0.021657386967835045,0.010134062457647943,10,"[0.90743269 0.01001525 0.01002556 0.01002084 0.01001819 0.01000654
 0.01014249 0.01211103 0.01002447 0.01020293]",[ 4  8 10 15 16 21 25 27 28 30],100,51,0.015875,1000,100,0.003,0.002,1,10,10,idID,9,first
78,idID,True,0.021651320505592753,0.010134299807472996,10,"[0.90746047 0.01001556 0.01002587 0.01002114 0.0100185  0.01000685
 0.0101428  0.0121114  0.01002477 0.01017264]",[ 4  8 10 15 16 21 25 27 28 30],100,43,0.015236,1000,100,0.003,0.002,1,10,10,idID,9,first
79,idID,True,0.021645271462867113,0.010134536459714127,10,"[0.90748817 0.01001587 0.01002617 0.01002145 0.01001881 0.01000716
 0.01014311 0.01211177 0.01002508 0.01014243]",[ 4  8 10 15 16 21 25 27 28 30],100,49,0.015675,1000,100,0.003,0.002,1,10,10,idID,9,first
80,idID,True,0.021639239791963475,0.010134772416378739,10,"[0.90751578 0.01001617 0.01002648 0.01002175 0.01001911 0.01000746
 0.01014342 0.01211214 0.01002539 0.01011231]",[ 4  8 10 15 16 21 25 27 28 30],100,57,0.016163,1000,100,0.003,0.002,1,10,10,idID,9,first
81,idID,True,0.021633225445303876,0.010135007679468717,10,"[0.90754331 0.01001647 0.01002678 0.01002206 0.01001942 0.01000776
 0.01014372 0.01211251 0.01002569 0.01008228]",[ 4  8 10 15 16 21 25 27 28 30],100,55,0.016143,1000,100,0.003,0.002,1,10,10,idID,9,first
82,idID,True,0.021627228375426834,0.01013524225098043,10,"[0.90757076 0.01001678 0.01002708 0.01002236 0.01001972 0.01000807
 0.01014403 0.01211287 0.01002599 0.01005233]",[ 4  8 10 15 16 21 25 27 28 30],100,44,0.01529,1000,100,0.003,0.002,1,10,10,idID,9,first
83,idID,True,0.021621248534987213,0.010135476132904761,10,"[0.90759813 0.01001708 0.01002739 0.01002266 0.01002002 0.01000837
 0.01014434 0.01211324 0.0100263  0.01002248]",[ 4  8 10 15 16 21 25 27 28 30],100,39,0.015083,1000,100,0.003,0.002,1,10,10,idID,9,first
84,idID,True,0.021616542164617253,0.010135759501286873,10,"[0.90763112 0.01001744 0.01002775 0.01002303 0.01002038 0.01000873
 0.0101447  0.01207734 0.01002666 0.01002284]",[ 4  8 10 15 16 21 25 27 28 30],100,43,0.015253,1000,100,0.003,0.002,1,10,10,idID,9,first
85,idID,True,0.021611849175402868,0.01013604204006779,10,"[0.907664   0.01001781 0.01002811 0.01002339 0.01002075 0.01000909
 0.01014507 0.01204154 0.01002702 0.01002321]",[ 4  8 10 15 16 21 25 27 28 30],100,37,0.015075,1000,100,0.003,0.002,1,10,10,idID,9,first
86,idID,True,0.021607169531499007,0.010136323751615703,10,"[0.90769679 0.01001817 0.01002848 0.01002375 0.01002111 0.01000946
 0.01014544 0.01200585 0.01002739 0.01002357]",[ 4  8 10 15 16 21 25 27 28 30],100,51,0.015799,1000,100,0.003,0.002,1,10,10,idID,9,first
87,idID,True,0.021602503197143467,0.01013660463829238,10,"[0.90772949 0.01001853 0.01002884 0.01002411 0.01002147 0.01000982
 0.0101458  0.01197027 0.01002775 0.01002393]",[ 4  8 10 15 16 21 25 27 28 30],100,43,0.01532,1000,100,0.003,0.002,1,10,10,idID,9,first
88,idID,True,0.021597850136656806,0.01013688470245322,10,"[0.90776208 0.01001889 0.0100292  0.01002447 0.01002183 0.01001018
 0.01014617 0.01193478 0.01002811 0.01002429]",[ 4  8 10 15 16 21 25 27 28 30],100,40,0.015107,1000,100,0.003,0.002,1,10,10,idID,9,first
89,idID,True,0.02159321031444224,0.010137163946447243,10,"[0.90779459 0.01001925 0.01002956 0.01002483 0.01002219 0.01001053
 0.01014653 0.0118994  0.01002847 0.01002465]",[ 4  8 10 15 16 21 25 27 28 30],100,38,0.014931,1000,100,0.003,0.002,1,10,10,idID,9,first
90,idID,True,0.02158858369498547,0.010137442372617116,10,"[0.907827   0.01001961 0.01002992 0.01002519 0.01002255 0.01001089
 0.01014689 0.01186413 0.01002882 0.01002501]",[ 4  8 10 15 16 21 25 27 28 30],100,49,0.015674,1000,100,0.003,0.002,1,10,10,idID,9,first
91,idID,True,0.02158397024285462,0.010137719983299152,10,"[0.90785931 0.01001996 0.01003027 0.01002555 0.0100229  0.01001125
 0.01014726 0.01182896 0.01002918 0.01002536]",[ 4  8 10 15 16 21 25 27 28 30],100,46,0.015557,1000,100,0.003,0.002,1,10,10,idID,9,first
92,idID,True,0.021578235698865557,0.010137962062774274,10,"[0.90788663 0.01002026 0.01000048 0.01002585 0.01002321 0.01001155
 0.01014756 0.01182931 0.01002948 0.01002567]",[ 4  8 10 15 16 21 25 27 28 30],100,54,0.015897,1000,100,0.003,0.002,1,10,10,idID,9,first
93,idID,True,0.021573634927066383,0.010138238877219301,10,"[0.90791885 0.01002062 0.01000084 0.0100262  0.01002356 0.0100119
 0.01014792 0.01179425 0.01002984 0.01002602]",[ 4  8 10 15 16 21 25 27 28 30],100,36,0.014803,1000,100,0.003,0.002,1,10,10,idID,9,first
94,idID,True,0.02156904725325889,0.01013851488078121,10,"[0.90795097 0.01002097 0.01000119 0.01002656 0.01002392 0.01001226
 0.01014828 0.01175928 0.01003019 0.01002638]",[ 4  8 10 15 16 21 25 27 28 30],100,36,0.014786,1000,100,0.003,0.002,1,10,10,idID,9,first
95,idID,True,0.021562137963182973,0.010138644921581414,10,"[0.9079783  0.01002128 0.01000149 0.01002686 0.01002422 0.01001256
 0.01014859 0.01175963 0.0100004  0.01002668]",[ 4  8 10 15 16 21 25 27 28 30],100,58,0.016238,1000,100,0.003,0.002,1,10,10,idID,9,first
96,idID,True,0.021557562933950298,0.010138920129446906,10,"[0.90801033 0.01002163 0.01000184 0.01002721 0.01002457 0.01001291
 0.01014894 0.01172477 0.01000076 0.01002703]",[ 4  8 10 15 16 21 25 27 28 30],100,43,0.015308,1000,100,0.003,0.002,1,10,10,idID,9,first
97,idID,True,0.02155300093360436,0.010139194531020928,10,"[0.90804227 0.01002198 0.0100022  0.01002757 0.01002492 0.01001327
 0.0101493  0.01169    0.01000111 0.01002738]",[ 4  8 10 15 16 21 25 27 28 30],100,43,0.015378,1000,100,0.003,0.002,1,10,10,idID,9,first
98,idID,True,0.02154845192711707,0.010139468128608563,10,"[0.90807411 0.01002233 0.01000255 0.01002792 0.01002528 0.01001362
 0.01014966 0.01165534 0.01000146 0.01002774]",[ 4  8 10 15 16 21 25 27 28 30],100,32,0.014681,1000,100,0.003,0.002,1,10,10,idID,9,first
99,idID,True,0.021543915879542158,0.010139740924508651,10,"[0.90810587 0.01002268 0.0100029  0.01002827 0.01002563 0.01001397
 0.01015001 0.01162078 0.01000181 0.01002809]",[ 4  8 10 15 16 21 25 27 28 30],100,41,0.015282,1000,100,0.003,0.002,1,10,10,idID,9,first
100,idID,True,0.021539392756014908,0.01014001292101378,10,"[0.90813753 0.01002303 0.01000325 0.01002862 0.01002598 0.01001432
 0.01015037 0.01158632 0.01000216 0.01002844]",[ 4  8 10 15 16 21 25 27 28 30],100,51,0.015784,1000,100,0.003,0.002,1,10,10,idID,9,first
101,idID,True,0.021534882521752216,0.010140284120410327,10,"[0.90816909 0.01002338 0.01000359 0.01002897 0.01002632 0.01001466
 0.01015072 0.01155197 0.0100025  0.01002878]",[ 4  8 10 15 16 21 25 27 28 30],100,46,0.015446,1000,100,0.003,0.002,1,10,10,idID,9,first
102,idID,True,0.021530385142052296,0.010140554524978458,10,"[0.90820057 0.01002373 0.01000394 0.01002932 0.01002667 0.01001501
 0.01015107 0.01151771 0.01000285 0.01002913]",[ 4  8 10 15 16 21 25 27 28 30],100,44,0.015426,1000,100,0.003,0.002,1,10,10,idID,9,first
103,idID,True,0.02152590058229475,0.010140824136992146,10,"[0.90823195 0.01002408 0.01000429 0.01002966 0.01002702 0.01001536
 0.01015142 0.01148355 0.0100032  0.01002948]",[ 4  8 10 15 16 21 25 27 28 30],100,40,0.01511,1000,100,0.003,0.002,1,10,10,idID,9,first
104,idID,True,0.02152142880794033,0.010141092958719197,10,"[0.90826324 0.01002442 0.01000463 0.01003001 0.01002736 0.0100157
 0.01015177 0.0114495  0.01000354 0.01002982]",[ 4  8 10 15 16 21 25 27 28 30],100,45,0.015361,1000,100,0.003,0.002,1,10,10,idID,9,first
105,idID,True,0.021516969784530837,0.010141360992421241,10,"[0.90829444 0.01002476 0.01000497 0.01003035 0.01002771 0.01001605
 0.01015212 0.01141554 0.01000389 0.01003017]",[ 4  8 10 15 16 21 25 27 28 30],100,54,0.016759,1000,100,0.003,0.002,1,10,10,idID,9,first
106,idID,True,0.02150980483651264,0.010141661922888094,10,"[0.90832177 0.01002507 0.01000528 0.01000056 0.01002801 0.01001635
 0.01015242 0.01141589 0.01000419 0.01003047]",[ 4  8 10 15 16 21 25 27 28 30],100,44,0.015902,1000,100,0.003,0.002,1,10,10,idID,9,first
107,idID,True,0.021503831220851696,0.010141895489289683,10,"[0.90834911 0.01002537 0.01000558 0.01000086 0.01002831 0.01001665
 0.01015273 0.01141623 0.01000449 0.01000068]",[ 4  8 10 15 16 21 25 27 28 30],100,48,0.015742,1000,100,0.003,0.002,1,10,10,idID,9,first
108,idID,True,0.021499383920503348,0.01014216277161357,10,"[0.90838022 0.01002571 0.01000592 0.0100012  0.01002865 0.01001699
 0.01015308 0.01138237 0.01000483 0.01000102]",[ 4  8 10 15 16 21 25 27 28 30],100,48,0.015692,1000,100,0.003,0.002,1,10,10,idID,9,first
109,idID,True,0.021494949305259425,0.010142429270317563,10,"[0.90841124 0.01002605 0.01000626 0.01000155 0.010029   0.01001733
 0.01015342 0.01134861 0.01000517 0.01000136]",[ 4  8 10 15 16 21 25 27 28 30],100,43,0.015374,1000,100,0.003,0.002,1,10,10,idID,9,first
110,idID,True,0.021490527340896626,0.010142694987645183,10,"[0.90844216 0.0100264  0.0100066  0.01000189 0.01002934 0.01001768
 0.01015377 0.01131495 0.01000551 0.01000171]",[ 4  8 10 15 16 21 25 27 28 30],100,48,0.015478,1000,100,0.003,0.002,1,10,10,idID,9,first
111,idID,True,0.021486117993272227,0.010142959925833844,10,"[0.908473   0.01002674 0.01000694 0.01000223 0.01002968 0.01001802
 0.01015411 0.01128139 0.01000585 0.01000204]",[ 4  8 10 15 16 21 25 27 28 30],100,50,0.01579,1000,100,0.003,0.002,1,10,10,idID,9,first
112,idID,True,0.021481721228324025,0.010143224087114865,10,"[0.90850375 0.01002707 0.01000728 0.01000257 0.01003002 0.01001835
 0.01015446 0.01124792 0.01000619 0.01000238]",[ 4  8 10 15 16 21 25 27 28 30],100,42,0.015236,1000,100,0.003,0.002,1,10,10,idID,9,first
113,idID,True,0.02147733701207015,0.010143487473713499,10,"[0.90853441 0.01002741 0.01000762 0.0100029  0.01003036 0.01001869
 0.0101548  0.01121456 0.01000653 0.01000272]",[ 4  8 10 15 16 21 25 27 28 30],100,49,0.015763,1000,100,0.003,0.002,1,10,10,idID,9,first
114,idID,True,0.02147015053288197,0.010143784225369988,10,"[0.90856175 0.01002771 0.01000792 0.0100032  0.01000057 0.01001899
 0.01015511 0.0112149  0.01000683 0.01000302]",[ 4  8 10 15 16 21 25 27 28 30],100,40,0.01513,1000,100,0.003,0.002,1,10,10,idID,9,first
115,idID,True,0.02146577836337328,0.010144046857392725,10,"[0.90859232 0.01002805 0.01000826 0.01000354 0.0100009  0.01001933
 0.01015545 0.01118163 0.01000717 0.01000336]",[ 4  8 10 15 16 21 25 27 28 30],100,53,0.015905,1000,100,0.003,0.002,1,10,10,idID,9,first
116,idID,True,0.021461418676173013,0.010144308719113473,10,"[0.9086228  0.01002839 0.01000859 0.01000388 0.01000124 0.01001967
 0.01015579 0.01114846 0.0100075  0.01000369]",[ 4  8 10 15 16 21 25 27 28 30],100,37,0.014933,1000,100,0.003,0.002,1,10,10,idID,9,first
117,idID,True,0.021457071437536168,0.010144569812739495,10,"[0.90865319 0.01002872 0.01000893 0.01000421 0.01000157 0.01002
 0.01015613 0.01111538 0.01000784 0.01000403]",[ 4  8 10 15 16 21 25 27 28 30],100,39,0.015066,1000,100,0.003,0.002,1,10,10,idID,9,first
118,idID,True,0.021452736613797645,0.01014483014047203,10,"[0.90868349 0.01002906 0.01000926 0.01000454 0.01000191 0.01002034
 0.01015647 0.01108241 0.01000817 0.01000436]",[ 4  8 10 15 16 21 25 27 28 30],100,47,0.015576,1000,100,0.003,0.002,1,10,10,idID,9,first
119,idID,True,0.021448414171372127,0.010145089704506328,10,"[0.9087137  0.01002939 0.01000959 0.01000488 0.01000224 0.01002067
 0.01015681 0.01104953 0.0100085  0.01000469]",[ 4  8 10 15 16 21 25 27 28 30],100,45,0.015385,1000,100,0.003,0.002,1,10,10,idID,9,first
120,idID,True,0.021444104076753973,0.01014534850703164,10,"[0.90874382 0.01002972 0.01000992 0.01000521 0.01000257 0.010021
 0.01015714 0.01101674 0.01000883 0.01000503]",[ 4  8 10 15 16 21 25 27 28 30],100,43,0.015211,1000,100,0.003,0.002,1,10,10,idID,9,first
121,idID,True,0.021439806296517115,0.010145606550231247,10,"[0.90877386 0.01003006 0.01001026 0.01000554 0.0100029  0.01002133
 0.01015748 0.01098406 0.01000917 0.01000536]",[ 4  8 10 15 16 21 25 27 28 30],100,49,0.01568,1000,100,0.003,0.002,1,10,10,idID,9,first
122,idID,True,0.0214355207973149,0.01014586383628247,10,"[0.90880381 0.01003039 0.01001059 0.01000587 0.01000323 0.01002166
 0.01015781 0.01095147 0.0100095  0.01000569]",[ 4  8 10 15 16 21 25 27 28 30],100,48,0.015509,1000,100,0.003,0.002,1,10,10,idID,9,first
123,idID,True,0.02142733735899076,0.010145955041234136,10,"[0.90883115 0.0100006  0.01001089 0.01000617 0.01000353 0.01002196
 0.01015812 0.01095179 0.0100098  0.01000599]",[ 4  8 10 15 16 21 25 27 28 30],100,45,0.015526,1000,100,0.003,0.002,1,10,10,idID,9,first
124,idID,True,0.021423063515098244,0.010146211583024832,10,"[0.90886101 0.01000092 0.01001122 0.0100065  0.01000386 0.01002229
 0.01015845 0.0109193  0.01001013 0.01000632]",[ 4  8 10 15 16 21 25 27 28 30],100,49,0.01563,1000,100,0.003,0.002,1,10,10,idID,9,first
125,idID,True,0.02141880188748275,0.010146467371973032,10,"[0.90889079 0.01000125 0.01001154 0.01000683 0.01000419 0.01002262
 0.01015878 0.0108869  0.01001045 0.01000664]",[ 4  8 10 15 16 21 25 27 28 30],100,39,0.015102,1000,100,0.003,0.002,1,10,10,idID,9,first
126,idID,True,0.02141455244303059,0.010146722410238358,10,"[0.90892047 0.01000158 0.01001187 0.01000715 0.01000452 0.01002295
 0.01015912 0.01085459 0.01001078 0.01000697]",[ 4  8 10 15 16 21 25 27 28 30],100,48,0.015704,1000,100,0.003,0.002,1,10,10,idID,9,first
127,idID,True,0.021410315148707035,0.010146976699974528,10,"[0.90895007 0.0100019  0.0100122  0.01000748 0.01000484 0.01002328
 0.01015945 0.01082238 0.01001111 0.0100073 ]",[ 4  8 10 15 16 21 25 27 28 30],100,43,0.015447,1000,100,0.003,0.002,1,10,10,idID,9,first
128,idID,True,0.021406089971556175,0.010147230243329374,10,"[0.90897958 0.01000223 0.01001252 0.0100078  0.01000517 0.0100236
 0.01015978 0.01079026 0.01001143 0.01000762]",[ 4  8 10 15 16 21 25 27 28 30],100,43,0.015218,1000,100,0.003,0.002,1,10,10,idID,9,first
129,idID,True,0.021401876878700873,0.010147483042444866,10,"[0.90900901 0.01000255 0.01001285 0.01000813 0.01000549 0.01002393
 0.01016011 0.01075824 0.01001176 0.01000795]",[ 4  8 10 15 16 21 25 27 28 30],100,49,0.015639,1000,100,0.003,0.002,1,10,10,idID,9,first
130,idID,True,0.021397675837342495,0.010147735099457095,10,"[0.90903835 0.01000288 0.01001317 0.01000845 0.01000581 0.01002425
 0.01016043 0.01072631 0.01001208 0.01000827]",[ 4  8 10 15 16 21 25 27 28 30],100,45,0.016146,1000,100,0.003,0.002,1,10,10,idID,9,first
131,idID,True,0.02139348681476099,0.01014798641649633,10,"[0.9090676  0.0100032  0.01001349 0.01000877 0.01000614 0.01002457
 0.01016076 0.01069448 0.0100124  0.01000859]",[ 4  8 10 15 16 21 25 27 28 30],100,37,0.015675,1000,100,0.003,0.002,1,10,10,idID,9,first
132,idID,True,0.0213893097783146,0.010148236995687005,10,"[0.90909677 0.01000352 0.01001381 0.01000909 0.01000646 0.01002489
 0.01016109 0.01066274 0.01001272 0.01000891]",[ 4  8 10 15 16 21 25 27 28 30],100,39,0.015254,1000,100,0.003,0.002,1,10,10,idID,9,first
133,idID,True,0.02138514339379419,0.010148400245746274,10,"[0.90912448 0.01000382 0.01001412 0.0100094  0.01000676 0.0100252
 0.01013091 0.01066306 0.01001303 0.01000922]",[ 4  8 10 15 16 21 25 27 28 30],100,42,0.015223,1000,100,0.003,0.002,1,10,10,idID,9,first
134,idID,True,0.02138097788476107,0.01014865010204592,10,"[0.90915356 0.01000414 0.01001444 0.01000972 0.01000708 0.01002552
 0.01013124 0.01063141 0.01001335 0.01000954]",[ 4  8 10 15 16 21 25 27 28 30],100,41,0.015166,1000,100,0.003,0.002,1,10,10,idID,9,first
135,idID,True,0.021376823029099812,0.010148812885065165,10,"[0.9091812  0.01000445 0.01001474 0.01001002 0.01000739 0.01002582
 0.01010115 0.01063173 0.01001365 0.01000984]",[ 4  8 10 15 16 21 25 27 28 30],100,36,0.015055,1000,100,0.003,0.002,1,10,10,idID,9,first
136,idID,True,0.0213726690186345,0.010149062020474855,10,"[0.9092102  0.01000477 0.01001506 0.01001034 0.0100077  0.01002614
 0.01010147 0.01060018 0.01001397 0.01001016]",[ 4  8 10 15 16 21 25 27 28 30],100,43,0.015409,1000,100,0.003,0.002,1,10,10,idID,9,first
137,idID,True,0.021368525662794076,0.01014922433772351,10,"[0.90923775 0.01000507 0.01001536 0.01001065 0.01000801 0.01002645
 0.01007147 0.0106005  0.01001428 0.01001046]",[ 4  8 10 15 16 21 25 27 28 30],100,56,0.016156,1000,100,0.003,0.002,1,10,10,idID,9,first
138,idID,True,0.021364383122105677,0.010149472754239278,10,"[0.90926667 0.01000539 0.01001568 0.01001096 0.01000833 0.01002677
 0.01007179 0.01056903 0.01001459 0.01001078]",[ 4  8 10 15 16 21 25 27 28 30],100,44,0.01535,1000,100,0.003,0.002,1,10,10,idID,9,first
139,idID,True,0.021360251237103927,0.010149634606983711,10,"[0.90929414 0.01000569 0.01001599 0.01001127 0.01000863 0.01002707
 0.01004188 0.01056935 0.0100149  0.01001109]",[ 4  8 10 15 16 21 25 27 28 30],100,43,0.015301,1000,100,0.003,0.002,1,10,10,idID,9,first
140,idID,True,0.021356120137456105,0.010149882306596558,10,"[0.90932298 0.01000601 0.0100163  0.01001158 0.01000895 0.01002739
 0.0100422  0.01053798 0.01001521 0.0100114 ]",[ 4  8 10 15 16 21 25 27 28 30],100,50,0.015652,1000,100,0.003,0.002,1,10,10,idID,9,first
141,idID,True,0.02135199969436706,0.010150043696100093,10,"[0.90935037 0.01000631 0.01001661 0.01001189 0.01000925 0.01002769
 0.01001237 0.0105383  0.01001552 0.0100117 ]",[ 4  8 10 15 16 21 25 27 28 30],100,44,0.015306,1000,100,0.003,0.002,1,10,10,idID,9,first
142,idID,True,0.02134788000707802,0.010150290680795987,10,"[0.90937912 0.01000663 0.01001692 0.0100122  0.01000956 0.01002801
 0.01001269 0.01050701 0.01001583 0.01001202]",[ 4  8 10 15 16 21 25 27 28 30],100,50,0.015637,1000,100,0.003,0.002,1,10,10,idID,9,first
143,idID,True,0.021343772117681976,0.01015053694008535,10,"[0.90940779 0.01000694 0.01001724 0.01001252 0.01000988 0.01002832
 0.01001301 0.01047582 0.01001615 0.01001234]",[ 4  8 10 15 16 21 25 27 28 30],100,42,0.015246,1000,100,0.003,0.002,1,10,10,idID,9,first
144,idID,True,0.02133967599406609,0.010150782476052727,10,"[0.90943637 0.01000726 0.01001755 0.01001283 0.01001019 0.01002864
 0.01001332 0.01044472 0.01001646 0.01001265]",[ 4  8 10 15 16 21 25 27 28 30],100,34,0.014633,1000,100,0.003,0.002,1,10,10,idID,9,first
145,idID,True,0.021335591604194893,0.010151027290776934,10,"[0.90946486 0.01000757 0.01001787 0.01001315 0.01001051 0.01002895
 0.01001364 0.01041372 0.01001678 0.01001296]",[ 4  8 10 15 16 21 25 27 28 30],100,37,0.014849,1000,100,0.003,0.002,1,10,10,idID,9,first
146,idID,True,0.02133151891611024,0.010151271386331089,10,"[0.90949328 0.01000788 0.01001818 0.01001346 0.01001082 0.01002927
 0.01001395 0.0103828  0.01001709 0.01001328]",[ 4  8 10 15 16 21 25 27 28 30],100,35,0.014667,1000,100,0.003,0.002,1,10,10,idID,9,first
147,idID,True,0.02132745789793107,0.01015151476478261,10,"[0.90952161 0.01000819 0.01001849 0.01001377 0.01001113 0.01002958
 0.01001426 0.01035197 0.0100174  0.01001359]",[ 4  8 10 15 16 21 25 27 28 30],100,39,0.015115,1000,100,0.003,0.002,1,10,10,idID,9,first
148,idID,True,0.021323408517853432,0.010151757428193258,10,"[0.90954986 0.0100085  0.0100188  0.01001408 0.01001144 0.01002989
 0.01001457 0.01032124 0.01001771 0.0100139 ]",[ 4  8 10 15 16 21 25 27 28 30],100,39,0.015026,1000,100,0.003,0.002,1,10,10,idID,9,first
149,idID,True,0.021319370744150166,0.01015199937861911,10,"[0.90957802 0.01000881 0.01001911 0.01001439 0.01001175 0.0100302
 0.01001488 0.01029059 0.01001802 0.01001421]",[ 4  8 10 15 16 21 25 27 28 30],100,45,0.015513,1000,100,0.003,0.002,1,10,10,idID,9,first
150,idID,True,0.021312141382453995,0.01015224832564019,10,"[0.90960539 0.01000912 0.01001941 0.01001469 0.01001205 0.01000041
 0.01001518 0.0102909  0.01001832 0.01001451]",[ 4  8 10 15 16 21 25 27 28 30],100,42,0.015158,1000,100,0.003,0.002,1,10,10,idID,9,first
151,idID,True,0.02130811468311662,0.01015248958007709,10,"[0.90963347 0.01000942 0.01001972 0.010015   0.01001236 0.01000072
 0.01001549 0.01026035 0.01001863 0.01001482]",[ 4  8 10 15 16 21 25 27 28 30],100,31,0.014536,1000,100,0.003,0.002,1,10,10,idID,9,first
152,idID,True,0.021304099528365556,0.010152730125580984,10,"[0.90966147 0.01000973 0.01002003 0.01001531 0.01001267 0.01000103
 0.0100158  0.01022988 0.01001894 0.01001513]",[ 4  8 10 15 16 21 25 27 28 30],100,43,0.015099,1000,100,0.003,0.002,1,10,10,idID,9,first
153,idID,True,0.021300095886699694,0.010152969964191174,10,"[0.90968939 0.01001004 0.01002034 0.01001562 0.01001298 0.01000133
 0.01001611 0.0101995  0.01001925 0.01001544]",[ 4  8 10 15 16 21 25 27 28 30],100,32,0.014679,1000,100,0.003,0.002,1,10,10,idID,9,first
154,idID,True,0.021296103726694337,0.01015320909794138,10,"[0.90971723 0.01001035 0.01002065 0.01001593 0.01001329 0.01000164
 0.01001641 0.01016922 0.01001956 0.01001574]",[ 4  8 10 15 16 21 25 27 28 30],100,46,0.015403,1000,100,0.003,0.002,1,10,10,idID,9,first
155,idID,False,0.021296103726694337,0.01015320909794138,10,"[0.90971723 0.01001035 0.01002065 0.01001593 0.01001329 0.01000164
 0.01001641 0.01016922 0.01001956 0.01001574]",[ 4  8 10 15 16 21 25 27 28 30],100,29,0.014266,1000,100,0.003,0.002,1,10,10,idID,9,first
156,idID,True,0.021292123017001067,0.010153447528859706,10,"[0.90974498 0.01001065 0.01002095 0.01001623 0.01001359 0.01000195
 0.01001672 0.01013902 0.01001986 0.01001605]",[ 4  8 10 15 16 21 25 27 28 30],100,45,0.01536,1000,100,0.003,0.002,1,10,10,idID,9,first
157,idID,True,0.02128815372634761,0.010153685258968696,10,"[0.90977265 0.01001096 0.01002126 0.01001654 0.0100139  0.01000225
 0.01001702 0.01010891 0.01002017 0.01001635]",[ 4  8 10 15 16 21 25 27 28 30],100,36,0.014767,1000,100,0.003,0.002,1,10,10,idID,9,first
158,idID,True,0.021284195823537706,0.010153922290285318,10,"[0.90980025 0.01001126 0.01002156 0.01001684 0.0100142  0.01000255
 0.01001733 0.01007889 0.01002047 0.01001666]",[ 4  8 10 15 16 21 25 27 28 30],100,41,0.015077,1000,100,0.003,0.002,1,10,10,idID,9,first
159,idID,True,0.02128024927745098,0.010154158624820988,10,"[0.90982776 0.01001156 0.01002186 0.01001714 0.0100145  0.01000286
 0.01001763 0.01004895 0.01002077 0.01001696]",[ 4  8 10 15 16 21 25 27 28 30],100,41,0.015029,1000,100,0.003,0.002,1,10,10,idID,9,first
160,idID,True,0.021276314057042833,0.010154394264581595,10,"[0.90985518 0.01001186 0.01002217 0.01001744 0.0100148  0.01000316
 0.01001793 0.01001911 0.01002108 0.01001726]",[ 4  8 10 15 16 21 25 27 28 30],100,44,0.015317,1000,100,0.003,0.002,1,10,10,idID,9,first
161,idID,False,0.021276314057042833,0.010154394264581595,10,"[0.90985518 0.01001186 0.01002217 0.01001744 0.0100148  0.01000316
 0.01001793 0.01001911 0.01002108 0.01001726]",[ 4  8 10 15 16 21 25 27 28 30],100,33,0.014613,1000,100,0.003,0.002,1,10,10,idID,9,first
162,idID,False,0.021276314057042833,0.010154394264581595,10,"[0.90985518 0.01001186 0.01002217 0.01001744 0.0100148  0.01000316
 0.01001793 0.01001911 0.01002108 0.01001726]",[ 4  8 10 15 16 21 25 27 28 30],100,40,0.014998,1000,100,0.003,0.002,1,10,10,idID,9,first
163,idID,False,0.021276314057042833,0.010154394264581595,10,"[0.90985518 0.01001186 0.01002217 0.01001744 0.0100148  0.01000316
 0.01001793 0.01001911 0.01002108 0.01001726]",[ 4  8 10 15 16 21 25 27 28 30],100,38,0.014988,1000,100,0.003,0.002,1,10,10,idID,9,first
164,idID,False,0.021276314057042833,0.010154394264581595,10,"[0.90985518 0.01001186 0.01002217 0.01001744 0.0100148  0.01000316
 0.01001793 0.01001911 0.01002108 0.01001726]",[ 4  8 10 15 16 21 25 27 28 30],100,42,0.015262,1000,100,0.003,0.002,1,10,10,idID,9,first
165,idID,False,0.021276314057042833,0.010154394264581595,10,"[0.90985518 0.01001186 0.01002217 0.01001744 0.0100148  0.01000316
 0.01001793 0.01001911 0.01002108 0.01001726]",[ 4  8 10 15 16 21 25 27 28 30],100,37,0.014795,1000,100,0.003,0.002,1,10,10,idID,9,first
166,idID,False,0.021276314057042833,0.010154394264581595,10,"[0.90985518 0.01001186 0.01002217 0.01001744 0.0100148  0.01000316
 0.01001793 0.01001911 0.01002108 0.01001726]",[ 4  8 10 15 16 21 25 27 28 30],100,33,0.014695,1000,100,0.003,0.002,1,10,10,idID,9,first
167,idID,False,0.021276314057042833,0.010154394264581595,10,"[0.90985518 0.01001186 0.01002217 0.01001744 0.0100148  0.01000316
 0.01001793 0.01001911 0.01002108 0.01001726]",[ 4  8 10 15 16 21 25 27 28 30],100,38,0.014871,1000,100,0.003,0.002,1,10,10,idID,9,first
168,idID,False,0.021276314057042833,0.010154394264581595,10,"[0.90985518 0.01001186 0.01002217 0.01001744 0.0100148  0.01000316
 0.01001793 0.01001911 0.01002108 0.01001726]",[ 4  8 10 15 16 21 25 27 28 30],100,34,0.014673,1000,100,0.003,0.002,1,10,10,idID,9,first
169,idID,False,0.021276314057042833,0.010154394264581595,10,"[0.90985518 0.01001186 0.01002217 0.01001744 0.0100148  0.01000316
 0.01001793 0.01001911 0.01002108 0.01001726]",[ 4  8 10 15 16 21 25 27 28 30],100,35,0.01476,1000,100,0.003,0.002,1,10,10,idID,9,first
170,idID,False,0.021276314057042833,0.010154394264581595,10,"[0.90985518 0.01001186 0.01002217 0.01001744 0.0100148  0.01000316
 0.01001793 0.01001911 0.01002108 0.01001726]",[ 4  8 10 15 16 21 25 27 28 30],100,41,0.015113,1000,100,0.003,0.002,1,10,10,idID,9,first
171,idID,False,0.021276314057042833,0.010154394264581595,10,"[0.90985518 0.01001186 0.01002217 0.01001744 0.0100148  0.01000316
 0.01001793 0.01001911 0.01002108 0.01001726]",[ 4  8 10 15 16 21 25 27 28 30],100,43,0.015138,1000,100,0.003,0.002,1,10,10,idID,9,first
172,idID,False,0.021276314057042833,0.010154394264581595,10,"[0.90985518 0.01001186 0.01002217 0.01001744 0.0100148  0.01000316
 0.01001793 0.01001911 0.01002108 0.01001726]",[ 4  8 10 15 16 21 25 27 28 30],100,40,0.01503,1000,100,0.003,0.002,1,10,10,idID,9,first
173,idID,False,0.021276314057042833,0.010154394264581595,10,"[0.90985518 0.01001186 0.01002217 0.01001744 0.0100148  0.01000316
 0.01001793 0.01001911 0.01002108 0.01001726]",[ 4  8 10 15 16 21 25 27 28 30],100,41,0.015164,1000,100,0.003,0.002,1,10,10,idID,9,first
174,idID,False,0.021276314057042833,0.010154394264581595,10,"[0.90985518 0.01001186 0.01002217 0.01001744 0.0100148  0.01000316
 0.01001793 0.01001911 0.01002108 0.01001726]",[ 4  8 10 15 16 21 25 27 28 30],100,34,0.014714,1000,100,0.003,0.002,1,10,10,idID,9,first
175,idID,False,0.021276314057042833,0.010154394264581595,10,"[0.90985518 0.01001186 0.01002217 0.01001744 0.0100148  0.01000316
 0.01001793 0.01001911 0.01002108 0.01001726]",[ 4  8 10 15 16 21 25 27 28 30],100,36,0.014843,1000,100,0.003,0.002,1,10,10,idID,9,first
176,idID,False,0.021276314057042833,0.010154394264581595,10,"[0.90985518 0.01001186 0.01002217 0.01001744 0.0100148  0.01000316
 0.01001793 0.01001911 0.01002108 0.01001726]",[ 4  8 10 15 16 21 25 27 28 30],100,37,0.014797,1000,100,0.003,0.002,1,10,10,idID,9,first
177,idID,False,0.021276314057042833,0.010154394264581595,10,"[0.90985518 0.01001186 0.01002217 0.01001744 0.0100148  0.01000316
 0.01001793 0.01001911 0.01002108 0.01001726]",[ 4  8 10 15 16 21 25 27 28 30],100,40,0.015143,1000,100,0.003,0.002,1,10,10,idID,9,first
178,idID,False,0.021276314057042833,0.010154394264581595,10,"[0.90985518 0.01001186 0.01002217 0.01001744 0.0100148  0.01000316
 0.01001793 0.01001911 0.01002108 0.01001726]",[ 4  8 10 15 16 21 25 27 28 30],100,33,0.014697,1000,100,0.003,0.002,1,10,10,idID,9,first
179,idID,False,0.021276314057042833,0.010154394264581595,10,"[0.90985518 0.01001186 0.01002217 0.01001744 0.0100148  0.01000316
 0.01001793 0.01001911 0.01002108 0.01001726]",[ 4  8 10 15 16 21 25 27 28 30],100,39,0.015078,1000,100,0.003,0.002,1,10,10,idID,9,first
180,idID,False,0.021276314057042833,0.010154394264581595,10,"[0.90985518 0.01001186 0.01002217 0.01001744 0.0100148  0.01000316
 0.01001793 0.01001911 0.01002108 0.01001726]",[ 4  8 10 15 16 21 25 27 28 30],100,33,0.014654,1000,100,0.003,0.002,1,10,10,idID,9,first
181,idID,False,0.021276314057042833,0.010154394264581595,10,"[0.90985518 0.01001186 0.01002217 0.01001744 0.0100148  0.01000316
 0.01001793 0.01001911 0.01002108 0.01001726]",[ 4  8 10 15 16 21 25 27 28 30],100,40,0.014953,1000,100,0.003,0.002,1,10,10,idID,9,first
182,idID,False,0.021276314057042833,0.010154394264581595,10,"[0.90985518 0.01001186 0.01002217 0.01001744 0.0100148  0.01000316
 0.01001793 0.01001911 0.01002108 0.01001726]",[ 4  8 10 15 16 21 25 27 28 30],100,40,0.015055,1000,100,0.003,0.002,1,10,10,idID,9,first
183,idID,False,0.021276314057042833,0.010154394264581595,10,"[0.90985518 0.01001186 0.01002217 0.01001744 0.0100148  0.01000316
 0.01001793 0.01001911 0.01002108 0.01001726]",[ 4  8 10 15 16 21 25 27 28 30],100,34,0.014668,1000,100,0.003,0.002,1,10,10,idID,9,first
184,idID,False,0.021276314057042833,0.010154394264581595,10,"[0.90985518 0.01001186 0.01002217 0.01001744 0.0100148  0.01000316
 0.01001793 0.01001911 0.01002108 0.01001726]",[ 4  8 10 15 16 21 25 27 28 30],100,29,0.014276,1000,100,0.003,0.002,1,10,10,idID,9,first
185,idID,False,0.021276314057042833,0.010154394264581595,10,"[0.90985518 0.01001186 0.01002217 0.01001744 0.0100148  0.01000316
 0.01001793 0.01001911 0.01002108 0.01001726]",[ 4  8 10 15 16 21 25 27 28 30],100,37,0.014845,1000,100,0.003,0.002,1,10,10,idID,9,first
186,idID,False,0.021276314057042833,0.010154394264581595,10,"[0.90985518 0.01001186 0.01002217 0.01001744 0.0100148  0.01000316
 0.01001793 0.01001911 0.01002108 0.01001726]",[ 4  8 10 15 16 21 25 27 28 30],100,43,0.015342,1000,100,0.003,0.002,1,10,10,idID,9,first
187,idID,False,0.021276314057042833,0.010154394264581595,10,"[0.90985518 0.01001186 0.01002217 0.01001744 0.0100148  0.01000316
 0.01001793 0.01001911 0.01002108 0.01001726]",[ 4  8 10 15 16 21 25 27 28 30],100,31,0.014355,1000,100,0.003,0.002,1,10,10,idID,9,first
188,idID,False,0.021276314057042833,0.010154394264581595,10,"[0.90985518 0.01001186 0.01002217 0.01001744 0.0100148  0.01000316
 0.01001793 0.01001911 0.01002108 0.01001726]",[ 4  8 10 15 16 21 25 27 28 30],100,42,0.015185,1000,100,0.003,0.002,1,10,10,idID,9,first
189,idID,False,0.021276314057042833,0.010154394264581595,10,"[0.90985518 0.01001186 0.01002217 0.01001744 0.0100148  0.01000316
 0.01001793 0.01001911 0.01002108 0.01001726]",[ 4  8 10 15 16 21 25 27 28 30],100,39,0.014995,1000,100,0.003,0.002,1,10,10,idID,9,first
190,idID,False,0.021276314057042833,0.010154394264581595,10,"[0.90985518 0.01001186 0.01002217 0.01001744 0.0100148  0.01000316
 0.01001793 0.01001911 0.01002108 0.01001726]",[ 4  8 10 15 16 21 25 27 28 30],100,34,0.014586,1000,100,0.003,0.002,1,10,10,idID,9,first
191,idID,False,0.021276314057042833,0.010154394264581595,10,"[0.90985518 0.01001186 0.01002217 0.01001744 0.0100148  0.01000316
 0.01001793 0.01001911 0.01002108 0.01001726]",[ 4  8 10 15 16 21 25 27 28 30],100,39,0.015039,1000,100,0.003,0.002,1,10,10,idID,9,first
192,idID,False,0.021276314057042833,0.010154394264581595,10,"[0.90985518 0.01001186 0.01002217 0.01001744 0.0100148  0.01000316
 0.01001793 0.01001911 0.01002108 0.01001726]",[ 4  8 10 15 16 21 25 27 28 30],100,40,0.014907,1000,100,0.003,0.002,1,10,10,idID,9,first
193,idID,False,0.021276314057042833,0.010154394264581595,10,"[0.90985518 0.01001186 0.01002217 0.01001744 0.0100148  0.01000316
 0.01001793 0.01001911 0.01002108 0.01001726]",[ 4  8 10 15 16 21 25 27 28 30],100,45,0.01541,1000,100,0.003,0.002,1,10,10,idID,9,first
194,idID,False,0.021276314057042833,0.010154394264581595,10,"[0.90985518 0.01001186 0.01002217 0.01001744 0.0100148  0.01000316
 0.01001793 0.01001911 0.01002108 0.01001726]",[ 4  8 10 15 16 21 25 27 28 30],100,29,0.014402,1000,100,0.003,0.002,1,10,10,idID,9,first
195,idID,False,0.021276314057042833,0.010154394264581595,10,"[0.90985518 0.01001186 0.01002217 0.01001744 0.0100148  0.01000316
 0.01001793 0.01001911 0.01002108 0.01001726]",[ 4  8 10 15 16 21 25 27 28 30],100,30,0.014247,1000,100,0.003,0.002,1,10,10,idID,9,first
196,idID,False,0.021276314057042833,0.010154394264581595,10,"[0.90985518 0.01001186 0.01002217 0.01001744 0.0100148  0.01000316
 0.01001793 0.01001911 0.01002108 0.01001726]",[ 4  8 10 15 16 21 25 27 28 30],100,39,0.014907,1000,100,0.003,0.002,1,10,10,idID,9,first
197,idID,False,0.021276314057042833,0.010154394264581595,10,"[0.90985518 0.01001186 0.01002217 0.01001744 0.0100148  0.01000316
 0.01001793 0.01001911 0.01002108 0.01001726]",[ 4  8 10 15 16 21 25 27 28 30],100,27,0.014337,1000,100,0.003,0.002,1,10,10,idID,9,first
198,idID,False,0.021276314057042833,0.010154394264581595,10,"[0.90985518 0.01001186 0.01002217 0.01001744 0.0100148  0.01000316
 0.01001793 0.01001911 0.01002108 0.01001726]",[ 4  8 10 15 16 21 25 27 28 30],100,40,0.015125,1000,100,0.003,0.002,1,10,10,idID,9,first
199,idID,False,0.021276314057042833,0.010154394264581595,10,"[0.90985518 0.01001186 0.01002217 0.01001744 0.0100148  0.01000316
 0.01001793 0.01001911 0.01002108 0.01001726]",[ 4  8 10 15 16 21 25 27 28 30],100,41,0.015184,1000,100,0.003,0.002,1,10,10,idID,9,first
200,idID,False,0.021276314057042833,0.010154394264581595,10,"[0.90985518 0.01001186 0.01002217 0.01001744 0.0100148  0.01000316
 0.01001793 0.01001911 0.01002108 0.01001726]",[ 4  8 10 15 16 21 25 27 28 30],100,32,0.014472,1000,100,0.003,0.002,1,10,10,idID,9,first
201,idID,False,0.021276314057042833,0.010154394264581595,10,"[0.90985518 0.01001186 0.01002217 0.01001744 0.0100148  0.01000316
 0.01001793 0.01001911 0.01002108 0.01001726]",[ 4  8 10 15 16 21 25 27 28 30],100,34,0.014644,1000,100,0.003,0.002,1,10,10,idID,9,first
202,idID,False,0.021276314057042833,0.010154394264581595,10,"[0.90985518 0.01001186 0.01002217 0.01001744 0.0100148  0.01000316
 0.01001793 0.01001911 0.01002108 0.01001726]",[ 4  8 10 15 16 21 25 27 28 30],100,35,0.014684,1000,100,0.003,0.002,1,10,10,idID,9,first
203,idID,False,0.021276314057042833,0.010154394264581595,10,"[0.90985518 0.01001186 0.01002217 0.01001744 0.0100148  0.01000316
 0.01001793 0.01001911 0.01002108 0.01001726]",[ 4  8 10 15 16 21 25 27 28 30],100,38,0.014924,1000,100,0.003,0.002,1,10,10,idID,9,first
204,idID,False,0.021276314057042833,0.010154394264581595,10,"[0.90985518 0.01001186 0.01002217 0.01001744 0.0100148  0.01000316
 0.01001793 0.01001911 0.01002108 0.01001726]",[ 4  8 10 15 16 21 25 27 28 30],100,40,0.014948,1000,100,0.003,0.002,1,10,10,idID,9,first
205,idID,False,0.021276314057042833,0.010154394264581595,10,"[0.90985518 0.01001186 0.01002217 0.01001744 0.0100148  0.01000316
 0.01001793 0.01001911 0.01002108 0.01001726]",[ 4  8 10 15 16 21 25 27 28 30],100,34,0.014984,1000,100,0.003,0.002,1,10,10,idID,9,first
206,idID,False,0.021276314057042833,0.010154394264581595,10,"[0.90985518 0.01001186 0.01002217 0.01001744 0.0100148  0.01000316
 0.01001793 0.01001911 0.01002108 0.01001726]",[ 4  8 10 15 16 21 25 27 28 30],100,41,0.015952,1000,100,0.003,0.002,1,10,10,idID,9,first
207,idID,False,0.021276314057042833,0.010154394264581595,10,"[0.90985518 0.01001186 0.01002217 0.01001744 0.0100148  0.01000316
 0.01001793 0.01001911 0.01002108 0.01001726]",[ 4  8 10 15 16 21 25 27 28 30],100,39,0.015559,1000,100,0.003,0.002,1,10,10,idID,9,first
208,idID,False,0.021276314057042833,0.010154394264581595,10,"[0.90985518 0.01001186 0.01002217 0.01001744 0.0100148  0.01000316
 0.01001793 0.01001911 0.01002108 0.01001726]",[ 4  8 10 15 16 21 25 27 28 30],100,47,0.015496,1000,100,0.003,0.002,1,10,10,idID,9,first
209,idID,False,0.021276314057042833,0.010154394264581595,10,"[0.90985518 0.01001186 0.01002217 0.01001744 0.0100148  0.01000316
 0.01001793 0.01001911 0.01002108 0.01001726]",[ 4  8 10 15 16 21 25 27 28 30],100,40,0.014998,1000,100,0.003,0.002,1,10,10,idID,9,first
210,idID,False,0.021276314057042833,0.010154394264581595,10,"[0.90985518 0.01001186 0.01002217 0.01001744 0.0100148  0.01000316
 0.01001793 0.01001911 0.01002108 0.01001726]",[ 4  8 10 15 16 21 25 27 28 30],100,35,0.014699,1000,100,0.003,0.002,1,10,10,idID,9,first
211,idID,False,0.021276314057042833,0.010154394264581595,10,"[0.90985518 0.01001186 0.01002217 0.01001744 0.0100148  0.01000316
 0.01001793 0.01001911 0.01002108 0.01001726]",[ 4  8 10 15 16 21 25 27 28 30],100,44,0.015282,1000,100,0.003,0.002,1,10,10,idID,9,first
