iter,obj,aug_obj,return,X,Z,Q,max_iter,neighbours,alpha,exp_return,n_port,k,move_strategy,seed,selection_strategy,tag
0,0.1848673586597898,0.1848673586597898,0.004717700000000001,[0.       0.       0.       0.       0.111111 0.       0.       0.       0.111111 0.111111 0.111111 0.       0.       0.       0.111111 0.       0.       0.       0.111111 0.111111 0.       0.       0.       0.       0.       0.111111 0.       0.       0.       0.       0.111111],[0. 0. 0. 0. 1. 0. 0. 0. 1. 1. 1. 0. 0. 0. 1. 0. 0. 0. 1. 1. 0. 0. 0. 0. 0. 1. 0. 0. 0. 0. 1.],9.0,1000,100,0.01,0.0045,1,11,idID,,first,single_objective
1,0.17269456000000002,0.17269456000000002,0.004717700000000001,[0.  0.  0.  0.  0.1 0.  0.  0.  0.1 0.1 0.1 0.  0.  0.  0.1 0.  0.  0.  0.1 0.1 0.  0.  0.  0.  0.  0.1 0.  0.1 0.  0.  0.1],[0. 0. 0. 0. 1. 0. 0. 0. 1. 1. 1. 0. 0. 0. 1. 0. 0. 0. 1. 1. 0. 0. 0. 0. 0. 1. 0. 1. 0. 0. 1.],10.0,1000,100,0.01,0.0045,1,11,idID,,first,single_objective
2,0.15820449840534337,0.15820449840534337,0.004717700000000001,[0.       0.       0.       0.       0.111111 0.       0.       0.       0.111111 0.       0.111111 0.       0.       0.       0.111111 0.       0.       0.       0.111111 0.111111 0.       0.       0.       0.       0.       0.111111 0.       0.111111 0.       0.       0.111111],[0. 0. 0. 0. 1. 0. 0. 0. 1. 0. 1. 0. 0. 0. 1. 0. 0. 0. 1. 1. 0. 0. 0. 0. 0. 1. 0. 1. 0. 0. 1.],9.0,1000,100,0.01,0.0045,1,11,idID,,first,single_objective
3,0.1530107828745687,0.1530107828745687,0.004717700000000001,[0.       0.       0.       0.       0.105882 0.       0.       0.       0.105882 0.       0.105882 0.       0.       0.       0.105882 0.       0.       0.       0.105882 0.105882 0.       0.       0.       0.       0.       0.152941 0.       0.105882 0.       0.       0.105882],[0. 0. 0. 0. 1. 0. 0. 0. 1. 0. 1. 0. 0. 0. 1. 0. 0. 0. 1. 1. 0. 0. 0. 0. 0. 1. 0. 1. 0. 0. 1.],9.0,1000,100,0.01,0.0045,1,11,idID,,first,single_objective
4,0.15282157370709612,0.15282157370709612,0.004717700000000001,[0.       0.       0.       0.       0.10559  0.       0.       0.       0.10559  0.       0.10559  0.       0.       0.       0.10559  0.       0.       0.       0.10559  0.10559  0.       0.       0.       0.       0.       0.108075 0.       0.152795 0.       0.       0.10559 ],[0. 0. 0. 0. 1. 0. 0. 0. 1. 0. 1. 0. 0. 0. 1. 0. 0. 0. 1. 1. 0. 0. 0. 0. 0. 1. 0. 1. 0. 0. 1.],9.0,1000,100,0.01,0.0045,1,11,idID,,first,single_objective
5,0.15272669972076253,0.15272669972076253,0.004717700000000001,[0.       0.       0.       0.       0.105581 0.       0.       0.       0.105581 0.       0.105581 0.       0.       0.       0.105581 0.       0.       0.       0.105581 0.105581 0.       0.       0.       0.       0.       0.152856 0.       0.108076 0.       0.       0.105581],[0. 0. 0. 0. 1. 0. 0. 0. 1. 0. 1. 0. 0. 0. 1. 0. 0. 0. 1. 1. 0. 0. 0. 0. 0. 1. 0. 1. 0. 0. 1.],9.0,1000,100,0.01,0.0045,1,11,idID,,first,single_objective
6,0.15272669972076253,0.15272669972076253,0.004717700000000001,[0.       0.       0.       0.       0.105581 0.       0.       0.       0.105581 0.       0.105581 0.       0.       0.       0.105581 0.       0.       0.       0.105581 0.105581 0.       0.       0.       0.       0.       0.152856 0.       0.108076 0.       0.       0.105581],[0. 0. 0. 0. 1. 0. 0. 0. 1. 0. 1. 0. 0. 0. 1. 0. 0. 0. 1. 1. 0. 0. 0. 0. 0. 1. 0. 1. 0. 0. 1.],9.0,1000,100,0.01,0.0045,1,11,idID,,first,single_objective
7,0.15272669972076253,0.15442366305099323,0.004717700000000001,[0.       0.       0.       0.       0.105581 0.       0.       0.       0.105581 0.       0.105581 0.       0.       0.       0.105581 0.       0.       0.       0.105581 0.105581 0.       0.       0.       0.       0.       0.152856 0.       0.108076 0.       0.       0.105581],[0. 0. 0. 0. 1. 0. 0. 0. 1. 0. 1. 0. 0. 0. 1. 0. 0. 0. 1. 1. 0. 0. 0. 0. 0. 1. 0. 1. 0. 0. 1.],9.0,1000,100,0.01,0.0045,1,11,idID,,first,single_objective
8,0.15272669972076253,0.15612062638122393,0.004717700000000001,[0.       0.       0.       0.       0.105581 0.       0.       0.       0.105581 0.       0.105581 0.       0.       0.       0.105581 0.       0.       0.       0.105581 0.105581 0.       0.       0.       0.       0.       0.152856 0.       0.108076 0.       0.       0.105581],[0. 0. 0. 0. 1. 0. 0. 0. 1. 0. 1. 0. 0. 0. 1. 0. 0. 0. 1. 1. 0. 0. 0. 0. 0. 1. 0. 1. 0. 0. 1.],9.0,1000,100,0.01,0.0045,1,11,idID,,first,single_objective
9,0.15272669972076253,0.1578175897114546,0.004717700000000001,[0.       0.       0.       0.       0.105581 0.       0.       0.       0.105581 0.       0.105581 0.       0.       0.       0.105581 0.       0.       0.       0.105581 0.105581 0.       0.       0.       0.       0.       0.152856 0.       0.108076 0.       0.       0.105581],[0. 0. 0. 0. 1. 0. 0. 0. 1. 0. 1. 0. 0. 0. 1. 0. 0. 0. 1. 1. 0. 0. 0. 0. 0. 1. 0. 1. 0. 0. 1.],9.0,1000,100,0.01,0.0045,1,11,idID,,first,single_objective
10,0.15272669972076253,0.1595145530416853,0.004717700000000001,[0.       0.       0.       0.       0.105581 0.       0.       0.       0.105581 0.       0.105581 0.       0.       0.       0.105581 0.       0.       0.       0.105581 0.105581 0.       0.       0.       0.       0.       0.152856 0.       0.108076 0.       0.       0.105581],[0. 0. 0. 0. 1. 0. 0. 0. 1. 0. 1. 0. 0. 0. 1. 0. 0. 0. 1. 1. 0. 0. 0. 0. 0. 1. 0. 1. 0. 0. 1.],9.0,1000,100,0.01,0.0045,1,11,idID,,first,single_objective
11,0.15272669972076253,0.161211516371916,0.004717700000000001,[0.       0.       0.       0.       0.105581 0.       0.       0.       0.105581 0.       0.105581 0.       0.       0.       0.105581 0.       0.       0.       0.105581 0.105581 0.       0.       0.       0.       0.       0.152856 0.       0.108076 0.       0.       0.105581],[0. 0. 0. 0. 1. 0. 0. 0. 1. 0. 1. 0. 0. 0. 1. 0. 0. 0. 1. 1. 0. 0. 0. 0. 0. 1. 0. 1. 0. 0. 1.],9.0,1000,100,0.01,0.0045,1,11,idID,,first,single_objective
12,0.15272669972076253,0.1629084797021467,0.004717700000000001,[0.       0.       0.       0.       0.105581 0.       0.       0.       0.105581 0.       0.105581 0.       0.       0.       0.105581 0.       0.       0.       0.105581 0.105581 0.       0.       0.       0.       0.       0.152856 0.       0.108076 0.       0.       0.105581],[0. 0. 0. 0. 1. 0. 0. 0. 1. 0. 1. 0. 0. 0. 1. 0. 0. 0. 1. 1. 0. 0. 0. 0. 0. 1. 0. 1. 0. 0. 1.],9.0,1000,100,0.01,0.0045,1,11,idID,,first,single_objective
13,0.15272669972076253,0.1646054430323774,0.004717700000000001,[0.       0.       0.       0.       0.105581 0.       0.       0.       0.105581 0.       0.105581 0.       0.       0.       0.105581 0.       0.       0.       0.105581 0.105581 0.       0.       0.       0.       0.       0.152856 0.       0.108076 0.       0.       0.105581],[0. 0. 0. 0. 1. 0. 0. 0. 1. 0. 1. 0. 0. 0. 1. 0. 0. 0. 1. 1. 0. 0. 0. 0. 0. 1. 0. 1. 0. 0. 1.],9.0,1000,100,0.01,0.0045,1,11,idID,,first,single_objective
14,0.15272669972076253,0.1663024063626081,0.004717700000000001,[0.       0.       0.       0.       0.105581 0.       0.       0.       0.105581 0.       0.105581 0.       0.       0.       0.105581 0.       0.       0.       0.105581 0.105581 0.       0.       0.       0.       0.       0.152856 0.       0.108076 0.       0.       0.105581],[0. 0. 0. 0. 1. 0. 0. 0. 1. 0. 1. 0. 0. 0. 1. 0. 0. 0. 1. 1. 0. 0. 0. 0. 0. 1. 0. 1. 0. 0. 1.],9.0,1000,100,0.01,0.0045,1,11,idID,,first,single_objective
15,0.15272669972076253,0.1679993696928388,0.004717700000000001,[0.       0.       0.       0.       0.105581 0.       0.       0.       0.105581 0.       0.105581 0.       0.       0.       0.105581 0.       0.       0.       0.105581 0.105581 0.       0.       0.       0.       0.       0.152856 0.       0.108076 0.       0.       0.105581],[0. 0. 0. 0. 1. 0. 0. 0. 1. 0. 1. 0. 0. 0. 1. 0. 0. 0. 1. 1. 0. 0. 0. 0. 0. 1. 0. 1. 0. 0. 1.],9.0,1000,100,0.01,0.0045,1,11,idID,,first,single_objective
16,0.15272669972076253,0.16969633302306947,0.004717700000000001,[0.       0.       0.       0.       0.105581 0.       0.       0.       0.105581 0.       0.105581 0.       0.       0.       0.105581 0.       0.       0.       0.105581 0.105581 0.       0.       0.       0.       0.       0.152856 0.       0.108076 0.       0.       0.105581],[0. 0. 0. 0. 1. 0. 0. 0. 1. 0. 1. 0. 0. 0. 1. 0. 0. 0. 1. 1. 0. 0. 0. 0. 0. 1. 0. 1. 0. 0. 1.],9.0,1000,100,0.01,0.0045,1,11,idID,,first,single_objective
17,0.15272669972076253,0.17139329635330017,0.004717700000000001,[0.       0.       0.       0.       0.105581 0.       0.       0.       0.105581 0.       0.105581 0.       0.       0.       0.105581 0.       0.       0.       0.105581 0.105581 0.       0.       0.       0.       0.       0.152856 0.       0.108076 0.       0.       0.105581],[0. 0. 0. 0. 1. 0. 0. 0. 1. 0. 1. 0. 0. 0. 1. 0. 0. 0. 1. 1. 0. 0. 0. 0. 0. 1. 0. 1. 0. 0. 1.],9.0,1000,100,0.01,0.0045,1,11,idID,,first,single_objective
18,0.15272669972076253,0.17309025968353087,0.004717700000000001,[0.       0.       0.       0.       0.105581 0.       0.       0.       0.105581 0.       0.105581 0.       0.       0.       0.105581 0.       0.       0.       0.105581 0.105581 0.       0.       0.       0.       0.       0.152856 0.       0.108076 0.       0.       0.105581],[0. 0. 0. 0. 1. 0. 0. 0. 1. 0. 1. 0. 0. 0. 1. 0. 0. 0. 1. 1. 0. 0. 0. 0. 0. 1. 0. 1. 0. 0. 1.],9.0,1000,100,0.01,0.0045,1,11,idID,,first,single_objective
19,0.15272669972076253,0.17478722301376157,0.004717700000000001,[0.       0.       0.       0.       0.105581 0.       0.       0.       0.105581 0.       0.105581 0.       0.       0.       0.105581 0.       0.       0.       0.105581 0.105581 0.       0.       0.       0.       0.       0.152856 0.       0.108076 0.       0.       0.105581],[0. 0. 0. 0. 1. 0. 0. 0. 1. 0. 1. 0. 0. 0. 1. 0. 0. 0. 1. 1. 0. 0. 0. 0. 0. 1. 0. 1. 0. 0. 1.],9.0,1000,100,0.01,0.0045,1,11,idID,,first,single_objective
20,0.15272669972076253,0.17648418634399227,0.004717700000000001,[0.       0.       0.       0.       0.105581 0.       0.       0.       0.105581 0.       0.105581 0.       0.       0.       0.105581 0.       0.       0.       0.105581 0.105581 0.       0.       0.       0.       0.       0.152856 0.       0.108076 0.       0.       0.105581],[0. 0. 0. 0. 1. 0. 0. 0. 1. 0. 1. 0. 0. 0. 1. 0. 0. 0. 1. 1. 0. 0. 0. 0. 0. 1. 0. 1. 0. 0. 1.],9.0,1000,100,0.01,0.0045,1,11,idID,,first,single_objective
21,0.15272669972076253,0.17818114967422294,0.004717700000000001,[0.       0.       0.       0.       0.105581 0.       0.       0.       0.105581 0.       0.105581 0.       0.       0.       0.105581 0.       0.       0.       0.105581 0.105581 0.       0.       0.       0.       0.       0.152856 0.       0.108076 0.       0.       0.105581],[0. 0. 0. 0. 1. 0. 0. 0. 1. 0. 1. 0. 0. 0. 1. 0. 0. 0. 1. 1. 0. 0. 0. 0. 0. 1. 0. 1. 0. 0. 1.],9.0,1000,100,0.01,0.0045,1,11,idID,,first,single_objective
22,0.15272669972076253,0.17987811300445364,0.004717700000000001,[0.       0.       0.       0.       0.105581 0.       0.       0.       0.105581 0.       0.105581 0.       0.       0.       0.105581 0.       0.       0.       0.105581 0.105581 0.       0.       0.       0.       0.       0.152856 0.       0.108076 0.       0.       0.105581],[0. 0. 0. 0. 1. 0. 0. 0. 1. 0. 1. 0. 0. 0. 1. 0. 0. 0. 1. 1. 0. 0. 0. 0. 0. 1. 0. 1. 0. 0. 1.],9.0,1000,100,0.01,0.0045,1,11,idID,,first,single_objective
23,0.15272669972076253,0.18157507633468434,0.004717700000000001,[0.       0.       0.       0.       0.105581 0.       0.       0.       0.105581 0.       0.105581 0.       0.       0.       0.105581 0.       0.       0.       0.105581 0.105581 0.       0.       0.       0.       0.       0.152856 0.       0.108076 0.       0.       0.105581],[0. 0. 0. 0. 1. 0. 0. 0. 1. 0. 1. 0. 0. 0. 1. 0. 0. 0. 1. 1. 0. 0. 0. 0. 0. 1. 0. 1. 0. 0. 1.],9.0,1000,100,0.01,0.0045,1,11,idID,,first,single_objective
24,0.15272669972076253,0.18327203966491504,0.004717700000000001,[0.       0.       0.       0.       0.105581 0.       0.       0.       0.105581 0.       0.105581 0.       0.       0.       0.105581 0.       0.       0.       0.105581 0.105581 0.       0.       0.       0.       0.       0.152856 0.       0.108076 0.       0.       0.105581],[0. 0. 0. 0. 1. 0. 0. 0. 1. 0. 1. 0. 0. 0. 1. 0. 0. 0. 1. 1. 0. 0. 0. 0. 0. 1. 0. 1. 0. 0. 1.],9.0,1000,100,0.01,0.0045,1,11,idID,,first,single_objective
25,0.15272669972076253,0.18496900299514574,0.004717700000000001,[0.       0.       0.       0.       0.105581 0.       0.       0.       0.105581 0.       0.105581 0.       0.       0.       0.105581 0.       0.       0.       0.105581 0.105581 0.       0.       0.       0.       0.       0.152856 0.       0.108076 0.       0.       0.105581],[0. 0. 0. 0. 1. 0. 0. 0. 1. 0. 1. 0. 0. 0. 1. 0. 0. 0. 1. 1. 0. 0. 0. 0. 0. 1. 0. 1. 0. 0. 1.],9.0,1000,100,0.01,0.0045,1,11,idID,,first,single_objective
26,0.15272669972076253,0.1866659663253764,0.004717700000000001,[0.       0.       0.       0.       0.105581 0.       0.       0.       0.105581 0.       0.105581 0.       0.       0.       0.105581 0.       0.       0.       0.105581 0.105581 0.       0.       0.       0.       0.       0.152856 0.       0.108076 0.       0.       0.105581],[0. 0. 0. 0. 1. 0. 0. 0. 1. 0. 1. 0. 0. 0. 1. 0. 0. 0. 1. 1. 0. 0. 0. 0. 0. 1. 0. 1. 0. 0. 1.],9.0,1000,100,0.01,0.0045,1,11,idID,,first,single_objective
27,0.15272669972076253,0.1883629296556071,0.004717700000000001,[0.       0.       0.       0.       0.105581 0.       0.       0.       0.105581 0.       0.105581 0.       0.       0.       0.105581 0.       0.       0.       0.105581 0.105581 0.       0.       0.       0.       0.       0.152856 0.       0.108076 0.       0.       0.105581],[0. 0. 0. 0. 1. 0. 0. 0. 1. 0. 1. 0. 0. 0. 1. 0. 0. 0. 1. 1. 0. 0. 0. 0. 0. 1. 0. 1. 0. 0. 1.],9.0,1000,100,0.01,0.0045,1,11,idID,,first,single_objective
28,0.15272669972076253,0.1900598929858378,0.004717700000000001,[0.       0.       0.       0.       0.105581 0.       0.       0.       0.105581 0.       0.105581 0.       0.       0.       0.105581 0.       0.       0.       0.105581 0.105581 0.       0.       0.       0.       0.       0.152856 0.       0.108076 0.       0.       0.105581],[0. 0. 0. 0. 1. 0. 0. 0. 1. 0. 1. 0. 0. 0. 1. 0. 0. 0. 1. 1. 0. 0. 0. 0. 0. 1. 0. 1. 0. 0. 1.],9.0,1000,100,0.01,0.0045,1,11,idID,,first,single_objective
29,0.15272669972076253,0.1917568563160685,0.004717700000000001,[0.       0.       0.       0.       0.105581 0.       0.       0.       0.105581 0.       0.105581 0.       0.       0.       0.105581 0.       0.       0.       0.105581 0.105581 0.       0.       0.       0.       0.       0.152856 0.       0.108076 0.       0.       0.105581],[0. 0. 0. 0. 1. 0. 0. 0. 1. 0. 1. 0. 0. 0. 1. 0. 0. 0. 1. 1. 0. 0. 0. 0. 0. 1. 0. 1. 0. 0. 1.],9.0,1000,100,0.01,0.0045,1,11,idID,,first,single_objective
30,0.15272669972076253,0.1934538196462992,0.004717700000000001,[0.       0.       0.       0.       0.105581 0.       0.       0.       0.105581 0.       0.105581 0.       0.       0.       0.105581 0.       0.       0.       0.105581 0.105581 0.       0.       0.       0.       0.       0.152856 0.       0.108076 0.       0.       0.105581],[0. 0. 0. 0. 1. 0. 0. 0. 1. 0. 1. 0. 0. 0. 1. 0. 0. 0. 1. 1. 0. 0. 0. 0. 0. 1. 0. 1. 0. 0. 1.],9.0,1000,100,0.01,0.0045,1,11,idID,,first,single_objective
31,0.15272669972076253,0.1951507829765299,0.004717700000000001,[0.       0.       0.       0.       0.105581 0.       0.       0.       0.105581 0.       0.105581 0.       0.       0.       0.105581 0.       0.       0.       0.105581 0.105581 0.       0.       0.       0.       0.       0.152856 0.       0.108076 0.       0.       0.105581],[0. 0. 0. 0. 1. 0. 0. 0. 1. 0. 1. 0. 0. 0. 1. 0. 0. 0. 1. 1. 0. 0. 0. 0. 0. 1. 0. 1. 0. 0. 1.],9.0,1000,100,0.01,0.0045,1,11,idID,,first,single_objective
32,0.15272669972076253,0.1968477463067606,0.004717700000000001,[0.       0.       0.       0.       0.105581 0.       0.       0.       0.105581 0.       0.105581 0.       0.       0.       0.105581 0.       0.       0.       0.105581 0.105581 0.       0.       0.       0.       0.       0.152856 0.       0.108076 0.       0.       0.105581],[0. 0. 0. 0. 1. 0. 0. 0. 1. 0. 1. 0. 0. 0. 1. 0. 0. 0. 1. 1. 0. 0. 0. 0. 0. 1. 0. 1. 0. 0. 1.],9.0,1000,100,0.01,0.0045,1,11,idID,,first,single_objective
33,0.15272669972076253,0.19854470963699128,0.004717700000000001,[0.       0.       0.       0.       0.105581 0.       0.       0.       0.105581 0.       0.105581 0.       0.       0.       0.105581 0.       0.       0.       0.105581 0.105581 0.       0.       0.       0.       0.       0.152856 0.       0.108076 0.       0.       0.105581],[0. 0. 0. 0. 1. 0. 0. 0. 1. 0. 1. 0. 0. 0. 1. 0. 0. 0. 1. 1. 0. 0. 0. 0. 0. 1. 0. 1. 0. 0. 1.],9.0,1000,100,0.01,0.0045,1,11,idID,,first,single_objective
34,0.15272669972076253,0.20024167296722198,0.004717700000000001,[0.       0.       0.       0.       0.105581 0.       0.       0.       0.105581 0.       0.105581 0.       0.       0.       0.105581 0.       0.       0.       0.105581 0.105581 0.       0.       0.       0.       0.       0.152856 0.       0.108076 0.       0.       0.105581],[0. 0. 0. 0. 1. 0. 0. 0. 1. 0. 1. 0. 0. 0. 1. 0. 0. 0. 1. 1. 0. 0. 0. 0. 0. 1. 0. 1. 0. 0. 1.],9.0,1000,100,0.01,0.0045,1,11,idID,,first,single_objective
35,0.15272669972076253,0.20193863629745268,0.004717700000000001,[0.       0.       0.       0.       0.105581 0.       0.       0.       0.105581 0.       0.105581 0.       0.       0.       0.105581 0.       0.       0.       0.105581 0.105581 0.       0.       0.       0.       0.       0.152856 0.       0.108076 0.       0.       0.105581],[0. 0. 0. 0. 1. 0. 0. 0. 1. 0. 1. 0. 0. 0. 1. 0. 0. 0. 1. 1. 0. 0. 0. 0. 0. 1. 0. 1. 0. 0. 1.],9.0,1000,100,0.01,0.0045,1,11,idID,,first,single_objective
36,0.15272669972076253,0.20363559962768338,0.004717700000000001,[0.       0.       0.       0.       0.105581 0.       0.       0.       0.105581 0.       0.105581 0.       0.       0.       0.105581 0.       0.       0.       0.105581 0.105581 0.       0.       0.       0.       0.       0.152856 0.       0.108076 0.       0.       0.105581],[0. 0. 0. 0. 1. 0. 0. 0. 1. 0. 1. 0. 0. 0. 1. 0. 0. 0. 1. 1. 0. 0. 0. 0. 0. 1. 0. 1. 0. 0. 1.],9.0,1000,100,0.01,0.0045,1,11,idID,,first,single_objective
37,0.15272669972076253,0.20533256295791408,0.004717700000000001,[0.       0.       0.       0.       0.105581 0.       0.       0.       0.105581 0.       0.105581 0.       0.       0.       0.105581 0.       0.       0.       0.105581 0.105581 0.       0.       0.       0.       0.       0.152856 0.       0.108076 0.       0.       0.105581],[0. 0. 0. 0. 1. 0. 0. 0. 1. 0. 1. 0. 0. 0. 1. 0. 0. 0. 1. 1. 0. 0. 0. 0. 0. 1. 0. 1. 0. 0. 1.],9.0,1000,100,0.01,0.0045,1,11,idID,,first,single_objective
38,0.15272669972076253,0.20702952628814475,0.004717700000000001,[0.       0.       0.       0.       0.105581 0.       0.       0.       0.105581 0.       0.105581 0.       0.       0.       0.105581 0.       0.       0.       0.105581 0.105581 0.       0.       0.       0.       0.       0.152856 0.       0.108076 0.       0.       0.105581],[0. 0. 0. 0. 1. 0. 0. 0. 1. 0. 1. 0. 0. 0. 1. 0. 0. 0. 1. 1. 0. 0. 0. 0. 0. 1. 0. 1. 0. 0. 1.],9.0,1000,100,0.01,0.0045,1,11,idID,,first,single_objective
39,0.15272669972076253,0.20872648961837545,0.004717700000000001,[0.       0.       0.       0.       0.105581 0.       0.       0.       0.105581 0.       0.105581 0.       0.       0.       0.105581 0.       0.       0.       0.105581 0.105581 0.       0.       0.       0.       0.       0.152856 0.       0.108076 0.       0.       0.105581],[0. 0. 0. 0. 1. 0. 0. 0. 1. 0. 1. 0. 0. 0. 1. 0. 0. 0. 1. 1. 0. 0. 0. 0. 0. 1. 0. 1. 0. 0. 1.],9.0,1000,100,0.01,0.0045,1,11,idID,,first,single_objective
40,0.15272669972076253,0.21042345294860615,0.004717700000000001,[0.       0.       0.       0.       0.105581 0.       0.       0.       0.105581 0.       0.105581 0.       0.       0.       0.105581 0.       0.       0.       0.105581 0.105581 0.       0.       0.       0.       0.       0.152856 0.       0.108076 0.       0.       0.105581],[0. 0. 0. 0. 1. 0. 0. 0. 1. 0. 1. 0. 0. 0. 1. 0. 0. 0. 1. 1. 0. 0. 0. 0. 0. 1. 0. 1. 0. 0. 1.],9.0,1000,100,0.01,0.0045,1,11,idID,,first,single_objective
41,0.15272669972076253,0.21212041627883685,0.004717700000000001,[0.       0.       0.       0.       0.105581 0.       0.       0.       0.105581 0.       0.105581 0.       0.       0.       0.105581 0.       0.       0.       0.105581 0.105581 0.       0.       0.       0.       0.       0.152856 0.       0.108076 0.       0.       0.105581],[0. 0. 0. 0. 1. 0. 0. 0. 1. 0. 1. 0. 0. 0. 1. 0. 0. 0. 1. 1. 0. 0. 0. 0. 0. 1. 0. 1. 0. 0. 1.],9.0,1000,100,0.01,0.0045,1,11,idID,,first,single_objective
42,0.15272669972076253,0.21381737960906755,0.004717700000000001,[0.       0.       0.       0.       0.105581 0.       0.       0.       0.105581 0.       0.105581 0.       0.       0.       0.105581 0.       0.       0.       0.105581 0.105581 0.       0.       0.       0.       0.       0.152856 0.       0.108076 0.       0.       0.105581],[0. 0. 0. 0. 1. 0. 0. 0. 1. 0. 1. 0. 0. 0. 1. 0. 0. 0. 1. 1. 0. 0. 0. 0. 0. 1. 0. 1. 0. 0. 1.],9.0,1000,100,0.01,0.0045,1,11,idID,,first,single_objective
43,0.15272669972076253,0.21551434293929825,0.004717700000000001,[0.       0.       0.       0.       0.105581 0.       0.       0.       0.105581 0.       0.105581 0.       0.       0.       0.105581 0.       0.       0.       0.105581 0.105581 0.       0.       0.       0.       0.       0.152856 0.       0.108076 0.       0.       0.105581],[0. 0. 0. 0. 1. 0. 0. 0. 1. 0. 1. 0. 0. 0. 1. 0. 0. 0. 1. 1. 0. 0. 0. 0. 0. 1. 0. 1. 0. 0. 1.],9.0,1000,100,0.01,0.0045,1,11,idID,,first,single_objective
44,0.15272669972076253,0.21721130626952895,0.004717700000000001,[0.       0.       0.       0.       0.105581 0.       0.       0.       0.105581 0.       0.105581 0.       0.       0.       0.105581 0.       0.       0.       0.105581 0.105581 0.       0.       0.       0.       0.       0.152856 0.       0.108076 0.       0.       0.105581],[0. 0. 0. 0. 1. 0. 0. 0. 1. 0. 1. 0. 0. 0. 1. 0. 0. 0. 1. 1. 0. 0. 0. 0. 0. 1. 0. 1. 0. 0. 1.],9.0,1000,100,0.01,0.0045,1,11,idID,,first,single_objective
45,0.15272669972076253,0.21890826959975962,0.004717700000000001,[0.       0.       0.       0.       0.105581 0.       0.       0.       0.105581 0.       0.105581 0.       0.       0.       0.105581 0.       0.       0.       0.105581 0.105581 0.       0.       0.       0.       0.       0.152856 0.       0.108076 0.       0.       0.105581],[0. 0. 0. 0. 1. 0. 0. 0. 1. 0. 1. 0. 0. 0. 1. 0. 0. 0. 1. 1. 0. 0. 0. 0. 0. 1. 0. 1. 0. 0. 1.],9.0,1000,100,0.01,0.0045,1,11,idID,,first,single_objective
46,0.15272669972076253,0.22060523292999032,0.004717700000000001,[0.       0.       0.       0.       0.105581 0.       0.       0.       0.105581 0.       0.105581 0.       0.       0.       0.105581 0.       0.       0.       0.105581 0.105581 0.       0.       0.       0.       0.       0.152856 0.       0.108076 0.       0.       0.105581],[0. 0. 0. 0. 1. 0. 0. 0. 1. 0. 1. 0. 0. 0. 1. 0. 0. 0. 1. 1. 0. 0. 0. 0. 0. 1. 0. 1. 0. 0. 1.],9.0,1000,100,0.01,0.0045,1,11,idID,,first,single_objective
47,0.15272669972076253,0.22230219626022102,0.004717700000000001,[0.       0.       0.       0.       0.105581 0.       0.       0.       0.105581 0.       0.105581 0.       0.       0.       0.105581 0.       0.       0.       0.105581 0.105581 0.       0.       0.       0.       0.       0.152856 0.       0.108076 0.       0.       0.105581],[0. 0. 0. 0. 1. 0. 0. 0. 1. 0. 1. 0. 0. 0. 1. 0. 0. 0. 1. 1. 0. 0. 0. 0. 0. 1. 0. 1. 0. 0. 1.],9.0,1000,100,0.01,0.0045,1,11,idID,,first,single_objective
48,0.15272669972076253,0.22399915959045172,0.004717700000000001,[0.       0.       0.       0.       0.105581 0.       0.       0.       0.105581 0.       0.105581 0.       0.       0.       0.105581 0.       0.       0.       0.105581 0.105581 0.       0.       0.       0.       0.       0.152856 0.       0.108076 0.       0.       0.105581],[0. 0. 0. 0. 1. 0. 0. 0. 1. 0. 1. 0. 0. 0. 1. 0. 0. 0. 1. 1. 0. 0. 0. 0. 0. 1. 0. 1. 0. 0. 1.],9.0,1000,100,0.01,0.0045,1,11,idID,,first,single_objective
49,0.15272669972076253,0.22569612292068242,0.004717700000000001,[0.       0.       0.       0.       0.105581 0.       0.       0.       0.105581 0.       0.105581 0.       0.       0.       0.105581 0.       0.       0.       0.105581 0.105581 0.       0.       0.       0.       0.       0.152856 0.       0.108076 0.       0.       0.105581],[0. 0. 0. 0. 1. 0. 0. 0. 1. 0. 1. 0. 0. 0. 1. 0. 0. 0. 1. 1. 0. 0. 0. 0. 0. 1. 0. 1. 0. 0. 1.],9.0,1000,100,0.01,0.0045,1,11,idID,,first,single_objective
50,0.15272669972076253,0.2273930862509131,0.004717700000000001,[0.       0.       0.       0.       0.105581 0.       0.       0.       0.105581 0.       0.105581 0.       0.       0.       0.105581 0.       0.       0.       0.105581 0.105581 0.       0.       0.       0.       0.       0.152856 0.       0.108076 0.       0.       0.105581],[0. 0. 0. 0. 1. 0. 0. 0. 1. 0. 1. 0. 0. 0. 1. 0. 0. 0. 1. 1. 0. 0. 0. 0. 0. 1. 0. 1. 0. 0. 1.],9.0,1000,100,0.01,0.0045,1,11,idID,,first,single_objective
51,0.15272669972076253,0.2290900495811438,0.004717700000000001,[0.       0.       0.       0.       0.105581 0.       0.       0.       0.105581 0.       0.105581 0.       0.       0.       0.105581 0.       0.       0.       0.105581 0.105581 0.       0.       0.       0.       0.       0.152856 0.       0.108076 0.       0.       0.105581],[0. 0. 0. 0. 1. 0. 0. 0. 1. 0. 1. 0. 0. 0. 1. 0. 0. 0. 1. 1. 0. 0. 0. 0. 0. 1. 0. 1. 0. 0. 1.],9.0,1000,100,0.01,0.0045,1,11,idID,,first,single_objective
52,0.15272669972076253,0.2307870129113745,0.004717700000000001,[0.       0.       0.       0.       0.105581 0.       0.       0.       0.105581 0.       0.105581 0.       0.       0.       0.105581 0.       0.       0.       0.105581 0.105581 0.       0.       0.       0.       0.       0.152856 0.       0.108076 0.       0.       0.105581],[0. 0. 0. 0. 1. 0. 0. 0. 1. 0. 1. 0. 0. 0. 1. 0. 0. 0. 1. 1. 0. 0. 0. 0. 0. 1. 0. 1. 0. 0. 1.],9.0,1000,100,0.01,0.0045,1,11,idID,,first,single_objective
53,0.15272669972076253,0.2324839762416052,0.004717700000000001,[0.       0.       0.       0.       0.105581 0.       0.       0.       0.105581 0.       0.105581 0.       0.       0.       0.105581 0.       0.       0.       0.105581 0.105581 0.       0.       0.       0.       0.       0.152856 0.       0.108076 0.       0.       0.105581],[0. 0. 0. 0. 1. 0. 0. 0. 1. 0. 1. 0. 0. 0. 1. 0. 0. 0. 1. 1. 0. 0. 0. 0. 0. 1. 0. 1. 0. 0. 1.],9.0,1000,100,0.01,0.0045,1,11,idID,,first,single_objective
54,0.15272669972076253,0.2341809395718359,0.004717700000000001,[0.       0.       0.       0.       0.105581 0.       0.       0.       0.105581 0.       0.105581 0.       0.       0.       0.105581 0.       0.       0.       0.105581 0.105581 0.       0.       0.       0.       0.       0.152856 0.       0.108076 0.       0.       0.105581],[0. 0. 0. 0. 1. 0. 0. 0. 1. 0. 1. 0. 0. 0. 1. 0. 0. 0. 1. 1. 0. 0. 0. 0. 0. 1. 0. 1. 0. 0. 1.],9.0,1000,100,0.01,0.0045,1,11,idID,,first,single_objective
55,0.15272669972076253,0.23587790290206656,0.004717700000000001,[0.       0.       0.       0.       0.105581 0.       0.       0.       0.105581 0.       0.105581 0.       0.       0.       0.105581 0.       0.       0.       0.105581 0.105581 0.       0.       0.       0.       0.       0.152856 0.       0.108076 0.       0.       0.105581],[0. 0. 0. 0. 1. 0. 0. 0. 1. 0. 1. 0. 0. 0. 1. 0. 0. 0. 1. 1. 0. 0. 0. 0. 0. 1. 0. 1. 0. 0. 1.],9.0,1000,100,0.01,0.0045,1,11,idID,,first,single_objective
56,0.15272669972076253,0.2375748662322973,0.004717700000000001,[0.       0.       0.       0.       0.105581 0.       0.       0.       0.105581 0.       0.105581 0.       0.       0.       0.105581 0.       0.       0.       0.105581 0.105581 0.       0.       0.       0.       0.       0.152856 0.       0.108076 0.       0.       0.105581],[0. 0. 0. 0. 1. 0. 0. 0. 1. 0. 1. 0. 0. 0. 1. 0. 0. 0. 1. 1. 0. 0. 0. 0. 0. 1. 0. 1. 0. 0. 1.],9.0,1000,100,0.01,0.0045,1,11,idID,,first,single_objective
57,0.15272669972076253,0.23927182956252796,0.004717700000000001,[0.       0.       0.       0.       0.105581 0.       0.       0.       0.105581 0.       0.105581 0.       0.       0.       0.105581 0.       0.       0.       0.105581 0.105581 0.       0.       0.       0.       0.       0.152856 0.       0.108076 0.       0.       0.105581],[0. 0. 0. 0. 1. 0. 0. 0. 1. 0. 1. 0. 0. 0. 1. 0. 0. 0. 1. 1. 0. 0. 0. 0. 0. 1. 0. 1. 0. 0. 1.],9.0,1000,100,0.01,0.0045,1,11,idID,,first,single_objective
58,0.15272669972076253,0.24096879289275866,0.004717700000000001,[0.       0.       0.       0.       0.105581 0.       0.       0.       0.105581 0.       0.105581 0.       0.       0.       0.105581 0.       0.       0.       0.105581 0.105581 0.       0.       0.       0.       0.       0.152856 0.       0.108076 0.       0.       0.105581],[0. 0. 0. 0. 1. 0. 0. 0. 1. 0. 1. 0. 0. 0. 1. 0. 0. 0. 1. 1. 0. 0. 0. 0. 0. 1. 0. 1. 0. 0. 1.],9.0,1000,100,0.01,0.0045,1,11,idID,,first,single_objective
59,0.15272669972076253,0.24266575622298936,0.004717700000000001,[0.       0.       0.       0.       0.105581 0.       0.       0.       0.105581 0.       0.105581 0.       0.       0.       0.105581 0.       0.       0.       0.105581 0.105581 0.       0.       0.       0.       0.       0.152856 0.       0.108076 0.       0.       0.105581],[0. 0. 0. 0. 1. 0. 0. 0. 1. 0. 1. 0. 0. 0. 1. 0. 0. 0. 1. 1. 0. 0. 0. 0. 0. 1. 0. 1. 0. 0. 1.],9.0,1000,100,0.01,0.0045,1,11,idID,,first,single_objective
60,0.15272669972076253,0.24436271955322003,0.004717700000000001,[0.       0.       0.       0.       0.105581 0.       0.       0.       0.105581 0.       0.105581 0.       0.       0.       0.105581 0.       0.       0.       0.105581 0.105581 0.       0.       0.       0.       0.       0.152856 0.       0.108076 0.       0.       0.105581],[0. 0. 0. 0. 1. 0. 0. 0. 1. 0. 1. 0. 0. 0. 1. 0. 0. 0. 1. 1. 0. 0. 0. 0. 0. 1. 0. 1. 0. 0. 1.],9.0,1000,100,0.01,0.0045,1,11,idID,,first,single_objective
61,0.15272669972076253,0.24605968288345076,0.004717700000000001,[0.       0.       0.       0.       0.105581 0.       0.       0.       0.105581 0.       0.105581 0.       0.       0.       0.105581 0.       0.       0.       0.105581 0.105581 0.       0.       0.       0.       0.       0.152856 0.       0.108076 0.       0.       0.105581],[0. 0. 0. 0. 1. 0. 0. 0. 1. 0. 1. 0. 0. 0. 1. 0. 0. 0. 1. 1. 0. 0. 0. 0. 0. 1. 0. 1. 0. 0. 1.],9.0,1000,100,0.01,0.0045,1,11,idID,,first,single_objective
62,0.15272669972076253,0.24775664621368143,0.004717700000000001,[0.       0.       0.       0.       0.105581 0.       0.       0.       0.105581 0.       0.105581 0.       0.       0.       0.105581 0.       0.       0.       0.105581 0.105581 0.       0.       0.       0.       0.       0.152856 0.       0.108076 0.       0.       0.105581],[0. 0. 0. 0. 1. 0. 0. 0. 1. 0. 1. 0. 0. 0. 1. 0. 0. 0. 1. 1. 0. 0. 0. 0. 0. 1. 0. 1. 0. 0. 1.],9.0,1000,100,0.01,0.0045,1,11,idID,,first,single_objective
63,0.15272669972076253,0.24945360954391216,0.004717700000000001,[0.       0.       0.       0.       0.105581 0.       0.       0.       0.105581 0.       0.105581 0.       0.       0.       0.105581 0.       0.       0.       0.105581 0.105581 0.       0.       0.       0.       0.       0.152856 0.       0.108076 0.       0.       0.105581],[0. 0. 0. 0. 1. 0. 0. 0. 1. 0. 1. 0. 0. 0. 1. 0. 0. 0. 1. 1. 0. 0. 0. 0. 0. 1. 0. 1. 0. 0. 1.],9.0,1000,100,0.01,0.0045,1,11,idID,,first,single_objective
64,0.15272669972076253,0.25115057287414283,0.004717700000000001,[0.       0.       0.       0.       0.105581 0.       0.       0.       0.105581 0.       0.105581 0.       0.       0.       0.105581 0.       0.       0.       0.105581 0.105581 0.       0.       0.       0.       0.       0.152856 0.       0.108076 0.       0.       0.105581],[0. 0. 0. 0. 1. 0. 0. 0. 1. 0. 1. 0. 0. 0. 1. 0. 0. 0. 1. 1. 0. 0. 0. 0. 0. 1. 0. 1. 0. 0. 1.],9.0,1000,100,0.01,0.0045,1,11,idID,,first,single_objective
65,0.15272669972076253,0.2528475362043735,0.004717700000000001,[0.       0.       0.       0.       0.105581 0.       0.       0.       0.105581 0.       0.105581 0.       0.       0.       0.105581 0.       0.       0.       0.105581 0.105581 0.       0.       0.       0.       0.       0.152856 0.       0.108076 0.       0.       0.105581],[0. 0. 0. 0. 1. 0. 0. 0. 1. 0. 1. 0. 0. 0. 1. 0. 0. 0. 1. 1. 0. 0. 0. 0. 0. 1. 0. 1. 0. 0. 1.],9.0,1000,100,0.01,0.0045,1,11,idID,,first,single_objective
66,0.15272669972076253,0.25454449953460423,0.004717700000000001,[0.       0.       0.       0.       0.105581 0.       0.       0.       0.105581 0.       0.105581 0.       0.       0.       0.105581 0.       0.       0.       0.105581 0.105581 0.       0.       0.       0.       0.       0.152856 0.       0.108076 0.       0.       0.105581],[0. 0. 0. 0. 1. 0. 0. 0. 1. 0. 1. 0. 0. 0. 1. 0. 0. 0. 1. 1. 0. 0. 0. 0. 0. 1. 0. 1. 0. 0. 1.],9.0,1000,100,0.01,0.0045,1,11,idID,,first,single_objective
67,0.15272669972076253,0.2562414628648349,0.004717700000000001,[0.       0.       0.       0.       0.105581 0.       0.       0.       0.105581 0.       0.105581 0.       0.       0.       0.105581 0.       0.       0.       0.105581 0.105581 0.       0.       0.       0.       0.       0.152856 0.       0.108076 0.       0.       0.105581],[0. 0. 0. 0. 1. 0. 0. 0. 1. 0. 1. 0. 0. 0. 1. 0. 0. 0. 1. 1. 0. 0. 0. 0. 0. 1. 0. 1. 0. 0. 1.],9.0,1000,100,0.01,0.0045,1,11,idID,,first,single_objective
68,0.15272669972076253,0.2579384261950656,0.004717700000000001,[0.       0.       0.       0.       0.105581 0.       0.       0.       0.105581 0.       0.105581 0.       0.       0.       0.105581 0.       0.       0.       0.105581 0.105581 0.       0.       0.       0.       0.       0.152856 0.       0.108076 0.       0.       0.105581],[0. 0. 0. 0. 1. 0. 0. 0. 1. 0. 1. 0. 0. 0. 1. 0. 0. 0. 1. 1. 0. 0. 0. 0. 0. 1. 0. 1. 0. 0. 1.],9.0,1000,100,0.01,0.0045,1,11,idID,,first,single_objective
69,0.15272669972076253,0.2596353895252963,0.004717700000000001,[0.       0.       0.       0.       0.105581 0.       0.       0.       0.105581 0.       0.105581 0.       0.       0.       0.105581 0.       0.       0.       0.105581 0.105581 0.       0.       0.       0.       0.       0.152856 0.       0.108076 0.       0.       0.105581],[0. 0. 0. 0. 1. 0. 0. 0. 1. 0. 1. 0. 0. 0. 1. 0. 0. 0. 1. 1. 0. 0. 0. 0. 0. 1. 0. 1. 0. 0. 1.],9.0,1000,100,0.01,0.0045,1,11,idID,,first,single_objective
70,0.15272669972076253,0.26133235285552703,0.004717700000000001,[0.       0.       0.       0.       0.105581 0.       0.       0.       0.105581 0.       0.105581 0.       0.       0.       0.105581 0.       0.       0.       0.105581 0.105581 0.       0.       0.       0.       0.       0.152856 0.       0.108076 0.       0.       0.105581],[0. 0. 0. 0. 1. 0. 0. 0. 1. 0. 1. 0. 0. 0. 1. 0. 0. 0. 1. 1. 0. 0. 0. 0. 0. 1. 0. 1. 0. 0. 1.],9.0,1000,100,0.01,0.0045,1,11,idID,,first,single_objective
71,0.15272669972076253,0.2630293161857577,0.004717700000000001,[0.       0.       0.       0.       0.105581 0.       0.       0.       0.105581 0.       0.105581 0.       0.       0.       0.105581 0.       0.       0.       0.105581 0.105581 0.       0.       0.       0.       0.       0.152856 0.       0.108076 0.       0.       0.105581],[0. 0. 0. 0. 1. 0. 0. 0. 1. 0. 1. 0. 0. 0. 1. 0. 0. 0. 1. 1. 0. 0. 0. 0. 0. 1. 0. 1. 0. 0. 1.],9.0,1000,100,0.01,0.0045,1,11,idID,,first,single_objective
72,0.15272669972076253,0.26472627951598837,0.004717700000000001,[0.       0.       0.       0.       0.105581 0.       0.       0.       0.105581 0.       0.105581 0.       0.       0.       0.105581 0.       0.       0.       0.105581 0.105581 0.       0.       0.       0.       0.       0.152856 0.       0.108076 0.       0.       0.105581],[0. 0. 0. 0. 1. 0. 0. 0. 1. 0. 1. 0. 0. 0. 1. 0. 0. 0. 1. 1. 0. 0. 0. 0. 0. 1. 0. 1. 0. 0. 1.],9.0,1000,100,0.01,0.0045,1,11,idID,,first,single_objective
73,0.15272669972076253,0.2664232428462191,0.004717700000000001,[0.       0.       0.       0.       0.105581 0.       0.       0.       0.105581 0.       0.105581 0.       0.       0.       0.105581 0.       0.       0.       0.105581 0.105581 0.       0.       0.       0.       0.       0.152856 0.       0.108076 0.       0.       0.105581],[0. 0. 0. 0. 1. 0. 0. 0. 1. 0. 1. 0. 0. 0. 1. 0. 0. 0. 1. 1. 0. 0. 0. 0. 0. 1. 0. 1. 0. 0. 1.],9.0,1000,100,0.01,0.0045,1,11,idID,,first,single_objective
74,0.15272669972076253,0.26812020617644977,0.004717700000000001,[0.       0.       0.       0.       0.105581 0.       0.       0.       0.105581 0.       0.105581 0.       0.       0.       0.105581 0.       0.       0.       0.105581 0.105581 0.       0.       0.       0.       0.       0.152856 0.       0.108076 0.       0.       0.105581],[0. 0. 0. 0. 1. 0. 0. 0. 1. 0. 1. 0. 0. 0. 1. 0. 0. 0. 1. 1. 0. 0. 0. 0. 0. 1. 0. 1. 0. 0. 1.],9.0,1000,100,0.01,0.0045,1,11,idID,,first,single_objective
75,0.15272669972076253,0.26981716950668044,0.004717700000000001,[0.       0.       0.       0.       0.105581 0.       0.       0.       0.105581 0.       0.105581 0.       0.       0.       0.105581 0.       0.       0.       0.105581 0.105581 0.       0.       0.       0.       0.       0.152856 0.       0.108076 0.       0.       0.105581],[0. 0. 0. 0. 1. 0. 0. 0. 1. 0. 1. 0. 0. 0. 1. 0. 0. 0. 1. 1. 0. 0. 0. 0. 0. 1. 0. 1. 0. 0. 1.],9.0,1000,100,0.01,0.0045,1,11,idID,,first,single_objective
76,0.15272669972076253,0.27151413283691117,0.004717700000000001,[0.       0.       0.       0.       0.105581 0.       0.       0.       0.105581 0.       0.105581 0.       0.       0.       0.105581 0.       0.       0.       0.105581 0.105581 0.       0.       0.       0.       0.       0.152856 0.       0.108076 0.       0.       0.105581],[0. 0. 0. 0. 1. 0. 0. 0. 1. 0. 1. 0. 0. 0. 1. 0. 0. 0. 1. 1. 0. 0. 0. 0. 0. 1. 0. 1. 0. 0. 1.],9.0,1000,100,0.01,0.0045,1,11,idID,,first,single_objective
77,0.15272669972076253,0.2732110961671419,0.004717700000000001,[0.       0.       0.       0.       0.105581 0.       0.       0.       0.105581 0.       0.105581 0.       0.       0.       0.105581 0.       0.       0.       0.105581 0.105581 0.       0.       0.       0.       0.       0.152856 0.       0.108076 0.       0.       0.105581],[0. 0. 0. 0. 1. 0. 0. 0. 1. 0. 1. 0. 0. 0. 1. 0. 0. 0. 1. 1. 0. 0. 0. 0. 0. 1. 0. 1. 0. 0. 1.],9.0,1000,100,0.01,0.0045,1,11,idID,,first,single_objective
78,0.15272669972076253,0.27490805949737257,0.004717700000000001,[0.       0.       0.       0.       0.105581 0.       0.       0.       0.105581 0.       0.105581 0.       0.       0.       0.105581 0.       0.       0.       0.105581 0.105581 0.       0.       0.       0.       0.       0.152856 0.       0.108076 0.       0.       0.105581],[0. 0. 0. 0. 1. 0. 0. 0. 1. 0. 1. 0. 0. 0. 1. 0. 0. 0. 1. 1. 0. 0. 0. 0. 0. 1. 0. 1. 0. 0. 1.],9.0,1000,100,0.01,0.0045,1,11,idID,,first,single_objective
79,0.15272669972076253,0.27660502282760324,0.004717700000000001,[0.       0.       0.       0.       0.105581 0.       0.       0.       0.105581 0.       0.105581 0.       0.       0.       0.105581 0.       0.       0.       0.105581 0.105581 0.       0.       0.       0.       0.       0.152856 0.       0.108076 0.       0.       0.105581],[0. 0. 0. 0. 1. 0. 0. 0. 1. 0. 1. 0. 0. 0. 1. 0. 0. 0. 1. 1. 0. 0. 0. 0. 0. 1. 0. 1. 0. 0. 1.],9.0,1000,100,0.01,0.0045,1,11,idID,,first,single_objective
80,0.15272669972076253,0.27830198615783397,0.004717700000000001,[0.       0.       0.       0.       0.105581 0.       0.       0.       0.105581 0.       0.105581 0.       0.       0.       0.105581 0.       0.       0.       0.105581 0.105581 0.       0.       0.       0.       0.       0.152856 0.       0.108076 0.       0.       0.105581],[0. 0. 0. 0. 1. 0. 0. 0. 1. 0. 1. 0. 0. 0. 1. 0. 0. 0. 1. 1. 0. 0. 0. 0. 0. 1. 0. 1. 0. 0. 1.],9.0,1000,100,0.01,0.0045,1,11,idID,,first,single_objective
81,0.15272669972076253,0.27999894948806464,0.004717700000000001,[0.       0.       0.       0.       0.105581 0.       0.       0.       0.105581 0.       0.105581 0.       0.       0.       0.105581 0.       0.       0.       0.105581 0.105581 0.       0.       0.       0.       0.       0.152856 0.       0.108076 0.       0.       0.105581],[0. 0. 0. 0. 1. 0. 0. 0. 1. 0. 1. 0. 0. 0. 1. 0. 0. 0. 1. 1. 0. 0. 0. 0. 0. 1. 0. 1. 0. 0. 1.],9.0,1000,100,0.01,0.0045,1,11,idID,,first,single_objective
82,0.15272669972076253,0.2816959128182953,0.004717700000000001,[0.       0.       0.       0.       0.105581 0.       0.       0.       0.105581 0.       0.105581 0.       0.       0.       0.105581 0.       0.       0.       0.105581 0.105581 0.       0.       0.       0.       0.       0.152856 0.       0.108076 0.       0.       0.105581],[0. 0. 0. 0. 1. 0. 0. 0. 1. 0. 1. 0. 0. 0. 1. 0. 0. 0. 1. 1. 0. 0. 0. 0. 0. 1. 0. 1. 0. 0. 1.],9.0,1000,100,0.01,0.0045,1,11,idID,,first,single_objective
83,0.15272669972076253,0.28339287614852604,0.004717700000000001,[0.       0.       0.       0.       0.105581 0.       0.       0.       0.105581 0.       0.105581 0.       0.       0.       0.105581 0.       0.       0.       0.105581 0.105581 0.       0.       0.       0.       0.       0.152856 0.       0.108076 0.       0.       0.105581],[0. 0. 0. 0. 1. 0. 0. 0. 1. 0. 1. 0. 0. 0. 1. 0. 0. 0. 1. 1. 0. 0. 0. 0. 0. 1. 0. 1. 0. 0. 1.],9.0,1000,100,0.01,0.0045,1,11,idID,,first,single_objective
84,0.15272669972076253,0.28508983947875677,0.004717700000000001,[0.       0.       0.       0.       0.105581 0.       0.       0.       0.105581 0.       0.105581 0.       0.       0.       0.105581 0.       0.       0.       0.105581 0.105581 0.       0.       0.       0.       0.       0.152856 0.       0.108076 0.       0.       0.105581],[0. 0. 0. 0. 1. 0. 0. 0. 1. 0. 1. 0. 0. 0. 1. 0. 0. 0. 1. 1. 0. 0. 0. 0. 0. 1. 0. 1. 0. 0. 1.],9.0,1000,100,0.01,0.0045,1,11,idID,,first,single_objective
85,0.15272669972076253,0.28678680280898744,0.004717700000000001,[0.       0.       0.       0.       0.105581 0.       0.       0.       0.105581 0.       0.105581 0.       0.       0.       0.105581 0.       0.       0.       0.105581 0.105581 0.       0.       0.       0.       0.       0.152856 0.       0.108076 0.       0.       0.105581],[0. 0. 0. 0. 1. 0. 0. 0. 1. 0. 1. 0. 0. 0. 1. 0. 0. 0. 1. 1. 0. 0. 0. 0. 0. 1. 0. 1. 0. 0. 1.],9.0,1000,100,0.01,0.0045,1,11,idID,,first,single_objective
86,0.15272669972076253,0.2884837661392181,0.004717700000000001,[0.       0.       0.       0.       0.105581 0.       0.       0.       0.105581 0.       0.105581 0.       0.       0.       0.105581 0.       0.       0.       0.105581 0.105581 0.       0.       0.       0.       0.       0.152856 0.       0.108076 0.       0.       0.105581],[0. 0. 0. 0. 1. 0. 0. 0. 1. 0. 1. 0. 0. 0. 1. 0. 0. 0. 1. 1. 0. 0. 0. 0. 0. 1. 0. 1. 0. 0. 1.],9.0,1000,100,0.01,0.0045,1,11,idID,,first,single_objective
87,0.15272669972076253,0.29018072946944884,0.004717700000000001,[0.       0.       0.       0.       0.105581 0.       0.       0.       0.105581 0.       0.105581 0.       0.       0.       0.105581 0.       0.       0.       0.105581 0.105581 0.       0.       0.       0.       0.       0.152856 0.       0.108076 0.       0.       0.105581],[0. 0. 0. 0. 1. 0. 0. 0. 1. 0. 1. 0. 0. 0. 1. 0. 0. 0. 1. 1. 0. 0. 0. 0. 0. 1. 0. 1. 0. 0. 1.],9.0,1000,100,0.01,0.0045,1,11,idID,,first,single_objective
88,0.15272669972076253,0.2918776927996795,0.004717700000000001,[0.       0.       0.       0.       0.105581 0.       0.       0.       0.105581 0.       0.105581 0.       0.       0.       0.105581 0.       0.       0.       0.105581 0.105581 0.       0.       0.       0.       0.       0.152856 0.       0.108076 0.       0.       0.105581],[0. 0. 0. 0. 1. 0. 0. 0. 1. 0. 1. 0. 0. 0. 1. 0. 0. 0. 1. 1. 0. 0. 0. 0. 0. 1. 0. 1. 0. 0. 1.],9.0,1000,100,0.01,0.0045,1,11,idID,,first,single_objective
89,0.15272669972076253,0.2935746561299102,0.004717700000000001,[0.       0.       0.       0.       0.105581 0.       0.       0.       0.105581 0.       0.105581 0.       0.       0.       0.105581 0.       0.       0.       0.105581 0.105581 0.       0.       0.       0.       0.       0.152856 0.       0.108076 0.       0.       0.105581],[0. 0. 0. 0. 1. 0. 0. 0. 1. 0. 1. 0. 0. 0. 1. 0. 0. 0. 1. 1. 0. 0. 0. 0. 0. 1. 0. 1. 0. 0. 1.],9.0,1000,100,0.01,0.0045,1,11,idID,,first,single_objective
90,0.15272669972076253,0.2952716194601409,0.004717700000000001,[0.       0.       0.       0.       0.105581 0.       0.       0.       0.105581 0.       0.105581 0.       0.       0.       0.105581 0.       0.       0.       0.105581 0.105581 0.       0.       0.       0.       0.       0.152856 0.       0.108076 0.       0.       0.105581],[0. 0. 0. 0. 1. 0. 0. 0. 1. 0. 1. 0. 0. 0. 1. 0. 0. 0. 1. 1. 0. 0. 0. 0. 0. 1. 0. 1. 0. 0. 1.],9.0,1000,100,0.01,0.0045,1,11,idID,,first,single_objective
91,0.15272669972076253,0.29696858279037164,0.004717700000000001,[0.       0.       0.       0.       0.105581 0.       0.       0.       0.105581 0.       0.105581 0.       0.       0.       0.105581 0.       0.       0.       0.105581 0.105581 0.       0.       0.       0.       0.       0.152856 0.       0.108076 0.       0.       0.105581],[0. 0. 0. 0. 1. 0. 0. 0. 1. 0. 1. 0. 0. 0. 1. 0. 0. 0. 1. 1. 0. 0. 0. 0. 0. 1. 0. 1. 0. 0. 1.],9.0,1000,100,0.01,0.0045,1,11,idID,,first,single_objective
92,0.15272669972076253,0.2986655461206023,0.004717700000000001,[0.       0.       0.       0.       0.105581 0.       0.       0.       0.105581 0.       0.105581 0.       0.       0.       0.105581 0.       0.       0.       0.105581 0.105581 0.       0.       0.       0.       0.       0.152856 0.       0.108076 0.       0.       0.105581],[0. 0. 0. 0. 1. 0. 0. 0. 1. 0. 1. 0. 0. 0. 1. 0. 0. 0. 1. 1. 0. 0. 0. 0. 0. 1. 0. 1. 0. 0. 1.],9.0,1000,100,0.01,0.0045,1,11,idID,,first,single_objective
93,0.15272669972076253,0.300362509450833,0.004717700000000001,[0.       0.       0.       0.       0.105581 0.       0.       0.       0.105581 0.       0.105581 0.       0.       0.       0.105581 0.       0.       0.       0.105581 0.105581 0.       0.       0.       0.       0.       0.152856 0.       0.108076 0.       0.       0.105581],[0. 0. 0. 0. 1. 0. 0. 0. 1. 0. 1. 0. 0. 0. 1. 0. 0. 0. 1. 1. 0. 0. 0. 0. 0. 1. 0. 1. 0. 0. 1.],9.0,1000,100,0.01,0.0045,1,11,idID,,first,single_objective
94,0.15272669972076253,0.3020594727810637,0.004717700000000001,[0.       0.       0.       0.       0.105581 0.       0.       0.       0.105581 0.       0.105581 0.       0.       0.       0.105581 0.       0.       0.       0.105581 0.105581 0.       0.       0.       0.       0.       0.152856 0.       0.108076 0.       0.       0.105581],[0. 0. 0. 0. 1. 0. 0. 0. 1. 0. 1. 0. 0. 0. 1. 0. 0. 0. 1. 1. 0. 0. 0. 0. 0. 1. 0. 1. 0. 0. 1.],9.0,1000,100,0.01,0.0045,1,11,idID,,first,single_objective
95,0.15272669972076253,0.3037564361112944,0.004717700000000001,[0.       0.       0.       0.       0.105581 0.       0.       0.       0.105581 0.       0.105581 0.       0.       0.       0.105581 0.       0.       0.       0.105581 0.105581 0.       0.       0.       0.       0.       0.152856 0.       0.108076 0.       0.       0.105581],[0. 0. 0. 0. 1. 0. 0. 0. 1. 0. 1. 0. 0. 0. 1. 0. 0. 0. 1. 1. 0. 0. 0. 0. 0. 1. 0. 1. 0. 0. 1.],9.0,1000,100,0.01,0.0045,1,11,idID,,first,single_objective
96,0.15272669972076253,0.30545339944152505,0.004717700000000001,[0.       0.       0.       0.       0.105581 0.       0.       0.       0.105581 0.       0.105581 0.       0.       0.       0.105581 0.       0.       0.       0.105581 0.105581 0.       0.       0.       0.       0.       0.152856 0.       0.108076 0.       0.       0.105581],[0. 0. 0. 0. 1. 0. 0. 0. 1. 0. 1. 0. 0. 0. 1. 0. 0. 0. 1. 1. 0. 0. 0. 0. 0. 1. 0. 1. 0. 0. 1.],9.0,1000,100,0.01,0.0045,1,11,idID,,first,single_objective
97,0.15272669972076253,0.3071503627717558,0.004717700000000001,[0.       0.       0.       0.       0.105581 0.       0.       0.       0.105581 0.       0.105581 0.       0.       0.       0.105581 0.       0.       0.       0.105581 0.105581 0.       0.       0.       0.       0.       0.152856 0.       0.108076 0.       0.       0.105581],[0. 0. 0. 0. 1. 0. 0. 0. 1. 0. 1. 0. 0. 0. 1. 0. 0. 0. 1. 1. 0. 0. 0. 0. 0. 1. 0. 1. 0. 0. 1.],9.0,1000,100,0.01,0.0045,1,11,idID,,first,single_objective
98,0.15272669972076253,0.30884732610198645,0.004717700000000001,[0.       0.       0.       0.       0.105581 0.       0.       0.       0.105581 0.       0.105581 0.       0.       0.       0.105581 0.       0.       0.       0.105581 0.105581 0.       0.       0.       0.       0.       0.152856 0.       0.108076 0.       0.       0.105581],[0. 0. 0. 0. 1. 0. 0. 0. 1. 0. 1. 0. 0. 0. 1. 0. 0. 0. 1. 1. 0. 0. 0. 0. 0. 1. 0. 1. 0. 0. 1.],9.0,1000,100,0.01,0.0045,1,11,idID,,first,single_objective
99,0.15272669972076253,0.3105442894322171,0.004717700000000001,[0.       0.       0.       0.       0.105581 0.       0.       0.       0.105581 0.       0.105581 0.       0.       0.       0.105581 0.       0.       0.       0.105581 0.105581 0.       0.       0.       0.       0.       0.152856 0.       0.108076 0.       0.       0.105581],[0. 0. 0. 0. 1. 0. 0. 0. 1. 0. 1. 0. 0. 0. 1. 0. 0. 0. 1. 1. 0. 0. 0. 0. 0. 1. 0. 1. 0. 0. 1.],9.0,1000,100,0.01,0.0045,1,11,idID,,first,single_objective
100,0.15272669972076253,0.31224125276244785,0.004717700000000001,[0.       0.       0.       0.       0.105581 0.       0.       0.       0.105581 0.       0.105581 0.       0.       0.       0.105581 0.       0.       0.       0.105581 0.105581 0.       0.       0.       0.       0.       0.152856 0.       0.108076 0.       0.       0.105581],[0. 0. 0. 0. 1. 0. 0. 0. 1. 0. 1. 0. 0. 0. 1. 0. 0. 0. 1. 1. 0. 0. 0. 0. 0. 1. 0. 1. 0. 0. 1.],9.0,1000,100,0.01,0.0045,1,11,idID,,first,single_objective
101,0.15272669972076253,0.3139382160926785,0.004717700000000001,[0.       0.       0.       0.       0.105581 0.       0.       0.       0.105581 0.       0.105581 0.       0.       0.       0.105581 0.       0.       0.       0.105581 0.105581 0.       0.       0.       0.       0.       0.152856 0.       0.108076 0.       0.       0.105581],[0. 0. 0. 0. 1. 0. 0. 0. 1. 0. 1. 0. 0. 0. 1. 0. 0. 0. 1. 1. 0. 0. 0. 0. 0. 1. 0. 1. 0. 0. 1.],9.0,1000,100,0.01,0.0045,1,11,idID,,first,single_objective
102,0.15272669972076253,0.3156351794229092,0.004717700000000001,[0.       0.       0.       0.       0.105581 0.       0.       0.       0.105581 0.       0.105581 0.       0.       0.       0.105581 0.       0.       0.       0.105581 0.105581 0.       0.       0.       0.       0.       0.152856 0.       0.108076 0.       0.       0.105581],[0. 0. 0. 0. 1. 0. 0. 0. 1. 0. 1. 0. 0. 0. 1. 0. 0. 0. 1. 1. 0. 0. 0. 0. 0. 1. 0. 1. 0. 0. 1.],9.0,1000,100,0.01,0.0045,1,11,idID,,first,single_objective
103,0.15272669972076253,0.3173321427531399,0.004717700000000001,[0.       0.       0.       0.       0.105581 0.       0.       0.       0.105581 0.       0.105581 0.       0.       0.       0.105581 0.       0.       0.       0.105581 0.105581 0.       0.       0.       0.       0.       0.152856 0.       0.108076 0.       0.       0.105581],[0. 0. 0. 0. 1. 0. 0. 0. 1. 0. 1. 0. 0. 0. 1. 0. 0. 0. 1. 1. 0. 0. 0. 0. 0. 1. 0. 1. 0. 0. 1.],9.0,1000,100,0.01,0.0045,1,11,idID,,first,single_objective
104,0.15272669972076253,0.31902910608337065,0.004717700000000001,[0.       0.       0.       0.       0.105581 0.       0.       0.       0.105581 0.       0.105581 0.       0.       0.       0.105581 0.       0.       0.       0.105581 0.105581 0.       0.       0.       0.       0.       0.152856 0.       0.108076 0.       0.       0.105581],[0. 0. 0. 0. 1. 0. 0. 0. 1. 0. 1. 0. 0. 0. 1. 0. 0. 0. 1. 1. 0. 0. 0. 0. 0. 1. 0. 1. 0. 0. 1.],9.0,1000,100,0.01,0.0045,1,11,idID,,first,single_objective
105,0.15272669972076253,0.3207260694136013,0.004717700000000001,[0.       0.       0.       0.       0.105581 0.       0.       0.       0.105581 0.       0.105581 0.       0.       0.       0.105581 0.       0.       0.       0.105581 0.105581 0.       0.       0.       0.       0.       0.152856 0.       0.108076 0.       0.       0.105581],[0. 0. 0. 0. 1. 0. 0. 0. 1. 0. 1. 0. 0. 0. 1. 0. 0. 0. 1. 1. 0. 0. 0. 0. 0. 1. 0. 1. 0. 0. 1.],9.0,1000,100,0.01,0.0045,1,11,idID,,first,single_objective
106,0.15272669972076253,0.3207260694136013,0.004717700000000001,[0.       0.       0.       0.       0.105581 0.       0.       0.       0.105581 0.       0.105581 0.       0.       0.       0.105581 0.       0.       0.       0.105581 0.105581 0.       0.       0.       0.       0.       0.152856 0.       0.108076 0.       0.       0.105581],[0. 0. 0. 0. 1. 0. 0. 0. 1. 0. 1. 0. 0. 0. 1. 0. 0. 0. 1. 1. 0. 0. 0. 0. 0. 1. 0. 1. 0. 0. 1.],9.0,1000,100,0.01,0.0045,1,11,idID,,first,single_objective
107,0.15272669972076253,0.3207260694136013,0.004717700000000001,[0.       0.       0.       0.       0.105581 0.       0.       0.       0.105581 0.       0.105581 0.       0.       0.       0.105581 0.       0.       0.       0.105581 0.105581 0.       0.       0.       0.       0.       0.152856 0.       0.108076 0.       0.       0.105581],[0. 0. 0. 0. 1. 0. 0. 0. 1. 0. 1. 0. 0. 0. 1. 0. 0. 0. 1. 1. 0. 0. 0. 0. 0. 1. 0. 1. 0. 0. 1.],9.0,1000,100,0.01,0.0045,1,11,idID,,first,single_objective
108,0.15272669972076253,0.3207260694136013,0.004717700000000001,[0.       0.       0.       0.       0.105581 0.       0.       0.       0.105581 0.       0.105581 0.       0.       0.       0.105581 0.       0.       0.       0.105581 0.105581 0.       0.       0.       0.       0.       0.152856 0.       0.108076 0.       0.       0.105581],[0. 0. 0. 0. 1. 0. 0. 0. 1. 0. 1. 0. 0. 0. 1. 0. 0. 0. 1. 1. 0. 0. 0. 0. 0. 1. 0. 1. 0. 0. 1.],9.0,1000,100,0.01,0.0045,1,11,idID,,first,single_objective
109,0.15272669972076253,0.3207260694136013,0.004717700000000001,[0.       0.       0.       0.       0.105581 0.       0.       0.       0.105581 0.       0.105581 0.       0.       0.       0.105581 0.       0.       0.       0.105581 0.105581 0.       0.       0.       0.       0.       0.152856 0.       0.108076 0.       0.       0.105581],[0. 0. 0. 0. 1. 0. 0. 0. 1. 0. 1. 0. 0. 0. 1. 0. 0. 0. 1. 1. 0. 0. 0. 0. 0. 1. 0. 1. 0. 0. 1.],9.0,1000,100,0.01,0.0045,1,11,idID,,first,single_objective
110,0.15272669972076253,0.3207260694136013,0.004717700000000001,[0.       0.       0.       0.       0.105581 0.       0.       0.       0.105581 0.       0.105581 0.       0.       0.       0.105581 0.       0.       0.       0.105581 0.105581 0.       0.       0.       0.       0.       0.152856 0.       0.108076 0.       0.       0.105581],[0. 0. 0. 0. 1. 0. 0. 0. 1. 0. 1. 0. 0. 0. 1. 0. 0. 0. 1. 1. 0. 0. 0. 0. 0. 1. 0. 1. 0. 0. 1.],9.0,1000,100,0.01,0.0045,1,11,idID,,first,single_objective
111,0.15272669972076253,0.3207260694136013,0.004717700000000001,[0.       0.       0.       0.       0.105581 0.       0.       0.       0.105581 0.       0.105581 0.       0.       0.       0.105581 0.       0.       0.       0.105581 0.105581 0.       0.       0.       0.       0.       0.152856 0.       0.108076 0.       0.       0.105581],[0. 0. 0. 0. 1. 0. 0. 0. 1. 0. 1. 0. 0. 0. 1. 0. 0. 0. 1. 1. 0. 0. 0. 0. 0. 1. 0. 1. 0. 0. 1.],9.0,1000,100,0.01,0.0045,1,11,idID,,first,single_objective
112,0.15272669972076253,0.3207260694136013,0.004717700000000001,[0.       0.       0.       0.       0.105581 0.       0.       0.       0.105581 0.       0.105581 0.       0.       0.       0.105581 0.       0.       0.       0.105581 0.105581 0.       0.       0.       0.       0.       0.152856 0.       0.108076 0.       0.       0.105581],[0. 0. 0. 0. 1. 0. 0. 0. 1. 0. 1. 0. 0. 0. 1. 0. 0. 0. 1. 1. 0. 0. 0. 0. 0. 1. 0. 1. 0. 0. 1.],9.0,1000,100,0.01,0.0045,1,11,idID,,first,single_objective
113,0.15272669972076253,0.3207260694136013,0.004717700000000001,[0.       0.       0.       0.       0.105581 0.       0.       0.       0.105581 0.       0.105581 0.       0.       0.       0.105581 0.       0.       0.       0.105581 0.105581 0.       0.       0.       0.       0.       0.152856 0.       0.108076 0.       0.       0.105581],[0. 0. 0. 0. 1. 0. 0. 0. 1. 0. 1. 0. 0. 0. 1. 0. 0. 0. 1. 1. 0. 0. 0. 0. 0. 1. 0. 1. 0. 0. 1.],9.0,1000,100,0.01,0.0045,1,11,idID,,first,single_objective
114,0.15272669972076253,0.3207260694136013,0.004717700000000001,[0.       0.       0.       0.       0.105581 0.       0.       0.       0.105581 0.       0.105581 0.       0.       0.       0.105581 0.       0.       0.       0.105581 0.105581 0.       0.       0.       0.       0.       0.152856 0.       0.108076 0.       0.       0.105581],[0. 0. 0. 0. 1. 0. 0. 0. 1. 0. 1. 0. 0. 0. 1. 0. 0. 0. 1. 1. 0. 0. 0. 0. 0. 1. 0. 1. 0. 0. 1.],9.0,1000,100,0.01,0.0045,1,11,idID,,first,single_objective
115,0.15272669972076253,0.3207260694136013,0.004717700000000001,[0.       0.       0.       0.       0.105581 0.       0.       0.       0.105581 0.       0.105581 0.       0.       0.       0.105581 0.       0.       0.       0.105581 0.105581 0.       0.       0.       0.       0.       0.152856 0.       0.108076 0.       0.       0.105581],[0. 0. 0. 0. 1. 0. 0. 0. 1. 0. 1. 0. 0. 0. 1. 0. 0. 0. 1. 1. 0. 0. 0. 0. 0. 1. 0. 1. 0. 0. 1.],9.0,1000,100,0.01,0.0045,1,11,idID,,first,single_objective
116,0.15272669972076253,0.3207260694136013,0.004717700000000001,[0.       0.       0.       0.       0.105581 0.       0.       0.       0.105581 0.       0.105581 0.       0.       0.       0.105581 0.       0.       0.       0.105581 0.105581 0.       0.       0.       0.       0.       0.152856 0.       0.108076 0.       0.       0.105581],[0. 0. 0. 0. 1. 0. 0. 0. 1. 0. 1. 0. 0. 0. 1. 0. 0. 0. 1. 1. 0. 0. 0. 0. 0. 1. 0. 1. 0. 0. 1.],9.0,1000,100,0.01,0.0045,1,11,idID,,first,single_objective
117,0.15272669972076253,0.3207260694136013,0.004717700000000001,[0.       0.       0.       0.       0.105581 0.       0.       0.       0.105581 0.       0.105581 0.       0.       0.       0.105581 0.       0.       0.       0.105581 0.105581 0.       0.       0.       0.       0.       0.152856 0.       0.108076 0.       0.       0.105581],[0. 0. 0. 0. 1. 0. 0. 0. 1. 0. 1. 0. 0. 0. 1. 0. 0. 0. 1. 1. 0. 0. 0. 0. 0. 1. 0. 1. 0. 0. 1.],9.0,1000,100,0.01,0.0045,1,11,idID,,first,single_objective
118,0.15272669972076253,0.3207260694136013,0.004717700000000001,[0.       0.       0.       0.       0.105581 0.       0.       0.       0.105581 0.       0.105581 0.       0.       0.       0.105581 0.       0.       0.       0.105581 0.105581 0.       0.       0.       0.       0.       0.152856 0.       0.108076 0.       0.       0.105581],[0. 0. 0. 0. 1. 0. 0. 0. 1. 0. 1. 0. 0. 0. 1. 0. 0. 0. 1. 1. 0. 0. 0. 0. 0. 1. 0. 1. 0. 0. 1.],9.0,1000,100,0.01,0.0045,1,11,idID,,first,single_objective
119,0.15272669972076253,0.3207260694136013,0.004717700000000001,[0.       0.       0.       0.       0.105581 0.       0.       0.       0.105581 0.       0.105581 0.       0.       0.       0.105581 0.       0.       0.       0.105581 0.105581 0.       0.       0.       0.       0.       0.152856 0.       0.108076 0.       0.       0.105581],[0. 0. 0. 0. 1. 0. 0. 0. 1. 0. 1. 0. 0. 0. 1. 0. 0. 0. 1. 1. 0. 0. 0. 0. 0. 1. 0. 1. 0. 0. 1.],9.0,1000,100,0.01,0.0045,1,11,idID,,first,single_objective
120,0.15272669972076253,0.3207260694136013,0.004717700000000001,[0.       0.       0.       0.       0.105581 0.       0.       0.       0.105581 0.       0.105581 0.       0.       0.       0.105581 0.       0.       0.       0.105581 0.105581 0.       0.       0.       0.       0.       0.152856 0.       0.108076 0.       0.       0.105581],[0. 0. 0. 0. 1. 0. 0. 0. 1. 0. 1. 0. 0. 0. 1. 0. 0. 0. 1. 1. 0. 0. 0. 0. 0. 1. 0. 1. 0. 0. 1.],9.0,1000,100,0.01,0.0045,1,11,idID,,first,single_objective
121,0.15272669972076253,0.3207260694136013,0.004717700000000001,[0.       0.       0.       0.       0.105581 0.       0.       0.       0.105581 0.       0.105581 0.       0.       0.       0.105581 0.       0.       0.       0.105581 0.105581 0.       0.       0.       0.       0.       0.152856 0.       0.108076 0.       0.       0.105581],[0. 0. 0. 0. 1. 0. 0. 0. 1. 0. 1. 0. 0. 0. 1. 0. 0. 0. 1. 1. 0. 0. 0. 0. 0. 1. 0. 1. 0. 0. 1.],9.0,1000,100,0.01,0.0045,1,11,idID,,first,single_objective
122,0.15272669972076253,0.3207260694136013,0.004717700000000001,[0.       0.       0.       0.       0.105581 0.       0.       0.       0.105581 0.       0.105581 0.       0.       0.       0.105581 0.       0.       0.       0.105581 0.105581 0.       0.       0.       0.       0.       0.152856 0.       0.108076 0.       0.       0.105581],[0. 0. 0. 0. 1. 0. 0. 0. 1. 0. 1. 0. 0. 0. 1. 0. 0. 0. 1. 1. 0. 0. 0. 0. 0. 1. 0. 1. 0. 0. 1.],9.0,1000,100,0.01,0.0045,1,11,idID,,first,single_objective
123,0.15272669972076253,0.3207260694136013,0.004717700000000001,[0.       0.       0.       0.       0.105581 0.       0.       0.       0.105581 0.       0.105581 0.       0.       0.       0.105581 0.       0.       0.       0.105581 0.105581 0.       0.       0.       0.       0.       0.152856 0.       0.108076 0.       0.       0.105581],[0. 0. 0. 0. 1. 0. 0. 0. 1. 0. 1. 0. 0. 0. 1. 0. 0. 0. 1. 1. 0. 0. 0. 0. 0. 1. 0. 1. 0. 0. 1.],9.0,1000,100,0.01,0.0045,1,11,idID,,first,single_objective
124,0.15272669972076253,0.3207260694136013,0.004717700000000001,[0.       0.       0.       0.       0.105581 0.       0.       0.       0.105581 0.       0.105581 0.       0.       0.       0.105581 0.       0.       0.       0.105581 0.105581 0.       0.       0.       0.       0.       0.152856 0.       0.108076 0.       0.       0.105581],[0. 0. 0. 0. 1. 0. 0. 0. 1. 0. 1. 0. 0. 0. 1. 0. 0. 0. 1. 1. 0. 0. 0. 0. 0. 1. 0. 1. 0. 0. 1.],9.0,1000,100,0.01,0.0045,1,11,idID,,first,single_objective
125,0.15272669972076253,0.3207260694136013,0.004717700000000001,[0.       0.       0.       0.       0.105581 0.       0.       0.       0.105581 0.       0.105581 0.       0.       0.       0.105581 0.       0.       0.       0.105581 0.105581 0.       0.       0.       0.       0.       0.152856 0.       0.108076 0.       0.       0.105581],[0. 0. 0. 0. 1. 0. 0. 0. 1. 0. 1. 0. 0. 0. 1. 0. 0. 0. 1. 1. 0. 0. 0. 0. 0. 1. 0. 1. 0. 0. 1.],9.0,1000,100,0.01,0.0045,1,11,idID,,first,single_objective
126,0.15272669972076253,0.3207260694136013,0.004717700000000001,[0.       0.       0.       0.       0.105581 0.       0.       0.       0.105581 0.       0.105581 0.       0.       0.       0.105581 0.       0.       0.       0.105581 0.105581 0.       0.       0.       0.       0.       0.152856 0.       0.108076 0.       0.       0.105581],[0. 0. 0. 0. 1. 0. 0. 0. 1. 0. 1. 0. 0. 0. 1. 0. 0. 0. 1. 1. 0. 0. 0. 0. 0. 1. 0. 1. 0. 0. 1.],9.0,1000,100,0.01,0.0045,1,11,idID,,first,single_objective
127,0.15272669972076253,0.3207260694136013,0.004717700000000001,[0.       0.       0.       0.       0.105581 0.       0.       0.       0.105581 0.       0.105581 0.       0.       0.       0.105581 0.       0.       0.       0.105581 0.105581 0.       0.       0.       0.       0.       0.152856 0.       0.108076 0.       0.       0.105581],[0. 0. 0. 0. 1. 0. 0. 0. 1. 0. 1. 0. 0. 0. 1. 0. 0. 0. 1. 1. 0. 0. 0. 0. 0. 1. 0. 1. 0. 0. 1.],9.0,1000,100,0.01,0.0045,1,11,idID,,first,single_objective
128,0.15272669972076253,0.3207260694136013,0.004717700000000001,[0.       0.       0.       0.       0.105581 0.       0.       0.       0.105581 0.       0.105581 0.       0.       0.       0.105581 0.       0.       0.       0.105581 0.105581 0.       0.       0.       0.       0.       0.152856 0.       0.108076 0.       0.       0.105581],[0. 0. 0. 0. 1. 0. 0. 0. 1. 0. 1. 0. 0. 0. 1. 0. 0. 0. 1. 1. 0. 0. 0. 0. 0. 1. 0. 1. 0. 0. 1.],9.0,1000,100,0.01,0.0045,1,11,idID,,first,single_objective
129,0.15272669972076253,0.3207260694136013,0.004717700000000001,[0.       0.       0.       0.       0.105581 0.       0.       0.       0.105581 0.       0.105581 0.       0.       0.       0.105581 0.       0.       0.       0.105581 0.105581 0.       0.       0.       0.       0.       0.152856 0.       0.108076 0.       0.       0.105581],[0. 0. 0. 0. 1. 0. 0. 0. 1. 0. 1. 0. 0. 0. 1. 0. 0. 0. 1. 1. 0. 0. 0. 0. 0. 1. 0. 1. 0. 0. 1.],9.0,1000,100,0.01,0.0045,1,11,idID,,first,single_objective
130,0.15272669972076253,0.3207260694136013,0.004717700000000001,[0.       0.       0.       0.       0.105581 0.       0.       0.       0.105581 0.       0.105581 0.       0.       0.       0.105581 0.       0.       0.       0.105581 0.105581 0.       0.       0.       0.       0.       0.152856 0.       0.108076 0.       0.       0.105581],[0. 0. 0. 0. 1. 0. 0. 0. 1. 0. 1. 0. 0. 0. 1. 0. 0. 0. 1. 1. 0. 0. 0. 0. 0. 1. 0. 1. 0. 0. 1.],9.0,1000,100,0.01,0.0045,1,11,idID,,first,single_objective
131,0.15272669972076253,0.3207260694136013,0.004717700000000001,[0.       0.       0.       0.       0.105581 0.       0.       0.       0.105581 0.       0.105581 0.       0.       0.       0.105581 0.       0.       0.       0.105581 0.105581 0.       0.       0.       0.       0.       0.152856 0.       0.108076 0.       0.       0.105581],[0. 0. 0. 0. 1. 0. 0. 0. 1. 0. 1. 0. 0. 0. 1. 0. 0. 0. 1. 1. 0. 0. 0. 0. 0. 1. 0. 1. 0. 0. 1.],9.0,1000,100,0.01,0.0045,1,11,idID,,first,single_objective
132,0.15272669972076253,0.3207260694136013,0.004717700000000001,[0.       0.       0.       0.       0.105581 0.       0.       0.       0.105581 0.       0.105581 0.       0.       0.       0.105581 0.       0.       0.       0.105581 0.105581 0.       0.       0.       0.       0.       0.152856 0.       0.108076 0.       0.       0.105581],[0. 0. 0. 0. 1. 0. 0. 0. 1. 0. 1. 0. 0. 0. 1. 0. 0. 0. 1. 1. 0. 0. 0. 0. 0. 1. 0. 1. 0. 0. 1.],9.0,1000,100,0.01,0.0045,1,11,idID,,first,single_objective
133,0.15272669972076253,0.3207260694136013,0.004717700000000001,[0.       0.       0.       0.       0.105581 0.       0.       0.       0.105581 0.       0.105581 0.       0.       0.       0.105581 0.       0.       0.       0.105581 0.105581 0.       0.       0.       0.       0.       0.152856 0.       0.108076 0.       0.       0.105581],[0. 0. 0. 0. 1. 0. 0. 0. 1. 0. 1. 0. 0. 0. 1. 0. 0. 0. 1. 1. 0. 0. 0. 0. 0. 1. 0. 1. 0. 0. 1.],9.0,1000,100,0.01,0.0045,1,11,idID,,first,single_objective
134,0.15272669972076253,0.3207260694136013,0.004717700000000001,[0.       0.       0.       0.       0.105581 0.       0.       0.       0.105581 0.       0.105581 0.       0.       0.       0.105581 0.       0.       0.       0.105581 0.105581 0.       0.       0.       0.       0.       0.152856 0.       0.108076 0.       0.       0.105581],[0. 0. 0. 0. 1. 0. 0. 0. 1. 0. 1. 0. 0. 0. 1. 0. 0. 0. 1. 1. 0. 0. 0. 0. 0. 1. 0. 1. 0. 0. 1.],9.0,1000,100,0.01,0.0045,1,11,idID,,first,single_objective
135,0.15272669972076253,0.3207260694136013,0.004717700000000001,[0.       0.       0.       0.       0.105581 0.       0.       0.       0.105581 0.       0.105581 0.       0.       0.       0.105581 0.       0.       0.       0.105581 0.105581 0.       0.       0.       0.       0.       0.152856 0.       0.108076 0.       0.       0.105581],[0. 0. 0. 0. 1. 0. 0. 0. 1. 0. 1. 0. 0. 0. 1. 0. 0. 0. 1. 1. 0. 0. 0. 0. 0. 1. 0. 1. 0. 0. 1.],9.0,1000,100,0.01,0.0045,1,11,idID,,first,single_objective
136,0.15272669972076253,0.3207260694136013,0.004717700000000001,[0.       0.       0.       0.       0.105581 0.       0.       0.       0.105581 0.       0.105581 0.       0.       0.       0.105581 0.       0.       0.       0.105581 0.105581 0.       0.       0.       0.       0.       0.152856 0.       0.108076 0.       0.       0.105581],[0. 0. 0. 0. 1. 0. 0. 0. 1. 0. 1. 0. 0. 0. 1. 0. 0. 0. 1. 1. 0. 0. 0. 0. 0. 1. 0. 1. 0. 0. 1.],9.0,1000,100,0.01,0.0045,1,11,idID,,first,single_objective
137,0.15272669972076253,0.3207260694136013,0.004717700000000001,[0.       0.       0.       0.       0.105581 0.       0.       0.       0.105581 0.       0.105581 0.       0.       0.       0.105581 0.       0.       0.       0.105581 0.105581 0.       0.       0.       0.       0.       0.152856 0.       0.108076 0.       0.       0.105581],[0. 0. 0. 0. 1. 0. 0. 0. 1. 0. 1. 0. 0. 0. 1. 0. 0. 0. 1. 1. 0. 0. 0. 0. 0. 1. 0. 1. 0. 0. 1.],9.0,1000,100,0.01,0.0045,1,11,idID,,first,single_objective
138,0.15272669972076253,0.3207260694136013,0.004717700000000001,[0.       0.       0.       0.       0.105581 0.       0.       0.       0.105581 0.       0.105581 0.       0.       0.       0.105581 0.       0.       0.       0.105581 0.105581 0.       0.       0.       0.       0.       0.152856 0.       0.108076 0.       0.       0.105581],[0. 0. 0. 0. 1. 0. 0. 0. 1. 0. 1. 0. 0. 0. 1. 0. 0. 0. 1. 1. 0. 0. 0. 0. 0. 1. 0. 1. 0. 0. 1.],9.0,1000,100,0.01,0.0045,1,11,idID,,first,single_objective
139,0.15272669972076253,0.3207260694136013,0.004717700000000001,[0.       0.       0.       0.       0.105581 0.       0.       0.       0.105581 0.       0.105581 0.       0.       0.       0.105581 0.       0.       0.       0.105581 0.105581 0.       0.       0.       0.       0.       0.152856 0.       0.108076 0.       0.       0.105581],[0. 0. 0. 0. 1. 0. 0. 0. 1. 0. 1. 0. 0. 0. 1. 0. 0. 0. 1. 1. 0. 0. 0. 0. 0. 1. 0. 1. 0. 0. 1.],9.0,1000,100,0.01,0.0045,1,11,idID,,first,single_objective
140,0.15272669972076253,0.3207260694136013,0.004717700000000001,[0.       0.       0.       0.       0.105581 0.       0.       0.       0.105581 0.       0.105581 0.       0.       0.       0.105581 0.       0.       0.       0.105581 0.105581 0.       0.       0.       0.       0.       0.152856 0.       0.108076 0.       0.       0.105581],[0. 0. 0. 0. 1. 0. 0. 0. 1. 0. 1. 0. 0. 0. 1. 0. 0. 0. 1. 1. 0. 0. 0. 0. 0. 1. 0. 1. 0. 0. 1.],9.0,1000,100,0.01,0.0045,1,11,idID,,first,single_objective
141,0.15272669972076253,0.3207260694136013,0.004717700000000001,[0.       0.       0.       0.       0.105581 0.       0.       0.       0.105581 0.       0.105581 0.       0.       0.       0.105581 0.       0.       0.       0.105581 0.105581 0.       0.       0.       0.       0.       0.152856 0.       0.108076 0.       0.       0.105581],[0. 0. 0. 0. 1. 0. 0. 0. 1. 0. 1. 0. 0. 0. 1. 0. 0. 0. 1. 1. 0. 0. 0. 0. 0. 1. 0. 1. 0. 0. 1.],9.0,1000,100,0.01,0.0045,1,11,idID,,first,single_objective
142,0.15272669972076253,0.3207260694136013,0.004717700000000001,[0.       0.       0.       0.       0.105581 0.       0.       0.       0.105581 0.       0.105581 0.       0.       0.       0.105581 0.       0.       0.       0.105581 0.105581 0.       0.       0.       0.       0.       0.152856 0.       0.108076 0.       0.       0.105581],[0. 0. 0. 0. 1. 0. 0. 0. 1. 0. 1. 0. 0. 0. 1. 0. 0. 0. 1. 1. 0. 0. 0. 0. 0. 1. 0. 1. 0. 0. 1.],9.0,1000,100,0.01,0.0045,1,11,idID,,first,single_objective
143,0.15272669972076253,0.3207260694136013,0.004717700000000001,[0.       0.       0.       0.       0.105581 0.       0.       0.       0.105581 0.       0.105581 0.       0.       0.       0.105581 0.       0.       0.       0.105581 0.105581 0.       0.       0.       0.       0.       0.152856 0.       0.108076 0.       0.       0.105581],[0. 0. 0. 0. 1. 0. 0. 0. 1. 0. 1. 0. 0. 0. 1. 0. 0. 0. 1. 1. 0. 0. 0. 0. 0. 1. 0. 1. 0. 0. 1.],9.0,1000,100,0.01,0.0045,1,11,idID,,first,single_objective
144,0.15272669972076253,0.3207260694136013,0.004717700000000001,[0.       0.       0.       0.       0.105581 0.       0.       0.       0.105581 0.       0.105581 0.       0.       0.       0.105581 0.       0.       0.       0.105581 0.105581 0.       0.       0.       0.       0.       0.152856 0.       0.108076 0.       0.       0.105581],[0. 0. 0. 0. 1. 0. 0. 0. 1. 0. 1. 0. 0. 0. 1. 0. 0. 0. 1. 1. 0. 0. 0. 0. 0. 1. 0. 1. 0. 0. 1.],9.0,1000,100,0.01,0.0045,1,11,idID,,first,single_objective
145,0.15272669972076253,0.3207260694136013,0.004717700000000001,[0.       0.       0.       0.       0.105581 0.       0.       0.       0.105581 0.       0.105581 0.       0.       0.       0.105581 0.       0.       0.       0.105581 0.105581 0.       0.       0.       0.       0.       0.152856 0.       0.108076 0.       0.       0.105581],[0. 0. 0. 0. 1. 0. 0. 0. 1. 0. 1. 0. 0. 0. 1. 0. 0. 0. 1. 1. 0. 0. 0. 0. 0. 1. 0. 1. 0. 0. 1.],9.0,1000,100,0.01,0.0045,1,11,idID,,first,single_objective
146,0.15272669972076253,0.3207260694136013,0.004717700000000001,[0.       0.       0.       0.       0.105581 0.       0.       0.       0.105581 0.       0.105581 0.       0.       0.       0.105581 0.       0.       0.       0.105581 0.105581 0.       0.       0.       0.       0.       0.152856 0.       0.108076 0.       0.       0.105581],[0. 0. 0. 0. 1. 0. 0. 0. 1. 0. 1. 0. 0. 0. 1. 0. 0. 0. 1. 1. 0. 0. 0. 0. 0. 1. 0. 1. 0. 0. 1.],9.0,1000,100,0.01,0.0045,1,11,idID,,first,single_objective
147,0.15272669972076253,0.3207260694136013,0.004717700000000001,[0.       0.       0.       0.       0.105581 0.       0.       0.       0.105581 0.       0.105581 0.       0.       0.       0.105581 0.       0.       0.       0.105581 0.105581 0.       0.       0.       0.       0.       0.152856 0.       0.108076 0.       0.       0.105581],[0. 0. 0. 0. 1. 0. 0. 0. 1. 0. 1. 0. 0. 0. 1. 0. 0. 0. 1. 1. 0. 0. 0. 0. 0. 1. 0. 1. 0. 0. 1.],9.0,1000,100,0.01,0.0045,1,11,idID,,first,single_objective
148,0.15272669972076253,0.3207260694136013,0.004717700000000001,[0.       0.       0.       0.       0.105581 0.       0.       0.       0.105581 0.       0.105581 0.       0.       0.       0.105581 0.       0.       0.       0.105581 0.105581 0.       0.       0.       0.       0.       0.152856 0.       0.108076 0.       0.       0.105581],[0. 0. 0. 0. 1. 0. 0. 0. 1. 0. 1. 0. 0. 0. 1. 0. 0. 0. 1. 1. 0. 0. 0. 0. 0. 1. 0. 1. 0. 0. 1.],9.0,1000,100,0.01,0.0045,1,11,idID,,first,single_objective
149,0.15272669972076253,0.3207260694136013,0.004717700000000001,[0.       0.       0.       0.       0.105581 0.       0.       0.       0.105581 0.       0.105581 0.       0.       0.       0.105581 0.       0.       0.       0.105581 0.105581 0.       0.       0.       0.       0.       0.152856 0.       0.108076 0.       0.       0.105581],[0. 0. 0. 0. 1. 0. 0. 0. 1. 0. 1. 0. 0. 0. 1. 0. 0. 0. 1. 1. 0. 0. 0. 0. 0. 1. 0. 1. 0. 0. 1.],9.0,1000,100,0.01,0.0045,1,11,idID,,first,single_objective
150,0.15272669972076253,0.3207260694136013,0.004717700000000001,[0.       0.       0.       0.       0.105581 0.       0.       0.       0.105581 0.       0.105581 0.       0.       0.       0.105581 0.       0.       0.       0.105581 0.105581 0.       0.       0.       0.       0.       0.152856 0.       0.108076 0.       0.       0.105581],[0. 0. 0. 0. 1. 0. 0. 0. 1. 0. 1. 0. 0. 0. 1. 0. 0. 0. 1. 1. 0. 0. 0. 0. 0. 1. 0. 1. 0. 0. 1.],9.0,1000,100,0.01,0.0045,1,11,idID,,first,single_objective
151,0.15272669972076253,0.3207260694136013,0.004717700000000001,[0.       0.       0.       0.       0.105581 0.       0.       0.       0.105581 0.       0.105581 0.       0.       0.       0.105581 0.       0.       0.       0.105581 0.105581 0.       0.       0.       0.       0.       0.152856 0.       0.108076 0.       0.       0.105581],[0. 0. 0. 0. 1. 0. 0. 0. 1. 0. 1. 0. 0. 0. 1. 0. 0. 0. 1. 1. 0. 0. 0. 0. 0. 1. 0. 1. 0. 0. 1.],9.0,1000,100,0.01,0.0045,1,11,idID,,first,single_objective
152,0.15272669972076253,0.3207260694136013,0.004717700000000001,[0.       0.       0.       0.       0.105581 0.       0.       0.       0.105581 0.       0.105581 0.       0.       0.       0.105581 0.       0.       0.       0.105581 0.105581 0.       0.       0.       0.       0.       0.152856 0.       0.108076 0.       0.       0.105581],[0. 0. 0. 0. 1. 0. 0. 0. 1. 0. 1. 0. 0. 0. 1. 0. 0. 0. 1. 1. 0. 0. 0. 0. 0. 1. 0. 1. 0. 0. 1.],9.0,1000,100,0.01,0.0045,1,11,idID,,first,single_objective
153,0.15272669972076253,0.3207260694136013,0.004717700000000001,[0.       0.       0.       0.       0.105581 0.       0.       0.       0.105581 0.       0.105581 0.       0.       0.       0.105581 0.       0.       0.       0.105581 0.105581 0.       0.       0.       0.       0.       0.152856 0.       0.108076 0.       0.       0.105581],[0. 0. 0. 0. 1. 0. 0. 0. 1. 0. 1. 0. 0. 0. 1. 0. 0. 0. 1. 1. 0. 0. 0. 0. 0. 1. 0. 1. 0. 0. 1.],9.0,1000,100,0.01,0.0045,1,11,idID,,first,single_objective
154,0.15272669972076253,0.3207260694136013,0.004717700000000001,[0.       0.       0.       0.       0.105581 0.       0.       0.       0.105581 0.       0.105581 0.       0.       0.       0.105581 0.       0.       0.       0.105581 0.105581 0.       0.       0.       0.       0.       0.152856 0.       0.108076 0.       0.       0.105581],[0. 0. 0. 0. 1. 0. 0. 0. 1. 0. 1. 0. 0. 0. 1. 0. 0. 0. 1. 1. 0. 0. 0. 0. 0. 1. 0. 1. 0. 0. 1.],9.0,1000,100,0.01,0.0045,1,11,idID,,first,single_objective
155,0.15272669972076253,0.3207260694136013,0.004717700000000001,[0.       0.       0.       0.       0.105581 0.       0.       0.       0.105581 0.       0.105581 0.       0.       0.       0.105581 0.       0.       0.       0.105581 0.105581 0.       0.       0.       0.       0.       0.152856 0.       0.108076 0.       0.       0.105581],[0. 0. 0. 0. 1. 0. 0. 0. 1. 0. 1. 0. 0. 0. 1. 0. 0. 0. 1. 1. 0. 0. 0. 0. 0. 1. 0. 1. 0. 0. 1.],9.0,1000,100,0.01,0.0045,1,11,idID,,first,single_objective
156,0.15272669972076253,0.3207260694136013,0.004717700000000001,[0.       0.       0.       0.       0.105581 0.       0.       0.       0.105581 0.       0.105581 0.       0.       0.       0.105581 0.       0.       0.       0.105581 0.105581 0.       0.       0.       0.       0.       0.152856 0.       0.108076 0.       0.       0.105581],[0. 0. 0. 0. 1. 0. 0. 0. 1. 0. 1. 0. 0. 0. 1. 0. 0. 0. 1. 1. 0. 0. 0. 0. 0. 1. 0. 1. 0. 0. 1.],9.0,1000,100,0.01,0.0045,1,11,idID,,first,single_objective
157,0.15272669972076253,0.3207260694136013,0.004717700000000001,[0.       0.       0.       0.       0.105581 0.       0.       0.       0.105581 0.       0.105581 0.       0.       0.       0.105581 0.       0.       0.       0.105581 0.105581 0.       0.       0.       0.       0.       0.152856 0.       0.108076 0.       0.       0.105581],[0. 0. 0. 0. 1. 0. 0. 0. 1. 0. 1. 0. 0. 0. 1. 0. 0. 0. 1. 1. 0. 0. 0. 0. 0. 1. 0. 1. 0. 0. 1.],9.0,1000,100,0.01,0.0045,1,11,idID,,first,single_objective
158,0.15272669972076253,0.3207260694136013,0.004717700000000001,[0.       0.       0.       0.       0.105581 0.       0.       0.       0.105581 0.       0.105581 0.       0.       0.       0.105581 0.       0.       0.       0.105581 0.105581 0.       0.       0.       0.       0.       0.152856 0.       0.108076 0.       0.       0.105581],[0. 0. 0. 0. 1. 0. 0. 0. 1. 0. 1. 0. 0. 0. 1. 0. 0. 0. 1. 1. 0. 0. 0. 0. 0. 1. 0. 1. 0. 0. 1.],9.0,1000,100,0.01,0.0045,1,11,idID,,first,single_objective
159,0.15272669972076253,0.3207260694136013,0.004717700000000001,[0.       0.       0.       0.       0.105581 0.       0.       0.       0.105581 0.       0.105581 0.       0.       0.       0.105581 0.       0.       0.       0.105581 0.105581 0.       0.       0.       0.       0.       0.152856 0.       0.108076 0.       0.       0.105581],[0. 0. 0. 0. 1. 0. 0. 0. 1. 0. 1. 0. 0. 0. 1. 0. 0. 0. 1. 1. 0. 0. 0. 0. 0. 1. 0. 1. 0. 0. 1.],9.0,1000,100,0.01,0.0045,1,11,idID,,first,single_objective
160,0.15272669972076253,0.3207260694136013,0.004717700000000001,[0.       0.       0.       0.       0.105581 0.       0.       0.       0.105581 0.       0.105581 0.       0.       0.       0.105581 0.       0.       0.       0.105581 0.105581 0.       0.       0.       0.       0.       0.152856 0.       0.108076 0.       0.       0.105581],[0. 0. 0. 0. 1. 0. 0. 0. 1. 0. 1. 0. 0. 0. 1. 0. 0. 0. 1. 1. 0. 0. 0. 0. 0. 1. 0. 1. 0. 0. 1.],9.0,1000,100,0.01,0.0045,1,11,idID,,first,single_objective
161,0.15272669972076253,0.3207260694136013,0.004717700000000001,[0.       0.       0.       0.       0.105581 0.       0.       0.       0.105581 0.       0.105581 0.       0.       0.       0.105581 0.       0.       0.       0.105581 0.105581 0.       0.       0.       0.       0.       0.152856 0.       0.108076 0.       0.       0.105581],[0. 0. 0. 0. 1. 0. 0. 0. 1. 0. 1. 0. 0. 0. 1. 0. 0. 0. 1. 1. 0. 0. 0. 0. 0. 1. 0. 1. 0. 0. 1.],9.0,1000,100,0.01,0.0045,1,11,idID,,first,single_objective
162,0.15272669972076253,0.3207260694136013,0.004717700000000001,[0.       0.       0.       0.       0.105581 0.       0.       0.       0.105581 0.       0.105581 0.       0.       0.       0.105581 0.       0.       0.       0.105581 0.105581 0.       0.       0.       0.       0.       0.152856 0.       0.108076 0.       0.       0.105581],[0. 0. 0. 0. 1. 0. 0. 0. 1. 0. 1. 0. 0. 0. 1. 0. 0. 0. 1. 1. 0. 0. 0. 0. 0. 1. 0. 1. 0. 0. 1.],9.0,1000,100,0.01,0.0045,1,11,idID,,first,single_objective
163,0.15272669972076253,0.3207260694136013,0.004717700000000001,[0.       0.       0.       0.       0.105581 0.       0.       0.       0.105581 0.       0.105581 0.       0.       0.       0.105581 0.       0.       0.       0.105581 0.105581 0.       0.       0.       0.       0.       0.152856 0.       0.108076 0.       0.       0.105581],[0. 0. 0. 0. 1. 0. 0. 0. 1. 0. 1. 0. 0. 0. 1. 0. 0. 0. 1. 1. 0. 0. 0. 0. 0. 1. 0. 1. 0. 0. 1.],9.0,1000,100,0.01,0.0045,1,11,idID,,first,single_objective
164,0.15272669972076253,0.3207260694136013,0.004717700000000001,[0.       0.       0.       0.       0.105581 0.       0.       0.       0.105581 0.       0.105581 0.       0.       0.       0.105581 0.       0.       0.       0.105581 0.105581 0.       0.       0.       0.       0.       0.152856 0.       0.108076 0.       0.       0.105581],[0. 0. 0. 0. 1. 0. 0. 0. 1. 0. 1. 0. 0. 0. 1. 0. 0. 0. 1. 1. 0. 0. 0. 0. 0. 1. 0. 1. 0. 0. 1.],9.0,1000,100,0.01,0.0045,1,11,idID,,first,single_objective
165,0.15272669972076253,0.3207260694136013,0.004717700000000001,[0.       0.       0.       0.       0.105581 0.       0.       0.       0.105581 0.       0.105581 0.       0.       0.       0.105581 0.       0.       0.       0.105581 0.105581 0.       0.       0.       0.       0.       0.152856 0.       0.108076 0.       0.       0.105581],[0. 0. 0. 0. 1. 0. 0. 0. 1. 0. 1. 0. 0. 0. 1. 0. 0. 0. 1. 1. 0. 0. 0. 0. 0. 1. 0. 1. 0. 0. 1.],9.0,1000,100,0.01,0.0045,1,11,idID,,first,single_objective
166,0.15272669972076253,0.3207260694136013,0.004717700000000001,[0.       0.       0.       0.       0.105581 0.       0.       0.       0.105581 0.       0.105581 0.       0.       0.       0.105581 0.       0.       0.       0.105581 0.105581 0.       0.       0.       0.       0.       0.152856 0.       0.108076 0.       0.       0.105581],[0. 0. 0. 0. 1. 0. 0. 0. 1. 0. 1. 0. 0. 0. 1. 0. 0. 0. 1. 1. 0. 0. 0. 0. 0. 1. 0. 1. 0. 0. 1.],9.0,1000,100,0.01,0.0045,1,11,idID,,first,single_objective
167,0.15272669972076253,0.3207260694136013,0.004717700000000001,[0.       0.       0.       0.       0.105581 0.       0.       0.       0.105581 0.       0.105581 0.       0.       0.       0.105581 0.       0.       0.       0.105581 0.105581 0.       0.       0.       0.       0.       0.152856 0.       0.108076 0.       0.       0.105581],[0. 0. 0. 0. 1. 0. 0. 0. 1. 0. 1. 0. 0. 0. 1. 0. 0. 0. 1. 1. 0. 0. 0. 0. 0. 1. 0. 1. 0. 0. 1.],9.0,1000,100,0.01,0.0045,1,11,idID,,first,single_objective
168,0.15272669972076253,0.3207260694136013,0.004717700000000001,[0.       0.       0.       0.       0.105581 0.       0.       0.       0.105581 0.       0.105581 0.       0.       0.       0.105581 0.       0.       0.       0.105581 0.105581 0.       0.       0.       0.       0.       0.152856 0.       0.108076 0.       0.       0.105581],[0. 0. 0. 0. 1. 0. 0. 0. 1. 0. 1. 0. 0. 0. 1. 0. 0. 0. 1. 1. 0. 0. 0. 0. 0. 1. 0. 1. 0. 0. 1.],9.0,1000,100,0.01,0.0045,1,11,idID,,first,single_objective
169,0.15272669972076253,0.3207260694136013,0.004717700000000001,[0.       0.       0.       0.       0.105581 0.       0.       0.       0.105581 0.       0.105581 0.       0.       0.       0.105581 0.       0.       0.       0.105581 0.105581 0.       0.       0.       0.       0.       0.152856 0.       0.108076 0.       0.       0.105581],[0. 0. 0. 0. 1. 0. 0. 0. 1. 0. 1. 0. 0. 0. 1. 0. 0. 0. 1. 1. 0. 0. 0. 0. 0. 1. 0. 1. 0. 0. 1.],9.0,1000,100,0.01,0.0045,1,11,idID,,first,single_objective
170,0.15272669972076253,0.3207260694136013,0.004717700000000001,[0.       0.       0.       0.       0.105581 0.       0.       0.       0.105581 0.       0.105581 0.       0.       0.       0.105581 0.       0.       0.       0.105581 0.105581 0.       0.       0.       0.       0.       0.152856 0.       0.108076 0.       0.       0.105581],[0. 0. 0. 0. 1. 0. 0. 0. 1. 0. 1. 0. 0. 0. 1. 0. 0. 0. 1. 1. 0. 0. 0. 0. 0. 1. 0. 1. 0. 0. 1.],9.0,1000,100,0.01,0.0045,1,11,idID,,first,single_objective
171,0.15272669972076253,0.3207260694136013,0.004717700000000001,[0.       0.       0.       0.       0.105581 0.       0.       0.       0.105581 0.       0.105581 0.       0.       0.       0.105581 0.       0.       0.       0.105581 0.105581 0.       0.       0.       0.       0.       0.152856 0.       0.108076 0.       0.       0.105581],[0. 0. 0. 0. 1. 0. 0. 0. 1. 0. 1. 0. 0. 0. 1. 0. 0. 0. 1. 1. 0. 0. 0. 0. 0. 1. 0. 1. 0. 0. 1.],9.0,1000,100,0.01,0.0045,1,11,idID,,first,single_objective
172,0.15272669972076253,0.3207260694136013,0.004717700000000001,[0.       0.       0.       0.       0.105581 0.       0.       0.       0.105581 0.       0.105581 0.       0.       0.       0.105581 0.       0.       0.       0.105581 0.105581 0.       0.       0.       0.       0.       0.152856 0.       0.108076 0.       0.       0.105581],[0. 0. 0. 0. 1. 0. 0. 0. 1. 0. 1. 0. 0. 0. 1. 0. 0. 0. 1. 1. 0. 0. 0. 0. 0. 1. 0. 1. 0. 0. 1.],9.0,1000,100,0.01,0.0045,1,11,idID,,first,single_objective
173,0.15272669972076253,0.3207260694136013,0.004717700000000001,[0.       0.       0.       0.       0.105581 0.       0.       0.       0.105581 0.       0.105581 0.       0.       0.       0.105581 0.       0.       0.       0.105581 0.105581 0.       0.       0.       0.       0.       0.152856 0.       0.108076 0.       0.       0.105581],[0. 0. 0. 0. 1. 0. 0. 0. 1. 0. 1. 0. 0. 0. 1. 0. 0. 0. 1. 1. 0. 0. 0. 0. 0. 1. 0. 1. 0. 0. 1.],9.0,1000,100,0.01,0.0045,1,11,idID,,first,single_objective
174,0.15272669972076253,0.3207260694136013,0.004717700000000001,[0.       0.       0.       0.       0.105581 0.       0.       0.       0.105581 0.       0.105581 0.       0.       0.       0.105581 0.       0.       0.       0.105581 0.105581 0.       0.       0.       0.       0.       0.152856 0.       0.108076 0.       0.       0.105581],[0. 0. 0. 0. 1. 0. 0. 0. 1. 0. 1. 0. 0. 0. 1. 0. 0. 0. 1. 1. 0. 0. 0. 0. 0. 1. 0. 1. 0. 0. 1.],9.0,1000,100,0.01,0.0045,1,11,idID,,first,single_objective
175,0.15272669972076253,0.3207260694136013,0.004717700000000001,[0.       0.       0.       0.       0.105581 0.       0.       0.       0.105581 0.       0.105581 0.       0.       0.       0.105581 0.       0.       0.       0.105581 0.105581 0.       0.       0.       0.       0.       0.152856 0.       0.108076 0.       0.       0.105581],[0. 0. 0. 0. 1. 0. 0. 0. 1. 0. 1. 0. 0. 0. 1. 0. 0. 0. 1. 1. 0. 0. 0. 0. 0. 1. 0. 1. 0. 0. 1.],9.0,1000,100,0.01,0.0045,1,11,idID,,first,single_objective
176,0.15272669972076253,0.3207260694136013,0.004717700000000001,[0.       0.       0.       0.       0.105581 0.       0.       0.       0.105581 0.       0.105581 0.       0.       0.       0.105581 0.       0.       0.       0.105581 0.105581 0.       0.       0.       0.       0.       0.152856 0.       0.108076 0.       0.       0.105581],[0. 0. 0. 0. 1. 0. 0. 0. 1. 0. 1. 0. 0. 0. 1. 0. 0. 0. 1. 1. 0. 0. 0. 0. 0. 1. 0. 1. 0. 0. 1.],9.0,1000,100,0.01,0.0045,1,11,idID,,first,single_objective
177,0.15272669972076253,0.3207260694136013,0.004717700000000001,[0.       0.       0.       0.       0.105581 0.       0.       0.       0.105581 0.       0.105581 0.       0.       0.       0.105581 0.       0.       0.       0.105581 0.105581 0.       0.       0.       0.       0.       0.152856 0.       0.108076 0.       0.       0.105581],[0. 0. 0. 0. 1. 0. 0. 0. 1. 0. 1. 0. 0. 0. 1. 0. 0. 0. 1. 1. 0. 0. 0. 0. 0. 1. 0. 1. 0. 0. 1.],9.0,1000,100,0.01,0.0045,1,11,idID,,first,single_objective
178,0.15272669972076253,0.3207260694136013,0.004717700000000001,[0.       0.       0.       0.       0.105581 0.       0.       0.       0.105581 0.       0.105581 0.       0.       0.       0.105581 0.       0.       0.       0.105581 0.105581 0.       0.       0.       0.       0.       0.152856 0.       0.108076 0.       0.       0.105581],[0. 0. 0. 0. 1. 0. 0. 0. 1. 0. 1. 0. 0. 0. 1. 0. 0. 0. 1. 1. 0. 0. 0. 0. 0. 1. 0. 1. 0. 0. 1.],9.0,1000,100,0.01,0.0045,1,11,idID,,first,single_objective
179,0.15272669972076253,0.3207260694136013,0.004717700000000001,[0.       0.       0.       0.       0.105581 0.       0.       0.       0.105581 0.       0.105581 0.       0.       0.       0.105581 0.       0.       0.       0.105581 0.105581 0.       0.       0.       0.       0.       0.152856 0.       0.108076 0.       0.       0.105581],[0. 0. 0. 0. 1. 0. 0. 0. 1. 0. 1. 0. 0. 0. 1. 0. 0. 0. 1. 1. 0. 0. 0. 0. 0. 1. 0. 1. 0. 0. 1.],9.0,1000,100,0.01,0.0045,1,11,idID,,first,single_objective
180,0.15272669972076253,0.3207260694136013,0.004717700000000001,[0.       0.       0.       0.       0.105581 0.       0.       0.       0.105581 0.       0.105581 0.       0.       0.       0.105581 0.       0.       0.       0.105581 0.105581 0.       0.       0.       0.       0.       0.152856 0.       0.108076 0.       0.       0.105581],[0. 0. 0. 0. 1. 0. 0. 0. 1. 0. 1. 0. 0. 0. 1. 0. 0. 0. 1. 1. 0. 0. 0. 0. 0. 1. 0. 1. 0. 0. 1.],9.0,1000,100,0.01,0.0045,1,11,idID,,first,single_objective
181,0.15272669972076253,0.3207260694136013,0.004717700000000001,[0.       0.       0.       0.       0.105581 0.       0.       0.       0.105581 0.       0.105581 0.       0.       0.       0.105581 0.       0.       0.       0.105581 0.105581 0.       0.       0.       0.       0.       0.152856 0.       0.108076 0.       0.       0.105581],[0. 0. 0. 0. 1. 0. 0. 0. 1. 0. 1. 0. 0. 0. 1. 0. 0. 0. 1. 1. 0. 0. 0. 0. 0. 1. 0. 1. 0. 0. 1.],9.0,1000,100,0.01,0.0045,1,11,idID,,first,single_objective
182,0.15272669972076253,0.3207260694136013,0.004717700000000001,[0.       0.       0.       0.       0.105581 0.       0.       0.       0.105581 0.       0.105581 0.       0.       0.       0.105581 0.       0.       0.       0.105581 0.105581 0.       0.       0.       0.       0.       0.152856 0.       0.108076 0.       0.       0.105581],[0. 0. 0. 0. 1. 0. 0. 0. 1. 0. 1. 0. 0. 0. 1. 0. 0. 0. 1. 1. 0. 0. 0. 0. 0. 1. 0. 1. 0. 0. 1.],9.0,1000,100,0.01,0.0045,1,11,idID,,first,single_objective
183,0.15272669972076253,0.3207260694136013,0.004717700000000001,[0.       0.       0.       0.       0.105581 0.       0.       0.       0.105581 0.       0.105581 0.       0.       0.       0.105581 0.       0.       0.       0.105581 0.105581 0.       0.       0.       0.       0.       0.152856 0.       0.108076 0.       0.       0.105581],[0. 0. 0. 0. 1. 0. 0. 0. 1. 0. 1. 0. 0. 0. 1. 0. 0. 0. 1. 1. 0. 0. 0. 0. 0. 1. 0. 1. 0. 0. 1.],9.0,1000,100,0.01,0.0045,1,11,idID,,first,single_objective
184,0.15272669972076253,0.3207260694136013,0.004717700000000001,[0.       0.       0.       0.       0.105581 0.       0.       0.       0.105581 0.       0.105581 0.       0.       0.       0.105581 0.       0.       0.       0.105581 0.105581 0.       0.       0.       0.       0.       0.152856 0.       0.108076 0.       0.       0.105581],[0. 0. 0. 0. 1. 0. 0. 0. 1. 0. 1. 0. 0. 0. 1. 0. 0. 0. 1. 1. 0. 0. 0. 0. 0. 1. 0. 1. 0. 0. 1.],9.0,1000,100,0.01,0.0045,1,11,idID,,first,single_objective
185,0.15272669972076253,0.3207260694136013,0.004717700000000001,[0.       0.       0.       0.       0.105581 0.       0.       0.       0.105581 0.       0.105581 0.       0.       0.       0.105581 0.       0.       0.       0.105581 0.105581 0.       0.       0.       0.       0.       0.152856 0.       0.108076 0.       0.       0.105581],[0. 0. 0. 0. 1. 0. 0. 0. 1. 0. 1. 0. 0. 0. 1. 0. 0. 0. 1. 1. 0. 0. 0. 0. 0. 1. 0. 1. 0. 0. 1.],9.0,1000,100,0.01,0.0045,1,11,idID,,first,single_objective
186,0.15272669972076253,0.3207260694136013,0.004717700000000001,[0.       0.       0.       0.       0.105581 0.       0.       0.       0.105581 0.       0.105581 0.       0.       0.       0.105581 0.       0.       0.       0.105581 0.105581 0.       0.       0.       0.       0.       0.152856 0.       0.108076 0.       0.       0.105581],[0. 0. 0. 0. 1. 0. 0. 0. 1. 0. 1. 0. 0. 0. 1. 0. 0. 0. 1. 1. 0. 0. 0. 0. 0. 1. 0. 1. 0. 0. 1.],9.0,1000,100,0.01,0.0045,1,11,idID,,first,single_objective
187,0.15272669972076253,0.3207260694136013,0.004717700000000001,[0.       0.       0.       0.       0.105581 0.       0.       0.       0.105581 0.       0.105581 0.       0.       0.       0.105581 0.       0.       0.       0.105581 0.105581 0.       0.       0.       0.       0.       0.152856 0.       0.108076 0.       0.       0.105581],[0. 0. 0. 0. 1. 0. 0. 0. 1. 0. 1. 0. 0. 0. 1. 0. 0. 0. 1. 1. 0. 0. 0. 0. 0. 1. 0. 1. 0. 0. 1.],9.0,1000,100,0.01,0.0045,1,11,idID,,first,single_objective
188,0.15272669972076253,0.3207260694136013,0.004717700000000001,[0.       0.       0.       0.       0.105581 0.       0.       0.       0.105581 0.       0.105581 0.       0.       0.       0.105581 0.       0.       0.       0.105581 0.105581 0.       0.       0.       0.       0.       0.152856 0.       0.108076 0.       0.       0.105581],[0. 0. 0. 0. 1. 0. 0. 0. 1. 0. 1. 0. 0. 0. 1. 0. 0. 0. 1. 1. 0. 0. 0. 0. 0. 1. 0. 1. 0. 0. 1.],9.0,1000,100,0.01,0.0045,1,11,idID,,first,single_objective
189,0.15272669972076253,0.3207260694136013,0.004717700000000001,[0.       0.       0.       0.       0.105581 0.       0.       0.       0.105581 0.       0.105581 0.       0.       0.       0.105581 0.       0.       0.       0.105581 0.105581 0.       0.       0.       0.       0.       0.152856 0.       0.108076 0.       0.       0.105581],[0. 0. 0. 0. 1. 0. 0. 0. 1. 0. 1. 0. 0. 0. 1. 0. 0. 0. 1. 1. 0. 0. 0. 0. 0. 1. 0. 1. 0. 0. 1.],9.0,1000,100,0.01,0.0045,1,11,idID,,first,single_objective
190,0.15272669972076253,0.3207260694136013,0.004717700000000001,[0.       0.       0.       0.       0.105581 0.       0.       0.       0.105581 0.       0.105581 0.       0.       0.       0.105581 0.       0.       0.       0.105581 0.105581 0.       0.       0.       0.       0.       0.152856 0.       0.108076 0.       0.       0.105581],[0. 0. 0. 0. 1. 0. 0. 0. 1. 0. 1. 0. 0. 0. 1. 0. 0. 0. 1. 1. 0. 0. 0. 0. 0. 1. 0. 1. 0. 0. 1.],9.0,1000,100,0.01,0.0045,1,11,idID,,first,single_objective
191,0.15272669972076253,0.3207260694136013,0.004717700000000001,[0.       0.       0.       0.       0.105581 0.       0.       0.       0.105581 0.       0.105581 0.       0.       0.       0.105581 0.       0.       0.       0.105581 0.105581 0.       0.       0.       0.       0.       0.152856 0.       0.108076 0.       0.       0.105581],[0. 0. 0. 0. 1. 0. 0. 0. 1. 0. 1. 0. 0. 0. 1. 0. 0. 0. 1. 1. 0. 0. 0. 0. 0. 1. 0. 1. 0. 0. 1.],9.0,1000,100,0.01,0.0045,1,11,idID,,first,single_objective
192,0.15272669972076253,0.3207260694136013,0.004717700000000001,[0.       0.       0.       0.       0.105581 0.       0.       0.       0.105581 0.       0.105581 0.       0.       0.       0.105581 0.       0.       0.       0.105581 0.105581 0.       0.       0.       0.       0.       0.152856 0.       0.108076 0.       0.       0.105581],[0. 0. 0. 0. 1. 0. 0. 0. 1. 0. 1. 0. 0. 0. 1. 0. 0. 0. 1. 1. 0. 0. 0. 0. 0. 1. 0. 1. 0. 0. 1.],9.0,1000,100,0.01,0.0045,1,11,idID,,first,single_objective
193,0.15272669972076253,0.3207260694136013,0.004717700000000001,[0.       0.       0.       0.       0.105581 0.       0.       0.       0.105581 0.       0.105581 0.       0.       0.       0.105581 0.       0.       0.       0.105581 0.105581 0.       0.       0.       0.       0.       0.152856 0.       0.108076 0.       0.       0.105581],[0. 0. 0. 0. 1. 0. 0. 0. 1. 0. 1. 0. 0. 0. 1. 0. 0. 0. 1. 1. 0. 0. 0. 0. 0. 1. 0. 1. 0. 0. 1.],9.0,1000,100,0.01,0.0045,1,11,idID,,first,single_objective
194,0.15272669972076253,0.3207260694136013,0.004717700000000001,[0.       0.       0.       0.       0.105581 0.       0.       0.       0.105581 0.       0.105581 0.       0.       0.       0.105581 0.       0.       0.       0.105581 0.105581 0.       0.       0.       0.       0.       0.152856 0.       0.108076 0.       0.       0.105581],[0. 0. 0. 0. 1. 0. 0. 0. 1. 0. 1. 0. 0. 0. 1. 0. 0. 0. 1. 1. 0. 0. 0. 0. 0. 1. 0. 1. 0. 0. 1.],9.0,1000,100,0.01,0.0045,1,11,idID,,first,single_objective
195,0.15272669972076253,0.3207260694136013,0.004717700000000001,[0.       0.       0.       0.       0.105581 0.       0.       0.       0.105581 0.       0.105581 0.       0.       0.       0.105581 0.       0.       0.       0.105581 0.105581 0.       0.       0.       0.       0.       0.152856 0.       0.108076 0.       0.       0.105581],[0. 0. 0. 0. 1. 0. 0. 0. 1. 0. 1. 0. 0. 0. 1. 0. 0. 0. 1. 1. 0. 0. 0. 0. 0. 1. 0. 1. 0. 0. 1.],9.0,1000,100,0.01,0.0045,1,11,idID,,first,single_objective
196,0.15272669972076253,0.3207260694136013,0.004717700000000001,[0.       0.       0.       0.       0.105581 0.       0.       0.       0.105581 0.       0.105581 0.       0.       0.       0.105581 0.       0.       0.       0.105581 0.105581 0.       0.       0.       0.       0.       0.152856 0.       0.108076 0.       0.       0.105581],[0. 0. 0. 0. 1. 0. 0. 0. 1. 0. 1. 0. 0. 0. 1. 0. 0. 0. 1. 1. 0. 0. 0. 0. 0. 1. 0. 1. 0. 0. 1.],9.0,1000,100,0.01,0.0045,1,11,idID,,first,single_objective
197,0.15272669972076253,0.3207260694136013,0.004717700000000001,[0.       0.       0.       0.       0.105581 0.       0.       0.       0.105581 0.       0.105581 0.       0.       0.       0.105581 0.       0.       0.       0.105581 0.105581 0.       0.       0.       0.       0.       0.152856 0.       0.108076 0.       0.       0.105581],[0. 0. 0. 0. 1. 0. 0. 0. 1. 0. 1. 0. 0. 0. 1. 0. 0. 0. 1. 1. 0. 0. 0. 0. 0. 1. 0. 1. 0. 0. 1.],9.0,1000,100,0.01,0.0045,1,11,idID,,first,single_objective
198,0.15272669972076253,0.3207260694136013,0.004717700000000001,[0.       0.       0.       0.       0.105581 0.       0.       0.       0.105581 0.       0.105581 0.       0.       0.       0.105581 0.       0.       0.       0.105581 0.105581 0.       0.       0.       0.       0.       0.152856 0.       0.108076 0.       0.       0.105581],[0. 0. 0. 0. 1. 0. 0. 0. 1. 0. 1. 0. 0. 0. 1. 0. 0. 0. 1. 1. 0. 0. 0. 0. 0. 1. 0. 1. 0. 0. 1.],9.0,1000,100,0.01,0.0045,1,11,idID,,first,single_objective
199,0.15272669972076253,0.3207260694136013,0.004717700000000001,[0.       0.       0.       0.       0.105581 0.       0.       0.       0.105581 0.       0.105581 0.       0.       0.       0.105581 0.       0.       0.       0.105581 0.105581 0.       0.       0.       0.       0.       0.152856 0.       0.108076 0.       0.       0.105581],[0. 0. 0. 0. 1. 0. 0. 0. 1. 0. 1. 0. 0. 0. 1. 0. 0. 0. 1. 1. 0. 0. 0. 0. 0. 1. 0. 1. 0. 0. 1.],9.0,1000,100,0.01,0.0045,1,11,idID,,first,single_objective
200,0.15272669972076253,0.3207260694136013,0.004717700000000001,[0.       0.       0.       0.       0.105581 0.       0.       0.       0.105581 0.       0.105581 0.       0.       0.       0.105581 0.       0.       0.       0.105581 0.105581 0.       0.       0.       0.       0.       0.152856 0.       0.108076 0.       0.       0.105581],[0. 0. 0. 0. 1. 0. 0. 0. 1. 0. 1. 0. 0. 0. 1. 0. 0. 0. 1. 1. 0. 0. 0. 0. 0. 1. 0. 1. 0. 0. 1.],9.0,1000,100,0.01,0.0045,1,11,idID,,first,single_objective
201,0.15272669972076253,0.3207260694136013,0.004717700000000001,[0.       0.       0.       0.       0.105581 0.       0.       0.       0.105581 0.       0.105581 0.       0.       0.       0.105581 0.       0.       0.       0.105581 0.105581 0.       0.       0.       0.       0.       0.152856 0.       0.108076 0.       0.       0.105581],[0. 0. 0. 0. 1. 0. 0. 0. 1. 0. 1. 0. 0. 0. 1. 0. 0. 0. 1. 1. 0. 0. 0. 0. 0. 1. 0. 1. 0. 0. 1.],9.0,1000,100,0.01,0.0045,1,11,idID,,first,single_objective
202,0.15272669972076253,0.3207260694136013,0.004717700000000001,[0.       0.       0.       0.       0.105581 0.       0.       0.       0.105581 0.       0.105581 0.       0.       0.       0.105581 0.       0.       0.       0.105581 0.105581 0.       0.       0.       0.       0.       0.152856 0.       0.108076 0.       0.       0.105581],[0. 0. 0. 0. 1. 0. 0. 0. 1. 0. 1. 0. 0. 0. 1. 0. 0. 0. 1. 1. 0. 0. 0. 0. 0. 1. 0. 1. 0. 0. 1.],9.0,1000,100,0.01,0.0045,1,11,idID,,first,single_objective
203,0.15272669972076253,0.3207260694136013,0.004717700000000001,[0.       0.       0.       0.       0.105581 0.       0.       0.       0.105581 0.       0.105581 0.       0.       0.       0.105581 0.       0.       0.       0.105581 0.105581 0.       0.       0.       0.       0.       0.152856 0.       0.108076 0.       0.       0.105581],[0. 0. 0. 0. 1. 0. 0. 0. 1. 0. 1. 0. 0. 0. 1. 0. 0. 0. 1. 1. 0. 0. 0. 0. 0. 1. 0. 1. 0. 0. 1.],9.0,1000,100,0.01,0.0045,1,11,idID,,first,single_objective
204,0.15272669972076253,0.3207260694136013,0.004717700000000001,[0.       0.       0.       0.       0.105581 0.       0.       0.       0.105581 0.       0.105581 0.       0.       0.       0.105581 0.       0.       0.       0.105581 0.105581 0.       0.       0.       0.       0.       0.152856 0.       0.108076 0.       0.       0.105581],[0. 0. 0. 0. 1. 0. 0. 0. 1. 0. 1. 0. 0. 0. 1. 0. 0. 0. 1. 1. 0. 0. 0. 0. 0. 1. 0. 1. 0. 0. 1.],9.0,1000,100,0.01,0.0045,1,11,idID,,first,single_objective
205,0.15272669972076253,0.3207260694136013,0.004717700000000001,[0.       0.       0.       0.       0.105581 0.       0.       0.       0.105581 0.       0.105581 0.       0.       0.       0.105581 0.       0.       0.       0.105581 0.105581 0.       0.       0.       0.       0.       0.152856 0.       0.108076 0.       0.       0.105581],[0. 0. 0. 0. 1. 0. 0. 0. 1. 0. 1. 0. 0. 0. 1. 0. 0. 0. 1. 1. 0. 0. 0. 0. 0. 1. 0. 1. 0. 0. 1.],9.0,1000,100,0.01,0.0045,1,11,idID,,first,single_objective
206,0.15272669972076253,0.3207260694136013,0.004717700000000001,[0.       0.       0.       0.       0.105581 0.       0.       0.       0.105581 0.       0.105581 0.       0.       0.       0.105581 0.       0.       0.       0.105581 0.105581 0.       0.       0.       0.       0.       0.152856 0.       0.108076 0.       0.       0.105581],[0. 0. 0. 0. 1. 0. 0. 0. 1. 0. 1. 0. 0. 0. 1. 0. 0. 0. 1. 1. 0. 0. 0. 0. 0. 1. 0. 1. 0. 0. 1.],9.0,1000,100,0.01,0.0045,1,11,idID,,first,single_objective
207,0.15272669972076253,0.3207260694136013,0.004717700000000001,[0.       0.       0.       0.       0.105581 0.       0.       0.       0.105581 0.       0.105581 0.       0.       0.       0.105581 0.       0.       0.       0.105581 0.105581 0.       0.       0.       0.       0.       0.152856 0.       0.108076 0.       0.       0.105581],[0. 0. 0. 0. 1. 0. 0. 0. 1. 0. 1. 0. 0. 0. 1. 0. 0. 0. 1. 1. 0. 0. 0. 0. 0. 1. 0. 1. 0. 0. 1.],9.0,1000,100,0.01,0.0045,1,11,idID,,first,single_objective
208,0.15272669972076253,0.3207260694136013,0.004717700000000001,[0.       0.       0.       0.       0.105581 0.       0.       0.       0.105581 0.       0.105581 0.       0.       0.       0.105581 0.       0.       0.       0.105581 0.105581 0.       0.       0.       0.       0.       0.152856 0.       0.108076 0.       0.       0.105581],[0. 0. 0. 0. 1. 0. 0. 0. 1. 0. 1. 0. 0. 0. 1. 0. 0. 0. 1. 1. 0. 0. 0. 0. 0. 1. 0. 1. 0. 0. 1.],9.0,1000,100,0.01,0.0045,1,11,idID,,first,single_objective
209,0.15272669972076253,0.3207260694136013,0.004717700000000001,[0.       0.       0.       0.       0.105581 0.       0.       0.       0.105581 0.       0.105581 0.       0.       0.       0.105581 0.       0.       0.       0.105581 0.105581 0.       0.       0.       0.       0.       0.152856 0.       0.108076 0.       0.       0.105581],[0. 0. 0. 0. 1. 0. 0. 0. 1. 0. 1. 0. 0. 0. 1. 0. 0. 0. 1. 1. 0. 0. 0. 0. 0. 1. 0. 1. 0. 0. 1.],9.0,1000,100,0.01,0.0045,1,11,idID,,first,single_objective
210,0.15272669972076253,0.3207260694136013,0.004717700000000001,[0.       0.       0.       0.       0.105581 0.       0.       0.       0.105581 0.       0.105581 0.       0.       0.       0.105581 0.       0.       0.       0.105581 0.105581 0.       0.       0.       0.       0.       0.152856 0.       0.108076 0.       0.       0.105581],[0. 0. 0. 0. 1. 0. 0. 0. 1. 0. 1. 0. 0. 0. 1. 0. 0. 0. 1. 1. 0. 0. 0. 0. 0. 1. 0. 1. 0. 0. 1.],9.0,1000,100,0.01,0.0045,1,11,idID,,first,single_objective
211,0.15272669972076253,0.3207260694136013,0.004717700000000001,[0.       0.       0.       0.       0.105581 0.       0.       0.       0.105581 0.       0.105581 0.       0.       0.       0.105581 0.       0.       0.       0.105581 0.105581 0.       0.       0.       0.       0.       0.152856 0.       0.108076 0.       0.       0.105581],[0. 0. 0. 0. 1. 0. 0. 0. 1. 0. 1. 0. 0. 0. 1. 0. 0. 0. 1. 1. 0. 0. 0. 0. 0. 1. 0. 1. 0. 0. 1.],9.0,1000,100,0.01,0.0045,1,11,idID,,first,single_objective
212,0.15272669972076253,0.3207260694136013,0.004717700000000001,[0.       0.       0.       0.       0.105581 0.       0.       0.       0.105581 0.       0.105581 0.       0.       0.       0.105581 0.       0.       0.       0.105581 0.105581 0.       0.       0.       0.       0.       0.152856 0.       0.108076 0.       0.       0.105581],[0. 0. 0. 0. 1. 0. 0. 0. 1. 0. 1. 0. 0. 0. 1. 0. 0. 0. 1. 1. 0. 0. 0. 0. 0. 1. 0. 1. 0. 0. 1.],9.0,1000,100,0.01,0.0045,1,11,idID,,first,single_objective
213,0.15272669972076253,0.3207260694136013,0.004717700000000001,[0.       0.       0.       0.       0.105581 0.       0.       0.       0.105581 0.       0.105581 0.       0.       0.       0.105581 0.       0.       0.       0.105581 0.105581 0.       0.       0.       0.       0.       0.152856 0.       0.108076 0.       0.       0.105581],[0. 0. 0. 0. 1. 0. 0. 0. 1. 0. 1. 0. 0. 0. 1. 0. 0. 0. 1. 1. 0. 0. 0. 0. 0. 1. 0. 1. 0. 0. 1.],9.0,1000,100,0.01,0.0045,1,11,idID,,first,single_objective
214,0.15272669972076253,0.3207260694136013,0.004717700000000001,[0.       0.       0.       0.       0.105581 0.       0.       0.       0.105581 0.       0.105581 0.       0.       0.       0.105581 0.       0.       0.       0.105581 0.105581 0.       0.       0.       0.       0.       0.152856 0.       0.108076 0.       0.       0.105581],[0. 0. 0. 0. 1. 0. 0. 0. 1. 0. 1. 0. 0. 0. 1. 0. 0. 0. 1. 1. 0. 0. 0. 0. 0. 1. 0. 1. 0. 0. 1.],9.0,1000,100,0.01,0.0045,1,11,idID,,first,single_objective
215,0.15272669972076253,0.3207260694136013,0.004717700000000001,[0.       0.       0.       0.       0.105581 0.       0.       0.       0.105581 0.       0.105581 0.       0.       0.       0.105581 0.       0.       0.       0.105581 0.105581 0.       0.       0.       0.       0.       0.152856 0.       0.108076 0.       0.       0.105581],[0. 0. 0. 0. 1. 0. 0. 0. 1. 0. 1. 0. 0. 0. 1. 0. 0. 0. 1. 1. 0. 0. 0. 0. 0. 1. 0. 1. 0. 0. 1.],9.0,1000,100,0.01,0.0045,1,11,idID,,first,single_objective
216,0.15272669972076253,0.3207260694136013,0.004717700000000001,[0.       0.       0.       0.       0.105581 0.       0.       0.       0.105581 0.       0.105581 0.       0.       0.       0.105581 0.       0.       0.       0.105581 0.105581 0.       0.       0.       0.       0.       0.152856 0.       0.108076 0.       0.       0.105581],[0. 0. 0. 0. 1. 0. 0. 0. 1. 0. 1. 0. 0. 0. 1. 0. 0. 0. 1. 1. 0. 0. 0. 0. 0. 1. 0. 1. 0. 0. 1.],9.0,1000,100,0.01,0.0045,1,11,idID,,first,single_objective
217,0.15272669972076253,0.3207260694136013,0.004717700000000001,[0.       0.       0.       0.       0.105581 0.       0.       0.       0.105581 0.       0.105581 0.       0.       0.       0.105581 0.       0.       0.       0.105581 0.105581 0.       0.       0.       0.       0.       0.152856 0.       0.108076 0.       0.       0.105581],[0. 0. 0. 0. 1. 0. 0. 0. 1. 0. 1. 0. 0. 0. 1. 0. 0. 0. 1. 1. 0. 0. 0. 0. 0. 1. 0. 1. 0. 0. 1.],9.0,1000,100,0.01,0.0045,1,11,idID,,first,single_objective
218,0.15272669972076253,0.3207260694136013,0.004717700000000001,[0.       0.       0.       0.       0.105581 0.       0.       0.       0.105581 0.       0.105581 0.       0.       0.       0.105581 0.       0.       0.       0.105581 0.105581 0.       0.       0.       0.       0.       0.152856 0.       0.108076 0.       0.       0.105581],[0. 0. 0. 0. 1. 0. 0. 0. 1. 0. 1. 0. 0. 0. 1. 0. 0. 0. 1. 1. 0. 0. 0. 0. 0. 1. 0. 1. 0. 0. 1.],9.0,1000,100,0.01,0.0045,1,11,idID,,first,single_objective
219,0.15272669972076253,0.3207260694136013,0.004717700000000001,[0.       0.       0.       0.       0.105581 0.       0.       0.       0.105581 0.       0.105581 0.       0.       0.       0.105581 0.       0.       0.       0.105581 0.105581 0.       0.       0.       0.       0.       0.152856 0.       0.108076 0.       0.       0.105581],[0. 0. 0. 0. 1. 0. 0. 0. 1. 0. 1. 0. 0. 0. 1. 0. 0. 0. 1. 1. 0. 0. 0. 0. 0. 1. 0. 1. 0. 0. 1.],9.0,1000,100,0.01,0.0045,1,11,idID,,first,single_objective
220,0.15272669972076253,0.3207260694136013,0.004717700000000001,[0.       0.       0.       0.       0.105581 0.       0.       0.       0.105581 0.       0.105581 0.       0.       0.       0.105581 0.       0.       0.       0.105581 0.105581 0.       0.       0.       0.       0.       0.152856 0.       0.108076 0.       0.       0.105581],[0. 0. 0. 0. 1. 0. 0. 0. 1. 0. 1. 0. 0. 0. 1. 0. 0. 0. 1. 1. 0. 0. 0. 0. 0. 1. 0. 1. 0. 0. 1.],9.0,1000,100,0.01,0.0045,1,11,idID,,first,single_objective
221,0.15272669972076253,0.3207260694136013,0.004717700000000001,[0.       0.       0.       0.       0.105581 0.       0.       0.       0.105581 0.       0.105581 0.       0.       0.       0.105581 0.       0.       0.       0.105581 0.105581 0.       0.       0.       0.       0.       0.152856 0.       0.108076 0.       0.       0.105581],[0. 0. 0. 0. 1. 0. 0. 0. 1. 0. 1. 0. 0. 0. 1. 0. 0. 0. 1. 1. 0. 0. 0. 0. 0. 1. 0. 1. 0. 0. 1.],9.0,1000,100,0.01,0.0045,1,11,idID,,first,single_objective
222,0.15272669972076253,0.3207260694136013,0.004717700000000001,[0.       0.       0.       0.       0.105581 0.       0.       0.       0.105581 0.       0.105581 0.       0.       0.       0.105581 0.       0.       0.       0.105581 0.105581 0.       0.       0.       0.       0.       0.152856 0.       0.108076 0.       0.       0.105581],[0. 0. 0. 0. 1. 0. 0. 0. 1. 0. 1. 0. 0. 0. 1. 0. 0. 0. 1. 1. 0. 0. 0. 0. 0. 1. 0. 1. 0. 0. 1.],9.0,1000,100,0.01,0.0045,1,11,idID,,first,single_objective
223,0.15272669972076253,0.3207260694136013,0.004717700000000001,[0.       0.       0.       0.       0.105581 0.       0.       0.       0.105581 0.       0.105581 0.       0.       0.       0.105581 0.       0.       0.       0.105581 0.105581 0.       0.       0.       0.       0.       0.152856 0.       0.108076 0.       0.       0.105581],[0. 0. 0. 0. 1. 0. 0. 0. 1. 0. 1. 0. 0. 0. 1. 0. 0. 0. 1. 1. 0. 0. 0. 0. 0. 1. 0. 1. 0. 0. 1.],9.0,1000,100,0.01,0.0045,1,11,idID,,first,single_objective
224,0.15272669972076253,0.3207260694136013,0.004717700000000001,[0.       0.       0.       0.       0.105581 0.       0.       0.       0.105581 0.       0.105581 0.       0.       0.       0.105581 0.       0.       0.       0.105581 0.105581 0.       0.       0.       0.       0.       0.152856 0.       0.108076 0.       0.       0.105581],[0. 0. 0. 0. 1. 0. 0. 0. 1. 0. 1. 0. 0. 0. 1. 0. 0. 0. 1. 1. 0. 0. 0. 0. 0. 1. 0. 1. 0. 0. 1.],9.0,1000,100,0.01,0.0045,1,11,idID,,first,single_objective
225,0.15272669972076253,0.3207260694136013,0.004717700000000001,[0.       0.       0.       0.       0.105581 0.       0.       0.       0.105581 0.       0.105581 0.       0.       0.       0.105581 0.       0.       0.       0.105581 0.105581 0.       0.       0.       0.       0.       0.152856 0.       0.108076 0.       0.       0.105581],[0. 0. 0. 0. 1. 0. 0. 0. 1. 0. 1. 0. 0. 0. 1. 0. 0. 0. 1. 1. 0. 0. 0. 0. 0. 1. 0. 1. 0. 0. 1.],9.0,1000,100,0.01,0.0045,1,11,idID,,first,single_objective
226,0.15272669972076253,0.3207260694136013,0.004717700000000001,[0.       0.       0.       0.       0.105581 0.       0.       0.       0.105581 0.       0.105581 0.       0.       0.       0.105581 0.       0.       0.       0.105581 0.105581 0.       0.       0.       0.       0.       0.152856 0.       0.108076 0.       0.       0.105581],[0. 0. 0. 0. 1. 0. 0. 0. 1. 0. 1. 0. 0. 0. 1. 0. 0. 0. 1. 1. 0. 0. 0. 0. 0. 1. 0. 1. 0. 0. 1.],9.0,1000,100,0.01,0.0045,1,11,idID,,first,single_objective
227,0.15272669972076253,0.3207260694136013,0.004717700000000001,[0.       0.       0.       0.       0.105581 0.       0.       0.       0.105581 0.       0.105581 0.       0.       0.       0.105581 0.       0.       0.       0.105581 0.105581 0.       0.       0.       0.       0.       0.152856 0.       0.108076 0.       0.       0.105581],[0. 0. 0. 0. 1. 0. 0. 0. 1. 0. 1. 0. 0. 0. 1. 0. 0. 0. 1. 1. 0. 0. 0. 0. 0. 1. 0. 1. 0. 0. 1.],9.0,1000,100,0.01,0.0045,1,11,idID,,first,single_objective
228,0.15272669972076253,0.3207260694136013,0.004717700000000001,[0.       0.       0.       0.       0.105581 0.       0.       0.       0.105581 0.       0.105581 0.       0.       0.       0.105581 0.       0.       0.       0.105581 0.105581 0.       0.       0.       0.       0.       0.152856 0.       0.108076 0.       0.       0.105581],[0. 0. 0. 0. 1. 0. 0. 0. 1. 0. 1. 0. 0. 0. 1. 0. 0. 0. 1. 1. 0. 0. 0. 0. 0. 1. 0. 1. 0. 0. 1.],9.0,1000,100,0.01,0.0045,1,11,idID,,first,single_objective
229,0.15272669972076253,0.3207260694136013,0.004717700000000001,[0.       0.       0.       0.       0.105581 0.       0.       0.       0.105581 0.       0.105581 0.       0.       0.       0.105581 0.       0.       0.       0.105581 0.105581 0.       0.       0.       0.       0.       0.152856 0.       0.108076 0.       0.       0.105581],[0. 0. 0. 0. 1. 0. 0. 0. 1. 0. 1. 0. 0. 0. 1. 0. 0. 0. 1. 1. 0. 0. 0. 0. 0. 1. 0. 1. 0. 0. 1.],9.0,1000,100,0.01,0.0045,1,11,idID,,first,single_objective
230,0.15272669972076253,0.3207260694136013,0.004717700000000001,[0.       0.       0.       0.       0.105581 0.       0.       0.       0.105581 0.       0.105581 0.       0.       0.       0.105581 0.       0.       0.       0.105581 0.105581 0.       0.       0.       0.       0.       0.152856 0.       0.108076 0.       0.       0.105581],[0. 0. 0. 0. 1. 0. 0. 0. 1. 0. 1. 0. 0. 0. 1. 0. 0. 0. 1. 1. 0. 0. 0. 0. 0. 1. 0. 1. 0. 0. 1.],9.0,1000,100,0.01,0.0045,1,11,idID,,first,single_objective
231,0.15272669972076253,0.3207260694136013,0.004717700000000001,[0.       0.       0.       0.       0.105581 0.       0.       0.       0.105581 0.       0.105581 0.       0.       0.       0.105581 0.       0.       0.       0.105581 0.105581 0.       0.       0.       0.       0.       0.152856 0.       0.108076 0.       0.       0.105581],[0. 0. 0. 0. 1. 0. 0. 0. 1. 0. 1. 0. 0. 0. 1. 0. 0. 0. 1. 1. 0. 0. 0. 0. 0. 1. 0. 1. 0. 0. 1.],9.0,1000,100,0.01,0.0045,1,11,idID,,first,single_objective
232,0.15272669972076253,0.3207260694136013,0.004717700000000001,[0.       0.       0.       0.       0.105581 0.       0.       0.       0.105581 0.       0.105581 0.       0.       0.       0.105581 0.       0.       0.       0.105581 0.105581 0.       0.       0.       0.       0.       0.152856 0.       0.108076 0.       0.       0.105581],[0. 0. 0. 0. 1. 0. 0. 0. 1. 0. 1. 0. 0. 0. 1. 0. 0. 0. 1. 1. 0. 0. 0. 0. 0. 1. 0. 1. 0. 0. 1.],9.0,1000,100,0.01,0.0045,1,11,idID,,first,single_objective
233,0.15272669972076253,0.3207260694136013,0.004717700000000001,[0.       0.       0.       0.       0.105581 0.       0.       0.       0.105581 0.       0.105581 0.       0.       0.       0.105581 0.       0.       0.       0.105581 0.105581 0.       0.       0.       0.       0.       0.152856 0.       0.108076 0.       0.       0.105581],[0. 0. 0. 0. 1. 0. 0. 0. 1. 0. 1. 0. 0. 0. 1. 0. 0. 0. 1. 1. 0. 0. 0. 0. 0. 1. 0. 1. 0. 0. 1.],9.0,1000,100,0.01,0.0045,1,11,idID,,first,single_objective
234,0.15272669972076253,0.3207260694136013,0.004717700000000001,[0.       0.       0.       0.       0.105581 0.       0.       0.       0.105581 0.       0.105581 0.       0.       0.       0.105581 0.       0.       0.       0.105581 0.105581 0.       0.       0.       0.       0.       0.152856 0.       0.108076 0.       0.       0.105581],[0. 0. 0. 0. 1. 0. 0. 0. 1. 0. 1. 0. 0. 0. 1. 0. 0. 0. 1. 1. 0. 0. 0. 0. 0. 1. 0. 1. 0. 0. 1.],9.0,1000,100,0.01,0.0045,1,11,idID,,first,single_objective
235,0.15272669972076253,0.3207260694136013,0.004717700000000001,[0.       0.       0.       0.       0.105581 0.       0.       0.       0.105581 0.       0.105581 0.       0.       0.       0.105581 0.       0.       0.       0.105581 0.105581 0.       0.       0.       0.       0.       0.152856 0.       0.108076 0.       0.       0.105581],[0. 0. 0. 0. 1. 0. 0. 0. 1. 0. 1. 0. 0. 0. 1. 0. 0. 0. 1. 1. 0. 0. 0. 0. 0. 1. 0. 1. 0. 0. 1.],9.0,1000,100,0.01,0.0045,1,11,idID,,first,single_objective
236,0.15272669972076253,0.3207260694136013,0.004717700000000001,[0.       0.       0.       0.       0.105581 0.       0.       0.       0.105581 0.       0.105581 0.       0.       0.       0.105581 0.       0.       0.       0.105581 0.105581 0.       0.       0.       0.       0.       0.152856 0.       0.108076 0.       0.       0.105581],[0. 0. 0. 0. 1. 0. 0. 0. 1. 0. 1. 0. 0. 0. 1. 0. 0. 0. 1. 1. 0. 0. 0. 0. 0. 1. 0. 1. 0. 0. 1.],9.0,1000,100,0.01,0.0045,1,11,idID,,first,single_objective
237,0.15272669972076253,0.3207260694136013,0.004717700000000001,[0.       0.       0.       0.       0.105581 0.       0.       0.       0.105581 0.       0.105581 0.       0.       0.       0.105581 0.       0.       0.       0.105581 0.105581 0.       0.       0.       0.       0.       0.152856 0.       0.108076 0.       0.       0.105581],[0. 0. 0. 0. 1. 0. 0. 0. 1. 0. 1. 0. 0. 0. 1. 0. 0. 0. 1. 1. 0. 0. 0. 0. 0. 1. 0. 1. 0. 0. 1.],9.0,1000,100,0.01,0.0045,1,11,idID,,first,single_objective
238,0.15272669972076253,0.3207260694136013,0.004717700000000001,[0.       0.       0.       0.       0.105581 0.       0.       0.       0.105581 0.       0.105581 0.       0.       0.       0.105581 0.       0.       0.       0.105581 0.105581 0.       0.       0.       0.       0.       0.152856 0.       0.108076 0.       0.       0.105581],[0. 0. 0. 0. 1. 0. 0. 0. 1. 0. 1. 0. 0. 0. 1. 0. 0. 0. 1. 1. 0. 0. 0. 0. 0. 1. 0. 1. 0. 0. 1.],9.0,1000,100,0.01,0.0045,1,11,idID,,first,single_objective
239,0.15272669972076253,0.3207260694136013,0.004717700000000001,[0.       0.       0.       0.       0.105581 0.       0.       0.       0.105581 0.       0.105581 0.       0.       0.       0.105581 0.       0.       0.       0.105581 0.105581 0.       0.       0.       0.       0.       0.152856 0.       0.108076 0.       0.       0.105581],[0. 0. 0. 0. 1. 0. 0. 0. 1. 0. 1. 0. 0. 0. 1. 0. 0. 0. 1. 1. 0. 0. 0. 0. 0. 1. 0. 1. 0. 0. 1.],9.0,1000,100,0.01,0.0045,1,11,idID,,first,single_objective
240,0.15272669972076253,0.3207260694136013,0.004717700000000001,[0.       0.       0.       0.       0.105581 0.       0.       0.       0.105581 0.       0.105581 0.       0.       0.       0.105581 0.       0.       0.       0.105581 0.105581 0.       0.       0.       0.       0.       0.152856 0.       0.108076 0.       0.       0.105581],[0. 0. 0. 0. 1. 0. 0. 0. 1. 0. 1. 0. 0. 0. 1. 0. 0. 0. 1. 1. 0. 0. 0. 0. 0. 1. 0. 1. 0. 0. 1.],9.0,1000,100,0.01,0.0045,1,11,idID,,first,single_objective
241,0.15272669972076253,0.3207260694136013,0.004717700000000001,[0.       0.       0.       0.       0.105581 0.       0.       0.       0.105581 0.       0.105581 0.       0.       0.       0.105581 0.       0.       0.       0.105581 0.105581 0.       0.       0.       0.       0.       0.152856 0.       0.108076 0.       0.       0.105581],[0. 0. 0. 0. 1. 0. 0. 0. 1. 0. 1. 0. 0. 0. 1. 0. 0. 0. 1. 1. 0. 0. 0. 0. 0. 1. 0. 1. 0. 0. 1.],9.0,1000,100,0.01,0.0045,1,11,idID,,first,single_objective
242,0.15272669972076253,0.3207260694136013,0.004717700000000001,[0.       0.       0.       0.       0.105581 0.       0.       0.       0.105581 0.       0.105581 0.       0.       0.       0.105581 0.       0.       0.       0.105581 0.105581 0.       0.       0.       0.       0.       0.152856 0.       0.108076 0.       0.       0.105581],[0. 0. 0. 0. 1. 0. 0. 0. 1. 0. 1. 0. 0. 0. 1. 0. 0. 0. 1. 1. 0. 0. 0. 0. 0. 1. 0. 1. 0. 0. 1.],9.0,1000,100,0.01,0.0045,1,11,idID,,first,single_objective
243,0.15272669972076253,0.3207260694136013,0.004717700000000001,[0.       0.       0.       0.       0.105581 0.       0.       0.       0.105581 0.       0.105581 0.       0.       0.       0.105581 0.       0.       0.       0.105581 0.105581 0.       0.       0.       0.       0.       0.152856 0.       0.108076 0.       0.       0.105581],[0. 0. 0. 0. 1. 0. 0. 0. 1. 0. 1. 0. 0. 0. 1. 0. 0. 0. 1. 1. 0. 0. 0. 0. 0. 1. 0. 1. 0. 0. 1.],9.0,1000,100,0.01,0.0045,1,11,idID,,first,single_objective
244,0.15272669972076253,0.3207260694136013,0.004717700000000001,[0.       0.       0.       0.       0.105581 0.       0.       0.       0.105581 0.       0.105581 0.       0.       0.       0.105581 0.       0.       0.       0.105581 0.105581 0.       0.       0.       0.       0.       0.152856 0.       0.108076 0.       0.       0.105581],[0. 0. 0. 0. 1. 0. 0. 0. 1. 0. 1. 0. 0. 0. 1. 0. 0. 0. 1. 1. 0. 0. 0. 0. 0. 1. 0. 1. 0. 0. 1.],9.0,1000,100,0.01,0.0045,1,11,idID,,first,single_objective
245,0.15272669972076253,0.3207260694136013,0.004717700000000001,[0.       0.       0.       0.       0.105581 0.       0.       0.       0.105581 0.       0.105581 0.       0.       0.       0.105581 0.       0.       0.       0.105581 0.105581 0.       0.       0.       0.       0.       0.152856 0.       0.108076 0.       0.       0.105581],[0. 0. 0. 0. 1. 0. 0. 0. 1. 0. 1. 0. 0. 0. 1. 0. 0. 0. 1. 1. 0. 0. 0. 0. 0. 1. 0. 1. 0. 0. 1.],9.0,1000,100,0.01,0.0045,1,11,idID,,first,single_objective
246,0.15272669972076253,0.3207260694136013,0.004717700000000001,[0.       0.       0.       0.       0.105581 0.       0.       0.       0.105581 0.       0.105581 0.       0.       0.       0.105581 0.       0.       0.       0.105581 0.105581 0.       0.       0.       0.       0.       0.152856 0.       0.108076 0.       0.       0.105581],[0. 0. 0. 0. 1. 0. 0. 0. 1. 0. 1. 0. 0. 0. 1. 0. 0. 0. 1. 1. 0. 0. 0. 0. 0. 1. 0. 1. 0. 0. 1.],9.0,1000,100,0.01,0.0045,1,11,idID,,first,single_objective
247,0.15272669972076253,0.3207260694136013,0.004717700000000001,[0.       0.       0.       0.       0.105581 0.       0.       0.       0.105581 0.       0.105581 0.       0.       0.       0.105581 0.       0.       0.       0.105581 0.105581 0.       0.       0.       0.       0.       0.152856 0.       0.108076 0.       0.       0.105581],[0. 0. 0. 0. 1. 0. 0. 0. 1. 0. 1. 0. 0. 0. 1. 0. 0. 0. 1. 1. 0. 0. 0. 0. 0. 1. 0. 1. 0. 0. 1.],9.0,1000,100,0.01,0.0045,1,11,idID,,first,single_objective
248,0.15272669972076253,0.3207260694136013,0.004717700000000001,[0.       0.       0.       0.       0.105581 0.       0.       0.       0.105581 0.       0.105581 0.       0.       0.       0.105581 0.       0.       0.       0.105581 0.105581 0.       0.       0.       0.       0.       0.152856 0.       0.108076 0.       0.       0.105581],[0. 0. 0. 0. 1. 0. 0. 0. 1. 0. 1. 0. 0. 0. 1. 0. 0. 0. 1. 1. 0. 0. 0. 0. 0. 1. 0. 1. 0. 0. 1.],9.0,1000,100,0.01,0.0045,1,11,idID,,first,single_objective
249,0.15272669972076253,0.3207260694136013,0.004717700000000001,[0.       0.       0.       0.       0.105581 0.       0.       0.       0.105581 0.       0.105581 0.       0.       0.       0.105581 0.       0.       0.       0.105581 0.105581 0.       0.       0.       0.       0.       0.152856 0.       0.108076 0.       0.       0.105581],[0. 0. 0. 0. 1. 0. 0. 0. 1. 0. 1. 0. 0. 0. 1. 0. 0. 0. 1. 1. 0. 0. 0. 0. 0. 1. 0. 1. 0. 0. 1.],9.0,1000,100,0.01,0.0045,1,11,idID,,first,single_objective
250,0.15272669972076253,0.3207260694136013,0.004717700000000001,[0.       0.       0.       0.       0.105581 0.       0.       0.       0.105581 0.       0.105581 0.       0.       0.       0.105581 0.       0.       0.       0.105581 0.105581 0.       0.       0.       0.       0.       0.152856 0.       0.108076 0.       0.       0.105581],[0. 0. 0. 0. 1. 0. 0. 0. 1. 0. 1. 0. 0. 0. 1. 0. 0. 0. 1. 1. 0. 0. 0. 0. 0. 1. 0. 1. 0. 0. 1.],9.0,1000,100,0.01,0.0045,1,11,idID,,first,single_objective
251,0.15272669972076253,0.3207260694136013,0.004717700000000001,[0.       0.       0.       0.       0.105581 0.       0.       0.       0.105581 0.       0.105581 0.       0.       0.       0.105581 0.       0.       0.       0.105581 0.105581 0.       0.       0.       0.       0.       0.152856 0.       0.108076 0.       0.       0.105581],[0. 0. 0. 0. 1. 0. 0. 0. 1. 0. 1. 0. 0. 0. 1. 0. 0. 0. 1. 1. 0. 0. 0. 0. 0. 1. 0. 1. 0. 0. 1.],9.0,1000,100,0.01,0.0045,1,11,idID,,first,single_objective
252,0.15272669972076253,0.3207260694136013,0.004717700000000001,[0.       0.       0.       0.       0.105581 0.       0.       0.       0.105581 0.       0.105581 0.       0.       0.       0.105581 0.       0.       0.       0.105581 0.105581 0.       0.       0.       0.       0.       0.152856 0.       0.108076 0.       0.       0.105581],[0. 0. 0. 0. 1. 0. 0. 0. 1. 0. 1. 0. 0. 0. 1. 0. 0. 0. 1. 1. 0. 0. 0. 0. 0. 1. 0. 1. 0. 0. 1.],9.0,1000,100,0.01,0.0045,1,11,idID,,first,single_objective
253,0.15272669972076253,0.3207260694136013,0.004717700000000001,[0.       0.       0.       0.       0.105581 0.       0.       0.       0.105581 0.       0.105581 0.       0.       0.       0.105581 0.       0.       0.       0.105581 0.105581 0.       0.       0.       0.       0.       0.152856 0.       0.108076 0.       0.       0.105581],[0. 0. 0. 0. 1. 0. 0. 0. 1. 0. 1. 0. 0. 0. 1. 0. 0. 0. 1. 1. 0. 0. 0. 0. 0. 1. 0. 1. 0. 0. 1.],9.0,1000,100,0.01,0.0045,1,11,idID,,first,single_objective
254,0.15272669972076253,0.3207260694136013,0.004717700000000001,[0.       0.       0.       0.       0.105581 0.       0.       0.       0.105581 0.       0.105581 0.       0.       0.       0.105581 0.       0.       0.       0.105581 0.105581 0.       0.       0.       0.       0.       0.152856 0.       0.108076 0.       0.       0.105581],[0. 0. 0. 0. 1. 0. 0. 0. 1. 0. 1. 0. 0. 0. 1. 0. 0. 0. 1. 1. 0. 0. 0. 0. 0. 1. 0. 1. 0. 0. 1.],9.0,1000,100,0.01,0.0045,1,11,idID,,first,single_objective
255,0.15272669972076253,0.3207260694136013,0.004717700000000001,[0.       0.       0.       0.       0.105581 0.       0.       0.       0.105581 0.       0.105581 0.       0.       0.       0.105581 0.       0.       0.       0.105581 0.105581 0.       0.       0.       0.       0.       0.152856 0.       0.108076 0.       0.       0.105581],[0. 0. 0. 0. 1. 0. 0. 0. 1. 0. 1. 0. 0. 0. 1. 0. 0. 0. 1. 1. 0. 0. 0. 0. 0. 1. 0. 1. 0. 0. 1.],9.0,1000,100,0.01,0.0045,1,11,idID,,first,single_objective
256,0.15272669972076253,0.3207260694136013,0.004717700000000001,[0.       0.       0.       0.       0.105581 0.       0.       0.       0.105581 0.       0.105581 0.       0.       0.       0.105581 0.       0.       0.       0.105581 0.105581 0.       0.       0.       0.       0.       0.152856 0.       0.108076 0.       0.       0.105581],[0. 0. 0. 0. 1. 0. 0. 0. 1. 0. 1. 0. 0. 0. 1. 0. 0. 0. 1. 1. 0. 0. 0. 0. 0. 1. 0. 1. 0. 0. 1.],9.0,1000,100,0.01,0.0045,1,11,idID,,first,single_objective
257,0.15272669972076253,0.3207260694136013,0.004717700000000001,[0.       0.       0.       0.       0.105581 0.       0.       0.       0.105581 0.       0.105581 0.       0.       0.       0.105581 0.       0.       0.       0.105581 0.105581 0.       0.       0.       0.       0.       0.152856 0.       0.108076 0.       0.       0.105581],[0. 0. 0. 0. 1. 0. 0. 0. 1. 0. 1. 0. 0. 0. 1. 0. 0. 0. 1. 1. 0. 0. 0. 0. 0. 1. 0. 1. 0. 0. 1.],9.0,1000,100,0.01,0.0045,1,11,idID,,first,single_objective
258,0.15272669972076253,0.3207260694136013,0.004717700000000001,[0.       0.       0.       0.       0.105581 0.       0.       0.       0.105581 0.       0.105581 0.       0.       0.       0.105581 0.       0.       0.       0.105581 0.105581 0.       0.       0.       0.       0.       0.152856 0.       0.108076 0.       0.       0.105581],[0. 0. 0. 0. 1. 0. 0. 0. 1. 0. 1. 0. 0. 0. 1. 0. 0. 0. 1. 1. 0. 0. 0. 0. 0. 1. 0. 1. 0. 0. 1.],9.0,1000,100,0.01,0.0045,1,11,idID,,first,single_objective
259,0.15272669972076253,0.3207260694136013,0.004717700000000001,[0.       0.       0.       0.       0.105581 0.       0.       0.       0.105581 0.       0.105581 0.       0.       0.       0.105581 0.       0.       0.       0.105581 0.105581 0.       0.       0.       0.       0.       0.152856 0.       0.108076 0.       0.       0.105581],[0. 0. 0. 0. 1. 0. 0. 0. 1. 0. 1. 0. 0. 0. 1. 0. 0. 0. 1. 1. 0. 0. 0. 0. 0. 1. 0. 1. 0. 0. 1.],9.0,1000,100,0.01,0.0045,1,11,idID,,first,single_objective
260,0.15272669972076253,0.3207260694136013,0.004717700000000001,[0.       0.       0.       0.       0.105581 0.       0.       0.       0.105581 0.       0.105581 0.       0.       0.       0.105581 0.       0.       0.       0.105581 0.105581 0.       0.       0.       0.       0.       0.152856 0.       0.108076 0.       0.       0.105581],[0. 0. 0. 0. 1. 0. 0. 0. 1. 0. 1. 0. 0. 0. 1. 0. 0. 0. 1. 1. 0. 0. 0. 0. 0. 1. 0. 1. 0. 0. 1.],9.0,1000,100,0.01,0.0045,1,11,idID,,first,single_objective
261,0.15272669972076253,0.3207260694136013,0.004717700000000001,[0.       0.       0.       0.       0.105581 0.       0.       0.       0.105581 0.       0.105581 0.       0.       0.       0.105581 0.       0.       0.       0.105581 0.105581 0.       0.       0.       0.       0.       0.152856 0.       0.108076 0.       0.       0.105581],[0. 0. 0. 0. 1. 0. 0. 0. 1. 0. 1. 0. 0. 0. 1. 0. 0. 0. 1. 1. 0. 0. 0. 0. 0. 1. 0. 1. 0. 0. 1.],9.0,1000,100,0.01,0.0045,1,11,idID,,first,single_objective
262,0.15272669972076253,0.3207260694136013,0.004717700000000001,[0.       0.       0.       0.       0.105581 0.       0.       0.       0.105581 0.       0.105581 0.       0.       0.       0.105581 0.       0.       0.       0.105581 0.105581 0.       0.       0.       0.       0.       0.152856 0.       0.108076 0.       0.       0.105581],[0. 0. 0. 0. 1. 0. 0. 0. 1. 0. 1. 0. 0. 0. 1. 0. 0. 0. 1. 1. 0. 0. 0. 0. 0. 1. 0. 1. 0. 0. 1.],9.0,1000,100,0.01,0.0045,1,11,idID,,first,single_objective
263,0.15272669972076253,0.3207260694136013,0.004717700000000001,[0.       0.       0.       0.       0.105581 0.       0.       0.       0.105581 0.       0.105581 0.       0.       0.       0.105581 0.       0.       0.       0.105581 0.105581 0.       0.       0.       0.       0.       0.152856 0.       0.108076 0.       0.       0.105581],[0. 0. 0. 0. 1. 0. 0. 0. 1. 0. 1. 0. 0. 0. 1. 0. 0. 0. 1. 1. 0. 0. 0. 0. 0. 1. 0. 1. 0. 0. 1.],9.0,1000,100,0.01,0.0045,1,11,idID,,first,single_objective
264,0.15272669972076253,0.3207260694136013,0.004717700000000001,[0.       0.       0.       0.       0.105581 0.       0.       0.       0.105581 0.       0.105581 0.       0.       0.       0.105581 0.       0.       0.       0.105581 0.105581 0.       0.       0.       0.       0.       0.152856 0.       0.108076 0.       0.       0.105581],[0. 0. 0. 0. 1. 0. 0. 0. 1. 0. 1. 0. 0. 0. 1. 0. 0. 0. 1. 1. 0. 0. 0. 0. 0. 1. 0. 1. 0. 0. 1.],9.0,1000,100,0.01,0.0045,1,11,idID,,first,single_objective
265,0.15272669972076253,0.3207260694136013,0.004717700000000001,[0.       0.       0.       0.       0.105581 0.       0.       0.       0.105581 0.       0.105581 0.       0.       0.       0.105581 0.       0.       0.       0.105581 0.105581 0.       0.       0.       0.       0.       0.152856 0.       0.108076 0.       0.       0.105581],[0. 0. 0. 0. 1. 0. 0. 0. 1. 0. 1. 0. 0. 0. 1. 0. 0. 0. 1. 1. 0. 0. 0. 0. 0. 1. 0. 1. 0. 0. 1.],9.0,1000,100,0.01,0.0045,1,11,idID,,first,single_objective
266,0.15272669972076253,0.3207260694136013,0.004717700000000001,[0.       0.       0.       0.       0.105581 0.       0.       0.       0.105581 0.       0.105581 0.       0.       0.       0.105581 0.       0.       0.       0.105581 0.105581 0.       0.       0.       0.       0.       0.152856 0.       0.108076 0.       0.       0.105581],[0. 0. 0. 0. 1. 0. 0. 0. 1. 0. 1. 0. 0. 0. 1. 0. 0. 0. 1. 1. 0. 0. 0. 0. 0. 1. 0. 1. 0. 0. 1.],9.0,1000,100,0.01,0.0045,1,11,idID,,first,single_objective
267,0.15272669972076253,0.3207260694136013,0.004717700000000001,[0.       0.       0.       0.       0.105581 0.       0.       0.       0.105581 0.       0.105581 0.       0.       0.       0.105581 0.       0.       0.       0.105581 0.105581 0.       0.       0.       0.       0.       0.152856 0.       0.108076 0.       0.       0.105581],[0. 0. 0. 0. 1. 0. 0. 0. 1. 0. 1. 0. 0. 0. 1. 0. 0. 0. 1. 1. 0. 0. 0. 0. 0. 1. 0. 1. 0. 0. 1.],9.0,1000,100,0.01,0.0045,1,11,idID,,first,single_objective
268,0.15272669972076253,0.3207260694136013,0.004717700000000001,[0.       0.       0.       0.       0.105581 0.       0.       0.       0.105581 0.       0.105581 0.       0.       0.       0.105581 0.       0.       0.       0.105581 0.105581 0.       0.       0.       0.       0.       0.152856 0.       0.108076 0.       0.       0.105581],[0. 0. 0. 0. 1. 0. 0. 0. 1. 0. 1. 0. 0. 0. 1. 0. 0. 0. 1. 1. 0. 0. 0. 0. 0. 1. 0. 1. 0. 0. 1.],9.0,1000,100,0.01,0.0045,1,11,idID,,first,single_objective
269,0.15272669972076253,0.3207260694136013,0.004717700000000001,[0.       0.       0.       0.       0.105581 0.       0.       0.       0.105581 0.       0.105581 0.       0.       0.       0.105581 0.       0.       0.       0.105581 0.105581 0.       0.       0.       0.       0.       0.152856 0.       0.108076 0.       0.       0.105581],[0. 0. 0. 0. 1. 0. 0. 0. 1. 0. 1. 0. 0. 0. 1. 0. 0. 0. 1. 1. 0. 0. 0. 0. 0. 1. 0. 1. 0. 0. 1.],9.0,1000,100,0.01,0.0045,1,11,idID,,first,single_objective
270,0.15272669972076253,0.3207260694136013,0.004717700000000001,[0.       0.       0.       0.       0.105581 0.       0.       0.       0.105581 0.       0.105581 0.       0.       0.       0.105581 0.       0.       0.       0.105581 0.105581 0.       0.       0.       0.       0.       0.152856 0.       0.108076 0.       0.       0.105581],[0. 0. 0. 0. 1. 0. 0. 0. 1. 0. 1. 0. 0. 0. 1. 0. 0. 0. 1. 1. 0. 0. 0. 0. 0. 1. 0. 1. 0. 0. 1.],9.0,1000,100,0.01,0.0045,1,11,idID,,first,single_objective
271,0.15272669972076253,0.3207260694136013,0.004717700000000001,[0.       0.       0.       0.       0.105581 0.       0.       0.       0.105581 0.       0.105581 0.       0.       0.       0.105581 0.       0.       0.       0.105581 0.105581 0.       0.       0.       0.       0.       0.152856 0.       0.108076 0.       0.       0.105581],[0. 0. 0. 0. 1. 0. 0. 0. 1. 0. 1. 0. 0. 0. 1. 0. 0. 0. 1. 1. 0. 0. 0. 0. 0. 1. 0. 1. 0. 0. 1.],9.0,1000,100,0.01,0.0045,1,11,idID,,first,single_objective
272,0.15272669972076253,0.3207260694136013,0.004717700000000001,[0.       0.       0.       0.       0.105581 0.       0.       0.       0.105581 0.       0.105581 0.       0.       0.       0.105581 0.       0.       0.       0.105581 0.105581 0.       0.       0.       0.       0.       0.152856 0.       0.108076 0.       0.       0.105581],[0. 0. 0. 0. 1. 0. 0. 0. 1. 0. 1. 0. 0. 0. 1. 0. 0. 0. 1. 1. 0. 0. 0. 0. 0. 1. 0. 1. 0. 0. 1.],9.0,1000,100,0.01,0.0045,1,11,idID,,first,single_objective
273,0.15272669972076253,0.3207260694136013,0.004717700000000001,[0.       0.       0.       0.       0.105581 0.       0.       0.       0.105581 0.       0.105581 0.       0.       0.       0.105581 0.       0.       0.       0.105581 0.105581 0.       0.       0.       0.       0.       0.152856 0.       0.108076 0.       0.       0.105581],[0. 0. 0. 0. 1. 0. 0. 0. 1. 0. 1. 0. 0. 0. 1. 0. 0. 0. 1. 1. 0. 0. 0. 0. 0. 1. 0. 1. 0. 0. 1.],9.0,1000,100,0.01,0.0045,1,11,idID,,first,single_objective
274,0.15272669972076253,0.3207260694136013,0.004717700000000001,[0.       0.       0.       0.       0.105581 0.       0.       0.       0.105581 0.       0.105581 0.       0.       0.       0.105581 0.       0.       0.       0.105581 0.105581 0.       0.       0.       0.       0.       0.152856 0.       0.108076 0.       0.       0.105581],[0. 0. 0. 0. 1. 0. 0. 0. 1. 0. 1. 0. 0. 0. 1. 0. 0. 0. 1. 1. 0. 0. 0. 0. 0. 1. 0. 1. 0. 0. 1.],9.0,1000,100,0.01,0.0045,1,11,idID,,first,single_objective
275,0.15272669972076253,0.3207260694136013,0.004717700000000001,[0.       0.       0.       0.       0.105581 0.       0.       0.       0.105581 0.       0.105581 0.       0.       0.       0.105581 0.       0.       0.       0.105581 0.105581 0.       0.       0.       0.       0.       0.152856 0.       0.108076 0.       0.       0.105581],[0. 0. 0. 0. 1. 0. 0. 0. 1. 0. 1. 0. 0. 0. 1. 0. 0. 0. 1. 1. 0. 0. 0. 0. 0. 1. 0. 1. 0. 0. 1.],9.0,1000,100,0.01,0.0045,1,11,idID,,first,single_objective
276,0.15272669972076253,0.3207260694136013,0.004717700000000001,[0.       0.       0.       0.       0.105581 0.       0.       0.       0.105581 0.       0.105581 0.       0.       0.       0.105581 0.       0.       0.       0.105581 0.105581 0.       0.       0.       0.       0.       0.152856 0.       0.108076 0.       0.       0.105581],[0. 0. 0. 0. 1. 0. 0. 0. 1. 0. 1. 0. 0. 0. 1. 0. 0. 0. 1. 1. 0. 0. 0. 0. 0. 1. 0. 1. 0. 0. 1.],9.0,1000,100,0.01,0.0045,1,11,idID,,first,single_objective
277,0.15272669972076253,0.3207260694136013,0.004717700000000001,[0.       0.       0.       0.       0.105581 0.       0.       0.       0.105581 0.       0.105581 0.       0.       0.       0.105581 0.       0.       0.       0.105581 0.105581 0.       0.       0.       0.       0.       0.152856 0.       0.108076 0.       0.       0.105581],[0. 0. 0. 0. 1. 0. 0. 0. 1. 0. 1. 0. 0. 0. 1. 0. 0. 0. 1. 1. 0. 0. 0. 0. 0. 1. 0. 1. 0. 0. 1.],9.0,1000,100,0.01,0.0045,1,11,idID,,first,single_objective
278,0.15272669972076253,0.3207260694136013,0.004717700000000001,[0.       0.       0.       0.       0.105581 0.       0.       0.       0.105581 0.       0.105581 0.       0.       0.       0.105581 0.       0.       0.       0.105581 0.105581 0.       0.       0.       0.       0.       0.152856 0.       0.108076 0.       0.       0.105581],[0. 0. 0. 0. 1. 0. 0. 0. 1. 0. 1. 0. 0. 0. 1. 0. 0. 0. 1. 1. 0. 0. 0. 0. 0. 1. 0. 1. 0. 0. 1.],9.0,1000,100,0.01,0.0045,1,11,idID,,first,single_objective
279,0.15272669972076253,0.3207260694136013,0.004717700000000001,[0.       0.       0.       0.       0.105581 0.       0.       0.       0.105581 0.       0.105581 0.       0.       0.       0.105581 0.       0.       0.       0.105581 0.105581 0.       0.       0.       0.       0.       0.152856 0.       0.108076 0.       0.       0.105581],[0. 0. 0. 0. 1. 0. 0. 0. 1. 0. 1. 0. 0. 0. 1. 0. 0. 0. 1. 1. 0. 0. 0. 0. 0. 1. 0. 1. 0. 0. 1.],9.0,1000,100,0.01,0.0045,1,11,idID,,first,single_objective
280,0.15272669972076253,0.3207260694136013,0.004717700000000001,[0.       0.       0.       0.       0.105581 0.       0.       0.       0.105581 0.       0.105581 0.       0.       0.       0.105581 0.       0.       0.       0.105581 0.105581 0.       0.       0.       0.       0.       0.152856 0.       0.108076 0.       0.       0.105581],[0. 0. 0. 0. 1. 0. 0. 0. 1. 0. 1. 0. 0. 0. 1. 0. 0. 0. 1. 1. 0. 0. 0. 0. 0. 1. 0. 1. 0. 0. 1.],9.0,1000,100,0.01,0.0045,1,11,idID,,first,single_objective
281,0.15272669972076253,0.3207260694136013,0.004717700000000001,[0.       0.       0.       0.       0.105581 0.       0.       0.       0.105581 0.       0.105581 0.       0.       0.       0.105581 0.       0.       0.       0.105581 0.105581 0.       0.       0.       0.       0.       0.152856 0.       0.108076 0.       0.       0.105581],[0. 0. 0. 0. 1. 0. 0. 0. 1. 0. 1. 0. 0. 0. 1. 0. 0. 0. 1. 1. 0. 0. 0. 0. 0. 1. 0. 1. 0. 0. 1.],9.0,1000,100,0.01,0.0045,1,11,idID,,first,single_objective
282,0.15272669972076253,0.3207260694136013,0.004717700000000001,[0.       0.       0.       0.       0.105581 0.       0.       0.       0.105581 0.       0.105581 0.       0.       0.       0.105581 0.       0.       0.       0.105581 0.105581 0.       0.       0.       0.       0.       0.152856 0.       0.108076 0.       0.       0.105581],[0. 0. 0. 0. 1. 0. 0. 0. 1. 0. 1. 0. 0. 0. 1. 0. 0. 0. 1. 1. 0. 0. 0. 0. 0. 1. 0. 1. 0. 0. 1.],9.0,1000,100,0.01,0.0045,1,11,idID,,first,single_objective
283,0.15272669972076253,0.3207260694136013,0.004717700000000001,[0.       0.       0.       0.       0.105581 0.       0.       0.       0.105581 0.       0.105581 0.       0.       0.       0.105581 0.       0.       0.       0.105581 0.105581 0.       0.       0.       0.       0.       0.152856 0.       0.108076 0.       0.       0.105581],[0. 0. 0. 0. 1. 0. 0. 0. 1. 0. 1. 0. 0. 0. 1. 0. 0. 0. 1. 1. 0. 0. 0. 0. 0. 1. 0. 1. 0. 0. 1.],9.0,1000,100,0.01,0.0045,1,11,idID,,first,single_objective
284,0.15272669972076253,0.3207260694136013,0.004717700000000001,[0.       0.       0.       0.       0.105581 0.       0.       0.       0.105581 0.       0.105581 0.       0.       0.       0.105581 0.       0.       0.       0.105581 0.105581 0.       0.       0.       0.       0.       0.152856 0.       0.108076 0.       0.       0.105581],[0. 0. 0. 0. 1. 0. 0. 0. 1. 0. 1. 0. 0. 0. 1. 0. 0. 0. 1. 1. 0. 0. 0. 0. 0. 1. 0. 1. 0. 0. 1.],9.0,1000,100,0.01,0.0045,1,11,idID,,first,single_objective
285,0.15272669972076253,0.3207260694136013,0.004717700000000001,[0.       0.       0.       0.       0.105581 0.       0.       0.       0.105581 0.       0.105581 0.       0.       0.       0.105581 0.       0.       0.       0.105581 0.105581 0.       0.       0.       0.       0.       0.152856 0.       0.108076 0.       0.       0.105581],[0. 0. 0. 0. 1. 0. 0. 0. 1. 0. 1. 0. 0. 0. 1. 0. 0. 0. 1. 1. 0. 0. 0. 0. 0. 1. 0. 1. 0. 0. 1.],9.0,1000,100,0.01,0.0045,1,11,idID,,first,single_objective
286,0.15272669972076253,0.3207260694136013,0.004717700000000001,[0.       0.       0.       0.       0.105581 0.       0.       0.       0.105581 0.       0.105581 0.       0.       0.       0.105581 0.       0.       0.       0.105581 0.105581 0.       0.       0.       0.       0.       0.152856 0.       0.108076 0.       0.       0.105581],[0. 0. 0. 0. 1. 0. 0. 0. 1. 0. 1. 0. 0. 0. 1. 0. 0. 0. 1. 1. 0. 0. 0. 0. 0. 1. 0. 1. 0. 0. 1.],9.0,1000,100,0.01,0.0045,1,11,idID,,first,single_objective
287,0.15272669972076253,0.3207260694136013,0.004717700000000001,[0.       0.       0.       0.       0.105581 0.       0.       0.       0.105581 0.       0.105581 0.       0.       0.       0.105581 0.       0.       0.       0.105581 0.105581 0.       0.       0.       0.       0.       0.152856 0.       0.108076 0.       0.       0.105581],[0. 0. 0. 0. 1. 0. 0. 0. 1. 0. 1. 0. 0. 0. 1. 0. 0. 0. 1. 1. 0. 0. 0. 0. 0. 1. 0. 1. 0. 0. 1.],9.0,1000,100,0.01,0.0045,1,11,idID,,first,single_objective
288,0.15272669972076253,0.3207260694136013,0.004717700000000001,[0.       0.       0.       0.       0.105581 0.       0.       0.       0.105581 0.       0.105581 0.       0.       0.       0.105581 0.       0.       0.       0.105581 0.105581 0.       0.       0.       0.       0.       0.152856 0.       0.108076 0.       0.       0.105581],[0. 0. 0. 0. 1. 0. 0. 0. 1. 0. 1. 0. 0. 0. 1. 0. 0. 0. 1. 1. 0. 0. 0. 0. 0. 1. 0. 1. 0. 0. 1.],9.0,1000,100,0.01,0.0045,1,11,idID,,first,single_objective
289,0.15272669972076253,0.3207260694136013,0.004717700000000001,[0.       0.       0.       0.       0.105581 0.       0.       0.       0.105581 0.       0.105581 0.       0.       0.       0.105581 0.       0.       0.       0.105581 0.105581 0.       0.       0.       0.       0.       0.152856 0.       0.108076 0.       0.       0.105581],[0. 0. 0. 0. 1. 0. 0. 0. 1. 0. 1. 0. 0. 0. 1. 0. 0. 0. 1. 1. 0. 0. 0. 0. 0. 1. 0. 1. 0. 0. 1.],9.0,1000,100,0.01,0.0045,1,11,idID,,first,single_objective
290,0.15272669972076253,0.3207260694136013,0.004717700000000001,[0.       0.       0.       0.       0.105581 0.       0.       0.       0.105581 0.       0.105581 0.       0.       0.       0.105581 0.       0.       0.       0.105581 0.105581 0.       0.       0.       0.       0.       0.152856 0.       0.108076 0.       0.       0.105581],[0. 0. 0. 0. 1. 0. 0. 0. 1. 0. 1. 0. 0. 0. 1. 0. 0. 0. 1. 1. 0. 0. 0. 0. 0. 1. 0. 1. 0. 0. 1.],9.0,1000,100,0.01,0.0045,1,11,idID,,first,single_objective
291,0.15272669972076253,0.3207260694136013,0.004717700000000001,[0.       0.       0.       0.       0.105581 0.       0.       0.       0.105581 0.       0.105581 0.       0.       0.       0.105581 0.       0.       0.       0.105581 0.105581 0.       0.       0.       0.       0.       0.152856 0.       0.108076 0.       0.       0.105581],[0. 0. 0. 0. 1. 0. 0. 0. 1. 0. 1. 0. 0. 0. 1. 0. 0. 0. 1. 1. 0. 0. 0. 0. 0. 1. 0. 1. 0. 0. 1.],9.0,1000,100,0.01,0.0045,1,11,idID,,first,single_objective
292,0.15272669972076253,0.3207260694136013,0.004717700000000001,[0.       0.       0.       0.       0.105581 0.       0.       0.       0.105581 0.       0.105581 0.       0.       0.       0.105581 0.       0.       0.       0.105581 0.105581 0.       0.       0.       0.       0.       0.152856 0.       0.108076 0.       0.       0.105581],[0. 0. 0. 0. 1. 0. 0. 0. 1. 0. 1. 0. 0. 0. 1. 0. 0. 0. 1. 1. 0. 0. 0. 0. 0. 1. 0. 1. 0. 0. 1.],9.0,1000,100,0.01,0.0045,1,11,idID,,first,single_objective
293,0.15272669972076253,0.3207260694136013,0.004717700000000001,[0.       0.       0.       0.       0.105581 0.       0.       0.       0.105581 0.       0.105581 0.       0.       0.       0.105581 0.       0.       0.       0.105581 0.105581 0.       0.       0.       0.       0.       0.152856 0.       0.108076 0.       0.       0.105581],[0. 0. 0. 0. 1. 0. 0. 0. 1. 0. 1. 0. 0. 0. 1. 0. 0. 0. 1. 1. 0. 0. 0. 0. 0. 1. 0. 1. 0. 0. 1.],9.0,1000,100,0.01,0.0045,1,11,idID,,first,single_objective
294,0.15272669972076253,0.3207260694136013,0.004717700000000001,[0.       0.       0.       0.       0.105581 0.       0.       0.       0.105581 0.       0.105581 0.       0.       0.       0.105581 0.       0.       0.       0.105581 0.105581 0.       0.       0.       0.       0.       0.152856 0.       0.108076 0.       0.       0.105581],[0. 0. 0. 0. 1. 0. 0. 0. 1. 0. 1. 0. 0. 0. 1. 0. 0. 0. 1. 1. 0. 0. 0. 0. 0. 1. 0. 1. 0. 0. 1.],9.0,1000,100,0.01,0.0045,1,11,idID,,first,single_objective
295,0.15272669972076253,0.3207260694136013,0.004717700000000001,[0.       0.       0.       0.       0.105581 0.       0.       0.       0.105581 0.       0.105581 0.       0.       0.       0.105581 0.       0.       0.       0.105581 0.105581 0.       0.       0.       0.       0.       0.152856 0.       0.108076 0.       0.       0.105581],[0. 0. 0. 0. 1. 0. 0. 0. 1. 0. 1. 0. 0. 0. 1. 0. 0. 0. 1. 1. 0. 0. 0. 0. 0. 1. 0. 1. 0. 0. 1.],9.0,1000,100,0.01,0.0045,1,11,idID,,first,single_objective
296,0.15272669972076253,0.3207260694136013,0.004717700000000001,[0.       0.       0.       0.       0.105581 0.       0.       0.       0.105581 0.       0.105581 0.       0.       0.       0.105581 0.       0.       0.       0.105581 0.105581 0.       0.       0.       0.       0.       0.152856 0.       0.108076 0.       0.       0.105581],[0. 0. 0. 0. 1. 0. 0. 0. 1. 0. 1. 0. 0. 0. 1. 0. 0. 0. 1. 1. 0. 0. 0. 0. 0. 1. 0. 1. 0. 0. 1.],9.0,1000,100,0.01,0.0045,1,11,idID,,first,single_objective
297,0.15272669972076253,0.3207260694136013,0.004717700000000001,[0.       0.       0.       0.       0.105581 0.       0.       0.       0.105581 0.       0.105581 0.       0.       0.       0.105581 0.       0.       0.       0.105581 0.105581 0.       0.       0.       0.       0.       0.152856 0.       0.108076 0.       0.       0.105581],[0. 0. 0. 0. 1. 0. 0. 0. 1. 0. 1. 0. 0. 0. 1. 0. 0. 0. 1. 1. 0. 0. 0. 0. 0. 1. 0. 1. 0. 0. 1.],9.0,1000,100,0.01,0.0045,1,11,idID,,first,single_objective
298,0.15272669972076253,0.3207260694136013,0.004717700000000001,[0.       0.       0.       0.       0.105581 0.       0.       0.       0.105581 0.       0.105581 0.       0.       0.       0.105581 0.       0.       0.       0.105581 0.105581 0.       0.       0.       0.       0.       0.152856 0.       0.108076 0.       0.       0.105581],[0. 0. 0. 0. 1. 0. 0. 0. 1. 0. 1. 0. 0. 0. 1. 0. 0. 0. 1. 1. 0. 0. 0. 0. 0. 1. 0. 1. 0. 0. 1.],9.0,1000,100,0.01,0.0045,1,11,idID,,first,single_objective
299,0.15272669972076253,0.3207260694136013,0.004717700000000001,[0.       0.       0.       0.       0.105581 0.       0.       0.       0.105581 0.       0.105581 0.       0.       0.       0.105581 0.       0.       0.       0.105581 0.105581 0.       0.       0.       0.       0.       0.152856 0.       0.108076 0.       0.       0.105581],[0. 0. 0. 0. 1. 0. 0. 0. 1. 0. 1. 0. 0. 0. 1. 0. 0. 0. 1. 1. 0. 0. 0. 0. 0. 1. 0. 1. 0. 0. 1.],9.0,1000,100,0.01,0.0045,1,11,idID,,first,single_objective
300,0.15272669972076253,0.3207260694136013,0.004717700000000001,[0.       0.       0.       0.       0.105581 0.       0.       0.       0.105581 0.       0.105581 0.       0.       0.       0.105581 0.       0.       0.       0.105581 0.105581 0.       0.       0.       0.       0.       0.152856 0.       0.108076 0.       0.       0.105581],[0. 0. 0. 0. 1. 0. 0. 0. 1. 0. 1. 0. 0. 0. 1. 0. 0. 0. 1. 1. 0. 0. 0. 0. 0. 1. 0. 1. 0. 0. 1.],9.0,1000,100,0.01,0.0045,1,11,idID,,first,single_objective
301,0.15272669972076253,0.3207260694136013,0.004717700000000001,[0.       0.       0.       0.       0.105581 0.       0.       0.       0.105581 0.       0.105581 0.       0.       0.       0.105581 0.       0.       0.       0.105581 0.105581 0.       0.       0.       0.       0.       0.152856 0.       0.108076 0.       0.       0.105581],[0. 0. 0. 0. 1. 0. 0. 0. 1. 0. 1. 0. 0. 0. 1. 0. 0. 0. 1. 1. 0. 0. 0. 0. 0. 1. 0. 1. 0. 0. 1.],9.0,1000,100,0.01,0.0045,1,11,idID,,first,single_objective
302,0.15272669972076253,0.3207260694136013,0.004717700000000001,[0.       0.       0.       0.       0.105581 0.       0.       0.       0.105581 0.       0.105581 0.       0.       0.       0.105581 0.       0.       0.       0.105581 0.105581 0.       0.       0.       0.       0.       0.152856 0.       0.108076 0.       0.       0.105581],[0. 0. 0. 0. 1. 0. 0. 0. 1. 0. 1. 0. 0. 0. 1. 0. 0. 0. 1. 1. 0. 0. 0. 0. 0. 1. 0. 1. 0. 0. 1.],9.0,1000,100,0.01,0.0045,1,11,idID,,first,single_objective
303,0.15272669972076253,0.3207260694136013,0.004717700000000001,[0.       0.       0.       0.       0.105581 0.       0.       0.       0.105581 0.       0.105581 0.       0.       0.       0.105581 0.       0.       0.       0.105581 0.105581 0.       0.       0.       0.       0.       0.152856 0.       0.108076 0.       0.       0.105581],[0. 0. 0. 0. 1. 0. 0. 0. 1. 0. 1. 0. 0. 0. 1. 0. 0. 0. 1. 1. 0. 0. 0. 0. 0. 1. 0. 1. 0. 0. 1.],9.0,1000,100,0.01,0.0045,1,11,idID,,first,single_objective
304,0.15272669972076253,0.3207260694136013,0.004717700000000001,[0.       0.       0.       0.       0.105581 0.       0.       0.       0.105581 0.       0.105581 0.       0.       0.       0.105581 0.       0.       0.       0.105581 0.105581 0.       0.       0.       0.       0.       0.152856 0.       0.108076 0.       0.       0.105581],[0. 0. 0. 0. 1. 0. 0. 0. 1. 0. 1. 0. 0. 0. 1. 0. 0. 0. 1. 1. 0. 0. 0. 0. 0. 1. 0. 1. 0. 0. 1.],9.0,1000,100,0.01,0.0045,1,11,idID,,first,single_objective
305,0.15272669972076253,0.3207260694136013,0.004717700000000001,[0.       0.       0.       0.       0.105581 0.       0.       0.       0.105581 0.       0.105581 0.       0.       0.       0.105581 0.       0.       0.       0.105581 0.105581 0.       0.       0.       0.       0.       0.152856 0.       0.108076 0.       0.       0.105581],[0. 0. 0. 0. 1. 0. 0. 0. 1. 0. 1. 0. 0. 0. 1. 0. 0. 0. 1. 1. 0. 0. 0. 0. 0. 1. 0. 1. 0. 0. 1.],9.0,1000,100,0.01,0.0045,1,11,idID,,first,single_objective
306,0.15272669972076253,0.3207260694136013,0.004717700000000001,[0.       0.       0.       0.       0.105581 0.       0.       0.       0.105581 0.       0.105581 0.       0.       0.       0.105581 0.       0.       0.       0.105581 0.105581 0.       0.       0.       0.       0.       0.152856 0.       0.108076 0.       0.       0.105581],[0. 0. 0. 0. 1. 0. 0. 0. 1. 0. 1. 0. 0. 0. 1. 0. 0. 0. 1. 1. 0. 0. 0. 0. 0. 1. 0. 1. 0. 0. 1.],9.0,1000,100,0.01,0.0045,1,11,idID,,first,single_objective
307,0.15272669972076253,0.3207260694136013,0.004717700000000001,[0.       0.       0.       0.       0.105581 0.       0.       0.       0.105581 0.       0.105581 0.       0.       0.       0.105581 0.       0.       0.       0.105581 0.105581 0.       0.       0.       0.       0.       0.152856 0.       0.108076 0.       0.       0.105581],[0. 0. 0. 0. 1. 0. 0. 0. 1. 0. 1. 0. 0. 0. 1. 0. 0. 0. 1. 1. 0. 0. 0. 0. 0. 1. 0. 1. 0. 0. 1.],9.0,1000,100,0.01,0.0045,1,11,idID,,first,single_objective
308,0.15272669972076253,0.3207260694136013,0.004717700000000001,[0.       0.       0.       0.       0.105581 0.       0.       0.       0.105581 0.       0.105581 0.       0.       0.       0.105581 0.       0.       0.       0.105581 0.105581 0.       0.       0.       0.       0.       0.152856 0.       0.108076 0.       0.       0.105581],[0. 0. 0. 0. 1. 0. 0. 0. 1. 0. 1. 0. 0. 0. 1. 0. 0. 0. 1. 1. 0. 0. 0. 0. 0. 1. 0. 1. 0. 0. 1.],9.0,1000,100,0.01,0.0045,1,11,idID,,first,single_objective
309,0.15272669972076253,0.3207260694136013,0.004717700000000001,[0.       0.       0.       0.       0.105581 0.       0.       0.       0.105581 0.       0.105581 0.       0.       0.       0.105581 0.       0.       0.       0.105581 0.105581 0.       0.       0.       0.       0.       0.152856 0.       0.108076 0.       0.       0.105581],[0. 0. 0. 0. 1. 0. 0. 0. 1. 0. 1. 0. 0. 0. 1. 0. 0. 0. 1. 1. 0. 0. 0. 0. 0. 1. 0. 1. 0. 0. 1.],9.0,1000,100,0.01,0.0045,1,11,idID,,first,single_objective
310,0.15272669972076253,0.3207260694136013,0.004717700000000001,[0.       0.       0.       0.       0.105581 0.       0.       0.       0.105581 0.       0.105581 0.       0.       0.       0.105581 0.       0.       0.       0.105581 0.105581 0.       0.       0.       0.       0.       0.152856 0.       0.108076 0.       0.       0.105581],[0. 0. 0. 0. 1. 0. 0. 0. 1. 0. 1. 0. 0. 0. 1. 0. 0. 0. 1. 1. 0. 0. 0. 0. 0. 1. 0. 1. 0. 0. 1.],9.0,1000,100,0.01,0.0045,1,11,idID,,first,single_objective
311,0.15272669972076253,0.3207260694136013,0.004717700000000001,[0.       0.       0.       0.       0.105581 0.       0.       0.       0.105581 0.       0.105581 0.       0.       0.       0.105581 0.       0.       0.       0.105581 0.105581 0.       0.       0.       0.       0.       0.152856 0.       0.108076 0.       0.       0.105581],[0. 0. 0. 0. 1. 0. 0. 0. 1. 0. 1. 0. 0. 0. 1. 0. 0. 0. 1. 1. 0. 0. 0. 0. 0. 1. 0. 1. 0. 0. 1.],9.0,1000,100,0.01,0.0045,1,11,idID,,first,single_objective
312,0.15272669972076253,0.3207260694136013,0.004717700000000001,[0.       0.       0.       0.       0.105581 0.       0.       0.       0.105581 0.       0.105581 0.       0.       0.       0.105581 0.       0.       0.       0.105581 0.105581 0.       0.       0.       0.       0.       0.152856 0.       0.108076 0.       0.       0.105581],[0. 0. 0. 0. 1. 0. 0. 0. 1. 0. 1. 0. 0. 0. 1. 0. 0. 0. 1. 1. 0. 0. 0. 0. 0. 1. 0. 1. 0. 0. 1.],9.0,1000,100,0.01,0.0045,1,11,idID,,first,single_objective
313,0.15272669972076253,0.3207260694136013,0.004717700000000001,[0.       0.       0.       0.       0.105581 0.       0.       0.       0.105581 0.       0.105581 0.       0.       0.       0.105581 0.       0.       0.       0.105581 0.105581 0.       0.       0.       0.       0.       0.152856 0.       0.108076 0.       0.       0.105581],[0. 0. 0. 0. 1. 0. 0. 0. 1. 0. 1. 0. 0. 0. 1. 0. 0. 0. 1. 1. 0. 0. 0. 0. 0. 1. 0. 1. 0. 0. 1.],9.0,1000,100,0.01,0.0045,1,11,idID,,first,single_objective
314,0.15272669972076253,0.3207260694136013,0.004717700000000001,[0.       0.       0.       0.       0.105581 0.       0.       0.       0.105581 0.       0.105581 0.       0.       0.       0.105581 0.       0.       0.       0.105581 0.105581 0.       0.       0.       0.       0.       0.152856 0.       0.108076 0.       0.       0.105581],[0. 0. 0. 0. 1. 0. 0. 0. 1. 0. 1. 0. 0. 0. 1. 0. 0. 0. 1. 1. 0. 0. 0. 0. 0. 1. 0. 1. 0. 0. 1.],9.0,1000,100,0.01,0.0045,1,11,idID,,first,single_objective
315,0.15272669972076253,0.3207260694136013,0.004717700000000001,[0.       0.       0.       0.       0.105581 0.       0.       0.       0.105581 0.       0.105581 0.       0.       0.       0.105581 0.       0.       0.       0.105581 0.105581 0.       0.       0.       0.       0.       0.152856 0.       0.108076 0.       0.       0.105581],[0. 0. 0. 0. 1. 0. 0. 0. 1. 0. 1. 0. 0. 0. 1. 0. 0. 0. 1. 1. 0. 0. 0. 0. 0. 1. 0. 1. 0. 0. 1.],9.0,1000,100,0.01,0.0045,1,11,idID,,first,single_objective
316,0.15272669972076253,0.3207260694136013,0.004717700000000001,[0.       0.       0.       0.       0.105581 0.       0.       0.       0.105581 0.       0.105581 0.       0.       0.       0.105581 0.       0.       0.       0.105581 0.105581 0.       0.       0.       0.       0.       0.152856 0.       0.108076 0.       0.       0.105581],[0. 0. 0. 0. 1. 0. 0. 0. 1. 0. 1. 0. 0. 0. 1. 0. 0. 0. 1. 1. 0. 0. 0. 0. 0. 1. 0. 1. 0. 0. 1.],9.0,1000,100,0.01,0.0045,1,11,idID,,first,single_objective
317,0.15272669972076253,0.3207260694136013,0.004717700000000001,[0.       0.       0.       0.       0.105581 0.       0.       0.       0.105581 0.       0.105581 0.       0.       0.       0.105581 0.       0.       0.       0.105581 0.105581 0.       0.       0.       0.       0.       0.152856 0.       0.108076 0.       0.       0.105581],[0. 0. 0. 0. 1. 0. 0. 0. 1. 0. 1. 0. 0. 0. 1. 0. 0. 0. 1. 1. 0. 0. 0. 0. 0. 1. 0. 1. 0. 0. 1.],9.0,1000,100,0.01,0.0045,1,11,idID,,first,single_objective
318,0.15272669972076253,0.3207260694136013,0.004717700000000001,[0.       0.       0.       0.       0.105581 0.       0.       0.       0.105581 0.       0.105581 0.       0.       0.       0.105581 0.       0.       0.       0.105581 0.105581 0.       0.       0.       0.       0.       0.152856 0.       0.108076 0.       0.       0.105581],[0. 0. 0. 0. 1. 0. 0. 0. 1. 0. 1. 0. 0. 0. 1. 0. 0. 0. 1. 1. 0. 0. 0. 0. 0. 1. 0. 1. 0. 0. 1.],9.0,1000,100,0.01,0.0045,1,11,idID,,first,single_objective
319,0.15272669972076253,0.3207260694136013,0.004717700000000001,[0.       0.       0.       0.       0.105581 0.       0.       0.       0.105581 0.       0.105581 0.       0.       0.       0.105581 0.       0.       0.       0.105581 0.105581 0.       0.       0.       0.       0.       0.152856 0.       0.108076 0.       0.       0.105581],[0. 0. 0. 0. 1. 0. 0. 0. 1. 0. 1. 0. 0. 0. 1. 0. 0. 0. 1. 1. 0. 0. 0. 0. 0. 1. 0. 1. 0. 0. 1.],9.0,1000,100,0.01,0.0045,1,11,idID,,first,single_objective
320,0.15272669972076253,0.3207260694136013,0.004717700000000001,[0.       0.       0.       0.       0.105581 0.       0.       0.       0.105581 0.       0.105581 0.       0.       0.       0.105581 0.       0.       0.       0.105581 0.105581 0.       0.       0.       0.       0.       0.152856 0.       0.108076 0.       0.       0.105581],[0. 0. 0. 0. 1. 0. 0. 0. 1. 0. 1. 0. 0. 0. 1. 0. 0. 0. 1. 1. 0. 0. 0. 0. 0. 1. 0. 1. 0. 0. 1.],9.0,1000,100,0.01,0.0045,1,11,idID,,first,single_objective
321,0.15272669972076253,0.3207260694136013,0.004717700000000001,[0.       0.       0.       0.       0.105581 0.       0.       0.       0.105581 0.       0.105581 0.       0.       0.       0.105581 0.       0.       0.       0.105581 0.105581 0.       0.       0.       0.       0.       0.152856 0.       0.108076 0.       0.       0.105581],[0. 0. 0. 0. 1. 0. 0. 0. 1. 0. 1. 0. 0. 0. 1. 0. 0. 0. 1. 1. 0. 0. 0. 0. 0. 1. 0. 1. 0. 0. 1.],9.0,1000,100,0.01,0.0045,1,11,idID,,first,single_objective
322,0.15272669972076253,0.3207260694136013,0.004717700000000001,[0.       0.       0.       0.       0.105581 0.       0.       0.       0.105581 0.       0.105581 0.       0.       0.       0.105581 0.       0.       0.       0.105581 0.105581 0.       0.       0.       0.       0.       0.152856 0.       0.108076 0.       0.       0.105581],[0. 0. 0. 0. 1. 0. 0. 0. 1. 0. 1. 0. 0. 0. 1. 0. 0. 0. 1. 1. 0. 0. 0. 0. 0. 1. 0. 1. 0. 0. 1.],9.0,1000,100,0.01,0.0045,1,11,idID,,first,single_objective
323,0.15272669972076253,0.3207260694136013,0.004717700000000001,[0.       0.       0.       0.       0.105581 0.       0.       0.       0.105581 0.       0.105581 0.       0.       0.       0.105581 0.       0.       0.       0.105581 0.105581 0.       0.       0.       0.       0.       0.152856 0.       0.108076 0.       0.       0.105581],[0. 0. 0. 0. 1. 0. 0. 0. 1. 0. 1. 0. 0. 0. 1. 0. 0. 0. 1. 1. 0. 0. 0. 0. 0. 1. 0. 1. 0. 0. 1.],9.0,1000,100,0.01,0.0045,1,11,idID,,first,single_objective
324,0.15272669972076253,0.3207260694136013,0.004717700000000001,[0.       0.       0.       0.       0.105581 0.       0.       0.       0.105581 0.       0.105581 0.       0.       0.       0.105581 0.       0.       0.       0.105581 0.105581 0.       0.       0.       0.       0.       0.152856 0.       0.108076 0.       0.       0.105581],[0. 0. 0. 0. 1. 0. 0. 0. 1. 0. 1. 0. 0. 0. 1. 0. 0. 0. 1. 1. 0. 0. 0. 0. 0. 1. 0. 1. 0. 0. 1.],9.0,1000,100,0.01,0.0045,1,11,idID,,first,single_objective
325,0.15272669972076253,0.3207260694136013,0.004717700000000001,[0.       0.       0.       0.       0.105581 0.       0.       0.       0.105581 0.       0.105581 0.       0.       0.       0.105581 0.       0.       0.       0.105581 0.105581 0.       0.       0.       0.       0.       0.152856 0.       0.108076 0.       0.       0.105581],[0. 0. 0. 0. 1. 0. 0. 0. 1. 0. 1. 0. 0. 0. 1. 0. 0. 0. 1. 1. 0. 0. 0. 0. 0. 1. 0. 1. 0. 0. 1.],9.0,1000,100,0.01,0.0045,1,11,idID,,first,single_objective
326,0.15272669972076253,0.3207260694136013,0.004717700000000001,[0.       0.       0.       0.       0.105581 0.       0.       0.       0.105581 0.       0.105581 0.       0.       0.       0.105581 0.       0.       0.       0.105581 0.105581 0.       0.       0.       0.       0.       0.152856 0.       0.108076 0.       0.       0.105581],[0. 0. 0. 0. 1. 0. 0. 0. 1. 0. 1. 0. 0. 0. 1. 0. 0. 0. 1. 1. 0. 0. 0. 0. 0. 1. 0. 1. 0. 0. 1.],9.0,1000,100,0.01,0.0045,1,11,idID,,first,single_objective
327,0.15272669972076253,0.3207260694136013,0.004717700000000001,[0.       0.       0.       0.       0.105581 0.       0.       0.       0.105581 0.       0.105581 0.       0.       0.       0.105581 0.       0.       0.       0.105581 0.105581 0.       0.       0.       0.       0.       0.152856 0.       0.108076 0.       0.       0.105581],[0. 0. 0. 0. 1. 0. 0. 0. 1. 0. 1. 0. 0. 0. 1. 0. 0. 0. 1. 1. 0. 0. 0. 0. 0. 1. 0. 1. 0. 0. 1.],9.0,1000,100,0.01,0.0045,1,11,idID,,first,single_objective
328,0.15272669972076253,0.3207260694136013,0.004717700000000001,[0.       0.       0.       0.       0.105581 0.       0.       0.       0.105581 0.       0.105581 0.       0.       0.       0.105581 0.       0.       0.       0.105581 0.105581 0.       0.       0.       0.       0.       0.152856 0.       0.108076 0.       0.       0.105581],[0. 0. 0. 0. 1. 0. 0. 0. 1. 0. 1. 0. 0. 0. 1. 0. 0. 0. 1. 1. 0. 0. 0. 0. 0. 1. 0. 1. 0. 0. 1.],9.0,1000,100,0.01,0.0045,1,11,idID,,first,single_objective
329,0.15272669972076253,0.3207260694136013,0.004717700000000001,[0.       0.       0.       0.       0.105581 0.       0.       0.       0.105581 0.       0.105581 0.       0.       0.       0.105581 0.       0.       0.       0.105581 0.105581 0.       0.       0.       0.       0.       0.152856 0.       0.108076 0.       0.       0.105581],[0. 0. 0. 0. 1. 0. 0. 0. 1. 0. 1. 0. 0. 0. 1. 0. 0. 0. 1. 1. 0. 0. 0. 0. 0. 1. 0. 1. 0. 0. 1.],9.0,1000,100,0.01,0.0045,1,11,idID,,first,single_objective
330,0.15272669972076253,0.3207260694136013,0.004717700000000001,[0.       0.       0.       0.       0.105581 0.       0.       0.       0.105581 0.       0.105581 0.       0.       0.       0.105581 0.       0.       0.       0.105581 0.105581 0.       0.       0.       0.       0.       0.152856 0.       0.108076 0.       0.       0.105581],[0. 0. 0. 0. 1. 0. 0. 0. 1. 0. 1. 0. 0. 0. 1. 0. 0. 0. 1. 1. 0. 0. 0. 0. 0. 1. 0. 1. 0. 0. 1.],9.0,1000,100,0.01,0.0045,1,11,idID,,first,single_objective
331,0.15272669972076253,0.3207260694136013,0.004717700000000001,[0.       0.       0.       0.       0.105581 0.       0.       0.       0.105581 0.       0.105581 0.       0.       0.       0.105581 0.       0.       0.       0.105581 0.105581 0.       0.       0.       0.       0.       0.152856 0.       0.108076 0.       0.       0.105581],[0. 0. 0. 0. 1. 0. 0. 0. 1. 0. 1. 0. 0. 0. 1. 0. 0. 0. 1. 1. 0. 0. 0. 0. 0. 1. 0. 1. 0. 0. 1.],9.0,1000,100,0.01,0.0045,1,11,idID,,first,single_objective
332,0.15272669972076253,0.3207260694136013,0.004717700000000001,[0.       0.       0.       0.       0.105581 0.       0.       0.       0.105581 0.       0.105581 0.       0.       0.       0.105581 0.       0.       0.       0.105581 0.105581 0.       0.       0.       0.       0.       0.152856 0.       0.108076 0.       0.       0.105581],[0. 0. 0. 0. 1. 0. 0. 0. 1. 0. 1. 0. 0. 0. 1. 0. 0. 0. 1. 1. 0. 0. 0. 0. 0. 1. 0. 1. 0. 0. 1.],9.0,1000,100,0.01,0.0045,1,11,idID,,first,single_objective
333,0.15272669972076253,0.3207260694136013,0.004717700000000001,[0.       0.       0.       0.       0.105581 0.       0.       0.       0.105581 0.       0.105581 0.       0.       0.       0.105581 0.       0.       0.       0.105581 0.105581 0.       0.       0.       0.       0.       0.152856 0.       0.108076 0.       0.       0.105581],[0. 0. 0. 0. 1. 0. 0. 0. 1. 0. 1. 0. 0. 0. 1. 0. 0. 0. 1. 1. 0. 0. 0. 0. 0. 1. 0. 1. 0. 0. 1.],9.0,1000,100,0.01,0.0045,1,11,idID,,first,single_objective
334,0.15272669972076253,0.3207260694136013,0.004717700000000001,[0.       0.       0.       0.       0.105581 0.       0.       0.       0.105581 0.       0.105581 0.       0.       0.       0.105581 0.       0.       0.       0.105581 0.105581 0.       0.       0.       0.       0.       0.152856 0.       0.108076 0.       0.       0.105581],[0. 0. 0. 0. 1. 0. 0. 0. 1. 0. 1. 0. 0. 0. 1. 0. 0. 0. 1. 1. 0. 0. 0. 0. 0. 1. 0. 1. 0. 0. 1.],9.0,1000,100,0.01,0.0045,1,11,idID,,first,single_objective
335,0.15272669972076253,0.3207260694136013,0.004717700000000001,[0.       0.       0.       0.       0.105581 0.       0.       0.       0.105581 0.       0.105581 0.       0.       0.       0.105581 0.       0.       0.       0.105581 0.105581 0.       0.       0.       0.       0.       0.152856 0.       0.108076 0.       0.       0.105581],[0. 0. 0. 0. 1. 0. 0. 0. 1. 0. 1. 0. 0. 0. 1. 0. 0. 0. 1. 1. 0. 0. 0. 0. 0. 1. 0. 1. 0. 0. 1.],9.0,1000,100,0.01,0.0045,1,11,idID,,first,single_objective
336,0.15272669972076253,0.3207260694136013,0.004717700000000001,[0.       0.       0.       0.       0.105581 0.       0.       0.       0.105581 0.       0.105581 0.       0.       0.       0.105581 0.       0.       0.       0.105581 0.105581 0.       0.       0.       0.       0.       0.152856 0.       0.108076 0.       0.       0.105581],[0. 0. 0. 0. 1. 0. 0. 0. 1. 0. 1. 0. 0. 0. 1. 0. 0. 0. 1. 1. 0. 0. 0. 0. 0. 1. 0. 1. 0. 0. 1.],9.0,1000,100,0.01,0.0045,1,11,idID,,first,single_objective
337,0.15272669972076253,0.3207260694136013,0.004717700000000001,[0.       0.       0.       0.       0.105581 0.       0.       0.       0.105581 0.       0.105581 0.       0.       0.       0.105581 0.       0.       0.       0.105581 0.105581 0.       0.       0.       0.       0.       0.152856 0.       0.108076 0.       0.       0.105581],[0. 0. 0. 0. 1. 0. 0. 0. 1. 0. 1. 0. 0. 0. 1. 0. 0. 0. 1. 1. 0. 0. 0. 0. 0. 1. 0. 1. 0. 0. 1.],9.0,1000,100,0.01,0.0045,1,11,idID,,first,single_objective
338,0.15272669972076253,0.3207260694136013,0.004717700000000001,[0.       0.       0.       0.       0.105581 0.       0.       0.       0.105581 0.       0.105581 0.       0.       0.       0.105581 0.       0.       0.       0.105581 0.105581 0.       0.       0.       0.       0.       0.152856 0.       0.108076 0.       0.       0.105581],[0. 0. 0. 0. 1. 0. 0. 0. 1. 0. 1. 0. 0. 0. 1. 0. 0. 0. 1. 1. 0. 0. 0. 0. 0. 1. 0. 1. 0. 0. 1.],9.0,1000,100,0.01,0.0045,1,11,idID,,first,single_objective
339,0.15272669972076253,0.3207260694136013,0.004717700000000001,[0.       0.       0.       0.       0.105581 0.       0.       0.       0.105581 0.       0.105581 0.       0.       0.       0.105581 0.       0.       0.       0.105581 0.105581 0.       0.       0.       0.       0.       0.152856 0.       0.108076 0.       0.       0.105581],[0. 0. 0. 0. 1. 0. 0. 0. 1. 0. 1. 0. 0. 0. 1. 0. 0. 0. 1. 1. 0. 0. 0. 0. 0. 1. 0. 1. 0. 0. 1.],9.0,1000,100,0.01,0.0045,1,11,idID,,first,single_objective
340,0.15272669972076253,0.3207260694136013,0.004717700000000001,[0.       0.       0.       0.       0.105581 0.       0.       0.       0.105581 0.       0.105581 0.       0.       0.       0.105581 0.       0.       0.       0.105581 0.105581 0.       0.       0.       0.       0.       0.152856 0.       0.108076 0.       0.       0.105581],[0. 0. 0. 0. 1. 0. 0. 0. 1. 0. 1. 0. 0. 0. 1. 0. 0. 0. 1. 1. 0. 0. 0. 0. 0. 1. 0. 1. 0. 0. 1.],9.0,1000,100,0.01,0.0045,1,11,idID,,first,single_objective
341,0.15272669972076253,0.3207260694136013,0.004717700000000001,[0.       0.       0.       0.       0.105581 0.       0.       0.       0.105581 0.       0.105581 0.       0.       0.       0.105581 0.       0.       0.       0.105581 0.105581 0.       0.       0.       0.       0.       0.152856 0.       0.108076 0.       0.       0.105581],[0. 0. 0. 0. 1. 0. 0. 0. 1. 0. 1. 0. 0. 0. 1. 0. 0. 0. 1. 1. 0. 0. 0. 0. 0. 1. 0. 1. 0. 0. 1.],9.0,1000,100,0.01,0.0045,1,11,idID,,first,single_objective
342,0.15272669972076253,0.3207260694136013,0.004717700000000001,[0.       0.       0.       0.       0.105581 0.       0.       0.       0.105581 0.       0.105581 0.       0.       0.       0.105581 0.       0.       0.       0.105581 0.105581 0.       0.       0.       0.       0.       0.152856 0.       0.108076 0.       0.       0.105581],[0. 0. 0. 0. 1. 0. 0. 0. 1. 0. 1. 0. 0. 0. 1. 0. 0. 0. 1. 1. 0. 0. 0. 0. 0. 1. 0. 1. 0. 0. 1.],9.0,1000,100,0.01,0.0045,1,11,idID,,first,single_objective
343,0.15272669972076253,0.3207260694136013,0.004717700000000001,[0.       0.       0.       0.       0.105581 0.       0.       0.       0.105581 0.       0.105581 0.       0.       0.       0.105581 0.       0.       0.       0.105581 0.105581 0.       0.       0.       0.       0.       0.152856 0.       0.108076 0.       0.       0.105581],[0. 0. 0. 0. 1. 0. 0. 0. 1. 0. 1. 0. 0. 0. 1. 0. 0. 0. 1. 1. 0. 0. 0. 0. 0. 1. 0. 1. 0. 0. 1.],9.0,1000,100,0.01,0.0045,1,11,idID,,first,single_objective
344,0.15272669972076253,0.3207260694136013,0.004717700000000001,[0.       0.       0.       0.       0.105581 0.       0.       0.       0.105581 0.       0.105581 0.       0.       0.       0.105581 0.       0.       0.       0.105581 0.105581 0.       0.       0.       0.       0.       0.152856 0.       0.108076 0.       0.       0.105581],[0. 0. 0. 0. 1. 0. 0. 0. 1. 0. 1. 0. 0. 0. 1. 0. 0. 0. 1. 1. 0. 0. 0. 0. 0. 1. 0. 1. 0. 0. 1.],9.0,1000,100,0.01,0.0045,1,11,idID,,first,single_objective
345,0.15272669972076253,0.3207260694136013,0.004717700000000001,[0.       0.       0.       0.       0.105581 0.       0.       0.       0.105581 0.       0.105581 0.       0.       0.       0.105581 0.       0.       0.       0.105581 0.105581 0.       0.       0.       0.       0.       0.152856 0.       0.108076 0.       0.       0.105581],[0. 0. 0. 0. 1. 0. 0. 0. 1. 0. 1. 0. 0. 0. 1. 0. 0. 0. 1. 1. 0. 0. 0. 0. 0. 1. 0. 1. 0. 0. 1.],9.0,1000,100,0.01,0.0045,1,11,idID,,first,single_objective
346,0.15272669972076253,0.3207260694136013,0.004717700000000001,[0.       0.       0.       0.       0.105581 0.       0.       0.       0.105581 0.       0.105581 0.       0.       0.       0.105581 0.       0.       0.       0.105581 0.105581 0.       0.       0.       0.       0.       0.152856 0.       0.108076 0.       0.       0.105581],[0. 0. 0. 0. 1. 0. 0. 0. 1. 0. 1. 0. 0. 0. 1. 0. 0. 0. 1. 1. 0. 0. 0. 0. 0. 1. 0. 1. 0. 0. 1.],9.0,1000,100,0.01,0.0045,1,11,idID,,first,single_objective
347,0.15272669972076253,0.3207260694136013,0.004717700000000001,[0.       0.       0.       0.       0.105581 0.       0.       0.       0.105581 0.       0.105581 0.       0.       0.       0.105581 0.       0.       0.       0.105581 0.105581 0.       0.       0.       0.       0.       0.152856 0.       0.108076 0.       0.       0.105581],[0. 0. 0. 0. 1. 0. 0. 0. 1. 0. 1. 0. 0. 0. 1. 0. 0. 0. 1. 1. 0. 0. 0. 0. 0. 1. 0. 1. 0. 0. 1.],9.0,1000,100,0.01,0.0045,1,11,idID,,first,single_objective
348,0.15272669972076253,0.3207260694136013,0.004717700000000001,[0.       0.       0.       0.       0.105581 0.       0.       0.       0.105581 0.       0.105581 0.       0.       0.       0.105581 0.       0.       0.       0.105581 0.105581 0.       0.       0.       0.       0.       0.152856 0.       0.108076 0.       0.       0.105581],[0. 0. 0. 0. 1. 0. 0. 0. 1. 0. 1. 0. 0. 0. 1. 0. 0. 0. 1. 1. 0. 0. 0. 0. 0. 1. 0. 1. 0. 0. 1.],9.0,1000,100,0.01,0.0045,1,11,idID,,first,single_objective
349,0.15272669972076253,0.3207260694136013,0.004717700000000001,[0.       0.       0.       0.       0.105581 0.       0.       0.       0.105581 0.       0.105581 0.       0.       0.       0.105581 0.       0.       0.       0.105581 0.105581 0.       0.       0.       0.       0.       0.152856 0.       0.108076 0.       0.       0.105581],[0. 0. 0. 0. 1. 0. 0. 0. 1. 0. 1. 0. 0. 0. 1. 0. 0. 0. 1. 1. 0. 0. 0. 0. 0. 1. 0. 1. 0. 0. 1.],9.0,1000,100,0.01,0.0045,1,11,idID,,first,single_objective
350,0.15272669972076253,0.3207260694136013,0.004717700000000001,[0.       0.       0.       0.       0.105581 0.       0.       0.       0.105581 0.       0.105581 0.       0.       0.       0.105581 0.       0.       0.       0.105581 0.105581 0.       0.       0.       0.       0.       0.152856 0.       0.108076 0.       0.       0.105581],[0. 0. 0. 0. 1. 0. 0. 0. 1. 0. 1. 0. 0. 0. 1. 0. 0. 0. 1. 1. 0. 0. 0. 0. 0. 1. 0. 1. 0. 0. 1.],9.0,1000,100,0.01,0.0045,1,11,idID,,first,single_objective
351,0.15272669972076253,0.3207260694136013,0.004717700000000001,[0.       0.       0.       0.       0.105581 0.       0.       0.       0.105581 0.       0.105581 0.       0.       0.       0.105581 0.       0.       0.       0.105581 0.105581 0.       0.       0.       0.       0.       0.152856 0.       0.108076 0.       0.       0.105581],[0. 0. 0. 0. 1. 0. 0. 0. 1. 0. 1. 0. 0. 0. 1. 0. 0. 0. 1. 1. 0. 0. 0. 0. 0. 1. 0. 1. 0. 0. 1.],9.0,1000,100,0.01,0.0045,1,11,idID,,first,single_objective
352,0.15272669972076253,0.3207260694136013,0.004717700000000001,[0.       0.       0.       0.       0.105581 0.       0.       0.       0.105581 0.       0.105581 0.       0.       0.       0.105581 0.       0.       0.       0.105581 0.105581 0.       0.       0.       0.       0.       0.152856 0.       0.108076 0.       0.       0.105581],[0. 0. 0. 0. 1. 0. 0. 0. 1. 0. 1. 0. 0. 0. 1. 0. 0. 0. 1. 1. 0. 0. 0. 0. 0. 1. 0. 1. 0. 0. 1.],9.0,1000,100,0.01,0.0045,1,11,idID,,first,single_objective
353,0.15272669972076253,0.3207260694136013,0.004717700000000001,[0.       0.       0.       0.       0.105581 0.       0.       0.       0.105581 0.       0.105581 0.       0.       0.       0.105581 0.       0.       0.       0.105581 0.105581 0.       0.       0.       0.       0.       0.152856 0.       0.108076 0.       0.       0.105581],[0. 0. 0. 0. 1. 0. 0. 0. 1. 0. 1. 0. 0. 0. 1. 0. 0. 0. 1. 1. 0. 0. 0. 0. 0. 1. 0. 1. 0. 0. 1.],9.0,1000,100,0.01,0.0045,1,11,idID,,first,single_objective
354,0.15272669972076253,0.3207260694136013,0.004717700000000001,[0.       0.       0.       0.       0.105581 0.       0.       0.       0.105581 0.       0.105581 0.       0.       0.       0.105581 0.       0.       0.       0.105581 0.105581 0.       0.       0.       0.       0.       0.152856 0.       0.108076 0.       0.       0.105581],[0. 0. 0. 0. 1. 0. 0. 0. 1. 0. 1. 0. 0. 0. 1. 0. 0. 0. 1. 1. 0. 0. 0. 0. 0. 1. 0. 1. 0. 0. 1.],9.0,1000,100,0.01,0.0045,1,11,idID,,first,single_objective
355,0.15272669972076253,0.3207260694136013,0.004717700000000001,[0.       0.       0.       0.       0.105581 0.       0.       0.       0.105581 0.       0.105581 0.       0.       0.       0.105581 0.       0.       0.       0.105581 0.105581 0.       0.       0.       0.       0.       0.152856 0.       0.108076 0.       0.       0.105581],[0. 0. 0. 0. 1. 0. 0. 0. 1. 0. 1. 0. 0. 0. 1. 0. 0. 0. 1. 1. 0. 0. 0. 0. 0. 1. 0. 1. 0. 0. 1.],9.0,1000,100,0.01,0.0045,1,11,idID,,first,single_objective
356,0.15272669972076253,0.3207260694136013,0.004717700000000001,[0.       0.       0.       0.       0.105581 0.       0.       0.       0.105581 0.       0.105581 0.       0.       0.       0.105581 0.       0.       0.       0.105581 0.105581 0.       0.       0.       0.       0.       0.152856 0.       0.108076 0.       0.       0.105581],[0. 0. 0. 0. 1. 0. 0. 0. 1. 0. 1. 0. 0. 0. 1. 0. 0. 0. 1. 1. 0. 0. 0. 0. 0. 1. 0. 1. 0. 0. 1.],9.0,1000,100,0.01,0.0045,1,11,idID,,first,single_objective
357,0.15272669972076253,0.3207260694136013,0.004717700000000001,[0.       0.       0.       0.       0.105581 0.       0.       0.       0.105581 0.       0.105581 0.       0.       0.       0.105581 0.       0.       0.       0.105581 0.105581 0.       0.       0.       0.       0.       0.152856 0.       0.108076 0.       0.       0.105581],[0. 0. 0. 0. 1. 0. 0. 0. 1. 0. 1. 0. 0. 0. 1. 0. 0. 0. 1. 1. 0. 0. 0. 0. 0. 1. 0. 1. 0. 0. 1.],9.0,1000,100,0.01,0.0045,1,11,idID,,first,single_objective
358,0.15272669972076253,0.3207260694136013,0.004717700000000001,[0.       0.       0.       0.       0.105581 0.       0.       0.       0.105581 0.       0.105581 0.       0.       0.       0.105581 0.       0.       0.       0.105581 0.105581 0.       0.       0.       0.       0.       0.152856 0.       0.108076 0.       0.       0.105581],[0. 0. 0. 0. 1. 0. 0. 0. 1. 0. 1. 0. 0. 0. 1. 0. 0. 0. 1. 1. 0. 0. 0. 0. 0. 1. 0. 1. 0. 0. 1.],9.0,1000,100,0.01,0.0045,1,11,idID,,first,single_objective
359,0.15272669972076253,0.3207260694136013,0.004717700000000001,[0.       0.       0.       0.       0.105581 0.       0.       0.       0.105581 0.       0.105581 0.       0.       0.       0.105581 0.       0.       0.       0.105581 0.105581 0.       0.       0.       0.       0.       0.152856 0.       0.108076 0.       0.       0.105581],[0. 0. 0. 0. 1. 0. 0. 0. 1. 0. 1. 0. 0. 0. 1. 0. 0. 0. 1. 1. 0. 0. 0. 0. 0. 1. 0. 1. 0. 0. 1.],9.0,1000,100,0.01,0.0045,1,11,idID,,first,single_objective
360,0.15272669972076253,0.3207260694136013,0.004717700000000001,[0.       0.       0.       0.       0.105581 0.       0.       0.       0.105581 0.       0.105581 0.       0.       0.       0.105581 0.       0.       0.       0.105581 0.105581 0.       0.       0.       0.       0.       0.152856 0.       0.108076 0.       0.       0.105581],[0. 0. 0. 0. 1. 0. 0. 0. 1. 0. 1. 0. 0. 0. 1. 0. 0. 0. 1. 1. 0. 0. 0. 0. 0. 1. 0. 1. 0. 0. 1.],9.0,1000,100,0.01,0.0045,1,11,idID,,first,single_objective
361,0.15272669972076253,0.3207260694136013,0.004717700000000001,[0.       0.       0.       0.       0.105581 0.       0.       0.       0.105581 0.       0.105581 0.       0.       0.       0.105581 0.       0.       0.       0.105581 0.105581 0.       0.       0.       0.       0.       0.152856 0.       0.108076 0.       0.       0.105581],[0. 0. 0. 0. 1. 0. 0. 0. 1. 0. 1. 0. 0. 0. 1. 0. 0. 0. 1. 1. 0. 0. 0. 0. 0. 1. 0. 1. 0. 0. 1.],9.0,1000,100,0.01,0.0045,1,11,idID,,first,single_objective
362,0.15272669972076253,0.3207260694136013,0.004717700000000001,[0.       0.       0.       0.       0.105581 0.       0.       0.       0.105581 0.       0.105581 0.       0.       0.       0.105581 0.       0.       0.       0.105581 0.105581 0.       0.       0.       0.       0.       0.152856 0.       0.108076 0.       0.       0.105581],[0. 0. 0. 0. 1. 0. 0. 0. 1. 0. 1. 0. 0. 0. 1. 0. 0. 0. 1. 1. 0. 0. 0. 0. 0. 1. 0. 1. 0. 0. 1.],9.0,1000,100,0.01,0.0045,1,11,idID,,first,single_objective
363,0.15272669972076253,0.3207260694136013,0.004717700000000001,[0.       0.       0.       0.       0.105581 0.       0.       0.       0.105581 0.       0.105581 0.       0.       0.       0.105581 0.       0.       0.       0.105581 0.105581 0.       0.       0.       0.       0.       0.152856 0.       0.108076 0.       0.       0.105581],[0. 0. 0. 0. 1. 0. 0. 0. 1. 0. 1. 0. 0. 0. 1. 0. 0. 0. 1. 1. 0. 0. 0. 0. 0. 1. 0. 1. 0. 0. 1.],9.0,1000,100,0.01,0.0045,1,11,idID,,first,single_objective
364,0.15272669972076253,0.3207260694136013,0.004717700000000001,[0.       0.       0.       0.       0.105581 0.       0.       0.       0.105581 0.       0.105581 0.       0.       0.       0.105581 0.       0.       0.       0.105581 0.105581 0.       0.       0.       0.       0.       0.152856 0.       0.108076 0.       0.       0.105581],[0. 0. 0. 0. 1. 0. 0. 0. 1. 0. 1. 0. 0. 0. 1. 0. 0. 0. 1. 1. 0. 0. 0. 0. 0. 1. 0. 1. 0. 0. 1.],9.0,1000,100,0.01,0.0045,1,11,idID,,first,single_objective
365,0.15272669972076253,0.3207260694136013,0.004717700000000001,[0.       0.       0.       0.       0.105581 0.       0.       0.       0.105581 0.       0.105581 0.       0.       0.       0.105581 0.       0.       0.       0.105581 0.105581 0.       0.       0.       0.       0.       0.152856 0.       0.108076 0.       0.       0.105581],[0. 0. 0. 0. 1. 0. 0. 0. 1. 0. 1. 0. 0. 0. 1. 0. 0. 0. 1. 1. 0. 0. 0. 0. 0. 1. 0. 1. 0. 0. 1.],9.0,1000,100,0.01,0.0045,1,11,idID,,first,single_objective
366,0.15272669972076253,0.3207260694136013,0.004717700000000001,[0.       0.       0.       0.       0.105581 0.       0.       0.       0.105581 0.       0.105581 0.       0.       0.       0.105581 0.       0.       0.       0.105581 0.105581 0.       0.       0.       0.       0.       0.152856 0.       0.108076 0.       0.       0.105581],[0. 0. 0. 0. 1. 0. 0. 0. 1. 0. 1. 0. 0. 0. 1. 0. 0. 0. 1. 1. 0. 0. 0. 0. 0. 1. 0. 1. 0. 0. 1.],9.0,1000,100,0.01,0.0045,1,11,idID,,first,single_objective
367,0.15272669972076253,0.3207260694136013,0.004717700000000001,[0.       0.       0.       0.       0.105581 0.       0.       0.       0.105581 0.       0.105581 0.       0.       0.       0.105581 0.       0.       0.       0.105581 0.105581 0.       0.       0.       0.       0.       0.152856 0.       0.108076 0.       0.       0.105581],[0. 0. 0. 0. 1. 0. 0. 0. 1. 0. 1. 0. 0. 0. 1. 0. 0. 0. 1. 1. 0. 0. 0. 0. 0. 1. 0. 1. 0. 0. 1.],9.0,1000,100,0.01,0.0045,1,11,idID,,first,single_objective
368,0.15272669972076253,0.3207260694136013,0.004717700000000001,[0.       0.       0.       0.       0.105581 0.       0.       0.       0.105581 0.       0.105581 0.       0.       0.       0.105581 0.       0.       0.       0.105581 0.105581 0.       0.       0.       0.       0.       0.152856 0.       0.108076 0.       0.       0.105581],[0. 0. 0. 0. 1. 0. 0. 0. 1. 0. 1. 0. 0. 0. 1. 0. 0. 0. 1. 1. 0. 0. 0. 0. 0. 1. 0. 1. 0. 0. 1.],9.0,1000,100,0.01,0.0045,1,11,idID,,first,single_objective
369,0.15272669972076253,0.3207260694136013,0.004717700000000001,[0.       0.       0.       0.       0.105581 0.       0.       0.       0.105581 0.       0.105581 0.       0.       0.       0.105581 0.       0.       0.       0.105581 0.105581 0.       0.       0.       0.       0.       0.152856 0.       0.108076 0.       0.       0.105581],[0. 0. 0. 0. 1. 0. 0. 0. 1. 0. 1. 0. 0. 0. 1. 0. 0. 0. 1. 1. 0. 0. 0. 0. 0. 1. 0. 1. 0. 0. 1.],9.0,1000,100,0.01,0.0045,1,11,idID,,first,single_objective
370,0.15272669972076253,0.3207260694136013,0.004717700000000001,[0.       0.       0.       0.       0.105581 0.       0.       0.       0.105581 0.       0.105581 0.       0.       0.       0.105581 0.       0.       0.       0.105581 0.105581 0.       0.       0.       0.       0.       0.152856 0.       0.108076 0.       0.       0.105581],[0. 0. 0. 0. 1. 0. 0. 0. 1. 0. 1. 0. 0. 0. 1. 0. 0. 0. 1. 1. 0. 0. 0. 0. 0. 1. 0. 1. 0. 0. 1.],9.0,1000,100,0.01,0.0045,1,11,idID,,first,single_objective
371,0.15272669972076253,0.3207260694136013,0.004717700000000001,[0.       0.       0.       0.       0.105581 0.       0.       0.       0.105581 0.       0.105581 0.       0.       0.       0.105581 0.       0.       0.       0.105581 0.105581 0.       0.       0.       0.       0.       0.152856 0.       0.108076 0.       0.       0.105581],[0. 0. 0. 0. 1. 0. 0. 0. 1. 0. 1. 0. 0. 0. 1. 0. 0. 0. 1. 1. 0. 0. 0. 0. 0. 1. 0. 1. 0. 0. 1.],9.0,1000,100,0.01,0.0045,1,11,idID,,first,single_objective
372,0.15272669972076253,0.3207260694136013,0.004717700000000001,[0.       0.       0.       0.       0.105581 0.       0.       0.       0.105581 0.       0.105581 0.       0.       0.       0.105581 0.       0.       0.       0.105581 0.105581 0.       0.       0.       0.       0.       0.152856 0.       0.108076 0.       0.       0.105581],[0. 0. 0. 0. 1. 0. 0. 0. 1. 0. 1. 0. 0. 0. 1. 0. 0. 0. 1. 1. 0. 0. 0. 0. 0. 1. 0. 1. 0. 0. 1.],9.0,1000,100,0.01,0.0045,1,11,idID,,first,single_objective
373,0.15272669972076253,0.3207260694136013,0.004717700000000001,[0.       0.       0.       0.       0.105581 0.       0.       0.       0.105581 0.       0.105581 0.       0.       0.       0.105581 0.       0.       0.       0.105581 0.105581 0.       0.       0.       0.       0.       0.152856 0.       0.108076 0.       0.       0.105581],[0. 0. 0. 0. 1. 0. 0. 0. 1. 0. 1. 0. 0. 0. 1. 0. 0. 0. 1. 1. 0. 0. 0. 0. 0. 1. 0. 1. 0. 0. 1.],9.0,1000,100,0.01,0.0045,1,11,idID,,first,single_objective
374,0.15272669972076253,0.3207260694136013,0.004717700000000001,[0.       0.       0.       0.       0.105581 0.       0.       0.       0.105581 0.       0.105581 0.       0.       0.       0.105581 0.       0.       0.       0.105581 0.105581 0.       0.       0.       0.       0.       0.152856 0.       0.108076 0.       0.       0.105581],[0. 0. 0. 0. 1. 0. 0. 0. 1. 0. 1. 0. 0. 0. 1. 0. 0. 0. 1. 1. 0. 0. 0. 0. 0. 1. 0. 1. 0. 0. 1.],9.0,1000,100,0.01,0.0045,1,11,idID,,first,single_objective
375,0.15272669972076253,0.3207260694136013,0.004717700000000001,[0.       0.       0.       0.       0.105581 0.       0.       0.       0.105581 0.       0.105581 0.       0.       0.       0.105581 0.       0.       0.       0.105581 0.105581 0.       0.       0.       0.       0.       0.152856 0.       0.108076 0.       0.       0.105581],[0. 0. 0. 0. 1. 0. 0. 0. 1. 0. 1. 0. 0. 0. 1. 0. 0. 0. 1. 1. 0. 0. 0. 0. 0. 1. 0. 1. 0. 0. 1.],9.0,1000,100,0.01,0.0045,1,11,idID,,first,single_objective
376,0.15272669972076253,0.3207260694136013,0.004717700000000001,[0.       0.       0.       0.       0.105581 0.       0.       0.       0.105581 0.       0.105581 0.       0.       0.       0.105581 0.       0.       0.       0.105581 0.105581 0.       0.       0.       0.       0.       0.152856 0.       0.108076 0.       0.       0.105581],[0. 0. 0. 0. 1. 0. 0. 0. 1. 0. 1. 0. 0. 0. 1. 0. 0. 0. 1. 1. 0. 0. 0. 0. 0. 1. 0. 1. 0. 0. 1.],9.0,1000,100,0.01,0.0045,1,11,idID,,first,single_objective
377,0.15272669972076253,0.3207260694136013,0.004717700000000001,[0.       0.       0.       0.       0.105581 0.       0.       0.       0.105581 0.       0.105581 0.       0.       0.       0.105581 0.       0.       0.       0.105581 0.105581 0.       0.       0.       0.       0.       0.152856 0.       0.108076 0.       0.       0.105581],[0. 0. 0. 0. 1. 0. 0. 0. 1. 0. 1. 0. 0. 0. 1. 0. 0. 0. 1. 1. 0. 0. 0. 0. 0. 1. 0. 1. 0. 0. 1.],9.0,1000,100,0.01,0.0045,1,11,idID,,first,single_objective
378,0.15272669972076253,0.3207260694136013,0.004717700000000001,[0.       0.       0.       0.       0.105581 0.       0.       0.       0.105581 0.       0.105581 0.       0.       0.       0.105581 0.       0.       0.       0.105581 0.105581 0.       0.       0.       0.       0.       0.152856 0.       0.108076 0.       0.       0.105581],[0. 0. 0. 0. 1. 0. 0. 0. 1. 0. 1. 0. 0. 0. 1. 0. 0. 0. 1. 1. 0. 0. 0. 0. 0. 1. 0. 1. 0. 0. 1.],9.0,1000,100,0.01,0.0045,1,11,idID,,first,single_objective
379,0.15272669972076253,0.3207260694136013,0.004717700000000001,[0.       0.       0.       0.       0.105581 0.       0.       0.       0.105581 0.       0.105581 0.       0.       0.       0.105581 0.       0.       0.       0.105581 0.105581 0.       0.       0.       0.       0.       0.152856 0.       0.108076 0.       0.       0.105581],[0. 0. 0. 0. 1. 0. 0. 0. 1. 0. 1. 0. 0. 0. 1. 0. 0. 0. 1. 1. 0. 0. 0. 0. 0. 1. 0. 1. 0. 0. 1.],9.0,1000,100,0.01,0.0045,1,11,idID,,first,single_objective
380,0.15272669972076253,0.3207260694136013,0.004717700000000001,[0.       0.       0.       0.       0.105581 0.       0.       0.       0.105581 0.       0.105581 0.       0.       0.       0.105581 0.       0.       0.       0.105581 0.105581 0.       0.       0.       0.       0.       0.152856 0.       0.108076 0.       0.       0.105581],[0. 0. 0. 0. 1. 0. 0. 0. 1. 0. 1. 0. 0. 0. 1. 0. 0. 0. 1. 1. 0. 0. 0. 0. 0. 1. 0. 1. 0. 0. 1.],9.0,1000,100,0.01,0.0045,1,11,idID,,first,single_objective
381,0.15272669972076253,0.3207260694136013,0.004717700000000001,[0.       0.       0.       0.       0.105581 0.       0.       0.       0.105581 0.       0.105581 0.       0.       0.       0.105581 0.       0.       0.       0.105581 0.105581 0.       0.       0.       0.       0.       0.152856 0.       0.108076 0.       0.       0.105581],[0. 0. 0. 0. 1. 0. 0. 0. 1. 0. 1. 0. 0. 0. 1. 0. 0. 0. 1. 1. 0. 0. 0. 0. 0. 1. 0. 1. 0. 0. 1.],9.0,1000,100,0.01,0.0045,1,11,idID,,first,single_objective
382,0.15272669972076253,0.3207260694136013,0.004717700000000001,[0.       0.       0.       0.       0.105581 0.       0.       0.       0.105581 0.       0.105581 0.       0.       0.       0.105581 0.       0.       0.       0.105581 0.105581 0.       0.       0.       0.       0.       0.152856 0.       0.108076 0.       0.       0.105581],[0. 0. 0. 0. 1. 0. 0. 0. 1. 0. 1. 0. 0. 0. 1. 0. 0. 0. 1. 1. 0. 0. 0. 0. 0. 1. 0. 1. 0. 0. 1.],9.0,1000,100,0.01,0.0045,1,11,idID,,first,single_objective
383,0.15272669972076253,0.3207260694136013,0.004717700000000001,[0.       0.       0.       0.       0.105581 0.       0.       0.       0.105581 0.       0.105581 0.       0.       0.       0.105581 0.       0.       0.       0.105581 0.105581 0.       0.       0.       0.       0.       0.152856 0.       0.108076 0.       0.       0.105581],[0. 0. 0. 0. 1. 0. 0. 0. 1. 0. 1. 0. 0. 0. 1. 0. 0. 0. 1. 1. 0. 0. 0. 0. 0. 1. 0. 1. 0. 0. 1.],9.0,1000,100,0.01,0.0045,1,11,idID,,first,single_objective
384,0.15272669972076253,0.3207260694136013,0.004717700000000001,[0.       0.       0.       0.       0.105581 0.       0.       0.       0.105581 0.       0.105581 0.       0.       0.       0.105581 0.       0.       0.       0.105581 0.105581 0.       0.       0.       0.       0.       0.152856 0.       0.108076 0.       0.       0.105581],[0. 0. 0. 0. 1. 0. 0. 0. 1. 0. 1. 0. 0. 0. 1. 0. 0. 0. 1. 1. 0. 0. 0. 0. 0. 1. 0. 1. 0. 0. 1.],9.0,1000,100,0.01,0.0045,1,11,idID,,first,single_objective
385,0.15272669972076253,0.3207260694136013,0.004717700000000001,[0.       0.       0.       0.       0.105581 0.       0.       0.       0.105581 0.       0.105581 0.       0.       0.       0.105581 0.       0.       0.       0.105581 0.105581 0.       0.       0.       0.       0.       0.152856 0.       0.108076 0.       0.       0.105581],[0. 0. 0. 0. 1. 0. 0. 0. 1. 0. 1. 0. 0. 0. 1. 0. 0. 0. 1. 1. 0. 0. 0. 0. 0. 1. 0. 1. 0. 0. 1.],9.0,1000,100,0.01,0.0045,1,11,idID,,first,single_objective
386,0.15272669972076253,0.3207260694136013,0.004717700000000001,[0.       0.       0.       0.       0.105581 0.       0.       0.       0.105581 0.       0.105581 0.       0.       0.       0.105581 0.       0.       0.       0.105581 0.105581 0.       0.       0.       0.       0.       0.152856 0.       0.108076 0.       0.       0.105581],[0. 0. 0. 0. 1. 0. 0. 0. 1. 0. 1. 0. 0. 0. 1. 0. 0. 0. 1. 1. 0. 0. 0. 0. 0. 1. 0. 1. 0. 0. 1.],9.0,1000,100,0.01,0.0045,1,11,idID,,first,single_objective
387,0.15272669972076253,0.3207260694136013,0.004717700000000001,[0.       0.       0.       0.       0.105581 0.       0.       0.       0.105581 0.       0.105581 0.       0.       0.       0.105581 0.       0.       0.       0.105581 0.105581 0.       0.       0.       0.       0.       0.152856 0.       0.108076 0.       0.       0.105581],[0. 0. 0. 0. 1. 0. 0. 0. 1. 0. 1. 0. 0. 0. 1. 0. 0. 0. 1. 1. 0. 0. 0. 0. 0. 1. 0. 1. 0. 0. 1.],9.0,1000,100,0.01,0.0045,1,11,idID,,first,single_objective
388,0.15272669972076253,0.3207260694136013,0.004717700000000001,[0.       0.       0.       0.       0.105581 0.       0.       0.       0.105581 0.       0.105581 0.       0.       0.       0.105581 0.       0.       0.       0.105581 0.105581 0.       0.       0.       0.       0.       0.152856 0.       0.108076 0.       0.       0.105581],[0. 0. 0. 0. 1. 0. 0. 0. 1. 0. 1. 0. 0. 0. 1. 0. 0. 0. 1. 1. 0. 0. 0. 0. 0. 1. 0. 1. 0. 0. 1.],9.0,1000,100,0.01,0.0045,1,11,idID,,first,single_objective
389,0.15272669972076253,0.3207260694136013,0.004717700000000001,[0.       0.       0.       0.       0.105581 0.       0.       0.       0.105581 0.       0.105581 0.       0.       0.       0.105581 0.       0.       0.       0.105581 0.105581 0.       0.       0.       0.       0.       0.152856 0.       0.108076 0.       0.       0.105581],[0. 0. 0. 0. 1. 0. 0. 0. 1. 0. 1. 0. 0. 0. 1. 0. 0. 0. 1. 1. 0. 0. 0. 0. 0. 1. 0. 1. 0. 0. 1.],9.0,1000,100,0.01,0.0045,1,11,idID,,first,single_objective
390,0.15272669972076253,0.3207260694136013,0.004717700000000001,[0.       0.       0.       0.       0.105581 0.       0.       0.       0.105581 0.       0.105581 0.       0.       0.       0.105581 0.       0.       0.       0.105581 0.105581 0.       0.       0.       0.       0.       0.152856 0.       0.108076 0.       0.       0.105581],[0. 0. 0. 0. 1. 0. 0. 0. 1. 0. 1. 0. 0. 0. 1. 0. 0. 0. 1. 1. 0. 0. 0. 0. 0. 1. 0. 1. 0. 0. 1.],9.0,1000,100,0.01,0.0045,1,11,idID,,first,single_objective
391,0.15272669972076253,0.3207260694136013,0.004717700000000001,[0.       0.       0.       0.       0.105581 0.       0.       0.       0.105581 0.       0.105581 0.       0.       0.       0.105581 0.       0.       0.       0.105581 0.105581 0.       0.       0.       0.       0.       0.152856 0.       0.108076 0.       0.       0.105581],[0. 0. 0. 0. 1. 0. 0. 0. 1. 0. 1. 0. 0. 0. 1. 0. 0. 0. 1. 1. 0. 0. 0. 0. 0. 1. 0. 1. 0. 0. 1.],9.0,1000,100,0.01,0.0045,1,11,idID,,first,single_objective
392,0.15272669972076253,0.3207260694136013,0.004717700000000001,[0.       0.       0.       0.       0.105581 0.       0.       0.       0.105581 0.       0.105581 0.       0.       0.       0.105581 0.       0.       0.       0.105581 0.105581 0.       0.       0.       0.       0.       0.152856 0.       0.108076 0.       0.       0.105581],[0. 0. 0. 0. 1. 0. 0. 0. 1. 0. 1. 0. 0. 0. 1. 0. 0. 0. 1. 1. 0. 0. 0. 0. 0. 1. 0. 1. 0. 0. 1.],9.0,1000,100,0.01,0.0045,1,11,idID,,first,single_objective
393,0.15272669972076253,0.3207260694136013,0.004717700000000001,[0.       0.       0.       0.       0.105581 0.       0.       0.       0.105581 0.       0.105581 0.       0.       0.       0.105581 0.       0.       0.       0.105581 0.105581 0.       0.       0.       0.       0.       0.152856 0.       0.108076 0.       0.       0.105581],[0. 0. 0. 0. 1. 0. 0. 0. 1. 0. 1. 0. 0. 0. 1. 0. 0. 0. 1. 1. 0. 0. 0. 0. 0. 1. 0. 1. 0. 0. 1.],9.0,1000,100,0.01,0.0045,1,11,idID,,first,single_objective
394,0.15272669972076253,0.3207260694136013,0.004717700000000001,[0.       0.       0.       0.       0.105581 0.       0.       0.       0.105581 0.       0.105581 0.       0.       0.       0.105581 0.       0.       0.       0.105581 0.105581 0.       0.       0.       0.       0.       0.152856 0.       0.108076 0.       0.       0.105581],[0. 0. 0. 0. 1. 0. 0. 0. 1. 0. 1. 0. 0. 0. 1. 0. 0. 0. 1. 1. 0. 0. 0. 0. 0. 1. 0. 1. 0. 0. 1.],9.0,1000,100,0.01,0.0045,1,11,idID,,first,single_objective
395,0.15272669972076253,0.3207260694136013,0.004717700000000001,[0.       0.       0.       0.       0.105581 0.       0.       0.       0.105581 0.       0.105581 0.       0.       0.       0.105581 0.       0.       0.       0.105581 0.105581 0.       0.       0.       0.       0.       0.152856 0.       0.108076 0.       0.       0.105581],[0. 0. 0. 0. 1. 0. 0. 0. 1. 0. 1. 0. 0. 0. 1. 0. 0. 0. 1. 1. 0. 0. 0. 0. 0. 1. 0. 1. 0. 0. 1.],9.0,1000,100,0.01,0.0045,1,11,idID,,first,single_objective
396,0.15272669972076253,0.3207260694136013,0.004717700000000001,[0.       0.       0.       0.       0.105581 0.       0.       0.       0.105581 0.       0.105581 0.       0.       0.       0.105581 0.       0.       0.       0.105581 0.105581 0.       0.       0.       0.       0.       0.152856 0.       0.108076 0.       0.       0.105581],[0. 0. 0. 0. 1. 0. 0. 0. 1. 0. 1. 0. 0. 0. 1. 0. 0. 0. 1. 1. 0. 0. 0. 0. 0. 1. 0. 1. 0. 0. 1.],9.0,1000,100,0.01,0.0045,1,11,idID,,first,single_objective
397,0.15272669972076253,0.3207260694136013,0.004717700000000001,[0.       0.       0.       0.       0.105581 0.       0.       0.       0.105581 0.       0.105581 0.       0.       0.       0.105581 0.       0.       0.       0.105581 0.105581 0.       0.       0.       0.       0.       0.152856 0.       0.108076 0.       0.       0.105581],[0. 0. 0. 0. 1. 0. 0. 0. 1. 0. 1. 0. 0. 0. 1. 0. 0. 0. 1. 1. 0. 0. 0. 0. 0. 1. 0. 1. 0. 0. 1.],9.0,1000,100,0.01,0.0045,1,11,idID,,first,single_objective
398,0.15272669972076253,0.3207260694136013,0.004717700000000001,[0.       0.       0.       0.       0.105581 0.       0.       0.       0.105581 0.       0.105581 0.       0.       0.       0.105581 0.       0.       0.       0.105581 0.105581 0.       0.       0.       0.       0.       0.152856 0.       0.108076 0.       0.       0.105581],[0. 0. 0. 0. 1. 0. 0. 0. 1. 0. 1. 0. 0. 0. 1. 0. 0. 0. 1. 1. 0. 0. 0. 0. 0. 1. 0. 1. 0. 0. 1.],9.0,1000,100,0.01,0.0045,1,11,idID,,first,single_objective
399,0.15272669972076253,0.3207260694136013,0.004717700000000001,[0.       0.       0.       0.       0.105581 0.       0.       0.       0.105581 0.       0.105581 0.       0.       0.       0.105581 0.       0.       0.       0.105581 0.105581 0.       0.       0.       0.       0.       0.152856 0.       0.108076 0.       0.       0.105581],[0. 0. 0. 0. 1. 0. 0. 0. 1. 0. 1. 0. 0. 0. 1. 0. 0. 0. 1. 1. 0. 0. 0. 0. 0. 1. 0. 1. 0. 0. 1.],9.0,1000,100,0.01,0.0045,1,11,idID,,first,single_objective
400,0.15272669972076253,0.3207260694136013,0.004717700000000001,[0.       0.       0.       0.       0.105581 0.       0.       0.       0.105581 0.       0.105581 0.       0.       0.       0.105581 0.       0.       0.       0.105581 0.105581 0.       0.       0.       0.       0.       0.152856 0.       0.108076 0.       0.       0.105581],[0. 0. 0. 0. 1. 0. 0. 0. 1. 0. 1. 0. 0. 0. 1. 0. 0. 0. 1. 1. 0. 0. 0. 0. 0. 1. 0. 1. 0. 0. 1.],9.0,1000,100,0.01,0.0045,1,11,idID,,first,single_objective
401,0.15272669972076253,0.3207260694136013,0.004717700000000001,[0.       0.       0.       0.       0.105581 0.       0.       0.       0.105581 0.       0.105581 0.       0.       0.       0.105581 0.       0.       0.       0.105581 0.105581 0.       0.       0.       0.       0.       0.152856 0.       0.108076 0.       0.       0.105581],[0. 0. 0. 0. 1. 0. 0. 0. 1. 0. 1. 0. 0. 0. 1. 0. 0. 0. 1. 1. 0. 0. 0. 0. 0. 1. 0. 1. 0. 0. 1.],9.0,1000,100,0.01,0.0045,1,11,idID,,first,single_objective
402,0.15272669972076253,0.3207260694136013,0.004717700000000001,[0.       0.       0.       0.       0.105581 0.       0.       0.       0.105581 0.       0.105581 0.       0.       0.       0.105581 0.       0.       0.       0.105581 0.105581 0.       0.       0.       0.       0.       0.152856 0.       0.108076 0.       0.       0.105581],[0. 0. 0. 0. 1. 0. 0. 0. 1. 0. 1. 0. 0. 0. 1. 0. 0. 0. 1. 1. 0. 0. 0. 0. 0. 1. 0. 1. 0. 0. 1.],9.0,1000,100,0.01,0.0045,1,11,idID,,first,single_objective
403,0.15272669972076253,0.3207260694136013,0.004717700000000001,[0.       0.       0.       0.       0.105581 0.       0.       0.       0.105581 0.       0.105581 0.       0.       0.       0.105581 0.       0.       0.       0.105581 0.105581 0.       0.       0.       0.       0.       0.152856 0.       0.108076 0.       0.       0.105581],[0. 0. 0. 0. 1. 0. 0. 0. 1. 0. 1. 0. 0. 0. 1. 0. 0. 0. 1. 1. 0. 0. 0. 0. 0. 1. 0. 1. 0. 0. 1.],9.0,1000,100,0.01,0.0045,1,11,idID,,first,single_objective
404,0.15272669972076253,0.3207260694136013,0.004717700000000001,[0.       0.       0.       0.       0.105581 0.       0.       0.       0.105581 0.       0.105581 0.       0.       0.       0.105581 0.       0.       0.       0.105581 0.105581 0.       0.       0.       0.       0.       0.152856 0.       0.108076 0.       0.       0.105581],[0. 0. 0. 0. 1. 0. 0. 0. 1. 0. 1. 0. 0. 0. 1. 0. 0. 0. 1. 1. 0. 0. 0. 0. 0. 1. 0. 1. 0. 0. 1.],9.0,1000,100,0.01,0.0045,1,11,idID,,first,single_objective
405,0.15272669972076253,0.3207260694136013,0.004717700000000001,[0.       0.       0.       0.       0.105581 0.       0.       0.       0.105581 0.       0.105581 0.       0.       0.       0.105581 0.       0.       0.       0.105581 0.105581 0.       0.       0.       0.       0.       0.152856 0.       0.108076 0.       0.       0.105581],[0. 0. 0. 0. 1. 0. 0. 0. 1. 0. 1. 0. 0. 0. 1. 0. 0. 0. 1. 1. 0. 0. 0. 0. 0. 1. 0. 1. 0. 0. 1.],9.0,1000,100,0.01,0.0045,1,11,idID,,first,single_objective
406,0.15272669972076253,0.3207260694136013,0.004717700000000001,[0.       0.       0.       0.       0.105581 0.       0.       0.       0.105581 0.       0.105581 0.       0.       0.       0.105581 0.       0.       0.       0.105581 0.105581 0.       0.       0.       0.       0.       0.152856 0.       0.108076 0.       0.       0.105581],[0. 0. 0. 0. 1. 0. 0. 0. 1. 0. 1. 0. 0. 0. 1. 0. 0. 0. 1. 1. 0. 0. 0. 0. 0. 1. 0. 1. 0. 0. 1.],9.0,1000,100,0.01,0.0045,1,11,idID,,first,single_objective
407,0.15272669972076253,0.3207260694136013,0.004717700000000001,[0.       0.       0.       0.       0.105581 0.       0.       0.       0.105581 0.       0.105581 0.       0.       0.       0.105581 0.       0.       0.       0.105581 0.105581 0.       0.       0.       0.       0.       0.152856 0.       0.108076 0.       0.       0.105581],[0. 0. 0. 0. 1. 0. 0. 0. 1. 0. 1. 0. 0. 0. 1. 0. 0. 0. 1. 1. 0. 0. 0. 0. 0. 1. 0. 1. 0. 0. 1.],9.0,1000,100,0.01,0.0045,1,11,idID,,first,single_objective
408,0.15272669972076253,0.3207260694136013,0.004717700000000001,[0.       0.       0.       0.       0.105581 0.       0.       0.       0.105581 0.       0.105581 0.       0.       0.       0.105581 0.       0.       0.       0.105581 0.105581 0.       0.       0.       0.       0.       0.152856 0.       0.108076 0.       0.       0.105581],[0. 0. 0. 0. 1. 0. 0. 0. 1. 0. 1. 0. 0. 0. 1. 0. 0. 0. 1. 1. 0. 0. 0. 0. 0. 1. 0. 1. 0. 0. 1.],9.0,1000,100,0.01,0.0045,1,11,idID,,first,single_objective
409,0.15272669972076253,0.3207260694136013,0.004717700000000001,[0.       0.       0.       0.       0.105581 0.       0.       0.       0.105581 0.       0.105581 0.       0.       0.       0.105581 0.       0.       0.       0.105581 0.105581 0.       0.       0.       0.       0.       0.152856 0.       0.108076 0.       0.       0.105581],[0. 0. 0. 0. 1. 0. 0. 0. 1. 0. 1. 0. 0. 0. 1. 0. 0. 0. 1. 1. 0. 0. 0. 0. 0. 1. 0. 1. 0. 0. 1.],9.0,1000,100,0.01,0.0045,1,11,idID,,first,single_objective
410,0.15272669972076253,0.3207260694136013,0.004717700000000001,[0.       0.       0.       0.       0.105581 0.       0.       0.       0.105581 0.       0.105581 0.       0.       0.       0.105581 0.       0.       0.       0.105581 0.105581 0.       0.       0.       0.       0.       0.152856 0.       0.108076 0.       0.       0.105581],[0. 0. 0. 0. 1. 0. 0. 0. 1. 0. 1. 0. 0. 0. 1. 0. 0. 0. 1. 1. 0. 0. 0. 0. 0. 1. 0. 1. 0. 0. 1.],9.0,1000,100,0.01,0.0045,1,11,idID,,first,single_objective
411,0.15272669972076253,0.3207260694136013,0.004717700000000001,[0.       0.       0.       0.       0.105581 0.       0.       0.       0.105581 0.       0.105581 0.       0.       0.       0.105581 0.       0.       0.       0.105581 0.105581 0.       0.       0.       0.       0.       0.152856 0.       0.108076 0.       0.       0.105581],[0. 0. 0. 0. 1. 0. 0. 0. 1. 0. 1. 0. 0. 0. 1. 0. 0. 0. 1. 1. 0. 0. 0. 0. 0. 1. 0. 1. 0. 0. 1.],9.0,1000,100,0.01,0.0045,1,11,idID,,first,single_objective
412,0.15272669972076253,0.3207260694136013,0.004717700000000001,[0.       0.       0.       0.       0.105581 0.       0.       0.       0.105581 0.       0.105581 0.       0.       0.       0.105581 0.       0.       0.       0.105581 0.105581 0.       0.       0.       0.       0.       0.152856 0.       0.108076 0.       0.       0.105581],[0. 0. 0. 0. 1. 0. 0. 0. 1. 0. 1. 0. 0. 0. 1. 0. 0. 0. 1. 1. 0. 0. 0. 0. 0. 1. 0. 1. 0. 0. 1.],9.0,1000,100,0.01,0.0045,1,11,idID,,first,single_objective
413,0.15272669972076253,0.3207260694136013,0.004717700000000001,[0.       0.       0.       0.       0.105581 0.       0.       0.       0.105581 0.       0.105581 0.       0.       0.       0.105581 0.       0.       0.       0.105581 0.105581 0.       0.       0.       0.       0.       0.152856 0.       0.108076 0.       0.       0.105581],[0. 0. 0. 0. 1. 0. 0. 0. 1. 0. 1. 0. 0. 0. 1. 0. 0. 0. 1. 1. 0. 0. 0. 0. 0. 1. 0. 1. 0. 0. 1.],9.0,1000,100,0.01,0.0045,1,11,idID,,first,single_objective
414,0.15272669972076253,0.3207260694136013,0.004717700000000001,[0.       0.       0.       0.       0.105581 0.       0.       0.       0.105581 0.       0.105581 0.       0.       0.       0.105581 0.       0.       0.       0.105581 0.105581 0.       0.       0.       0.       0.       0.152856 0.       0.108076 0.       0.       0.105581],[0. 0. 0. 0. 1. 0. 0. 0. 1. 0. 1. 0. 0. 0. 1. 0. 0. 0. 1. 1. 0. 0. 0. 0. 0. 1. 0. 1. 0. 0. 1.],9.0,1000,100,0.01,0.0045,1,11,idID,,first,single_objective
415,0.15272669972076253,0.3207260694136013,0.004717700000000001,[0.       0.       0.       0.       0.105581 0.       0.       0.       0.105581 0.       0.105581 0.       0.       0.       0.105581 0.       0.       0.       0.105581 0.105581 0.       0.       0.       0.       0.       0.152856 0.       0.108076 0.       0.       0.105581],[0. 0. 0. 0. 1. 0. 0. 0. 1. 0. 1. 0. 0. 0. 1. 0. 0. 0. 1. 1. 0. 0. 0. 0. 0. 1. 0. 1. 0. 0. 1.],9.0,1000,100,0.01,0.0045,1,11,idID,,first,single_objective
416,0.15272669972076253,0.3207260694136013,0.004717700000000001,[0.       0.       0.       0.       0.105581 0.       0.       0.       0.105581 0.       0.105581 0.       0.       0.       0.105581 0.       0.       0.       0.105581 0.105581 0.       0.       0.       0.       0.       0.152856 0.       0.108076 0.       0.       0.105581],[0. 0. 0. 0. 1. 0. 0. 0. 1. 0. 1. 0. 0. 0. 1. 0. 0. 0. 1. 1. 0. 0. 0. 0. 0. 1. 0. 1. 0. 0. 1.],9.0,1000,100,0.01,0.0045,1,11,idID,,first,single_objective
417,0.15272669972076253,0.3207260694136013,0.004717700000000001,[0.       0.       0.       0.       0.105581 0.       0.       0.       0.105581 0.       0.105581 0.       0.       0.       0.105581 0.       0.       0.       0.105581 0.105581 0.       0.       0.       0.       0.       0.152856 0.       0.108076 0.       0.       0.105581],[0. 0. 0. 0. 1. 0. 0. 0. 1. 0. 1. 0. 0. 0. 1. 0. 0. 0. 1. 1. 0. 0. 0. 0. 0. 1. 0. 1. 0. 0. 1.],9.0,1000,100,0.01,0.0045,1,11,idID,,first,single_objective
418,0.15272669972076253,0.3207260694136013,0.004717700000000001,[0.       0.       0.       0.       0.105581 0.       0.       0.       0.105581 0.       0.105581 0.       0.       0.       0.105581 0.       0.       0.       0.105581 0.105581 0.       0.       0.       0.       0.       0.152856 0.       0.108076 0.       0.       0.105581],[0. 0. 0. 0. 1. 0. 0. 0. 1. 0. 1. 0. 0. 0. 1. 0. 0. 0. 1. 1. 0. 0. 0. 0. 0. 1. 0. 1. 0. 0. 1.],9.0,1000,100,0.01,0.0045,1,11,idID,,first,single_objective
419,0.15272669972076253,0.3207260694136013,0.004717700000000001,[0.       0.       0.       0.       0.105581 0.       0.       0.       0.105581 0.       0.105581 0.       0.       0.       0.105581 0.       0.       0.       0.105581 0.105581 0.       0.       0.       0.       0.       0.152856 0.       0.108076 0.       0.       0.105581],[0. 0. 0. 0. 1. 0. 0. 0. 1. 0. 1. 0. 0. 0. 1. 0. 0. 0. 1. 1. 0. 0. 0. 0. 0. 1. 0. 1. 0. 0. 1.],9.0,1000,100,0.01,0.0045,1,11,idID,,first,single_objective
420,0.15272669972076253,0.3207260694136013,0.004717700000000001,[0.       0.       0.       0.       0.105581 0.       0.       0.       0.105581 0.       0.105581 0.       0.       0.       0.105581 0.       0.       0.       0.105581 0.105581 0.       0.       0.       0.       0.       0.152856 0.       0.108076 0.       0.       0.105581],[0. 0. 0. 0. 1. 0. 0. 0. 1. 0. 1. 0. 0. 0. 1. 0. 0. 0. 1. 1. 0. 0. 0. 0. 0. 1. 0. 1. 0. 0. 1.],9.0,1000,100,0.01,0.0045,1,11,idID,,first,single_objective
421,0.15272669972076253,0.3207260694136013,0.004717700000000001,[0.       0.       0.       0.       0.105581 0.       0.       0.       0.105581 0.       0.105581 0.       0.       0.       0.105581 0.       0.       0.       0.105581 0.105581 0.       0.       0.       0.       0.       0.152856 0.       0.108076 0.       0.       0.105581],[0. 0. 0. 0. 1. 0. 0. 0. 1. 0. 1. 0. 0. 0. 1. 0. 0. 0. 1. 1. 0. 0. 0. 0. 0. 1. 0. 1. 0. 0. 1.],9.0,1000,100,0.01,0.0045,1,11,idID,,first,single_objective
422,0.15272669972076253,0.3207260694136013,0.004717700000000001,[0.       0.       0.       0.       0.105581 0.       0.       0.       0.105581 0.       0.105581 0.       0.       0.       0.105581 0.       0.       0.       0.105581 0.105581 0.       0.       0.       0.       0.       0.152856 0.       0.108076 0.       0.       0.105581],[0. 0. 0. 0. 1. 0. 0. 0. 1. 0. 1. 0. 0. 0. 1. 0. 0. 0. 1. 1. 0. 0. 0. 0. 0. 1. 0. 1. 0. 0. 1.],9.0,1000,100,0.01,0.0045,1,11,idID,,first,single_objective
423,0.15272669972076253,0.3207260694136013,0.004717700000000001,[0.       0.       0.       0.       0.105581 0.       0.       0.       0.105581 0.       0.105581 0.       0.       0.       0.105581 0.       0.       0.       0.105581 0.105581 0.       0.       0.       0.       0.       0.152856 0.       0.108076 0.       0.       0.105581],[0. 0. 0. 0. 1. 0. 0. 0. 1. 0. 1. 0. 0. 0. 1. 0. 0. 0. 1. 1. 0. 0. 0. 0. 0. 1. 0. 1. 0. 0. 1.],9.0,1000,100,0.01,0.0045,1,11,idID,,first,single_objective
424,0.15272669972076253,0.3207260694136013,0.004717700000000001,[0.       0.       0.       0.       0.105581 0.       0.       0.       0.105581 0.       0.105581 0.       0.       0.       0.105581 0.       0.       0.       0.105581 0.105581 0.       0.       0.       0.       0.       0.152856 0.       0.108076 0.       0.       0.105581],[0. 0. 0. 0. 1. 0. 0. 0. 1. 0. 1. 0. 0. 0. 1. 0. 0. 0. 1. 1. 0. 0. 0. 0. 0. 1. 0. 1. 0. 0. 1.],9.0,1000,100,0.01,0.0045,1,11,idID,,first,single_objective
425,0.15272669972076253,0.3207260694136013,0.004717700000000001,[0.       0.       0.       0.       0.105581 0.       0.       0.       0.105581 0.       0.105581 0.       0.       0.       0.105581 0.       0.       0.       0.105581 0.105581 0.       0.       0.       0.       0.       0.152856 0.       0.108076 0.       0.       0.105581],[0. 0. 0. 0. 1. 0. 0. 0. 1. 0. 1. 0. 0. 0. 1. 0. 0. 0. 1. 1. 0. 0. 0. 0. 0. 1. 0. 1. 0. 0. 1.],9.0,1000,100,0.01,0.0045,1,11,idID,,first,single_objective
426,0.15272669972076253,0.3207260694136013,0.004717700000000001,[0.       0.       0.       0.       0.105581 0.       0.       0.       0.105581 0.       0.105581 0.       0.       0.       0.105581 0.       0.       0.       0.105581 0.105581 0.       0.       0.       0.       0.       0.152856 0.       0.108076 0.       0.       0.105581],[0. 0. 0. 0. 1. 0. 0. 0. 1. 0. 1. 0. 0. 0. 1. 0. 0. 0. 1. 1. 0. 0. 0. 0. 0. 1. 0. 1. 0. 0. 1.],9.0,1000,100,0.01,0.0045,1,11,idID,,first,single_objective
427,0.15272669972076253,0.3207260694136013,0.004717700000000001,[0.       0.       0.       0.       0.105581 0.       0.       0.       0.105581 0.       0.105581 0.       0.       0.       0.105581 0.       0.       0.       0.105581 0.105581 0.       0.       0.       0.       0.       0.152856 0.       0.108076 0.       0.       0.105581],[0. 0. 0. 0. 1. 0. 0. 0. 1. 0. 1. 0. 0. 0. 1. 0. 0. 0. 1. 1. 0. 0. 0. 0. 0. 1. 0. 1. 0. 0. 1.],9.0,1000,100,0.01,0.0045,1,11,idID,,first,single_objective
428,0.15272669972076253,0.3207260694136013,0.004717700000000001,[0.       0.       0.       0.       0.105581 0.       0.       0.       0.105581 0.       0.105581 0.       0.       0.       0.105581 0.       0.       0.       0.105581 0.105581 0.       0.       0.       0.       0.       0.152856 0.       0.108076 0.       0.       0.105581],[0. 0. 0. 0. 1. 0. 0. 0. 1. 0. 1. 0. 0. 0. 1. 0. 0. 0. 1. 1. 0. 0. 0. 0. 0. 1. 0. 1. 0. 0. 1.],9.0,1000,100,0.01,0.0045,1,11,idID,,first,single_objective
429,0.15272669972076253,0.3207260694136013,0.004717700000000001,[0.       0.       0.       0.       0.105581 0.       0.       0.       0.105581 0.       0.105581 0.       0.       0.       0.105581 0.       0.       0.       0.105581 0.105581 0.       0.       0.       0.       0.       0.152856 0.       0.108076 0.       0.       0.105581],[0. 0. 0. 0. 1. 0. 0. 0. 1. 0. 1. 0. 0. 0. 1. 0. 0. 0. 1. 1. 0. 0. 0. 0. 0. 1. 0. 1. 0. 0. 1.],9.0,1000,100,0.01,0.0045,1,11,idID,,first,single_objective
430,0.15272669972076253,0.3207260694136013,0.004717700000000001,[0.       0.       0.       0.       0.105581 0.       0.       0.       0.105581 0.       0.105581 0.       0.       0.       0.105581 0.       0.       0.       0.105581 0.105581 0.       0.       0.       0.       0.       0.152856 0.       0.108076 0.       0.       0.105581],[0. 0. 0. 0. 1. 0. 0. 0. 1. 0. 1. 0. 0. 0. 1. 0. 0. 0. 1. 1. 0. 0. 0. 0. 0. 1. 0. 1. 0. 0. 1.],9.0,1000,100,0.01,0.0045,1,11,idID,,first,single_objective
431,0.15272669972076253,0.3207260694136013,0.004717700000000001,[0.       0.       0.       0.       0.105581 0.       0.       0.       0.105581 0.       0.105581 0.       0.       0.       0.105581 0.       0.       0.       0.105581 0.105581 0.       0.       0.       0.       0.       0.152856 0.       0.108076 0.       0.       0.105581],[0. 0. 0. 0. 1. 0. 0. 0. 1. 0. 1. 0. 0. 0. 1. 0. 0. 0. 1. 1. 0. 0. 0. 0. 0. 1. 0. 1. 0. 0. 1.],9.0,1000,100,0.01,0.0045,1,11,idID,,first,single_objective
432,0.15272669972076253,0.3207260694136013,0.004717700000000001,[0.       0.       0.       0.       0.105581 0.       0.       0.       0.105581 0.       0.105581 0.       0.       0.       0.105581 0.       0.       0.       0.105581 0.105581 0.       0.       0.       0.       0.       0.152856 0.       0.108076 0.       0.       0.105581],[0. 0. 0. 0. 1. 0. 0. 0. 1. 0. 1. 0. 0. 0. 1. 0. 0. 0. 1. 1. 0. 0. 0. 0. 0. 1. 0. 1. 0. 0. 1.],9.0,1000,100,0.01,0.0045,1,11,idID,,first,single_objective
433,0.15272669972076253,0.3207260694136013,0.004717700000000001,[0.       0.       0.       0.       0.105581 0.       0.       0.       0.105581 0.       0.105581 0.       0.       0.       0.105581 0.       0.       0.       0.105581 0.105581 0.       0.       0.       0.       0.       0.152856 0.       0.108076 0.       0.       0.105581],[0. 0. 0. 0. 1. 0. 0. 0. 1. 0. 1. 0. 0. 0. 1. 0. 0. 0. 1. 1. 0. 0. 0. 0. 0. 1. 0. 1. 0. 0. 1.],9.0,1000,100,0.01,0.0045,1,11,idID,,first,single_objective
434,0.15272669972076253,0.3207260694136013,0.004717700000000001,[0.       0.       0.       0.       0.105581 0.       0.       0.       0.105581 0.       0.105581 0.       0.       0.       0.105581 0.       0.       0.       0.105581 0.105581 0.       0.       0.       0.       0.       0.152856 0.       0.108076 0.       0.       0.105581],[0. 0. 0. 0. 1. 0. 0. 0. 1. 0. 1. 0. 0. 0. 1. 0. 0. 0. 1. 1. 0. 0. 0. 0. 0. 1. 0. 1. 0. 0. 1.],9.0,1000,100,0.01,0.0045,1,11,idID,,first,single_objective
435,0.15272669972076253,0.3207260694136013,0.004717700000000001,[0.       0.       0.       0.       0.105581 0.       0.       0.       0.105581 0.       0.105581 0.       0.       0.       0.105581 0.       0.       0.       0.105581 0.105581 0.       0.       0.       0.       0.       0.152856 0.       0.108076 0.       0.       0.105581],[0. 0. 0. 0. 1. 0. 0. 0. 1. 0. 1. 0. 0. 0. 1. 0. 0. 0. 1. 1. 0. 0. 0. 0. 0. 1. 0. 1. 0. 0. 1.],9.0,1000,100,0.01,0.0045,1,11,idID,,first,single_objective
436,0.15272669972076253,0.3207260694136013,0.004717700000000001,[0.       0.       0.       0.       0.105581 0.       0.       0.       0.105581 0.       0.105581 0.       0.       0.       0.105581 0.       0.       0.       0.105581 0.105581 0.       0.       0.       0.       0.       0.152856 0.       0.108076 0.       0.       0.105581],[0. 0. 0. 0. 1. 0. 0. 0. 1. 0. 1. 0. 0. 0. 1. 0. 0. 0. 1. 1. 0. 0. 0. 0. 0. 1. 0. 1. 0. 0. 1.],9.0,1000,100,0.01,0.0045,1,11,idID,,first,single_objective
437,0.15272669972076253,0.3207260694136013,0.004717700000000001,[0.       0.       0.       0.       0.105581 0.       0.       0.       0.105581 0.       0.105581 0.       0.       0.       0.105581 0.       0.       0.       0.105581 0.105581 0.       0.       0.       0.       0.       0.152856 0.       0.108076 0.       0.       0.105581],[0. 0. 0. 0. 1. 0. 0. 0. 1. 0. 1. 0. 0. 0. 1. 0. 0. 0. 1. 1. 0. 0. 0. 0. 0. 1. 0. 1. 0. 0. 1.],9.0,1000,100,0.01,0.0045,1,11,idID,,first,single_objective
438,0.15272669972076253,0.3207260694136013,0.004717700000000001,[0.       0.       0.       0.       0.105581 0.       0.       0.       0.105581 0.       0.105581 0.       0.       0.       0.105581 0.       0.       0.       0.105581 0.105581 0.       0.       0.       0.       0.       0.152856 0.       0.108076 0.       0.       0.105581],[0. 0. 0. 0. 1. 0. 0. 0. 1. 0. 1. 0. 0. 0. 1. 0. 0. 0. 1. 1. 0. 0. 0. 0. 0. 1. 0. 1. 0. 0. 1.],9.0,1000,100,0.01,0.0045,1,11,idID,,first,single_objective
439,0.15272669972076253,0.3207260694136013,0.004717700000000001,[0.       0.       0.       0.       0.105581 0.       0.       0.       0.105581 0.       0.105581 0.       0.       0.       0.105581 0.       0.       0.       0.105581 0.105581 0.       0.       0.       0.       0.       0.152856 0.       0.108076 0.       0.       0.105581],[0. 0. 0. 0. 1. 0. 0. 0. 1. 0. 1. 0. 0. 0. 1. 0. 0. 0. 1. 1. 0. 0. 0. 0. 0. 1. 0. 1. 0. 0. 1.],9.0,1000,100,0.01,0.0045,1,11,idID,,first,single_objective
440,0.15272669972076253,0.3207260694136013,0.004717700000000001,[0.       0.       0.       0.       0.105581 0.       0.       0.       0.105581 0.       0.105581 0.       0.       0.       0.105581 0.       0.       0.       0.105581 0.105581 0.       0.       0.       0.       0.       0.152856 0.       0.108076 0.       0.       0.105581],[0. 0. 0. 0. 1. 0. 0. 0. 1. 0. 1. 0. 0. 0. 1. 0. 0. 0. 1. 1. 0. 0. 0. 0. 0. 1. 0. 1. 0. 0. 1.],9.0,1000,100,0.01,0.0045,1,11,idID,,first,single_objective
441,0.15272669972076253,0.3207260694136013,0.004717700000000001,[0.       0.       0.       0.       0.105581 0.       0.       0.       0.105581 0.       0.105581 0.       0.       0.       0.105581 0.       0.       0.       0.105581 0.105581 0.       0.       0.       0.       0.       0.152856 0.       0.108076 0.       0.       0.105581],[0. 0. 0. 0. 1. 0. 0. 0. 1. 0. 1. 0. 0. 0. 1. 0. 0. 0. 1. 1. 0. 0. 0. 0. 0. 1. 0. 1. 0. 0. 1.],9.0,1000,100,0.01,0.0045,1,11,idID,,first,single_objective
442,0.15272669972076253,0.3207260694136013,0.004717700000000001,[0.       0.       0.       0.       0.105581 0.       0.       0.       0.105581 0.       0.105581 0.       0.       0.       0.105581 0.       0.       0.       0.105581 0.105581 0.       0.       0.       0.       0.       0.152856 0.       0.108076 0.       0.       0.105581],[0. 0. 0. 0. 1. 0. 0. 0. 1. 0. 1. 0. 0. 0. 1. 0. 0. 0. 1. 1. 0. 0. 0. 0. 0. 1. 0. 1. 0. 0. 1.],9.0,1000,100,0.01,0.0045,1,11,idID,,first,single_objective
443,0.15272669972076253,0.3207260694136013,0.004717700000000001,[0.       0.       0.       0.       0.105581 0.       0.       0.       0.105581 0.       0.105581 0.       0.       0.       0.105581 0.       0.       0.       0.105581 0.105581 0.       0.       0.       0.       0.       0.152856 0.       0.108076 0.       0.       0.105581],[0. 0. 0. 0. 1. 0. 0. 0. 1. 0. 1. 0. 0. 0. 1. 0. 0. 0. 1. 1. 0. 0. 0. 0. 0. 1. 0. 1. 0. 0. 1.],9.0,1000,100,0.01,0.0045,1,11,idID,,first,single_objective
444,0.15272669972076253,0.3207260694136013,0.004717700000000001,[0.       0.       0.       0.       0.105581 0.       0.       0.       0.105581 0.       0.105581 0.       0.       0.       0.105581 0.       0.       0.       0.105581 0.105581 0.       0.       0.       0.       0.       0.152856 0.       0.108076 0.       0.       0.105581],[0. 0. 0. 0. 1. 0. 0. 0. 1. 0. 1. 0. 0. 0. 1. 0. 0. 0. 1. 1. 0. 0. 0. 0. 0. 1. 0. 1. 0. 0. 1.],9.0,1000,100,0.01,0.0045,1,11,idID,,first,single_objective
445,0.15272669972076253,0.3207260694136013,0.004717700000000001,[0.       0.       0.       0.       0.105581 0.       0.       0.       0.105581 0.       0.105581 0.       0.       0.       0.105581 0.       0.       0.       0.105581 0.105581 0.       0.       0.       0.       0.       0.152856 0.       0.108076 0.       0.       0.105581],[0. 0. 0. 0. 1. 0. 0. 0. 1. 0. 1. 0. 0. 0. 1. 0. 0. 0. 1. 1. 0. 0. 0. 0. 0. 1. 0. 1. 0. 0. 1.],9.0,1000,100,0.01,0.0045,1,11,idID,,first,single_objective
446,0.15272669972076253,0.3207260694136013,0.004717700000000001,[0.       0.       0.       0.       0.105581 0.       0.       0.       0.105581 0.       0.105581 0.       0.       0.       0.105581 0.       0.       0.       0.105581 0.105581 0.       0.       0.       0.       0.       0.152856 0.       0.108076 0.       0.       0.105581],[0. 0. 0. 0. 1. 0. 0. 0. 1. 0. 1. 0. 0. 0. 1. 0. 0. 0. 1. 1. 0. 0. 0. 0. 0. 1. 0. 1. 0. 0. 1.],9.0,1000,100,0.01,0.0045,1,11,idID,,first,single_objective
447,0.15272669972076253,0.3207260694136013,0.004717700000000001,[0.       0.       0.       0.       0.105581 0.       0.       0.       0.105581 0.       0.105581 0.       0.       0.       0.105581 0.       0.       0.       0.105581 0.105581 0.       0.       0.       0.       0.       0.152856 0.       0.108076 0.       0.       0.105581],[0. 0. 0. 0. 1. 0. 0. 0. 1. 0. 1. 0. 0. 0. 1. 0. 0. 0. 1. 1. 0. 0. 0. 0. 0. 1. 0. 1. 0. 0. 1.],9.0,1000,100,0.01,0.0045,1,11,idID,,first,single_objective
448,0.15272669972076253,0.3207260694136013,0.004717700000000001,[0.       0.       0.       0.       0.105581 0.       0.       0.       0.105581 0.       0.105581 0.       0.       0.       0.105581 0.       0.       0.       0.105581 0.105581 0.       0.       0.       0.       0.       0.152856 0.       0.108076 0.       0.       0.105581],[0. 0. 0. 0. 1. 0. 0. 0. 1. 0. 1. 0. 0. 0. 1. 0. 0. 0. 1. 1. 0. 0. 0. 0. 0. 1. 0. 1. 0. 0. 1.],9.0,1000,100,0.01,0.0045,1,11,idID,,first,single_objective
449,0.15272669972076253,0.3207260694136013,0.004717700000000001,[0.       0.       0.       0.       0.105581 0.       0.       0.       0.105581 0.       0.105581 0.       0.       0.       0.105581 0.       0.       0.       0.105581 0.105581 0.       0.       0.       0.       0.       0.152856 0.       0.108076 0.       0.       0.105581],[0. 0. 0. 0. 1. 0. 0. 0. 1. 0. 1. 0. 0. 0. 1. 0. 0. 0. 1. 1. 0. 0. 0. 0. 0. 1. 0. 1. 0. 0. 1.],9.0,1000,100,0.01,0.0045,1,11,idID,,first,single_objective
450,0.15272669972076253,0.3207260694136013,0.004717700000000001,[0.       0.       0.       0.       0.105581 0.       0.       0.       0.105581 0.       0.105581 0.       0.       0.       0.105581 0.       0.       0.       0.105581 0.105581 0.       0.       0.       0.       0.       0.152856 0.       0.108076 0.       0.       0.105581],[0. 0. 0. 0. 1. 0. 0. 0. 1. 0. 1. 0. 0. 0. 1. 0. 0. 0. 1. 1. 0. 0. 0. 0. 0. 1. 0. 1. 0. 0. 1.],9.0,1000,100,0.01,0.0045,1,11,idID,,first,single_objective
451,0.15272669972076253,0.3207260694136013,0.004717700000000001,[0.       0.       0.       0.       0.105581 0.       0.       0.       0.105581 0.       0.105581 0.       0.       0.       0.105581 0.       0.       0.       0.105581 0.105581 0.       0.       0.       0.       0.       0.152856 0.       0.108076 0.       0.       0.105581],[0. 0. 0. 0. 1. 0. 0. 0. 1. 0. 1. 0. 0. 0. 1. 0. 0. 0. 1. 1. 0. 0. 0. 0. 0. 1. 0. 1. 0. 0. 1.],9.0,1000,100,0.01,0.0045,1,11,idID,,first,single_objective
452,0.15272669972076253,0.3207260694136013,0.004717700000000001,[0.       0.       0.       0.       0.105581 0.       0.       0.       0.105581 0.       0.105581 0.       0.       0.       0.105581 0.       0.       0.       0.105581 0.105581 0.       0.       0.       0.       0.       0.152856 0.       0.108076 0.       0.       0.105581],[0. 0. 0. 0. 1. 0. 0. 0. 1. 0. 1. 0. 0. 0. 1. 0. 0. 0. 1. 1. 0. 0. 0. 0. 0. 1. 0. 1. 0. 0. 1.],9.0,1000,100,0.01,0.0045,1,11,idID,,first,single_objective
453,0.15272669972076253,0.3207260694136013,0.004717700000000001,[0.       0.       0.       0.       0.105581 0.       0.       0.       0.105581 0.       0.105581 0.       0.       0.       0.105581 0.       0.       0.       0.105581 0.105581 0.       0.       0.       0.       0.       0.152856 0.       0.108076 0.       0.       0.105581],[0. 0. 0. 0. 1. 0. 0. 0. 1. 0. 1. 0. 0. 0. 1. 0. 0. 0. 1. 1. 0. 0. 0. 0. 0. 1. 0. 1. 0. 0. 1.],9.0,1000,100,0.01,0.0045,1,11,idID,,first,single_objective
454,0.15272669972076253,0.3207260694136013,0.004717700000000001,[0.       0.       0.       0.       0.105581 0.       0.       0.       0.105581 0.       0.105581 0.       0.       0.       0.105581 0.       0.       0.       0.105581 0.105581 0.       0.       0.       0.       0.       0.152856 0.       0.108076 0.       0.       0.105581],[0. 0. 0. 0. 1. 0. 0. 0. 1. 0. 1. 0. 0. 0. 1. 0. 0. 0. 1. 1. 0. 0. 0. 0. 0. 1. 0. 1. 0. 0. 1.],9.0,1000,100,0.01,0.0045,1,11,idID,,first,single_objective
455,0.15272669972076253,0.3207260694136013,0.004717700000000001,[0.       0.       0.       0.       0.105581 0.       0.       0.       0.105581 0.       0.105581 0.       0.       0.       0.105581 0.       0.       0.       0.105581 0.105581 0.       0.       0.       0.       0.       0.152856 0.       0.108076 0.       0.       0.105581],[0. 0. 0. 0. 1. 0. 0. 0. 1. 0. 1. 0. 0. 0. 1. 0. 0. 0. 1. 1. 0. 0. 0. 0. 0. 1. 0. 1. 0. 0. 1.],9.0,1000,100,0.01,0.0045,1,11,idID,,first,single_objective
456,0.15272669972076253,0.3207260694136013,0.004717700000000001,[0.       0.       0.       0.       0.105581 0.       0.       0.       0.105581 0.       0.105581 0.       0.       0.       0.105581 0.       0.       0.       0.105581 0.105581 0.       0.       0.       0.       0.       0.152856 0.       0.108076 0.       0.       0.105581],[0. 0. 0. 0. 1. 0. 0. 0. 1. 0. 1. 0. 0. 0. 1. 0. 0. 0. 1. 1. 0. 0. 0. 0. 0. 1. 0. 1. 0. 0. 1.],9.0,1000,100,0.01,0.0045,1,11,idID,,first,single_objective
457,0.15272669972076253,0.3207260694136013,0.004717700000000001,[0.       0.       0.       0.       0.105581 0.       0.       0.       0.105581 0.       0.105581 0.       0.       0.       0.105581 0.       0.       0.       0.105581 0.105581 0.       0.       0.       0.       0.       0.152856 0.       0.108076 0.       0.       0.105581],[0. 0. 0. 0. 1. 0. 0. 0. 1. 0. 1. 0. 0. 0. 1. 0. 0. 0. 1. 1. 0. 0. 0. 0. 0. 1. 0. 1. 0. 0. 1.],9.0,1000,100,0.01,0.0045,1,11,idID,,first,single_objective
458,0.15272669972076253,0.3207260694136013,0.004717700000000001,[0.       0.       0.       0.       0.105581 0.       0.       0.       0.105581 0.       0.105581 0.       0.       0.       0.105581 0.       0.       0.       0.105581 0.105581 0.       0.       0.       0.       0.       0.152856 0.       0.108076 0.       0.       0.105581],[0. 0. 0. 0. 1. 0. 0. 0. 1. 0. 1. 0. 0. 0. 1. 0. 0. 0. 1. 1. 0. 0. 0. 0. 0. 1. 0. 1. 0. 0. 1.],9.0,1000,100,0.01,0.0045,1,11,idID,,first,single_objective
459,0.15272669972076253,0.3207260694136013,0.004717700000000001,[0.       0.       0.       0.       0.105581 0.       0.       0.       0.105581 0.       0.105581 0.       0.       0.       0.105581 0.       0.       0.       0.105581 0.105581 0.       0.       0.       0.       0.       0.152856 0.       0.108076 0.       0.       0.105581],[0. 0. 0. 0. 1. 0. 0. 0. 1. 0. 1. 0. 0. 0. 1. 0. 0. 0. 1. 1. 0. 0. 0. 0. 0. 1. 0. 1. 0. 0. 1.],9.0,1000,100,0.01,0.0045,1,11,idID,,first,single_objective
460,0.15272669972076253,0.3207260694136013,0.004717700000000001,[0.       0.       0.       0.       0.105581 0.       0.       0.       0.105581 0.       0.105581 0.       0.       0.       0.105581 0.       0.       0.       0.105581 0.105581 0.       0.       0.       0.       0.       0.152856 0.       0.108076 0.       0.       0.105581],[0. 0. 0. 0. 1. 0. 0. 0. 1. 0. 1. 0. 0. 0. 1. 0. 0. 0. 1. 1. 0. 0. 0. 0. 0. 1. 0. 1. 0. 0. 1.],9.0,1000,100,0.01,0.0045,1,11,idID,,first,single_objective
461,0.15272669972076253,0.3207260694136013,0.004717700000000001,[0.       0.       0.       0.       0.105581 0.       0.       0.       0.105581 0.       0.105581 0.       0.       0.       0.105581 0.       0.       0.       0.105581 0.105581 0.       0.       0.       0.       0.       0.152856 0.       0.108076 0.       0.       0.105581],[0. 0. 0. 0. 1. 0. 0. 0. 1. 0. 1. 0. 0. 0. 1. 0. 0. 0. 1. 1. 0. 0. 0. 0. 0. 1. 0. 1. 0. 0. 1.],9.0,1000,100,0.01,0.0045,1,11,idID,,first,single_objective
462,0.15272669972076253,0.3207260694136013,0.004717700000000001,[0.       0.       0.       0.       0.105581 0.       0.       0.       0.105581 0.       0.105581 0.       0.       0.       0.105581 0.       0.       0.       0.105581 0.105581 0.       0.       0.       0.       0.       0.152856 0.       0.108076 0.       0.       0.105581],[0. 0. 0. 0. 1. 0. 0. 0. 1. 0. 1. 0. 0. 0. 1. 0. 0. 0. 1. 1. 0. 0. 0. 0. 0. 1. 0. 1. 0. 0. 1.],9.0,1000,100,0.01,0.0045,1,11,idID,,first,single_objective
463,0.15272669972076253,0.3207260694136013,0.004717700000000001,[0.       0.       0.       0.       0.105581 0.       0.       0.       0.105581 0.       0.105581 0.       0.       0.       0.105581 0.       0.       0.       0.105581 0.105581 0.       0.       0.       0.       0.       0.152856 0.       0.108076 0.       0.       0.105581],[0. 0. 0. 0. 1. 0. 0. 0. 1. 0. 1. 0. 0. 0. 1. 0. 0. 0. 1. 1. 0. 0. 0. 0. 0. 1. 0. 1. 0. 0. 1.],9.0,1000,100,0.01,0.0045,1,11,idID,,first,single_objective
464,0.15272669972076253,0.3207260694136013,0.004717700000000001,[0.       0.       0.       0.       0.105581 0.       0.       0.       0.105581 0.       0.105581 0.       0.       0.       0.105581 0.       0.       0.       0.105581 0.105581 0.       0.       0.       0.       0.       0.152856 0.       0.108076 0.       0.       0.105581],[0. 0. 0. 0. 1. 0. 0. 0. 1. 0. 1. 0. 0. 0. 1. 0. 0. 0. 1. 1. 0. 0. 0. 0. 0. 1. 0. 1. 0. 0. 1.],9.0,1000,100,0.01,0.0045,1,11,idID,,first,single_objective
465,0.15272669972076253,0.3207260694136013,0.004717700000000001,[0.       0.       0.       0.       0.105581 0.       0.       0.       0.105581 0.       0.105581 0.       0.       0.       0.105581 0.       0.       0.       0.105581 0.105581 0.       0.       0.       0.       0.       0.152856 0.       0.108076 0.       0.       0.105581],[0. 0. 0. 0. 1. 0. 0. 0. 1. 0. 1. 0. 0. 0. 1. 0. 0. 0. 1. 1. 0. 0. 0. 0. 0. 1. 0. 1. 0. 0. 1.],9.0,1000,100,0.01,0.0045,1,11,idID,,first,single_objective
466,0.15272669972076253,0.3207260694136013,0.004717700000000001,[0.       0.       0.       0.       0.105581 0.       0.       0.       0.105581 0.       0.105581 0.       0.       0.       0.105581 0.       0.       0.       0.105581 0.105581 0.       0.       0.       0.       0.       0.152856 0.       0.108076 0.       0.       0.105581],[0. 0. 0. 0. 1. 0. 0. 0. 1. 0. 1. 0. 0. 0. 1. 0. 0. 0. 1. 1. 0. 0. 0. 0. 0. 1. 0. 1. 0. 0. 1.],9.0,1000,100,0.01,0.0045,1,11,idID,,first,single_objective
467,0.15272669972076253,0.3207260694136013,0.004717700000000001,[0.       0.       0.       0.       0.105581 0.       0.       0.       0.105581 0.       0.105581 0.       0.       0.       0.105581 0.       0.       0.       0.105581 0.105581 0.       0.       0.       0.       0.       0.152856 0.       0.108076 0.       0.       0.105581],[0. 0. 0. 0. 1. 0. 0. 0. 1. 0. 1. 0. 0. 0. 1. 0. 0. 0. 1. 1. 0. 0. 0. 0. 0. 1. 0. 1. 0. 0. 1.],9.0,1000,100,0.01,0.0045,1,11,idID,,first,single_objective
468,0.15272669972076253,0.3207260694136013,0.004717700000000001,[0.       0.       0.       0.       0.105581 0.       0.       0.       0.105581 0.       0.105581 0.       0.       0.       0.105581 0.       0.       0.       0.105581 0.105581 0.       0.       0.       0.       0.       0.152856 0.       0.108076 0.       0.       0.105581],[0. 0. 0. 0. 1. 0. 0. 0. 1. 0. 1. 0. 0. 0. 1. 0. 0. 0. 1. 1. 0. 0. 0. 0. 0. 1. 0. 1. 0. 0. 1.],9.0,1000,100,0.01,0.0045,1,11,idID,,first,single_objective
469,0.15272669972076253,0.3207260694136013,0.004717700000000001,[0.       0.       0.       0.       0.105581 0.       0.       0.       0.105581 0.       0.105581 0.       0.       0.       0.105581 0.       0.       0.       0.105581 0.105581 0.       0.       0.       0.       0.       0.152856 0.       0.108076 0.       0.       0.105581],[0. 0. 0. 0. 1. 0. 0. 0. 1. 0. 1. 0. 0. 0. 1. 0. 0. 0. 1. 1. 0. 0. 0. 0. 0. 1. 0. 1. 0. 0. 1.],9.0,1000,100,0.01,0.0045,1,11,idID,,first,single_objective
470,0.15272669972076253,0.3207260694136013,0.004717700000000001,[0.       0.       0.       0.       0.105581 0.       0.       0.       0.105581 0.       0.105581 0.       0.       0.       0.105581 0.       0.       0.       0.105581 0.105581 0.       0.       0.       0.       0.       0.152856 0.       0.108076 0.       0.       0.105581],[0. 0. 0. 0. 1. 0. 0. 0. 1. 0. 1. 0. 0. 0. 1. 0. 0. 0. 1. 1. 0. 0. 0. 0. 0. 1. 0. 1. 0. 0. 1.],9.0,1000,100,0.01,0.0045,1,11,idID,,first,single_objective
471,0.15272669972076253,0.3207260694136013,0.004717700000000001,[0.       0.       0.       0.       0.105581 0.       0.       0.       0.105581 0.       0.105581 0.       0.       0.       0.105581 0.       0.       0.       0.105581 0.105581 0.       0.       0.       0.       0.       0.152856 0.       0.108076 0.       0.       0.105581],[0. 0. 0. 0. 1. 0. 0. 0. 1. 0. 1. 0. 0. 0. 1. 0. 0. 0. 1. 1. 0. 0. 0. 0. 0. 1. 0. 1. 0. 0. 1.],9.0,1000,100,0.01,0.0045,1,11,idID,,first,single_objective
472,0.15272669972076253,0.3207260694136013,0.004717700000000001,[0.       0.       0.       0.       0.105581 0.       0.       0.       0.105581 0.       0.105581 0.       0.       0.       0.105581 0.       0.       0.       0.105581 0.105581 0.       0.       0.       0.       0.       0.152856 0.       0.108076 0.       0.       0.105581],[0. 0. 0. 0. 1. 0. 0. 0. 1. 0. 1. 0. 0. 0. 1. 0. 0. 0. 1. 1. 0. 0. 0. 0. 0. 1. 0. 1. 0. 0. 1.],9.0,1000,100,0.01,0.0045,1,11,idID,,first,single_objective
473,0.15272669972076253,0.3207260694136013,0.004717700000000001,[0.       0.       0.       0.       0.105581 0.       0.       0.       0.105581 0.       0.105581 0.       0.       0.       0.105581 0.       0.       0.       0.105581 0.105581 0.       0.       0.       0.       0.       0.152856 0.       0.108076 0.       0.       0.105581],[0. 0. 0. 0. 1. 0. 0. 0. 1. 0. 1. 0. 0. 0. 1. 0. 0. 0. 1. 1. 0. 0. 0. 0. 0. 1. 0. 1. 0. 0. 1.],9.0,1000,100,0.01,0.0045,1,11,idID,,first,single_objective
474,0.15272669972076253,0.3207260694136013,0.004717700000000001,[0.       0.       0.       0.       0.105581 0.       0.       0.       0.105581 0.       0.105581 0.       0.       0.       0.105581 0.       0.       0.       0.105581 0.105581 0.       0.       0.       0.       0.       0.152856 0.       0.108076 0.       0.       0.105581],[0. 0. 0. 0. 1. 0. 0. 0. 1. 0. 1. 0. 0. 0. 1. 0. 0. 0. 1. 1. 0. 0. 0. 0. 0. 1. 0. 1. 0. 0. 1.],9.0,1000,100,0.01,0.0045,1,11,idID,,first,single_objective
475,0.15272669972076253,0.3207260694136013,0.004717700000000001,[0.       0.       0.       0.       0.105581 0.       0.       0.       0.105581 0.       0.105581 0.       0.       0.       0.105581 0.       0.       0.       0.105581 0.105581 0.       0.       0.       0.       0.       0.152856 0.       0.108076 0.       0.       0.105581],[0. 0. 0. 0. 1. 0. 0. 0. 1. 0. 1. 0. 0. 0. 1. 0. 0. 0. 1. 1. 0. 0. 0. 0. 0. 1. 0. 1. 0. 0. 1.],9.0,1000,100,0.01,0.0045,1,11,idID,,first,single_objective
476,0.15272669972076253,0.3207260694136013,0.004717700000000001,[0.       0.       0.       0.       0.105581 0.       0.       0.       0.105581 0.       0.105581 0.       0.       0.       0.105581 0.       0.       0.       0.105581 0.105581 0.       0.       0.       0.       0.       0.152856 0.       0.108076 0.       0.       0.105581],[0. 0. 0. 0. 1. 0. 0. 0. 1. 0. 1. 0. 0. 0. 1. 0. 0. 0. 1. 1. 0. 0. 0. 0. 0. 1. 0. 1. 0. 0. 1.],9.0,1000,100,0.01,0.0045,1,11,idID,,first,single_objective
477,0.15272669972076253,0.3207260694136013,0.004717700000000001,[0.       0.       0.       0.       0.105581 0.       0.       0.       0.105581 0.       0.105581 0.       0.       0.       0.105581 0.       0.       0.       0.105581 0.105581 0.       0.       0.       0.       0.       0.152856 0.       0.108076 0.       0.       0.105581],[0. 0. 0. 0. 1. 0. 0. 0. 1. 0. 1. 0. 0. 0. 1. 0. 0. 0. 1. 1. 0. 0. 0. 0. 0. 1. 0. 1. 0. 0. 1.],9.0,1000,100,0.01,0.0045,1,11,idID,,first,single_objective
478,0.15272669972076253,0.3207260694136013,0.004717700000000001,[0.       0.       0.       0.       0.105581 0.       0.       0.       0.105581 0.       0.105581 0.       0.       0.       0.105581 0.       0.       0.       0.105581 0.105581 0.       0.       0.       0.       0.       0.152856 0.       0.108076 0.       0.       0.105581],[0. 0. 0. 0. 1. 0. 0. 0. 1. 0. 1. 0. 0. 0. 1. 0. 0. 0. 1. 1. 0. 0. 0. 0. 0. 1. 0. 1. 0. 0. 1.],9.0,1000,100,0.01,0.0045,1,11,idID,,first,single_objective
479,0.15272669972076253,0.3207260694136013,0.004717700000000001,[0.       0.       0.       0.       0.105581 0.       0.       0.       0.105581 0.       0.105581 0.       0.       0.       0.105581 0.       0.       0.       0.105581 0.105581 0.       0.       0.       0.       0.       0.152856 0.       0.108076 0.       0.       0.105581],[0. 0. 0. 0. 1. 0. 0. 0. 1. 0. 1. 0. 0. 0. 1. 0. 0. 0. 1. 1. 0. 0. 0. 0. 0. 1. 0. 1. 0. 0. 1.],9.0,1000,100,0.01,0.0045,1,11,idID,,first,single_objective
480,0.15272669972076253,0.3207260694136013,0.004717700000000001,[0.       0.       0.       0.       0.105581 0.       0.       0.       0.105581 0.       0.105581 0.       0.       0.       0.105581 0.       0.       0.       0.105581 0.105581 0.       0.       0.       0.       0.       0.152856 0.       0.108076 0.       0.       0.105581],[0. 0. 0. 0. 1. 0. 0. 0. 1. 0. 1. 0. 0. 0. 1. 0. 0. 0. 1. 1. 0. 0. 0. 0. 0. 1. 0. 1. 0. 0. 1.],9.0,1000,100,0.01,0.0045,1,11,idID,,first,single_objective
481,0.15272669972076253,0.3207260694136013,0.004717700000000001,[0.       0.       0.       0.       0.105581 0.       0.       0.       0.105581 0.       0.105581 0.       0.       0.       0.105581 0.       0.       0.       0.105581 0.105581 0.       0.       0.       0.       0.       0.152856 0.       0.108076 0.       0.       0.105581],[0. 0. 0. 0. 1. 0. 0. 0. 1. 0. 1. 0. 0. 0. 1. 0. 0. 0. 1. 1. 0. 0. 0. 0. 0. 1. 0. 1. 0. 0. 1.],9.0,1000,100,0.01,0.0045,1,11,idID,,first,single_objective
482,0.15272669972076253,0.3207260694136013,0.004717700000000001,[0.       0.       0.       0.       0.105581 0.       0.       0.       0.105581 0.       0.105581 0.       0.       0.       0.105581 0.       0.       0.       0.105581 0.105581 0.       0.       0.       0.       0.       0.152856 0.       0.108076 0.       0.       0.105581],[0. 0. 0. 0. 1. 0. 0. 0. 1. 0. 1. 0. 0. 0. 1. 0. 0. 0. 1. 1. 0. 0. 0. 0. 0. 1. 0. 1. 0. 0. 1.],9.0,1000,100,0.01,0.0045,1,11,idID,,first,single_objective
483,0.15272669972076253,0.3207260694136013,0.004717700000000001,[0.       0.       0.       0.       0.105581 0.       0.       0.       0.105581 0.       0.105581 0.       0.       0.       0.105581 0.       0.       0.       0.105581 0.105581 0.       0.       0.       0.       0.       0.152856 0.       0.108076 0.       0.       0.105581],[0. 0. 0. 0. 1. 0. 0. 0. 1. 0. 1. 0. 0. 0. 1. 0. 0. 0. 1. 1. 0. 0. 0. 0. 0. 1. 0. 1. 0. 0. 1.],9.0,1000,100,0.01,0.0045,1,11,idID,,first,single_objective
484,0.15272669972076253,0.3207260694136013,0.004717700000000001,[0.       0.       0.       0.       0.105581 0.       0.       0.       0.105581 0.       0.105581 0.       0.       0.       0.105581 0.       0.       0.       0.105581 0.105581 0.       0.       0.       0.       0.       0.152856 0.       0.108076 0.       0.       0.105581],[0. 0. 0. 0. 1. 0. 0. 0. 1. 0. 1. 0. 0. 0. 1. 0. 0. 0. 1. 1. 0. 0. 0. 0. 0. 1. 0. 1. 0. 0. 1.],9.0,1000,100,0.01,0.0045,1,11,idID,,first,single_objective
485,0.15272669972076253,0.3207260694136013,0.004717700000000001,[0.       0.       0.       0.       0.105581 0.       0.       0.       0.105581 0.       0.105581 0.       0.       0.       0.105581 0.       0.       0.       0.105581 0.105581 0.       0.       0.       0.       0.       0.152856 0.       0.108076 0.       0.       0.105581],[0. 0. 0. 0. 1. 0. 0. 0. 1. 0. 1. 0. 0. 0. 1. 0. 0. 0. 1. 1. 0. 0. 0. 0. 0. 1. 0. 1. 0. 0. 1.],9.0,1000,100,0.01,0.0045,1,11,idID,,first,single_objective
486,0.15272669972076253,0.3207260694136013,0.004717700000000001,[0.       0.       0.       0.       0.105581 0.       0.       0.       0.105581 0.       0.105581 0.       0.       0.       0.105581 0.       0.       0.       0.105581 0.105581 0.       0.       0.       0.       0.       0.152856 0.       0.108076 0.       0.       0.105581],[0. 0. 0. 0. 1. 0. 0. 0. 1. 0. 1. 0. 0. 0. 1. 0. 0. 0. 1. 1. 0. 0. 0. 0. 0. 1. 0. 1. 0. 0. 1.],9.0,1000,100,0.01,0.0045,1,11,idID,,first,single_objective
487,0.15272669972076253,0.3207260694136013,0.004717700000000001,[0.       0.       0.       0.       0.105581 0.       0.       0.       0.105581 0.       0.105581 0.       0.       0.       0.105581 0.       0.       0.       0.105581 0.105581 0.       0.       0.       0.       0.       0.152856 0.       0.108076 0.       0.       0.105581],[0. 0. 0. 0. 1. 0. 0. 0. 1. 0. 1. 0. 0. 0. 1. 0. 0. 0. 1. 1. 0. 0. 0. 0. 0. 1. 0. 1. 0. 0. 1.],9.0,1000,100,0.01,0.0045,1,11,idID,,first,single_objective
488,0.15272669972076253,0.3207260694136013,0.004717700000000001,[0.       0.       0.       0.       0.105581 0.       0.       0.       0.105581 0.       0.105581 0.       0.       0.       0.105581 0.       0.       0.       0.105581 0.105581 0.       0.       0.       0.       0.       0.152856 0.       0.108076 0.       0.       0.105581],[0. 0. 0. 0. 1. 0. 0. 0. 1. 0. 1. 0. 0. 0. 1. 0. 0. 0. 1. 1. 0. 0. 0. 0. 0. 1. 0. 1. 0. 0. 1.],9.0,1000,100,0.01,0.0045,1,11,idID,,first,single_objective
489,0.15272669972076253,0.3207260694136013,0.004717700000000001,[0.       0.       0.       0.       0.105581 0.       0.       0.       0.105581 0.       0.105581 0.       0.       0.       0.105581 0.       0.       0.       0.105581 0.105581 0.       0.       0.       0.       0.       0.152856 0.       0.108076 0.       0.       0.105581],[0. 0. 0. 0. 1. 0. 0. 0. 1. 0. 1. 0. 0. 0. 1. 0. 0. 0. 1. 1. 0. 0. 0. 0. 0. 1. 0. 1. 0. 0. 1.],9.0,1000,100,0.01,0.0045,1,11,idID,,first,single_objective
490,0.15272669972076253,0.3207260694136013,0.004717700000000001,[0.       0.       0.       0.       0.105581 0.       0.       0.       0.105581 0.       0.105581 0.       0.       0.       0.105581 0.       0.       0.       0.105581 0.105581 0.       0.       0.       0.       0.       0.152856 0.       0.108076 0.       0.       0.105581],[0. 0. 0. 0. 1. 0. 0. 0. 1. 0. 1. 0. 0. 0. 1. 0. 0. 0. 1. 1. 0. 0. 0. 0. 0. 1. 0. 1. 0. 0. 1.],9.0,1000,100,0.01,0.0045,1,11,idID,,first,single_objective
491,0.15272669972076253,0.3207260694136013,0.004717700000000001,[0.       0.       0.       0.       0.105581 0.       0.       0.       0.105581 0.       0.105581 0.       0.       0.       0.105581 0.       0.       0.       0.105581 0.105581 0.       0.       0.       0.       0.       0.152856 0.       0.108076 0.       0.       0.105581],[0. 0. 0. 0. 1. 0. 0. 0. 1. 0. 1. 0. 0. 0. 1. 0. 0. 0. 1. 1. 0. 0. 0. 0. 0. 1. 0. 1. 0. 0. 1.],9.0,1000,100,0.01,0.0045,1,11,idID,,first,single_objective
492,0.15272669972076253,0.3207260694136013,0.004717700000000001,[0.       0.       0.       0.       0.105581 0.       0.       0.       0.105581 0.       0.105581 0.       0.       0.       0.105581 0.       0.       0.       0.105581 0.105581 0.       0.       0.       0.       0.       0.152856 0.       0.108076 0.       0.       0.105581],[0. 0. 0. 0. 1. 0. 0. 0. 1. 0. 1. 0. 0. 0. 1. 0. 0. 0. 1. 1. 0. 0. 0. 0. 0. 1. 0. 1. 0. 0. 1.],9.0,1000,100,0.01,0.0045,1,11,idID,,first,single_objective
493,0.15272669972076253,0.3207260694136013,0.004717700000000001,[0.       0.       0.       0.       0.105581 0.       0.       0.       0.105581 0.       0.105581 0.       0.       0.       0.105581 0.       0.       0.       0.105581 0.105581 0.       0.       0.       0.       0.       0.152856 0.       0.108076 0.       0.       0.105581],[0. 0. 0. 0. 1. 0. 0. 0. 1. 0. 1. 0. 0. 0. 1. 0. 0. 0. 1. 1. 0. 0. 0. 0. 0. 1. 0. 1. 0. 0. 1.],9.0,1000,100,0.01,0.0045,1,11,idID,,first,single_objective
494,0.15272669972076253,0.3207260694136013,0.004717700000000001,[0.       0.       0.       0.       0.105581 0.       0.       0.       0.105581 0.       0.105581 0.       0.       0.       0.105581 0.       0.       0.       0.105581 0.105581 0.       0.       0.       0.       0.       0.152856 0.       0.108076 0.       0.       0.105581],[0. 0. 0. 0. 1. 0. 0. 0. 1. 0. 1. 0. 0. 0. 1. 0. 0. 0. 1. 1. 0. 0. 0. 0. 0. 1. 0. 1. 0. 0. 1.],9.0,1000,100,0.01,0.0045,1,11,idID,,first,single_objective
495,0.15272669972076253,0.3207260694136013,0.004717700000000001,[0.       0.       0.       0.       0.105581 0.       0.       0.       0.105581 0.       0.105581 0.       0.       0.       0.105581 0.       0.       0.       0.105581 0.105581 0.       0.       0.       0.       0.       0.152856 0.       0.108076 0.       0.       0.105581],[0. 0. 0. 0. 1. 0. 0. 0. 1. 0. 1. 0. 0. 0. 1. 0. 0. 0. 1. 1. 0. 0. 0. 0. 0. 1. 0. 1. 0. 0. 1.],9.0,1000,100,0.01,0.0045,1,11,idID,,first,single_objective
496,0.15272669972076253,0.3207260694136013,0.004717700000000001,[0.       0.       0.       0.       0.105581 0.       0.       0.       0.105581 0.       0.105581 0.       0.       0.       0.105581 0.       0.       0.       0.105581 0.105581 0.       0.       0.       0.       0.       0.152856 0.       0.108076 0.       0.       0.105581],[0. 0. 0. 0. 1. 0. 0. 0. 1. 0. 1. 0. 0. 0. 1. 0. 0. 0. 1. 1. 0. 0. 0. 0. 0. 1. 0. 1. 0. 0. 1.],9.0,1000,100,0.01,0.0045,1,11,idID,,first,single_objective
497,0.15272669972076253,0.3207260694136013,0.004717700000000001,[0.       0.       0.       0.       0.105581 0.       0.       0.       0.105581 0.       0.105581 0.       0.       0.       0.105581 0.       0.       0.       0.105581 0.105581 0.       0.       0.       0.       0.       0.152856 0.       0.108076 0.       0.       0.105581],[0. 0. 0. 0. 1. 0. 0. 0. 1. 0. 1. 0. 0. 0. 1. 0. 0. 0. 1. 1. 0. 0. 0. 0. 0. 1. 0. 1. 0. 0. 1.],9.0,1000,100,0.01,0.0045,1,11,idID,,first,single_objective
498,0.15272669972076253,0.3207260694136013,0.004717700000000001,[0.       0.       0.       0.       0.105581 0.       0.       0.       0.105581 0.       0.105581 0.       0.       0.       0.105581 0.       0.       0.       0.105581 0.105581 0.       0.       0.       0.       0.       0.152856 0.       0.108076 0.       0.       0.105581],[0. 0. 0. 0. 1. 0. 0. 0. 1. 0. 1. 0. 0. 0. 1. 0. 0. 0. 1. 1. 0. 0. 0. 0. 0. 1. 0. 1. 0. 0. 1.],9.0,1000,100,0.01,0.0045,1,11,idID,,first,single_objective
499,0.15272669972076253,0.3207260694136013,0.004717700000000001,[0.       0.       0.       0.       0.105581 0.       0.       0.       0.105581 0.       0.105581 0.       0.       0.       0.105581 0.       0.       0.       0.105581 0.105581 0.       0.       0.       0.       0.       0.152856 0.       0.108076 0.       0.       0.105581],[0. 0. 0. 0. 1. 0. 0. 0. 1. 0. 1. 0. 0. 0. 1. 0. 0. 0. 1. 1. 0. 0. 0. 0. 0. 1. 0. 1. 0. 0. 1.],9.0,1000,100,0.01,0.0045,1,11,idID,,first,single_objective
500,0.15272669972076253,0.3207260694136013,0.004717700000000001,[0.       0.       0.       0.       0.105581 0.       0.       0.       0.105581 0.       0.105581 0.       0.       0.       0.105581 0.       0.       0.       0.105581 0.105581 0.       0.       0.       0.       0.       0.152856 0.       0.108076 0.       0.       0.105581],[0. 0. 0. 0. 1. 0. 0. 0. 1. 0. 1. 0. 0. 0. 1. 0. 0. 0. 1. 1. 0. 0. 0. 0. 0. 1. 0. 1. 0. 0. 1.],9.0,1000,100,0.01,0.0045,1,11,idID,,first,single_objective
501,0.15272669972076253,0.3207260694136013,0.004717700000000001,[0.       0.       0.       0.       0.105581 0.       0.       0.       0.105581 0.       0.105581 0.       0.       0.       0.105581 0.       0.       0.       0.105581 0.105581 0.       0.       0.       0.       0.       0.152856 0.       0.108076 0.       0.       0.105581],[0. 0. 0. 0. 1. 0. 0. 0. 1. 0. 1. 0. 0. 0. 1. 0. 0. 0. 1. 1. 0. 0. 0. 0. 0. 1. 0. 1. 0. 0. 1.],9.0,1000,100,0.01,0.0045,1,11,idID,,first,single_objective
502,0.15272669972076253,0.3207260694136013,0.004717700000000001,[0.       0.       0.       0.       0.105581 0.       0.       0.       0.105581 0.       0.105581 0.       0.       0.       0.105581 0.       0.       0.       0.105581 0.105581 0.       0.       0.       0.       0.       0.152856 0.       0.108076 0.       0.       0.105581],[0. 0. 0. 0. 1. 0. 0. 0. 1. 0. 1. 0. 0. 0. 1. 0. 0. 0. 1. 1. 0. 0. 0. 0. 0. 1. 0. 1. 0. 0. 1.],9.0,1000,100,0.01,0.0045,1,11,idID,,first,single_objective
503,0.15272669972076253,0.3207260694136013,0.004717700000000001,[0.       0.       0.       0.       0.105581 0.       0.       0.       0.105581 0.       0.105581 0.       0.       0.       0.105581 0.       0.       0.       0.105581 0.105581 0.       0.       0.       0.       0.       0.152856 0.       0.108076 0.       0.       0.105581],[0. 0. 0. 0. 1. 0. 0. 0. 1. 0. 1. 0. 0. 0. 1. 0. 0. 0. 1. 1. 0. 0. 0. 0. 0. 1. 0. 1. 0. 0. 1.],9.0,1000,100,0.01,0.0045,1,11,idID,,first,single_objective
504,0.15272669972076253,0.3207260694136013,0.004717700000000001,[0.       0.       0.       0.       0.105581 0.       0.       0.       0.105581 0.       0.105581 0.       0.       0.       0.105581 0.       0.       0.       0.105581 0.105581 0.       0.       0.       0.       0.       0.152856 0.       0.108076 0.       0.       0.105581],[0. 0. 0. 0. 1. 0. 0. 0. 1. 0. 1. 0. 0. 0. 1. 0. 0. 0. 1. 1. 0. 0. 0. 0. 0. 1. 0. 1. 0. 0. 1.],9.0,1000,100,0.01,0.0045,1,11,idID,,first,single_objective
505,0.15272669972076253,0.3207260694136013,0.004717700000000001,[0.       0.       0.       0.       0.105581 0.       0.       0.       0.105581 0.       0.105581 0.       0.       0.       0.105581 0.       0.       0.       0.105581 0.105581 0.       0.       0.       0.       0.       0.152856 0.       0.108076 0.       0.       0.105581],[0. 0. 0. 0. 1. 0. 0. 0. 1. 0. 1. 0. 0. 0. 1. 0. 0. 0. 1. 1. 0. 0. 0. 0. 0. 1. 0. 1. 0. 0. 1.],9.0,1000,100,0.01,0.0045,1,11,idID,,first,single_objective
506,0.15272669972076253,0.3207260694136013,0.004717700000000001,[0.       0.       0.       0.       0.105581 0.       0.       0.       0.105581 0.       0.105581 0.       0.       0.       0.105581 0.       0.       0.       0.105581 0.105581 0.       0.       0.       0.       0.       0.152856 0.       0.108076 0.       0.       0.105581],[0. 0. 0. 0. 1. 0. 0. 0. 1. 0. 1. 0. 0. 0. 1. 0. 0. 0. 1. 1. 0. 0. 0. 0. 0. 1. 0. 1. 0. 0. 1.],9.0,1000,100,0.01,0.0045,1,11,idID,,first,single_objective
507,0.15272669972076253,0.3207260694136013,0.004717700000000001,[0.       0.       0.       0.       0.105581 0.       0.       0.       0.105581 0.       0.105581 0.       0.       0.       0.105581 0.       0.       0.       0.105581 0.105581 0.       0.       0.       0.       0.       0.152856 0.       0.108076 0.       0.       0.105581],[0. 0. 0. 0. 1. 0. 0. 0. 1. 0. 1. 0. 0. 0. 1. 0. 0. 0. 1. 1. 0. 0. 0. 0. 0. 1. 0. 1. 0. 0. 1.],9.0,1000,100,0.01,0.0045,1,11,idID,,first,single_objective
508,0.15272669972076253,0.3207260694136013,0.004717700000000001,[0.       0.       0.       0.       0.105581 0.       0.       0.       0.105581 0.       0.105581 0.       0.       0.       0.105581 0.       0.       0.       0.105581 0.105581 0.       0.       0.       0.       0.       0.152856 0.       0.108076 0.       0.       0.105581],[0. 0. 0. 0. 1. 0. 0. 0. 1. 0. 1. 0. 0. 0. 1. 0. 0. 0. 1. 1. 0. 0. 0. 0. 0. 1. 0. 1. 0. 0. 1.],9.0,1000,100,0.01,0.0045,1,11,idID,,first,single_objective
509,0.15272669972076253,0.3207260694136013,0.004717700000000001,[0.       0.       0.       0.       0.105581 0.       0.       0.       0.105581 0.       0.105581 0.       0.       0.       0.105581 0.       0.       0.       0.105581 0.105581 0.       0.       0.       0.       0.       0.152856 0.       0.108076 0.       0.       0.105581],[0. 0. 0. 0. 1. 0. 0. 0. 1. 0. 1. 0. 0. 0. 1. 0. 0. 0. 1. 1. 0. 0. 0. 0. 0. 1. 0. 1. 0. 0. 1.],9.0,1000,100,0.01,0.0045,1,11,idID,,first,single_objective
510,0.15272669972076253,0.3207260694136013,0.004717700000000001,[0.       0.       0.       0.       0.105581 0.       0.       0.       0.105581 0.       0.105581 0.       0.       0.       0.105581 0.       0.       0.       0.105581 0.105581 0.       0.       0.       0.       0.       0.152856 0.       0.108076 0.       0.       0.105581],[0. 0. 0. 0. 1. 0. 0. 0. 1. 0. 1. 0. 0. 0. 1. 0. 0. 0. 1. 1. 0. 0. 0. 0. 0. 1. 0. 1. 0. 0. 1.],9.0,1000,100,0.01,0.0045,1,11,idID,,first,single_objective
511,0.15272669972076253,0.3207260694136013,0.004717700000000001,[0.       0.       0.       0.       0.105581 0.       0.       0.       0.105581 0.       0.105581 0.       0.       0.       0.105581 0.       0.       0.       0.105581 0.105581 0.       0.       0.       0.       0.       0.152856 0.       0.108076 0.       0.       0.105581],[0. 0. 0. 0. 1. 0. 0. 0. 1. 0. 1. 0. 0. 0. 1. 0. 0. 0. 1. 1. 0. 0. 0. 0. 0. 1. 0. 1. 0. 0. 1.],9.0,1000,100,0.01,0.0045,1,11,idID,,first,single_objective
512,0.15272669972076253,0.3207260694136013,0.004717700000000001,[0.       0.       0.       0.       0.105581 0.       0.       0.       0.105581 0.       0.105581 0.       0.       0.       0.105581 0.       0.       0.       0.105581 0.105581 0.       0.       0.       0.       0.       0.152856 0.       0.108076 0.       0.       0.105581],[0. 0. 0. 0. 1. 0. 0. 0. 1. 0. 1. 0. 0. 0. 1. 0. 0. 0. 1. 1. 0. 0. 0. 0. 0. 1. 0. 1. 0. 0. 1.],9.0,1000,100,0.01,0.0045,1,11,idID,,first,single_objective
513,0.15272669972076253,0.3207260694136013,0.004717700000000001,[0.       0.       0.       0.       0.105581 0.       0.       0.       0.105581 0.       0.105581 0.       0.       0.       0.105581 0.       0.       0.       0.105581 0.105581 0.       0.       0.       0.       0.       0.152856 0.       0.108076 0.       0.       0.105581],[0. 0. 0. 0. 1. 0. 0. 0. 1. 0. 1. 0. 0. 0. 1. 0. 0. 0. 1. 1. 0. 0. 0. 0. 0. 1. 0. 1. 0. 0. 1.],9.0,1000,100,0.01,0.0045,1,11,idID,,first,single_objective
514,0.15272669972076253,0.3207260694136013,0.004717700000000001,[0.       0.       0.       0.       0.105581 0.       0.       0.       0.105581 0.       0.105581 0.       0.       0.       0.105581 0.       0.       0.       0.105581 0.105581 0.       0.       0.       0.       0.       0.152856 0.       0.108076 0.       0.       0.105581],[0. 0. 0. 0. 1. 0. 0. 0. 1. 0. 1. 0. 0. 0. 1. 0. 0. 0. 1. 1. 0. 0. 0. 0. 0. 1. 0. 1. 0. 0. 1.],9.0,1000,100,0.01,0.0045,1,11,idID,,first,single_objective
515,0.15272669972076253,0.3207260694136013,0.004717700000000001,[0.       0.       0.       0.       0.105581 0.       0.       0.       0.105581 0.       0.105581 0.       0.       0.       0.105581 0.       0.       0.       0.105581 0.105581 0.       0.       0.       0.       0.       0.152856 0.       0.108076 0.       0.       0.105581],[0. 0. 0. 0. 1. 0. 0. 0. 1. 0. 1. 0. 0. 0. 1. 0. 0. 0. 1. 1. 0. 0. 0. 0. 0. 1. 0. 1. 0. 0. 1.],9.0,1000,100,0.01,0.0045,1,11,idID,,first,single_objective
516,0.15272669972076253,0.3207260694136013,0.004717700000000001,[0.       0.       0.       0.       0.105581 0.       0.       0.       0.105581 0.       0.105581 0.       0.       0.       0.105581 0.       0.       0.       0.105581 0.105581 0.       0.       0.       0.       0.       0.152856 0.       0.108076 0.       0.       0.105581],[0. 0. 0. 0. 1. 0. 0. 0. 1. 0. 1. 0. 0. 0. 1. 0. 0. 0. 1. 1. 0. 0. 0. 0. 0. 1. 0. 1. 0. 0. 1.],9.0,1000,100,0.01,0.0045,1,11,idID,,first,single_objective
517,0.15272669972076253,0.3207260694136013,0.004717700000000001,[0.       0.       0.       0.       0.105581 0.       0.       0.       0.105581 0.       0.105581 0.       0.       0.       0.105581 0.       0.       0.       0.105581 0.105581 0.       0.       0.       0.       0.       0.152856 0.       0.108076 0.       0.       0.105581],[0. 0. 0. 0. 1. 0. 0. 0. 1. 0. 1. 0. 0. 0. 1. 0. 0. 0. 1. 1. 0. 0. 0. 0. 0. 1. 0. 1. 0. 0. 1.],9.0,1000,100,0.01,0.0045,1,11,idID,,first,single_objective
518,0.15272669972076253,0.3207260694136013,0.004717700000000001,[0.       0.       0.       0.       0.105581 0.       0.       0.       0.105581 0.       0.105581 0.       0.       0.       0.105581 0.       0.       0.       0.105581 0.105581 0.       0.       0.       0.       0.       0.152856 0.       0.108076 0.       0.       0.105581],[0. 0. 0. 0. 1. 0. 0. 0. 1. 0. 1. 0. 0. 0. 1. 0. 0. 0. 1. 1. 0. 0. 0. 0. 0. 1. 0. 1. 0. 0. 1.],9.0,1000,100,0.01,0.0045,1,11,idID,,first,single_objective
519,0.15272669972076253,0.3207260694136013,0.004717700000000001,[0.       0.       0.       0.       0.105581 0.       0.       0.       0.105581 0.       0.105581 0.       0.       0.       0.105581 0.       0.       0.       0.105581 0.105581 0.       0.       0.       0.       0.       0.152856 0.       0.108076 0.       0.       0.105581],[0. 0. 0. 0. 1. 0. 0. 0. 1. 0. 1. 0. 0. 0. 1. 0. 0. 0. 1. 1. 0. 0. 0. 0. 0. 1. 0. 1. 0. 0. 1.],9.0,1000,100,0.01,0.0045,1,11,idID,,first,single_objective
520,0.15272669972076253,0.3207260694136013,0.004717700000000001,[0.       0.       0.       0.       0.105581 0.       0.       0.       0.105581 0.       0.105581 0.       0.       0.       0.105581 0.       0.       0.       0.105581 0.105581 0.       0.       0.       0.       0.       0.152856 0.       0.108076 0.       0.       0.105581],[0. 0. 0. 0. 1. 0. 0. 0. 1. 0. 1. 0. 0. 0. 1. 0. 0. 0. 1. 1. 0. 0. 0. 0. 0. 1. 0. 1. 0. 0. 1.],9.0,1000,100,0.01,0.0045,1,11,idID,,first,single_objective
521,0.15272669972076253,0.3207260694136013,0.004717700000000001,[0.       0.       0.       0.       0.105581 0.       0.       0.       0.105581 0.       0.105581 0.       0.       0.       0.105581 0.       0.       0.       0.105581 0.105581 0.       0.       0.       0.       0.       0.152856 0.       0.108076 0.       0.       0.105581],[0. 0. 0. 0. 1. 0. 0. 0. 1. 0. 1. 0. 0. 0. 1. 0. 0. 0. 1. 1. 0. 0. 0. 0. 0. 1. 0. 1. 0. 0. 1.],9.0,1000,100,0.01,0.0045,1,11,idID,,first,single_objective
522,0.15272669972076253,0.3207260694136013,0.004717700000000001,[0.       0.       0.       0.       0.105581 0.       0.       0.       0.105581 0.       0.105581 0.       0.       0.       0.105581 0.       0.       0.       0.105581 0.105581 0.       0.       0.       0.       0.       0.152856 0.       0.108076 0.       0.       0.105581],[0. 0. 0. 0. 1. 0. 0. 0. 1. 0. 1. 0. 0. 0. 1. 0. 0. 0. 1. 1. 0. 0. 0. 0. 0. 1. 0. 1. 0. 0. 1.],9.0,1000,100,0.01,0.0045,1,11,idID,,first,single_objective
523,0.15272669972076253,0.3207260694136013,0.004717700000000001,[0.       0.       0.       0.       0.105581 0.       0.       0.       0.105581 0.       0.105581 0.       0.       0.       0.105581 0.       0.       0.       0.105581 0.105581 0.       0.       0.       0.       0.       0.152856 0.       0.108076 0.       0.       0.105581],[0. 0. 0. 0. 1. 0. 0. 0. 1. 0. 1. 0. 0. 0. 1. 0. 0. 0. 1. 1. 0. 0. 0. 0. 0. 1. 0. 1. 0. 0. 1.],9.0,1000,100,0.01,0.0045,1,11,idID,,first,single_objective
524,0.15272669972076253,0.3207260694136013,0.004717700000000001,[0.       0.       0.       0.       0.105581 0.       0.       0.       0.105581 0.       0.105581 0.       0.       0.       0.105581 0.       0.       0.       0.105581 0.105581 0.       0.       0.       0.       0.       0.152856 0.       0.108076 0.       0.       0.105581],[0. 0. 0. 0. 1. 0. 0. 0. 1. 0. 1. 0. 0. 0. 1. 0. 0. 0. 1. 1. 0. 0. 0. 0. 0. 1. 0. 1. 0. 0. 1.],9.0,1000,100,0.01,0.0045,1,11,idID,,first,single_objective
525,0.15272669972076253,0.3207260694136013,0.004717700000000001,[0.       0.       0.       0.       0.105581 0.       0.       0.       0.105581 0.       0.105581 0.       0.       0.       0.105581 0.       0.       0.       0.105581 0.105581 0.       0.       0.       0.       0.       0.152856 0.       0.108076 0.       0.       0.105581],[0. 0. 0. 0. 1. 0. 0. 0. 1. 0. 1. 0. 0. 0. 1. 0. 0. 0. 1. 1. 0. 0. 0. 0. 0. 1. 0. 1. 0. 0. 1.],9.0,1000,100,0.01,0.0045,1,11,idID,,first,single_objective
526,0.15272669972076253,0.3207260694136013,0.004717700000000001,[0.       0.       0.       0.       0.105581 0.       0.       0.       0.105581 0.       0.105581 0.       0.       0.       0.105581 0.       0.       0.       0.105581 0.105581 0.       0.       0.       0.       0.       0.152856 0.       0.108076 0.       0.       0.105581],[0. 0. 0. 0. 1. 0. 0. 0. 1. 0. 1. 0. 0. 0. 1. 0. 0. 0. 1. 1. 0. 0. 0. 0. 0. 1. 0. 1. 0. 0. 1.],9.0,1000,100,0.01,0.0045,1,11,idID,,first,single_objective
527,0.15272669972076253,0.3207260694136013,0.004717700000000001,[0.       0.       0.       0.       0.105581 0.       0.       0.       0.105581 0.       0.105581 0.       0.       0.       0.105581 0.       0.       0.       0.105581 0.105581 0.       0.       0.       0.       0.       0.152856 0.       0.108076 0.       0.       0.105581],[0. 0. 0. 0. 1. 0. 0. 0. 1. 0. 1. 0. 0. 0. 1. 0. 0. 0. 1. 1. 0. 0. 0. 0. 0. 1. 0. 1. 0. 0. 1.],9.0,1000,100,0.01,0.0045,1,11,idID,,first,single_objective
528,0.15272669972076253,0.3207260694136013,0.004717700000000001,[0.       0.       0.       0.       0.105581 0.       0.       0.       0.105581 0.       0.105581 0.       0.       0.       0.105581 0.       0.       0.       0.105581 0.105581 0.       0.       0.       0.       0.       0.152856 0.       0.108076 0.       0.       0.105581],[0. 0. 0. 0. 1. 0. 0. 0. 1. 0. 1. 0. 0. 0. 1. 0. 0. 0. 1. 1. 0. 0. 0. 0. 0. 1. 0. 1. 0. 0. 1.],9.0,1000,100,0.01,0.0045,1,11,idID,,first,single_objective
529,0.15272669972076253,0.3207260694136013,0.004717700000000001,[0.       0.       0.       0.       0.105581 0.       0.       0.       0.105581 0.       0.105581 0.       0.       0.       0.105581 0.       0.       0.       0.105581 0.105581 0.       0.       0.       0.       0.       0.152856 0.       0.108076 0.       0.       0.105581],[0. 0. 0. 0. 1. 0. 0. 0. 1. 0. 1. 0. 0. 0. 1. 0. 0. 0. 1. 1. 0. 0. 0. 0. 0. 1. 0. 1. 0. 0. 1.],9.0,1000,100,0.01,0.0045,1,11,idID,,first,single_objective
530,0.15272669972076253,0.3207260694136013,0.004717700000000001,[0.       0.       0.       0.       0.105581 0.       0.       0.       0.105581 0.       0.105581 0.       0.       0.       0.105581 0.       0.       0.       0.105581 0.105581 0.       0.       0.       0.       0.       0.152856 0.       0.108076 0.       0.       0.105581],[0. 0. 0. 0. 1. 0. 0. 0. 1. 0. 1. 0. 0. 0. 1. 0. 0. 0. 1. 1. 0. 0. 0. 0. 0. 1. 0. 1. 0. 0. 1.],9.0,1000,100,0.01,0.0045,1,11,idID,,first,single_objective
531,0.15272669972076253,0.3207260694136013,0.004717700000000001,[0.       0.       0.       0.       0.105581 0.       0.       0.       0.105581 0.       0.105581 0.       0.       0.       0.105581 0.       0.       0.       0.105581 0.105581 0.       0.       0.       0.       0.       0.152856 0.       0.108076 0.       0.       0.105581],[0. 0. 0. 0. 1. 0. 0. 0. 1. 0. 1. 0. 0. 0. 1. 0. 0. 0. 1. 1. 0. 0. 0. 0. 0. 1. 0. 1. 0. 0. 1.],9.0,1000,100,0.01,0.0045,1,11,idID,,first,single_objective
532,0.15272669972076253,0.3207260694136013,0.004717700000000001,[0.       0.       0.       0.       0.105581 0.       0.       0.       0.105581 0.       0.105581 0.       0.       0.       0.105581 0.       0.       0.       0.105581 0.105581 0.       0.       0.       0.       0.       0.152856 0.       0.108076 0.       0.       0.105581],[0. 0. 0. 0. 1. 0. 0. 0. 1. 0. 1. 0. 0. 0. 1. 0. 0. 0. 1. 1. 0. 0. 0. 0. 0. 1. 0. 1. 0. 0. 1.],9.0,1000,100,0.01,0.0045,1,11,idID,,first,single_objective
533,0.15272669972076253,0.3207260694136013,0.004717700000000001,[0.       0.       0.       0.       0.105581 0.       0.       0.       0.105581 0.       0.105581 0.       0.       0.       0.105581 0.       0.       0.       0.105581 0.105581 0.       0.       0.       0.       0.       0.152856 0.       0.108076 0.       0.       0.105581],[0. 0. 0. 0. 1. 0. 0. 0. 1. 0. 1. 0. 0. 0. 1. 0. 0. 0. 1. 1. 0. 0. 0. 0. 0. 1. 0. 1. 0. 0. 1.],9.0,1000,100,0.01,0.0045,1,11,idID,,first,single_objective
534,0.15272669972076253,0.3207260694136013,0.004717700000000001,[0.       0.       0.       0.       0.105581 0.       0.       0.       0.105581 0.       0.105581 0.       0.       0.       0.105581 0.       0.       0.       0.105581 0.105581 0.       0.       0.       0.       0.       0.152856 0.       0.108076 0.       0.       0.105581],[0. 0. 0. 0. 1. 0. 0. 0. 1. 0. 1. 0. 0. 0. 1. 0. 0. 0. 1. 1. 0. 0. 0. 0. 0. 1. 0. 1. 0. 0. 1.],9.0,1000,100,0.01,0.0045,1,11,idID,,first,single_objective
535,0.15272669972076253,0.3207260694136013,0.004717700000000001,[0.       0.       0.       0.       0.105581 0.       0.       0.       0.105581 0.       0.105581 0.       0.       0.       0.105581 0.       0.       0.       0.105581 0.105581 0.       0.       0.       0.       0.       0.152856 0.       0.108076 0.       0.       0.105581],[0. 0. 0. 0. 1. 0. 0. 0. 1. 0. 1. 0. 0. 0. 1. 0. 0. 0. 1. 1. 0. 0. 0. 0. 0. 1. 0. 1. 0. 0. 1.],9.0,1000,100,0.01,0.0045,1,11,idID,,first,single_objective
536,0.15272669972076253,0.3207260694136013,0.004717700000000001,[0.       0.       0.       0.       0.105581 0.       0.       0.       0.105581 0.       0.105581 0.       0.       0.       0.105581 0.       0.       0.       0.105581 0.105581 0.       0.       0.       0.       0.       0.152856 0.       0.108076 0.       0.       0.105581],[0. 0. 0. 0. 1. 0. 0. 0. 1. 0. 1. 0. 0. 0. 1. 0. 0. 0. 1. 1. 0. 0. 0. 0. 0. 1. 0. 1. 0. 0. 1.],9.0,1000,100,0.01,0.0045,1,11,idID,,first,single_objective
537,0.15272669972076253,0.3207260694136013,0.004717700000000001,[0.       0.       0.       0.       0.105581 0.       0.       0.       0.105581 0.       0.105581 0.       0.       0.       0.105581 0.       0.       0.       0.105581 0.105581 0.       0.       0.       0.       0.       0.152856 0.       0.108076 0.       0.       0.105581],[0. 0. 0. 0. 1. 0. 0. 0. 1. 0. 1. 0. 0. 0. 1. 0. 0. 0. 1. 1. 0. 0. 0. 0. 0. 1. 0. 1. 0. 0. 1.],9.0,1000,100,0.01,0.0045,1,11,idID,,first,single_objective
538,0.15272669972076253,0.3207260694136013,0.004717700000000001,[0.       0.       0.       0.       0.105581 0.       0.       0.       0.105581 0.       0.105581 0.       0.       0.       0.105581 0.       0.       0.       0.105581 0.105581 0.       0.       0.       0.       0.       0.152856 0.       0.108076 0.       0.       0.105581],[0. 0. 0. 0. 1. 0. 0. 0. 1. 0. 1. 0. 0. 0. 1. 0. 0. 0. 1. 1. 0. 0. 0. 0. 0. 1. 0. 1. 0. 0. 1.],9.0,1000,100,0.01,0.0045,1,11,idID,,first,single_objective
539,0.15272669972076253,0.3207260694136013,0.004717700000000001,[0.       0.       0.       0.       0.105581 0.       0.       0.       0.105581 0.       0.105581 0.       0.       0.       0.105581 0.       0.       0.       0.105581 0.105581 0.       0.       0.       0.       0.       0.152856 0.       0.108076 0.       0.       0.105581],[0. 0. 0. 0. 1. 0. 0. 0. 1. 0. 1. 0. 0. 0. 1. 0. 0. 0. 1. 1. 0. 0. 0. 0. 0. 1. 0. 1. 0. 0. 1.],9.0,1000,100,0.01,0.0045,1,11,idID,,first,single_objective
540,0.15272669972076253,0.3207260694136013,0.004717700000000001,[0.       0.       0.       0.       0.105581 0.       0.       0.       0.105581 0.       0.105581 0.       0.       0.       0.105581 0.       0.       0.       0.105581 0.105581 0.       0.       0.       0.       0.       0.152856 0.       0.108076 0.       0.       0.105581],[0. 0. 0. 0. 1. 0. 0. 0. 1. 0. 1. 0. 0. 0. 1. 0. 0. 0. 1. 1. 0. 0. 0. 0. 0. 1. 0. 1. 0. 0. 1.],9.0,1000,100,0.01,0.0045,1,11,idID,,first,single_objective
541,0.15272669972076253,0.3207260694136013,0.004717700000000001,[0.       0.       0.       0.       0.105581 0.       0.       0.       0.105581 0.       0.105581 0.       0.       0.       0.105581 0.       0.       0.       0.105581 0.105581 0.       0.       0.       0.       0.       0.152856 0.       0.108076 0.       0.       0.105581],[0. 0. 0. 0. 1. 0. 0. 0. 1. 0. 1. 0. 0. 0. 1. 0. 0. 0. 1. 1. 0. 0. 0. 0. 0. 1. 0. 1. 0. 0. 1.],9.0,1000,100,0.01,0.0045,1,11,idID,,first,single_objective
542,0.15272669972076253,0.3207260694136013,0.004717700000000001,[0.       0.       0.       0.       0.105581 0.       0.       0.       0.105581 0.       0.105581 0.       0.       0.       0.105581 0.       0.       0.       0.105581 0.105581 0.       0.       0.       0.       0.       0.152856 0.       0.108076 0.       0.       0.105581],[0. 0. 0. 0. 1. 0. 0. 0. 1. 0. 1. 0. 0. 0. 1. 0. 0. 0. 1. 1. 0. 0. 0. 0. 0. 1. 0. 1. 0. 0. 1.],9.0,1000,100,0.01,0.0045,1,11,idID,,first,single_objective
543,0.15272669972076253,0.3207260694136013,0.004717700000000001,[0.       0.       0.       0.       0.105581 0.       0.       0.       0.105581 0.       0.105581 0.       0.       0.       0.105581 0.       0.       0.       0.105581 0.105581 0.       0.       0.       0.       0.       0.152856 0.       0.108076 0.       0.       0.105581],[0. 0. 0. 0. 1. 0. 0. 0. 1. 0. 1. 0. 0. 0. 1. 0. 0. 0. 1. 1. 0. 0. 0. 0. 0. 1. 0. 1. 0. 0. 1.],9.0,1000,100,0.01,0.0045,1,11,idID,,first,single_objective
544,0.15272669972076253,0.3207260694136013,0.004717700000000001,[0.       0.       0.       0.       0.105581 0.       0.       0.       0.105581 0.       0.105581 0.       0.       0.       0.105581 0.       0.       0.       0.105581 0.105581 0.       0.       0.       0.       0.       0.152856 0.       0.108076 0.       0.       0.105581],[0. 0. 0. 0. 1. 0. 0. 0. 1. 0. 1. 0. 0. 0. 1. 0. 0. 0. 1. 1. 0. 0. 0. 0. 0. 1. 0. 1. 0. 0. 1.],9.0,1000,100,0.01,0.0045,1,11,idID,,first,single_objective
545,0.15272669972076253,0.3207260694136013,0.004717700000000001,[0.       0.       0.       0.       0.105581 0.       0.       0.       0.105581 0.       0.105581 0.       0.       0.       0.105581 0.       0.       0.       0.105581 0.105581 0.       0.       0.       0.       0.       0.152856 0.       0.108076 0.       0.       0.105581],[0. 0. 0. 0. 1. 0. 0. 0. 1. 0. 1. 0. 0. 0. 1. 0. 0. 0. 1. 1. 0. 0. 0. 0. 0. 1. 0. 1. 0. 0. 1.],9.0,1000,100,0.01,0.0045,1,11,idID,,first,single_objective
546,0.15272669972076253,0.3207260694136013,0.004717700000000001,[0.       0.       0.       0.       0.105581 0.       0.       0.       0.105581 0.       0.105581 0.       0.       0.       0.105581 0.       0.       0.       0.105581 0.105581 0.       0.       0.       0.       0.       0.152856 0.       0.108076 0.       0.       0.105581],[0. 0. 0. 0. 1. 0. 0. 0. 1. 0. 1. 0. 0. 0. 1. 0. 0. 0. 1. 1. 0. 0. 0. 0. 0. 1. 0. 1. 0. 0. 1.],9.0,1000,100,0.01,0.0045,1,11,idID,,first,single_objective
547,0.15272669972076253,0.3207260694136013,0.004717700000000001,[0.       0.       0.       0.       0.105581 0.       0.       0.       0.105581 0.       0.105581 0.       0.       0.       0.105581 0.       0.       0.       0.105581 0.105581 0.       0.       0.       0.       0.       0.152856 0.       0.108076 0.       0.       0.105581],[0. 0. 0. 0. 1. 0. 0. 0. 1. 0. 1. 0. 0. 0. 1. 0. 0. 0. 1. 1. 0. 0. 0. 0. 0. 1. 0. 1. 0. 0. 1.],9.0,1000,100,0.01,0.0045,1,11,idID,,first,single_objective
548,0.15272669972076253,0.3207260694136013,0.004717700000000001,[0.       0.       0.       0.       0.105581 0.       0.       0.       0.105581 0.       0.105581 0.       0.       0.       0.105581 0.       0.       0.       0.105581 0.105581 0.       0.       0.       0.       0.       0.152856 0.       0.108076 0.       0.       0.105581],[0. 0. 0. 0. 1. 0. 0. 0. 1. 0. 1. 0. 0. 0. 1. 0. 0. 0. 1. 1. 0. 0. 0. 0. 0. 1. 0. 1. 0. 0. 1.],9.0,1000,100,0.01,0.0045,1,11,idID,,first,single_objective
549,0.15272669972076253,0.3207260694136013,0.004717700000000001,[0.       0.       0.       0.       0.105581 0.       0.       0.       0.105581 0.       0.105581 0.       0.       0.       0.105581 0.       0.       0.       0.105581 0.105581 0.       0.       0.       0.       0.       0.152856 0.       0.108076 0.       0.       0.105581],[0. 0. 0. 0. 1. 0. 0. 0. 1. 0. 1. 0. 0. 0. 1. 0. 0. 0. 1. 1. 0. 0. 0. 0. 0. 1. 0. 1. 0. 0. 1.],9.0,1000,100,0.01,0.0045,1,11,idID,,first,single_objective
550,0.15272669972076253,0.3207260694136013,0.004717700000000001,[0.       0.       0.       0.       0.105581 0.       0.       0.       0.105581 0.       0.105581 0.       0.       0.       0.105581 0.       0.       0.       0.105581 0.105581 0.       0.       0.       0.       0.       0.152856 0.       0.108076 0.       0.       0.105581],[0. 0. 0. 0. 1. 0. 0. 0. 1. 0. 1. 0. 0. 0. 1. 0. 0. 0. 1. 1. 0. 0. 0. 0. 0. 1. 0. 1. 0. 0. 1.],9.0,1000,100,0.01,0.0045,1,11,idID,,first,single_objective
551,0.15272669972076253,0.3207260694136013,0.004717700000000001,[0.       0.       0.       0.       0.105581 0.       0.       0.       0.105581 0.       0.105581 0.       0.       0.       0.105581 0.       0.       0.       0.105581 0.105581 0.       0.       0.       0.       0.       0.152856 0.       0.108076 0.       0.       0.105581],[0. 0. 0. 0. 1. 0. 0. 0. 1. 0. 1. 0. 0. 0. 1. 0. 0. 0. 1. 1. 0. 0. 0. 0. 0. 1. 0. 1. 0. 0. 1.],9.0,1000,100,0.01,0.0045,1,11,idID,,first,single_objective
552,0.15272669972076253,0.3207260694136013,0.004717700000000001,[0.       0.       0.       0.       0.105581 0.       0.       0.       0.105581 0.       0.105581 0.       0.       0.       0.105581 0.       0.       0.       0.105581 0.105581 0.       0.       0.       0.       0.       0.152856 0.       0.108076 0.       0.       0.105581],[0. 0. 0. 0. 1. 0. 0. 0. 1. 0. 1. 0. 0. 0. 1. 0. 0. 0. 1. 1. 0. 0. 0. 0. 0. 1. 0. 1. 0. 0. 1.],9.0,1000,100,0.01,0.0045,1,11,idID,,first,single_objective
553,0.15272669972076253,0.3207260694136013,0.004717700000000001,[0.       0.       0.       0.       0.105581 0.       0.       0.       0.105581 0.       0.105581 0.       0.       0.       0.105581 0.       0.       0.       0.105581 0.105581 0.       0.       0.       0.       0.       0.152856 0.       0.108076 0.       0.       0.105581],[0. 0. 0. 0. 1. 0. 0. 0. 1. 0. 1. 0. 0. 0. 1. 0. 0. 0. 1. 1. 0. 0. 0. 0. 0. 1. 0. 1. 0. 0. 1.],9.0,1000,100,0.01,0.0045,1,11,idID,,first,single_objective
554,0.15272669972076253,0.3207260694136013,0.004717700000000001,[0.       0.       0.       0.       0.105581 0.       0.       0.       0.105581 0.       0.105581 0.       0.       0.       0.105581 0.       0.       0.       0.105581 0.105581 0.       0.       0.       0.       0.       0.152856 0.       0.108076 0.       0.       0.105581],[0. 0. 0. 0. 1. 0. 0. 0. 1. 0. 1. 0. 0. 0. 1. 0. 0. 0. 1. 1. 0. 0. 0. 0. 0. 1. 0. 1. 0. 0. 1.],9.0,1000,100,0.01,0.0045,1,11,idID,,first,single_objective
555,0.15272669972076253,0.3207260694136013,0.004717700000000001,[0.       0.       0.       0.       0.105581 0.       0.       0.       0.105581 0.       0.105581 0.       0.       0.       0.105581 0.       0.       0.       0.105581 0.105581 0.       0.       0.       0.       0.       0.152856 0.       0.108076 0.       0.       0.105581],[0. 0. 0. 0. 1. 0. 0. 0. 1. 0. 1. 0. 0. 0. 1. 0. 0. 0. 1. 1. 0. 0. 0. 0. 0. 1. 0. 1. 0. 0. 1.],9.0,1000,100,0.01,0.0045,1,11,idID,,first,single_objective
556,0.15272669972076253,0.3207260694136013,0.004717700000000001,[0.       0.       0.       0.       0.105581 0.       0.       0.       0.105581 0.       0.105581 0.       0.       0.       0.105581 0.       0.       0.       0.105581 0.105581 0.       0.       0.       0.       0.       0.152856 0.       0.108076 0.       0.       0.105581],[0. 0. 0. 0. 1. 0. 0. 0. 1. 0. 1. 0. 0. 0. 1. 0. 0. 0. 1. 1. 0. 0. 0. 0. 0. 1. 0. 1. 0. 0. 1.],9.0,1000,100,0.01,0.0045,1,11,idID,,first,single_objective
557,0.15272669972076253,0.3207260694136013,0.004717700000000001,[0.       0.       0.       0.       0.105581 0.       0.       0.       0.105581 0.       0.105581 0.       0.       0.       0.105581 0.       0.       0.       0.105581 0.105581 0.       0.       0.       0.       0.       0.152856 0.       0.108076 0.       0.       0.105581],[0. 0. 0. 0. 1. 0. 0. 0. 1. 0. 1. 0. 0. 0. 1. 0. 0. 0. 1. 1. 0. 0. 0. 0. 0. 1. 0. 1. 0. 0. 1.],9.0,1000,100,0.01,0.0045,1,11,idID,,first,single_objective
558,0.15272669972076253,0.3207260694136013,0.004717700000000001,[0.       0.       0.       0.       0.105581 0.       0.       0.       0.105581 0.       0.105581 0.       0.       0.       0.105581 0.       0.       0.       0.105581 0.105581 0.       0.       0.       0.       0.       0.152856 0.       0.108076 0.       0.       0.105581],[0. 0. 0. 0. 1. 0. 0. 0. 1. 0. 1. 0. 0. 0. 1. 0. 0. 0. 1. 1. 0. 0. 0. 0. 0. 1. 0. 1. 0. 0. 1.],9.0,1000,100,0.01,0.0045,1,11,idID,,first,single_objective
559,0.15272669972076253,0.3207260694136013,0.004717700000000001,[0.       0.       0.       0.       0.105581 0.       0.       0.       0.105581 0.       0.105581 0.       0.       0.       0.105581 0.       0.       0.       0.105581 0.105581 0.       0.       0.       0.       0.       0.152856 0.       0.108076 0.       0.       0.105581],[0. 0. 0. 0. 1. 0. 0. 0. 1. 0. 1. 0. 0. 0. 1. 0. 0. 0. 1. 1. 0. 0. 0. 0. 0. 1. 0. 1. 0. 0. 1.],9.0,1000,100,0.01,0.0045,1,11,idID,,first,single_objective
560,0.15272669972076253,0.3207260694136013,0.004717700000000001,[0.       0.       0.       0.       0.105581 0.       0.       0.       0.105581 0.       0.105581 0.       0.       0.       0.105581 0.       0.       0.       0.105581 0.105581 0.       0.       0.       0.       0.       0.152856 0.       0.108076 0.       0.       0.105581],[0. 0. 0. 0. 1. 0. 0. 0. 1. 0. 1. 0. 0. 0. 1. 0. 0. 0. 1. 1. 0. 0. 0. 0. 0. 1. 0. 1. 0. 0. 1.],9.0,1000,100,0.01,0.0045,1,11,idID,,first,single_objective
561,0.15272669972076253,0.3207260694136013,0.004717700000000001,[0.       0.       0.       0.       0.105581 0.       0.       0.       0.105581 0.       0.105581 0.       0.       0.       0.105581 0.       0.       0.       0.105581 0.105581 0.       0.       0.       0.       0.       0.152856 0.       0.108076 0.       0.       0.105581],[0. 0. 0. 0. 1. 0. 0. 0. 1. 0. 1. 0. 0. 0. 1. 0. 0. 0. 1. 1. 0. 0. 0. 0. 0. 1. 0. 1. 0. 0. 1.],9.0,1000,100,0.01,0.0045,1,11,idID,,first,single_objective
562,0.15272669972076253,0.3207260694136013,0.004717700000000001,[0.       0.       0.       0.       0.105581 0.       0.       0.       0.105581 0.       0.105581 0.       0.       0.       0.105581 0.       0.       0.       0.105581 0.105581 0.       0.       0.       0.       0.       0.152856 0.       0.108076 0.       0.       0.105581],[0. 0. 0. 0. 1. 0. 0. 0. 1. 0. 1. 0. 0. 0. 1. 0. 0. 0. 1. 1. 0. 0. 0. 0. 0. 1. 0. 1. 0. 0. 1.],9.0,1000,100,0.01,0.0045,1,11,idID,,first,single_objective
563,0.15272669972076253,0.3207260694136013,0.004717700000000001,[0.       0.       0.       0.       0.105581 0.       0.       0.       0.105581 0.       0.105581 0.       0.       0.       0.105581 0.       0.       0.       0.105581 0.105581 0.       0.       0.       0.       0.       0.152856 0.       0.108076 0.       0.       0.105581],[0. 0. 0. 0. 1. 0. 0. 0. 1. 0. 1. 0. 0. 0. 1. 0. 0. 0. 1. 1. 0. 0. 0. 0. 0. 1. 0. 1. 0. 0. 1.],9.0,1000,100,0.01,0.0045,1,11,idID,,first,single_objective
564,0.15272669972076253,0.3207260694136013,0.004717700000000001,[0.       0.       0.       0.       0.105581 0.       0.       0.       0.105581 0.       0.105581 0.       0.       0.       0.105581 0.       0.       0.       0.105581 0.105581 0.       0.       0.       0.       0.       0.152856 0.       0.108076 0.       0.       0.105581],[0. 0. 0. 0. 1. 0. 0. 0. 1. 0. 1. 0. 0. 0. 1. 0. 0. 0. 1. 1. 0. 0. 0. 0. 0. 1. 0. 1. 0. 0. 1.],9.0,1000,100,0.01,0.0045,1,11,idID,,first,single_objective
565,0.15272669972076253,0.3207260694136013,0.004717700000000001,[0.       0.       0.       0.       0.105581 0.       0.       0.       0.105581 0.       0.105581 0.       0.       0.       0.105581 0.       0.       0.       0.105581 0.105581 0.       0.       0.       0.       0.       0.152856 0.       0.108076 0.       0.       0.105581],[0. 0. 0. 0. 1. 0. 0. 0. 1. 0. 1. 0. 0. 0. 1. 0. 0. 0. 1. 1. 0. 0. 0. 0. 0. 1. 0. 1. 0. 0. 1.],9.0,1000,100,0.01,0.0045,1,11,idID,,first,single_objective
566,0.15272669972076253,0.3207260694136013,0.004717700000000001,[0.       0.       0.       0.       0.105581 0.       0.       0.       0.105581 0.       0.105581 0.       0.       0.       0.105581 0.       0.       0.       0.105581 0.105581 0.       0.       0.       0.       0.       0.152856 0.       0.108076 0.       0.       0.105581],[0. 0. 0. 0. 1. 0. 0. 0. 1. 0. 1. 0. 0. 0. 1. 0. 0. 0. 1. 1. 0. 0. 0. 0. 0. 1. 0. 1. 0. 0. 1.],9.0,1000,100,0.01,0.0045,1,11,idID,,first,single_objective
567,0.15272669972076253,0.3207260694136013,0.004717700000000001,[0.       0.       0.       0.       0.105581 0.       0.       0.       0.105581 0.       0.105581 0.       0.       0.       0.105581 0.       0.       0.       0.105581 0.105581 0.       0.       0.       0.       0.       0.152856 0.       0.108076 0.       0.       0.105581],[0. 0. 0. 0. 1. 0. 0. 0. 1. 0. 1. 0. 0. 0. 1. 0. 0. 0. 1. 1. 0. 0. 0. 0. 0. 1. 0. 1. 0. 0. 1.],9.0,1000,100,0.01,0.0045,1,11,idID,,first,single_objective
568,0.15272669972076253,0.3207260694136013,0.004717700000000001,[0.       0.       0.       0.       0.105581 0.       0.       0.       0.105581 0.       0.105581 0.       0.       0.       0.105581 0.       0.       0.       0.105581 0.105581 0.       0.       0.       0.       0.       0.152856 0.       0.108076 0.       0.       0.105581],[0. 0. 0. 0. 1. 0. 0. 0. 1. 0. 1. 0. 0. 0. 1. 0. 0. 0. 1. 1. 0. 0. 0. 0. 0. 1. 0. 1. 0. 0. 1.],9.0,1000,100,0.01,0.0045,1,11,idID,,first,single_objective
569,0.15272669972076253,0.3207260694136013,0.004717700000000001,[0.       0.       0.       0.       0.105581 0.       0.       0.       0.105581 0.       0.105581 0.       0.       0.       0.105581 0.       0.       0.       0.105581 0.105581 0.       0.       0.       0.       0.       0.152856 0.       0.108076 0.       0.       0.105581],[0. 0. 0. 0. 1. 0. 0. 0. 1. 0. 1. 0. 0. 0. 1. 0. 0. 0. 1. 1. 0. 0. 0. 0. 0. 1. 0. 1. 0. 0. 1.],9.0,1000,100,0.01,0.0045,1,11,idID,,first,single_objective
570,0.15272669972076253,0.3207260694136013,0.004717700000000001,[0.       0.       0.       0.       0.105581 0.       0.       0.       0.105581 0.       0.105581 0.       0.       0.       0.105581 0.       0.       0.       0.105581 0.105581 0.       0.       0.       0.       0.       0.152856 0.       0.108076 0.       0.       0.105581],[0. 0. 0. 0. 1. 0. 0. 0. 1. 0. 1. 0. 0. 0. 1. 0. 0. 0. 1. 1. 0. 0. 0. 0. 0. 1. 0. 1. 0. 0. 1.],9.0,1000,100,0.01,0.0045,1,11,idID,,first,single_objective
571,0.15272669972076253,0.3207260694136013,0.004717700000000001,[0.       0.       0.       0.       0.105581 0.       0.       0.       0.105581 0.       0.105581 0.       0.       0.       0.105581 0.       0.       0.       0.105581 0.105581 0.       0.       0.       0.       0.       0.152856 0.       0.108076 0.       0.       0.105581],[0. 0. 0. 0. 1. 0. 0. 0. 1. 0. 1. 0. 0. 0. 1. 0. 0. 0. 1. 1. 0. 0. 0. 0. 0. 1. 0. 1. 0. 0. 1.],9.0,1000,100,0.01,0.0045,1,11,idID,,first,single_objective
572,0.15272669972076253,0.3207260694136013,0.004717700000000001,[0.       0.       0.       0.       0.105581 0.       0.       0.       0.105581 0.       0.105581 0.       0.       0.       0.105581 0.       0.       0.       0.105581 0.105581 0.       0.       0.       0.       0.       0.152856 0.       0.108076 0.       0.       0.105581],[0. 0. 0. 0. 1. 0. 0. 0. 1. 0. 1. 0. 0. 0. 1. 0. 0. 0. 1. 1. 0. 0. 0. 0. 0. 1. 0. 1. 0. 0. 1.],9.0,1000,100,0.01,0.0045,1,11,idID,,first,single_objective
573,0.15272669972076253,0.3207260694136013,0.004717700000000001,[0.       0.       0.       0.       0.105581 0.       0.       0.       0.105581 0.       0.105581 0.       0.       0.       0.105581 0.       0.       0.       0.105581 0.105581 0.       0.       0.       0.       0.       0.152856 0.       0.108076 0.       0.       0.105581],[0. 0. 0. 0. 1. 0. 0. 0. 1. 0. 1. 0. 0. 0. 1. 0. 0. 0. 1. 1. 0. 0. 0. 0. 0. 1. 0. 1. 0. 0. 1.],9.0,1000,100,0.01,0.0045,1,11,idID,,first,single_objective
574,0.15272669972076253,0.3207260694136013,0.004717700000000001,[0.       0.       0.       0.       0.105581 0.       0.       0.       0.105581 0.       0.105581 0.       0.       0.       0.105581 0.       0.       0.       0.105581 0.105581 0.       0.       0.       0.       0.       0.152856 0.       0.108076 0.       0.       0.105581],[0. 0. 0. 0. 1. 0. 0. 0. 1. 0. 1. 0. 0. 0. 1. 0. 0. 0. 1. 1. 0. 0. 0. 0. 0. 1. 0. 1. 0. 0. 1.],9.0,1000,100,0.01,0.0045,1,11,idID,,first,single_objective
575,0.15272669972076253,0.3207260694136013,0.004717700000000001,[0.       0.       0.       0.       0.105581 0.       0.       0.       0.105581 0.       0.105581 0.       0.       0.       0.105581 0.       0.       0.       0.105581 0.105581 0.       0.       0.       0.       0.       0.152856 0.       0.108076 0.       0.       0.105581],[0. 0. 0. 0. 1. 0. 0. 0. 1. 0. 1. 0. 0. 0. 1. 0. 0. 0. 1. 1. 0. 0. 0. 0. 0. 1. 0. 1. 0. 0. 1.],9.0,1000,100,0.01,0.0045,1,11,idID,,first,single_objective
576,0.15272669972076253,0.3207260694136013,0.004717700000000001,[0.       0.       0.       0.       0.105581 0.       0.       0.       0.105581 0.       0.105581 0.       0.       0.       0.105581 0.       0.       0.       0.105581 0.105581 0.       0.       0.       0.       0.       0.152856 0.       0.108076 0.       0.       0.105581],[0. 0. 0. 0. 1. 0. 0. 0. 1. 0. 1. 0. 0. 0. 1. 0. 0. 0. 1. 1. 0. 0. 0. 0. 0. 1. 0. 1. 0. 0. 1.],9.0,1000,100,0.01,0.0045,1,11,idID,,first,single_objective
577,0.15272669972076253,0.3207260694136013,0.004717700000000001,[0.       0.       0.       0.       0.105581 0.       0.       0.       0.105581 0.       0.105581 0.       0.       0.       0.105581 0.       0.       0.       0.105581 0.105581 0.       0.       0.       0.       0.       0.152856 0.       0.108076 0.       0.       0.105581],[0. 0. 0. 0. 1. 0. 0. 0. 1. 0. 1. 0. 0. 0. 1. 0. 0. 0. 1. 1. 0. 0. 0. 0. 0. 1. 0. 1. 0. 0. 1.],9.0,1000,100,0.01,0.0045,1,11,idID,,first,single_objective
578,0.15272669972076253,0.3207260694136013,0.004717700000000001,[0.       0.       0.       0.       0.105581 0.       0.       0.       0.105581 0.       0.105581 0.       0.       0.       0.105581 0.       0.       0.       0.105581 0.105581 0.       0.       0.       0.       0.       0.152856 0.       0.108076 0.       0.       0.105581],[0. 0. 0. 0. 1. 0. 0. 0. 1. 0. 1. 0. 0. 0. 1. 0. 0. 0. 1. 1. 0. 0. 0. 0. 0. 1. 0. 1. 0. 0. 1.],9.0,1000,100,0.01,0.0045,1,11,idID,,first,single_objective
579,0.15272669972076253,0.3207260694136013,0.004717700000000001,[0.       0.       0.       0.       0.105581 0.       0.       0.       0.105581 0.       0.105581 0.       0.       0.       0.105581 0.       0.       0.       0.105581 0.105581 0.       0.       0.       0.       0.       0.152856 0.       0.108076 0.       0.       0.105581],[0. 0. 0. 0. 1. 0. 0. 0. 1. 0. 1. 0. 0. 0. 1. 0. 0. 0. 1. 1. 0. 0. 0. 0. 0. 1. 0. 1. 0. 0. 1.],9.0,1000,100,0.01,0.0045,1,11,idID,,first,single_objective
580,0.15272669972076253,0.3207260694136013,0.004717700000000001,[0.       0.       0.       0.       0.105581 0.       0.       0.       0.105581 0.       0.105581 0.       0.       0.       0.105581 0.       0.       0.       0.105581 0.105581 0.       0.       0.       0.       0.       0.152856 0.       0.108076 0.       0.       0.105581],[0. 0. 0. 0. 1. 0. 0. 0. 1. 0. 1. 0. 0. 0. 1. 0. 0. 0. 1. 1. 0. 0. 0. 0. 0. 1. 0. 1. 0. 0. 1.],9.0,1000,100,0.01,0.0045,1,11,idID,,first,single_objective
581,0.15272669972076253,0.3207260694136013,0.004717700000000001,[0.       0.       0.       0.       0.105581 0.       0.       0.       0.105581 0.       0.105581 0.       0.       0.       0.105581 0.       0.       0.       0.105581 0.105581 0.       0.       0.       0.       0.       0.152856 0.       0.108076 0.       0.       0.105581],[0. 0. 0. 0. 1. 0. 0. 0. 1. 0. 1. 0. 0. 0. 1. 0. 0. 0. 1. 1. 0. 0. 0. 0. 0. 1. 0. 1. 0. 0. 1.],9.0,1000,100,0.01,0.0045,1,11,idID,,first,single_objective
582,0.15272669972076253,0.3207260694136013,0.004717700000000001,[0.       0.       0.       0.       0.105581 0.       0.       0.       0.105581 0.       0.105581 0.       0.       0.       0.105581 0.       0.       0.       0.105581 0.105581 0.       0.       0.       0.       0.       0.152856 0.       0.108076 0.       0.       0.105581],[0. 0. 0. 0. 1. 0. 0. 0. 1. 0. 1. 0. 0. 0. 1. 0. 0. 0. 1. 1. 0. 0. 0. 0. 0. 1. 0. 1. 0. 0. 1.],9.0,1000,100,0.01,0.0045,1,11,idID,,first,single_objective
583,0.15272669972076253,0.3207260694136013,0.004717700000000001,[0.       0.       0.       0.       0.105581 0.       0.       0.       0.105581 0.       0.105581 0.       0.       0.       0.105581 0.       0.       0.       0.105581 0.105581 0.       0.       0.       0.       0.       0.152856 0.       0.108076 0.       0.       0.105581],[0. 0. 0. 0. 1. 0. 0. 0. 1. 0. 1. 0. 0. 0. 1. 0. 0. 0. 1. 1. 0. 0. 0. 0. 0. 1. 0. 1. 0. 0. 1.],9.0,1000,100,0.01,0.0045,1,11,idID,,first,single_objective
584,0.15272669972076253,0.3207260694136013,0.004717700000000001,[0.       0.       0.       0.       0.105581 0.       0.       0.       0.105581 0.       0.105581 0.       0.       0.       0.105581 0.       0.       0.       0.105581 0.105581 0.       0.       0.       0.       0.       0.152856 0.       0.108076 0.       0.       0.105581],[0. 0. 0. 0. 1. 0. 0. 0. 1. 0. 1. 0. 0. 0. 1. 0. 0. 0. 1. 1. 0. 0. 0. 0. 0. 1. 0. 1. 0. 0. 1.],9.0,1000,100,0.01,0.0045,1,11,idID,,first,single_objective
585,0.15272669972076253,0.3207260694136013,0.004717700000000001,[0.       0.       0.       0.       0.105581 0.       0.       0.       0.105581 0.       0.105581 0.       0.       0.       0.105581 0.       0.       0.       0.105581 0.105581 0.       0.       0.       0.       0.       0.152856 0.       0.108076 0.       0.       0.105581],[0. 0. 0. 0. 1. 0. 0. 0. 1. 0. 1. 0. 0. 0. 1. 0. 0. 0. 1. 1. 0. 0. 0. 0. 0. 1. 0. 1. 0. 0. 1.],9.0,1000,100,0.01,0.0045,1,11,idID,,first,single_objective
586,0.15272669972076253,0.3207260694136013,0.004717700000000001,[0.       0.       0.       0.       0.105581 0.       0.       0.       0.105581 0.       0.105581 0.       0.       0.       0.105581 0.       0.       0.       0.105581 0.105581 0.       0.       0.       0.       0.       0.152856 0.       0.108076 0.       0.       0.105581],[0. 0. 0. 0. 1. 0. 0. 0. 1. 0. 1. 0. 0. 0. 1. 0. 0. 0. 1. 1. 0. 0. 0. 0. 0. 1. 0. 1. 0. 0. 1.],9.0,1000,100,0.01,0.0045,1,11,idID,,first,single_objective
587,0.15272669972076253,0.3207260694136013,0.004717700000000001,[0.       0.       0.       0.       0.105581 0.       0.       0.       0.105581 0.       0.105581 0.       0.       0.       0.105581 0.       0.       0.       0.105581 0.105581 0.       0.       0.       0.       0.       0.152856 0.       0.108076 0.       0.       0.105581],[0. 0. 0. 0. 1. 0. 0. 0. 1. 0. 1. 0. 0. 0. 1. 0. 0. 0. 1. 1. 0. 0. 0. 0. 0. 1. 0. 1. 0. 0. 1.],9.0,1000,100,0.01,0.0045,1,11,idID,,first,single_objective
588,0.15272669972076253,0.3207260694136013,0.004717700000000001,[0.       0.       0.       0.       0.105581 0.       0.       0.       0.105581 0.       0.105581 0.       0.       0.       0.105581 0.       0.       0.       0.105581 0.105581 0.       0.       0.       0.       0.       0.152856 0.       0.108076 0.       0.       0.105581],[0. 0. 0. 0. 1. 0. 0. 0. 1. 0. 1. 0. 0. 0. 1. 0. 0. 0. 1. 1. 0. 0. 0. 0. 0. 1. 0. 1. 0. 0. 1.],9.0,1000,100,0.01,0.0045,1,11,idID,,first,single_objective
589,0.15272669972076253,0.3207260694136013,0.004717700000000001,[0.       0.       0.       0.       0.105581 0.       0.       0.       0.105581 0.       0.105581 0.       0.       0.       0.105581 0.       0.       0.       0.105581 0.105581 0.       0.       0.       0.       0.       0.152856 0.       0.108076 0.       0.       0.105581],[0. 0. 0. 0. 1. 0. 0. 0. 1. 0. 1. 0. 0. 0. 1. 0. 0. 0. 1. 1. 0. 0. 0. 0. 0. 1. 0. 1. 0. 0. 1.],9.0,1000,100,0.01,0.0045,1,11,idID,,first,single_objective
590,0.15272669972076253,0.3207260694136013,0.004717700000000001,[0.       0.       0.       0.       0.105581 0.       0.       0.       0.105581 0.       0.105581 0.       0.       0.       0.105581 0.       0.       0.       0.105581 0.105581 0.       0.       0.       0.       0.       0.152856 0.       0.108076 0.       0.       0.105581],[0. 0. 0. 0. 1. 0. 0. 0. 1. 0. 1. 0. 0. 0. 1. 0. 0. 0. 1. 1. 0. 0. 0. 0. 0. 1. 0. 1. 0. 0. 1.],9.0,1000,100,0.01,0.0045,1,11,idID,,first,single_objective
591,0.15272669972076253,0.3207260694136013,0.004717700000000001,[0.       0.       0.       0.       0.105581 0.       0.       0.       0.105581 0.       0.105581 0.       0.       0.       0.105581 0.       0.       0.       0.105581 0.105581 0.       0.       0.       0.       0.       0.152856 0.       0.108076 0.       0.       0.105581],[0. 0. 0. 0. 1. 0. 0. 0. 1. 0. 1. 0. 0. 0. 1. 0. 0. 0. 1. 1. 0. 0. 0. 0. 0. 1. 0. 1. 0. 0. 1.],9.0,1000,100,0.01,0.0045,1,11,idID,,first,single_objective
592,0.15272669972076253,0.3207260694136013,0.004717700000000001,[0.       0.       0.       0.       0.105581 0.       0.       0.       0.105581 0.       0.105581 0.       0.       0.       0.105581 0.       0.       0.       0.105581 0.105581 0.       0.       0.       0.       0.       0.152856 0.       0.108076 0.       0.       0.105581],[0. 0. 0. 0. 1. 0. 0. 0. 1. 0. 1. 0. 0. 0. 1. 0. 0. 0. 1. 1. 0. 0. 0. 0. 0. 1. 0. 1. 0. 0. 1.],9.0,1000,100,0.01,0.0045,1,11,idID,,first,single_objective
593,0.15272669972076253,0.3207260694136013,0.004717700000000001,[0.       0.       0.       0.       0.105581 0.       0.       0.       0.105581 0.       0.105581 0.       0.       0.       0.105581 0.       0.       0.       0.105581 0.105581 0.       0.       0.       0.       0.       0.152856 0.       0.108076 0.       0.       0.105581],[0. 0. 0. 0. 1. 0. 0. 0. 1. 0. 1. 0. 0. 0. 1. 0. 0. 0. 1. 1. 0. 0. 0. 0. 0. 1. 0. 1. 0. 0. 1.],9.0,1000,100,0.01,0.0045,1,11,idID,,first,single_objective
594,0.15272669972076253,0.3207260694136013,0.004717700000000001,[0.       0.       0.       0.       0.105581 0.       0.       0.       0.105581 0.       0.105581 0.       0.       0.       0.105581 0.       0.       0.       0.105581 0.105581 0.       0.       0.       0.       0.       0.152856 0.       0.108076 0.       0.       0.105581],[0. 0. 0. 0. 1. 0. 0. 0. 1. 0. 1. 0. 0. 0. 1. 0. 0. 0. 1. 1. 0. 0. 0. 0. 0. 1. 0. 1. 0. 0. 1.],9.0,1000,100,0.01,0.0045,1,11,idID,,first,single_objective
595,0.15272669972076253,0.3207260694136013,0.004717700000000001,[0.       0.       0.       0.       0.105581 0.       0.       0.       0.105581 0.       0.105581 0.       0.       0.       0.105581 0.       0.       0.       0.105581 0.105581 0.       0.       0.       0.       0.       0.152856 0.       0.108076 0.       0.       0.105581],[0. 0. 0. 0. 1. 0. 0. 0. 1. 0. 1. 0. 0. 0. 1. 0. 0. 0. 1. 1. 0. 0. 0. 0. 0. 1. 0. 1. 0. 0. 1.],9.0,1000,100,0.01,0.0045,1,11,idID,,first,single_objective
596,0.15272669972076253,0.3207260694136013,0.004717700000000001,[0.       0.       0.       0.       0.105581 0.       0.       0.       0.105581 0.       0.105581 0.       0.       0.       0.105581 0.       0.       0.       0.105581 0.105581 0.       0.       0.       0.       0.       0.152856 0.       0.108076 0.       0.       0.105581],[0. 0. 0. 0. 1. 0. 0. 0. 1. 0. 1. 0. 0. 0. 1. 0. 0. 0. 1. 1. 0. 0. 0. 0. 0. 1. 0. 1. 0. 0. 1.],9.0,1000,100,0.01,0.0045,1,11,idID,,first,single_objective
597,0.15272669972076253,0.3207260694136013,0.004717700000000001,[0.       0.       0.       0.       0.105581 0.       0.       0.       0.105581 0.       0.105581 0.       0.       0.       0.105581 0.       0.       0.       0.105581 0.105581 0.       0.       0.       0.       0.       0.152856 0.       0.108076 0.       0.       0.105581],[0. 0. 0. 0. 1. 0. 0. 0. 1. 0. 1. 0. 0. 0. 1. 0. 0. 0. 1. 1. 0. 0. 0. 0. 0. 1. 0. 1. 0. 0. 1.],9.0,1000,100,0.01,0.0045,1,11,idID,,first,single_objective
598,0.15272669972076253,0.3207260694136013,0.004717700000000001,[0.       0.       0.       0.       0.105581 0.       0.       0.       0.105581 0.       0.105581 0.       0.       0.       0.105581 0.       0.       0.       0.105581 0.105581 0.       0.       0.       0.       0.       0.152856 0.       0.108076 0.       0.       0.105581],[0. 0. 0. 0. 1. 0. 0. 0. 1. 0. 1. 0. 0. 0. 1. 0. 0. 0. 1. 1. 0. 0. 0. 0. 0. 1. 0. 1. 0. 0. 1.],9.0,1000,100,0.01,0.0045,1,11,idID,,first,single_objective
599,0.15272669972076253,0.3207260694136013,0.004717700000000001,[0.       0.       0.       0.       0.105581 0.       0.       0.       0.105581 0.       0.105581 0.       0.       0.       0.105581 0.       0.       0.       0.105581 0.105581 0.       0.       0.       0.       0.       0.152856 0.       0.108076 0.       0.       0.105581],[0. 0. 0. 0. 1. 0. 0. 0. 1. 0. 1. 0. 0. 0. 1. 0. 0. 0. 1. 1. 0. 0. 0. 0. 0. 1. 0. 1. 0. 0. 1.],9.0,1000,100,0.01,0.0045,1,11,idID,,first,single_objective
600,0.15272669972076253,0.3207260694136013,0.004717700000000001,[0.       0.       0.       0.       0.105581 0.       0.       0.       0.105581 0.       0.105581 0.       0.       0.       0.105581 0.       0.       0.       0.105581 0.105581 0.       0.       0.       0.       0.       0.152856 0.       0.108076 0.       0.       0.105581],[0. 0. 0. 0. 1. 0. 0. 0. 1. 0. 1. 0. 0. 0. 1. 0. 0. 0. 1. 1. 0. 0. 0. 0. 0. 1. 0. 1. 0. 0. 1.],9.0,1000,100,0.01,0.0045,1,11,idID,,first,single_objective
601,0.15272669972076253,0.3207260694136013,0.004717700000000001,[0.       0.       0.       0.       0.105581 0.       0.       0.       0.105581 0.       0.105581 0.       0.       0.       0.105581 0.       0.       0.       0.105581 0.105581 0.       0.       0.       0.       0.       0.152856 0.       0.108076 0.       0.       0.105581],[0. 0. 0. 0. 1. 0. 0. 0. 1. 0. 1. 0. 0. 0. 1. 0. 0. 0. 1. 1. 0. 0. 0. 0. 0. 1. 0. 1. 0. 0. 1.],9.0,1000,100,0.01,0.0045,1,11,idID,,first,single_objective
602,0.15272669972076253,0.3207260694136013,0.004717700000000001,[0.       0.       0.       0.       0.105581 0.       0.       0.       0.105581 0.       0.105581 0.       0.       0.       0.105581 0.       0.       0.       0.105581 0.105581 0.       0.       0.       0.       0.       0.152856 0.       0.108076 0.       0.       0.105581],[0. 0. 0. 0. 1. 0. 0. 0. 1. 0. 1. 0. 0. 0. 1. 0. 0. 0. 1. 1. 0. 0. 0. 0. 0. 1. 0. 1. 0. 0. 1.],9.0,1000,100,0.01,0.0045,1,11,idID,,first,single_objective
603,0.15272669972076253,0.3207260694136013,0.004717700000000001,[0.       0.       0.       0.       0.105581 0.       0.       0.       0.105581 0.       0.105581 0.       0.       0.       0.105581 0.       0.       0.       0.105581 0.105581 0.       0.       0.       0.       0.       0.152856 0.       0.108076 0.       0.       0.105581],[0. 0. 0. 0. 1. 0. 0. 0. 1. 0. 1. 0. 0. 0. 1. 0. 0. 0. 1. 1. 0. 0. 0. 0. 0. 1. 0. 1. 0. 0. 1.],9.0,1000,100,0.01,0.0045,1,11,idID,,first,single_objective
604,0.15272669972076253,0.3207260694136013,0.004717700000000001,[0.       0.       0.       0.       0.105581 0.       0.       0.       0.105581 0.       0.105581 0.       0.       0.       0.105581 0.       0.       0.       0.105581 0.105581 0.       0.       0.       0.       0.       0.152856 0.       0.108076 0.       0.       0.105581],[0. 0. 0. 0. 1. 0. 0. 0. 1. 0. 1. 0. 0. 0. 1. 0. 0. 0. 1. 1. 0. 0. 0. 0. 0. 1. 0. 1. 0. 0. 1.],9.0,1000,100,0.01,0.0045,1,11,idID,,first,single_objective
605,0.15272669972076253,0.3207260694136013,0.004717700000000001,[0.       0.       0.       0.       0.105581 0.       0.       0.       0.105581 0.       0.105581 0.       0.       0.       0.105581 0.       0.       0.       0.105581 0.105581 0.       0.       0.       0.       0.       0.152856 0.       0.108076 0.       0.       0.105581],[0. 0. 0. 0. 1. 0. 0. 0. 1. 0. 1. 0. 0. 0. 1. 0. 0. 0. 1. 1. 0. 0. 0. 0. 0. 1. 0. 1. 0. 0. 1.],9.0,1000,100,0.01,0.0045,1,11,idID,,first,single_objective
606,0.15272669972076253,0.3207260694136013,0.004717700000000001,[0.       0.       0.       0.       0.105581 0.       0.       0.       0.105581 0.       0.105581 0.       0.       0.       0.105581 0.       0.       0.       0.105581 0.105581 0.       0.       0.       0.       0.       0.152856 0.       0.108076 0.       0.       0.105581],[0. 0. 0. 0. 1. 0. 0. 0. 1. 0. 1. 0. 0. 0. 1. 0. 0. 0. 1. 1. 0. 0. 0. 0. 0. 1. 0. 1. 0. 0. 1.],9.0,1000,100,0.01,0.0045,1,11,idID,,first,single_objective
607,0.15272669972076253,0.3207260694136013,0.004717700000000001,[0.       0.       0.       0.       0.105581 0.       0.       0.       0.105581 0.       0.105581 0.       0.       0.       0.105581 0.       0.       0.       0.105581 0.105581 0.       0.       0.       0.       0.       0.152856 0.       0.108076 0.       0.       0.105581],[0. 0. 0. 0. 1. 0. 0. 0. 1. 0. 1. 0. 0. 0. 1. 0. 0. 0. 1. 1. 0. 0. 0. 0. 0. 1. 0. 1. 0. 0. 1.],9.0,1000,100,0.01,0.0045,1,11,idID,,first,single_objective
608,0.15272669972076253,0.3207260694136013,0.004717700000000001,[0.       0.       0.       0.       0.105581 0.       0.       0.       0.105581 0.       0.105581 0.       0.       0.       0.105581 0.       0.       0.       0.105581 0.105581 0.       0.       0.       0.       0.       0.152856 0.       0.108076 0.       0.       0.105581],[0. 0. 0. 0. 1. 0. 0. 0. 1. 0. 1. 0. 0. 0. 1. 0. 0. 0. 1. 1. 0. 0. 0. 0. 0. 1. 0. 1. 0. 0. 1.],9.0,1000,100,0.01,0.0045,1,11,idID,,first,single_objective
609,0.15272669972076253,0.3207260694136013,0.004717700000000001,[0.       0.       0.       0.       0.105581 0.       0.       0.       0.105581 0.       0.105581 0.       0.       0.       0.105581 0.       0.       0.       0.105581 0.105581 0.       0.       0.       0.       0.       0.152856 0.       0.108076 0.       0.       0.105581],[0. 0. 0. 0. 1. 0. 0. 0. 1. 0. 1. 0. 0. 0. 1. 0. 0. 0. 1. 1. 0. 0. 0. 0. 0. 1. 0. 1. 0. 0. 1.],9.0,1000,100,0.01,0.0045,1,11,idID,,first,single_objective
610,0.15272669972076253,0.3207260694136013,0.004717700000000001,[0.       0.       0.       0.       0.105581 0.       0.       0.       0.105581 0.       0.105581 0.       0.       0.       0.105581 0.       0.       0.       0.105581 0.105581 0.       0.       0.       0.       0.       0.152856 0.       0.108076 0.       0.       0.105581],[0. 0. 0. 0. 1. 0. 0. 0. 1. 0. 1. 0. 0. 0. 1. 0. 0. 0. 1. 1. 0. 0. 0. 0. 0. 1. 0. 1. 0. 0. 1.],9.0,1000,100,0.01,0.0045,1,11,idID,,first,single_objective
611,0.15272669972076253,0.3207260694136013,0.004717700000000001,[0.       0.       0.       0.       0.105581 0.       0.       0.       0.105581 0.       0.105581 0.       0.       0.       0.105581 0.       0.       0.       0.105581 0.105581 0.       0.       0.       0.       0.       0.152856 0.       0.108076 0.       0.       0.105581],[0. 0. 0. 0. 1. 0. 0. 0. 1. 0. 1. 0. 0. 0. 1. 0. 0. 0. 1. 1. 0. 0. 0. 0. 0. 1. 0. 1. 0. 0. 1.],9.0,1000,100,0.01,0.0045,1,11,idID,,first,single_objective
612,0.15272669972076253,0.3207260694136013,0.004717700000000001,[0.       0.       0.       0.       0.105581 0.       0.       0.       0.105581 0.       0.105581 0.       0.       0.       0.105581 0.       0.       0.       0.105581 0.105581 0.       0.       0.       0.       0.       0.152856 0.       0.108076 0.       0.       0.105581],[0. 0. 0. 0. 1. 0. 0. 0. 1. 0. 1. 0. 0. 0. 1. 0. 0. 0. 1. 1. 0. 0. 0. 0. 0. 1. 0. 1. 0. 0. 1.],9.0,1000,100,0.01,0.0045,1,11,idID,,first,single_objective
613,0.15272669972076253,0.3207260694136013,0.004717700000000001,[0.       0.       0.       0.       0.105581 0.       0.       0.       0.105581 0.       0.105581 0.       0.       0.       0.105581 0.       0.       0.       0.105581 0.105581 0.       0.       0.       0.       0.       0.152856 0.       0.108076 0.       0.       0.105581],[0. 0. 0. 0. 1. 0. 0. 0. 1. 0. 1. 0. 0. 0. 1. 0. 0. 0. 1. 1. 0. 0. 0. 0. 0. 1. 0. 1. 0. 0. 1.],9.0,1000,100,0.01,0.0045,1,11,idID,,first,single_objective
614,0.15272669972076253,0.3207260694136013,0.004717700000000001,[0.       0.       0.       0.       0.105581 0.       0.       0.       0.105581 0.       0.105581 0.       0.       0.       0.105581 0.       0.       0.       0.105581 0.105581 0.       0.       0.       0.       0.       0.152856 0.       0.108076 0.       0.       0.105581],[0. 0. 0. 0. 1. 0. 0. 0. 1. 0. 1. 0. 0. 0. 1. 0. 0. 0. 1. 1. 0. 0. 0. 0. 0. 1. 0. 1. 0. 0. 1.],9.0,1000,100,0.01,0.0045,1,11,idID,,first,single_objective
615,0.15272669972076253,0.3207260694136013,0.004717700000000001,[0.       0.       0.       0.       0.105581 0.       0.       0.       0.105581 0.       0.105581 0.       0.       0.       0.105581 0.       0.       0.       0.105581 0.105581 0.       0.       0.       0.       0.       0.152856 0.       0.108076 0.       0.       0.105581],[0. 0. 0. 0. 1. 0. 0. 0. 1. 0. 1. 0. 0. 0. 1. 0. 0. 0. 1. 1. 0. 0. 0. 0. 0. 1. 0. 1. 0. 0. 1.],9.0,1000,100,0.01,0.0045,1,11,idID,,first,single_objective
616,0.15272669972076253,0.3207260694136013,0.004717700000000001,[0.       0.       0.       0.       0.105581 0.       0.       0.       0.105581 0.       0.105581 0.       0.       0.       0.105581 0.       0.       0.       0.105581 0.105581 0.       0.       0.       0.       0.       0.152856 0.       0.108076 0.       0.       0.105581],[0. 0. 0. 0. 1. 0. 0. 0. 1. 0. 1. 0. 0. 0. 1. 0. 0. 0. 1. 1. 0. 0. 0. 0. 0. 1. 0. 1. 0. 0. 1.],9.0,1000,100,0.01,0.0045,1,11,idID,,first,single_objective
617,0.15272669972076253,0.3207260694136013,0.004717700000000001,[0.       0.       0.       0.       0.105581 0.       0.       0.       0.105581 0.       0.105581 0.       0.       0.       0.105581 0.       0.       0.       0.105581 0.105581 0.       0.       0.       0.       0.       0.152856 0.       0.108076 0.       0.       0.105581],[0. 0. 0. 0. 1. 0. 0. 0. 1. 0. 1. 0. 0. 0. 1. 0. 0. 0. 1. 1. 0. 0. 0. 0. 0. 1. 0. 1. 0. 0. 1.],9.0,1000,100,0.01,0.0045,1,11,idID,,first,single_objective
618,0.15272669972076253,0.3207260694136013,0.004717700000000001,[0.       0.       0.       0.       0.105581 0.       0.       0.       0.105581 0.       0.105581 0.       0.       0.       0.105581 0.       0.       0.       0.105581 0.105581 0.       0.       0.       0.       0.       0.152856 0.       0.108076 0.       0.       0.105581],[0. 0. 0. 0. 1. 0. 0. 0. 1. 0. 1. 0. 0. 0. 1. 0. 0. 0. 1. 1. 0. 0. 0. 0. 0. 1. 0. 1. 0. 0. 1.],9.0,1000,100,0.01,0.0045,1,11,idID,,first,single_objective
619,0.15272669972076253,0.3207260694136013,0.004717700000000001,[0.       0.       0.       0.       0.105581 0.       0.       0.       0.105581 0.       0.105581 0.       0.       0.       0.105581 0.       0.       0.       0.105581 0.105581 0.       0.       0.       0.       0.       0.152856 0.       0.108076 0.       0.       0.105581],[0. 0. 0. 0. 1. 0. 0. 0. 1. 0. 1. 0. 0. 0. 1. 0. 0. 0. 1. 1. 0. 0. 0. 0. 0. 1. 0. 1. 0. 0. 1.],9.0,1000,100,0.01,0.0045,1,11,idID,,first,single_objective
620,0.15272669972076253,0.3207260694136013,0.004717700000000001,[0.       0.       0.       0.       0.105581 0.       0.       0.       0.105581 0.       0.105581 0.       0.       0.       0.105581 0.       0.       0.       0.105581 0.105581 0.       0.       0.       0.       0.       0.152856 0.       0.108076 0.       0.       0.105581],[0. 0. 0. 0. 1. 0. 0. 0. 1. 0. 1. 0. 0. 0. 1. 0. 0. 0. 1. 1. 0. 0. 0. 0. 0. 1. 0. 1. 0. 0. 1.],9.0,1000,100,0.01,0.0045,1,11,idID,,first,single_objective
621,0.15272669972076253,0.3207260694136013,0.004717700000000001,[0.       0.       0.       0.       0.105581 0.       0.       0.       0.105581 0.       0.105581 0.       0.       0.       0.105581 0.       0.       0.       0.105581 0.105581 0.       0.       0.       0.       0.       0.152856 0.       0.108076 0.       0.       0.105581],[0. 0. 0. 0. 1. 0. 0. 0. 1. 0. 1. 0. 0. 0. 1. 0. 0. 0. 1. 1. 0. 0. 0. 0. 0. 1. 0. 1. 0. 0. 1.],9.0,1000,100,0.01,0.0045,1,11,idID,,first,single_objective
622,0.15272669972076253,0.3207260694136013,0.004717700000000001,[0.       0.       0.       0.       0.105581 0.       0.       0.       0.105581 0.       0.105581 0.       0.       0.       0.105581 0.       0.       0.       0.105581 0.105581 0.       0.       0.       0.       0.       0.152856 0.       0.108076 0.       0.       0.105581],[0. 0. 0. 0. 1. 0. 0. 0. 1. 0. 1. 0. 0. 0. 1. 0. 0. 0. 1. 1. 0. 0. 0. 0. 0. 1. 0. 1. 0. 0. 1.],9.0,1000,100,0.01,0.0045,1,11,idID,,first,single_objective
623,0.15272669972076253,0.3207260694136013,0.004717700000000001,[0.       0.       0.       0.       0.105581 0.       0.       0.       0.105581 0.       0.105581 0.       0.       0.       0.105581 0.       0.       0.       0.105581 0.105581 0.       0.       0.       0.       0.       0.152856 0.       0.108076 0.       0.       0.105581],[0. 0. 0. 0. 1. 0. 0. 0. 1. 0. 1. 0. 0. 0. 1. 0. 0. 0. 1. 1. 0. 0. 0. 0. 0. 1. 0. 1. 0. 0. 1.],9.0,1000,100,0.01,0.0045,1,11,idID,,first,single_objective
624,0.15272669972076253,0.3207260694136013,0.004717700000000001,[0.       0.       0.       0.       0.105581 0.       0.       0.       0.105581 0.       0.105581 0.       0.       0.       0.105581 0.       0.       0.       0.105581 0.105581 0.       0.       0.       0.       0.       0.152856 0.       0.108076 0.       0.       0.105581],[0. 0. 0. 0. 1. 0. 0. 0. 1. 0. 1. 0. 0. 0. 1. 0. 0. 0. 1. 1. 0. 0. 0. 0. 0. 1. 0. 1. 0. 0. 1.],9.0,1000,100,0.01,0.0045,1,11,idID,,first,single_objective
625,0.15272669972076253,0.3207260694136013,0.004717700000000001,[0.       0.       0.       0.       0.105581 0.       0.       0.       0.105581 0.       0.105581 0.       0.       0.       0.105581 0.       0.       0.       0.105581 0.105581 0.       0.       0.       0.       0.       0.152856 0.       0.108076 0.       0.       0.105581],[0. 0. 0. 0. 1. 0. 0. 0. 1. 0. 1. 0. 0. 0. 1. 0. 0. 0. 1. 1. 0. 0. 0. 0. 0. 1. 0. 1. 0. 0. 1.],9.0,1000,100,0.01,0.0045,1,11,idID,,first,single_objective
626,0.15272669972076253,0.3207260694136013,0.004717700000000001,[0.       0.       0.       0.       0.105581 0.       0.       0.       0.105581 0.       0.105581 0.       0.       0.       0.105581 0.       0.       0.       0.105581 0.105581 0.       0.       0.       0.       0.       0.152856 0.       0.108076 0.       0.       0.105581],[0. 0. 0. 0. 1. 0. 0. 0. 1. 0. 1. 0. 0. 0. 1. 0. 0. 0. 1. 1. 0. 0. 0. 0. 0. 1. 0. 1. 0. 0. 1.],9.0,1000,100,0.01,0.0045,1,11,idID,,first,single_objective
627,0.15272669972076253,0.3207260694136013,0.004717700000000001,[0.       0.       0.       0.       0.105581 0.       0.       0.       0.105581 0.       0.105581 0.       0.       0.       0.105581 0.       0.       0.       0.105581 0.105581 0.       0.       0.       0.       0.       0.152856 0.       0.108076 0.       0.       0.105581],[0. 0. 0. 0. 1. 0. 0. 0. 1. 0. 1. 0. 0. 0. 1. 0. 0. 0. 1. 1. 0. 0. 0. 0. 0. 1. 0. 1. 0. 0. 1.],9.0,1000,100,0.01,0.0045,1,11,idID,,first,single_objective
628,0.15272669972076253,0.3207260694136013,0.004717700000000001,[0.       0.       0.       0.       0.105581 0.       0.       0.       0.105581 0.       0.105581 0.       0.       0.       0.105581 0.       0.       0.       0.105581 0.105581 0.       0.       0.       0.       0.       0.152856 0.       0.108076 0.       0.       0.105581],[0. 0. 0. 0. 1. 0. 0. 0. 1. 0. 1. 0. 0. 0. 1. 0. 0. 0. 1. 1. 0. 0. 0. 0. 0. 1. 0. 1. 0. 0. 1.],9.0,1000,100,0.01,0.0045,1,11,idID,,first,single_objective
629,0.15272669972076253,0.3207260694136013,0.004717700000000001,[0.       0.       0.       0.       0.105581 0.       0.       0.       0.105581 0.       0.105581 0.       0.       0.       0.105581 0.       0.       0.       0.105581 0.105581 0.       0.       0.       0.       0.       0.152856 0.       0.108076 0.       0.       0.105581],[0. 0. 0. 0. 1. 0. 0. 0. 1. 0. 1. 0. 0. 0. 1. 0. 0. 0. 1. 1. 0. 0. 0. 0. 0. 1. 0. 1. 0. 0. 1.],9.0,1000,100,0.01,0.0045,1,11,idID,,first,single_objective
630,0.15272669972076253,0.3207260694136013,0.004717700000000001,[0.       0.       0.       0.       0.105581 0.       0.       0.       0.105581 0.       0.105581 0.       0.       0.       0.105581 0.       0.       0.       0.105581 0.105581 0.       0.       0.       0.       0.       0.152856 0.       0.108076 0.       0.       0.105581],[0. 0. 0. 0. 1. 0. 0. 0. 1. 0. 1. 0. 0. 0. 1. 0. 0. 0. 1. 1. 0. 0. 0. 0. 0. 1. 0. 1. 0. 0. 1.],9.0,1000,100,0.01,0.0045,1,11,idID,,first,single_objective
631,0.15272669972076253,0.3207260694136013,0.004717700000000001,[0.       0.       0.       0.       0.105581 0.       0.       0.       0.105581 0.       0.105581 0.       0.       0.       0.105581 0.       0.       0.       0.105581 0.105581 0.       0.       0.       0.       0.       0.152856 0.       0.108076 0.       0.       0.105581],[0. 0. 0. 0. 1. 0. 0. 0. 1. 0. 1. 0. 0. 0. 1. 0. 0. 0. 1. 1. 0. 0. 0. 0. 0. 1. 0. 1. 0. 0. 1.],9.0,1000,100,0.01,0.0045,1,11,idID,,first,single_objective
632,0.15272669972076253,0.3207260694136013,0.004717700000000001,[0.       0.       0.       0.       0.105581 0.       0.       0.       0.105581 0.       0.105581 0.       0.       0.       0.105581 0.       0.       0.       0.105581 0.105581 0.       0.       0.       0.       0.       0.152856 0.       0.108076 0.       0.       0.105581],[0. 0. 0. 0. 1. 0. 0. 0. 1. 0. 1. 0. 0. 0. 1. 0. 0. 0. 1. 1. 0. 0. 0. 0. 0. 1. 0. 1. 0. 0. 1.],9.0,1000,100,0.01,0.0045,1,11,idID,,first,single_objective
633,0.15272669972076253,0.3207260694136013,0.004717700000000001,[0.       0.       0.       0.       0.105581 0.       0.       0.       0.105581 0.       0.105581 0.       0.       0.       0.105581 0.       0.       0.       0.105581 0.105581 0.       0.       0.       0.       0.       0.152856 0.       0.108076 0.       0.       0.105581],[0. 0. 0. 0. 1. 0. 0. 0. 1. 0. 1. 0. 0. 0. 1. 0. 0. 0. 1. 1. 0. 0. 0. 0. 0. 1. 0. 1. 0. 0. 1.],9.0,1000,100,0.01,0.0045,1,11,idID,,first,single_objective
634,0.15272669972076253,0.3207260694136013,0.004717700000000001,[0.       0.       0.       0.       0.105581 0.       0.       0.       0.105581 0.       0.105581 0.       0.       0.       0.105581 0.       0.       0.       0.105581 0.105581 0.       0.       0.       0.       0.       0.152856 0.       0.108076 0.       0.       0.105581],[0. 0. 0. 0. 1. 0. 0. 0. 1. 0. 1. 0. 0. 0. 1. 0. 0. 0. 1. 1. 0. 0. 0. 0. 0. 1. 0. 1. 0. 0. 1.],9.0,1000,100,0.01,0.0045,1,11,idID,,first,single_objective
635,0.15272669972076253,0.3207260694136013,0.004717700000000001,[0.       0.       0.       0.       0.105581 0.       0.       0.       0.105581 0.       0.105581 0.       0.       0.       0.105581 0.       0.       0.       0.105581 0.105581 0.       0.       0.       0.       0.       0.152856 0.       0.108076 0.       0.       0.105581],[0. 0. 0. 0. 1. 0. 0. 0. 1. 0. 1. 0. 0. 0. 1. 0. 0. 0. 1. 1. 0. 0. 0. 0. 0. 1. 0. 1. 0. 0. 1.],9.0,1000,100,0.01,0.0045,1,11,idID,,first,single_objective
636,0.15272669972076253,0.3207260694136013,0.004717700000000001,[0.       0.       0.       0.       0.105581 0.       0.       0.       0.105581 0.       0.105581 0.       0.       0.       0.105581 0.       0.       0.       0.105581 0.105581 0.       0.       0.       0.       0.       0.152856 0.       0.108076 0.       0.       0.105581],[0. 0. 0. 0. 1. 0. 0. 0. 1. 0. 1. 0. 0. 0. 1. 0. 0. 0. 1. 1. 0. 0. 0. 0. 0. 1. 0. 1. 0. 0. 1.],9.0,1000,100,0.01,0.0045,1,11,idID,,first,single_objective
637,0.15272669972076253,0.3207260694136013,0.004717700000000001,[0.       0.       0.       0.       0.105581 0.       0.       0.       0.105581 0.       0.105581 0.       0.       0.       0.105581 0.       0.       0.       0.105581 0.105581 0.       0.       0.       0.       0.       0.152856 0.       0.108076 0.       0.       0.105581],[0. 0. 0. 0. 1. 0. 0. 0. 1. 0. 1. 0. 0. 0. 1. 0. 0. 0. 1. 1. 0. 0. 0. 0. 0. 1. 0. 1. 0. 0. 1.],9.0,1000,100,0.01,0.0045,1,11,idID,,first,single_objective
638,0.15272669972076253,0.3207260694136013,0.004717700000000001,[0.       0.       0.       0.       0.105581 0.       0.       0.       0.105581 0.       0.105581 0.       0.       0.       0.105581 0.       0.       0.       0.105581 0.105581 0.       0.       0.       0.       0.       0.152856 0.       0.108076 0.       0.       0.105581],[0. 0. 0. 0. 1. 0. 0. 0. 1. 0. 1. 0. 0. 0. 1. 0. 0. 0. 1. 1. 0. 0. 0. 0. 0. 1. 0. 1. 0. 0. 1.],9.0,1000,100,0.01,0.0045,1,11,idID,,first,single_objective
639,0.15272669972076253,0.3207260694136013,0.004717700000000001,[0.       0.       0.       0.       0.105581 0.       0.       0.       0.105581 0.       0.105581 0.       0.       0.       0.105581 0.       0.       0.       0.105581 0.105581 0.       0.       0.       0.       0.       0.152856 0.       0.108076 0.       0.       0.105581],[0. 0. 0. 0. 1. 0. 0. 0. 1. 0. 1. 0. 0. 0. 1. 0. 0. 0. 1. 1. 0. 0. 0. 0. 0. 1. 0. 1. 0. 0. 1.],9.0,1000,100,0.01,0.0045,1,11,idID,,first,single_objective
640,0.15272669972076253,0.3207260694136013,0.004717700000000001,[0.       0.       0.       0.       0.105581 0.       0.       0.       0.105581 0.       0.105581 0.       0.       0.       0.105581 0.       0.       0.       0.105581 0.105581 0.       0.       0.       0.       0.       0.152856 0.       0.108076 0.       0.       0.105581],[0. 0. 0. 0. 1. 0. 0. 0. 1. 0. 1. 0. 0. 0. 1. 0. 0. 0. 1. 1. 0. 0. 0. 0. 0. 1. 0. 1. 0. 0. 1.],9.0,1000,100,0.01,0.0045,1,11,idID,,first,single_objective
641,0.15272669972076253,0.3207260694136013,0.004717700000000001,[0.       0.       0.       0.       0.105581 0.       0.       0.       0.105581 0.       0.105581 0.       0.       0.       0.105581 0.       0.       0.       0.105581 0.105581 0.       0.       0.       0.       0.       0.152856 0.       0.108076 0.       0.       0.105581],[0. 0. 0. 0. 1. 0. 0. 0. 1. 0. 1. 0. 0. 0. 1. 0. 0. 0. 1. 1. 0. 0. 0. 0. 0. 1. 0. 1. 0. 0. 1.],9.0,1000,100,0.01,0.0045,1,11,idID,,first,single_objective
642,0.15272669972076253,0.3207260694136013,0.004717700000000001,[0.       0.       0.       0.       0.105581 0.       0.       0.       0.105581 0.       0.105581 0.       0.       0.       0.105581 0.       0.       0.       0.105581 0.105581 0.       0.       0.       0.       0.       0.152856 0.       0.108076 0.       0.       0.105581],[0. 0. 0. 0. 1. 0. 0. 0. 1. 0. 1. 0. 0. 0. 1. 0. 0. 0. 1. 1. 0. 0. 0. 0. 0. 1. 0. 1. 0. 0. 1.],9.0,1000,100,0.01,0.0045,1,11,idID,,first,single_objective
643,0.15272669972076253,0.3207260694136013,0.004717700000000001,[0.       0.       0.       0.       0.105581 0.       0.       0.       0.105581 0.       0.105581 0.       0.       0.       0.105581 0.       0.       0.       0.105581 0.105581 0.       0.       0.       0.       0.       0.152856 0.       0.108076 0.       0.       0.105581],[0. 0. 0. 0. 1. 0. 0. 0. 1. 0. 1. 0. 0. 0. 1. 0. 0. 0. 1. 1. 0. 0. 0. 0. 0. 1. 0. 1. 0. 0. 1.],9.0,1000,100,0.01,0.0045,1,11,idID,,first,single_objective
644,0.15272669972076253,0.3207260694136013,0.004717700000000001,[0.       0.       0.       0.       0.105581 0.       0.       0.       0.105581 0.       0.105581 0.       0.       0.       0.105581 0.       0.       0.       0.105581 0.105581 0.       0.       0.       0.       0.       0.152856 0.       0.108076 0.       0.       0.105581],[0. 0. 0. 0. 1. 0. 0. 0. 1. 0. 1. 0. 0. 0. 1. 0. 0. 0. 1. 1. 0. 0. 0. 0. 0. 1. 0. 1. 0. 0. 1.],9.0,1000,100,0.01,0.0045,1,11,idID,,first,single_objective
645,0.15272669972076253,0.3207260694136013,0.004717700000000001,[0.       0.       0.       0.       0.105581 0.       0.       0.       0.105581 0.       0.105581 0.       0.       0.       0.105581 0.       0.       0.       0.105581 0.105581 0.       0.       0.       0.       0.       0.152856 0.       0.108076 0.       0.       0.105581],[0. 0. 0. 0. 1. 0. 0. 0. 1. 0. 1. 0. 0. 0. 1. 0. 0. 0. 1. 1. 0. 0. 0. 0. 0. 1. 0. 1. 0. 0. 1.],9.0,1000,100,0.01,0.0045,1,11,idID,,first,single_objective
646,0.15272669972076253,0.3207260694136013,0.004717700000000001,[0.       0.       0.       0.       0.105581 0.       0.       0.       0.105581 0.       0.105581 0.       0.       0.       0.105581 0.       0.       0.       0.105581 0.105581 0.       0.       0.       0.       0.       0.152856 0.       0.108076 0.       0.       0.105581],[0. 0. 0. 0. 1. 0. 0. 0. 1. 0. 1. 0. 0. 0. 1. 0. 0. 0. 1. 1. 0. 0. 0. 0. 0. 1. 0. 1. 0. 0. 1.],9.0,1000,100,0.01,0.0045,1,11,idID,,first,single_objective
647,0.15272669972076253,0.3207260694136013,0.004717700000000001,[0.       0.       0.       0.       0.105581 0.       0.       0.       0.105581 0.       0.105581 0.       0.       0.       0.105581 0.       0.       0.       0.105581 0.105581 0.       0.       0.       0.       0.       0.152856 0.       0.108076 0.       0.       0.105581],[0. 0. 0. 0. 1. 0. 0. 0. 1. 0. 1. 0. 0. 0. 1. 0. 0. 0. 1. 1. 0. 0. 0. 0. 0. 1. 0. 1. 0. 0. 1.],9.0,1000,100,0.01,0.0045,1,11,idID,,first,single_objective
648,0.15272669972076253,0.3207260694136013,0.004717700000000001,[0.       0.       0.       0.       0.105581 0.       0.       0.       0.105581 0.       0.105581 0.       0.       0.       0.105581 0.       0.       0.       0.105581 0.105581 0.       0.       0.       0.       0.       0.152856 0.       0.108076 0.       0.       0.105581],[0. 0. 0. 0. 1. 0. 0. 0. 1. 0. 1. 0. 0. 0. 1. 0. 0. 0. 1. 1. 0. 0. 0. 0. 0. 1. 0. 1. 0. 0. 1.],9.0,1000,100,0.01,0.0045,1,11,idID,,first,single_objective
649,0.15272669972076253,0.3207260694136013,0.004717700000000001,[0.       0.       0.       0.       0.105581 0.       0.       0.       0.105581 0.       0.105581 0.       0.       0.       0.105581 0.       0.       0.       0.105581 0.105581 0.       0.       0.       0.       0.       0.152856 0.       0.108076 0.       0.       0.105581],[0. 0. 0. 0. 1. 0. 0. 0. 1. 0. 1. 0. 0. 0. 1. 0. 0. 0. 1. 1. 0. 0. 0. 0. 0. 1. 0. 1. 0. 0. 1.],9.0,1000,100,0.01,0.0045,1,11,idID,,first,single_objective
650,0.15272669972076253,0.3207260694136013,0.004717700000000001,[0.       0.       0.       0.       0.105581 0.       0.       0.       0.105581 0.       0.105581 0.       0.       0.       0.105581 0.       0.       0.       0.105581 0.105581 0.       0.       0.       0.       0.       0.152856 0.       0.108076 0.       0.       0.105581],[0. 0. 0. 0. 1. 0. 0. 0. 1. 0. 1. 0. 0. 0. 1. 0. 0. 0. 1. 1. 0. 0. 0. 0. 0. 1. 0. 1. 0. 0. 1.],9.0,1000,100,0.01,0.0045,1,11,idID,,first,single_objective
651,0.15272669972076253,0.3207260694136013,0.004717700000000001,[0.       0.       0.       0.       0.105581 0.       0.       0.       0.105581 0.       0.105581 0.       0.       0.       0.105581 0.       0.       0.       0.105581 0.105581 0.       0.       0.       0.       0.       0.152856 0.       0.108076 0.       0.       0.105581],[0. 0. 0. 0. 1. 0. 0. 0. 1. 0. 1. 0. 0. 0. 1. 0. 0. 0. 1. 1. 0. 0. 0. 0. 0. 1. 0. 1. 0. 0. 1.],9.0,1000,100,0.01,0.0045,1,11,idID,,first,single_objective
652,0.15272669972076253,0.3207260694136013,0.004717700000000001,[0.       0.       0.       0.       0.105581 0.       0.       0.       0.105581 0.       0.105581 0.       0.       0.       0.105581 0.       0.       0.       0.105581 0.105581 0.       0.       0.       0.       0.       0.152856 0.       0.108076 0.       0.       0.105581],[0. 0. 0. 0. 1. 0. 0. 0. 1. 0. 1. 0. 0. 0. 1. 0. 0. 0. 1. 1. 0. 0. 0. 0. 0. 1. 0. 1. 0. 0. 1.],9.0,1000,100,0.01,0.0045,1,11,idID,,first,single_objective
653,0.15272669972076253,0.3207260694136013,0.004717700000000001,[0.       0.       0.       0.       0.105581 0.       0.       0.       0.105581 0.       0.105581 0.       0.       0.       0.105581 0.       0.       0.       0.105581 0.105581 0.       0.       0.       0.       0.       0.152856 0.       0.108076 0.       0.       0.105581],[0. 0. 0. 0. 1. 0. 0. 0. 1. 0. 1. 0. 0. 0. 1. 0. 0. 0. 1. 1. 0. 0. 0. 0. 0. 1. 0. 1. 0. 0. 1.],9.0,1000,100,0.01,0.0045,1,11,idID,,first,single_objective
654,0.15272669972076253,0.3207260694136013,0.004717700000000001,[0.       0.       0.       0.       0.105581 0.       0.       0.       0.105581 0.       0.105581 0.       0.       0.       0.105581 0.       0.       0.       0.105581 0.105581 0.       0.       0.       0.       0.       0.152856 0.       0.108076 0.       0.       0.105581],[0. 0. 0. 0. 1. 0. 0. 0. 1. 0. 1. 0. 0. 0. 1. 0. 0. 0. 1. 1. 0. 0. 0. 0. 0. 1. 0. 1. 0. 0. 1.],9.0,1000,100,0.01,0.0045,1,11,idID,,first,single_objective
655,0.15272669972076253,0.3207260694136013,0.004717700000000001,[0.       0.       0.       0.       0.105581 0.       0.       0.       0.105581 0.       0.105581 0.       0.       0.       0.105581 0.       0.       0.       0.105581 0.105581 0.       0.       0.       0.       0.       0.152856 0.       0.108076 0.       0.       0.105581],[0. 0. 0. 0. 1. 0. 0. 0. 1. 0. 1. 0. 0. 0. 1. 0. 0. 0. 1. 1. 0. 0. 0. 0. 0. 1. 0. 1. 0. 0. 1.],9.0,1000,100,0.01,0.0045,1,11,idID,,first,single_objective
656,0.15272669972076253,0.3207260694136013,0.004717700000000001,[0.       0.       0.       0.       0.105581 0.       0.       0.       0.105581 0.       0.105581 0.       0.       0.       0.105581 0.       0.       0.       0.105581 0.105581 0.       0.       0.       0.       0.       0.152856 0.       0.108076 0.       0.       0.105581],[0. 0. 0. 0. 1. 0. 0. 0. 1. 0. 1. 0. 0. 0. 1. 0. 0. 0. 1. 1. 0. 0. 0. 0. 0. 1. 0. 1. 0. 0. 1.],9.0,1000,100,0.01,0.0045,1,11,idID,,first,single_objective
657,0.15272669972076253,0.3207260694136013,0.004717700000000001,[0.       0.       0.       0.       0.105581 0.       0.       0.       0.105581 0.       0.105581 0.       0.       0.       0.105581 0.       0.       0.       0.105581 0.105581 0.       0.       0.       0.       0.       0.152856 0.       0.108076 0.       0.       0.105581],[0. 0. 0. 0. 1. 0. 0. 0. 1. 0. 1. 0. 0. 0. 1. 0. 0. 0. 1. 1. 0. 0. 0. 0. 0. 1. 0. 1. 0. 0. 1.],9.0,1000,100,0.01,0.0045,1,11,idID,,first,single_objective
658,0.15272669972076253,0.3207260694136013,0.004717700000000001,[0.       0.       0.       0.       0.105581 0.       0.       0.       0.105581 0.       0.105581 0.       0.       0.       0.105581 0.       0.       0.       0.105581 0.105581 0.       0.       0.       0.       0.       0.152856 0.       0.108076 0.       0.       0.105581],[0. 0. 0. 0. 1. 0. 0. 0. 1. 0. 1. 0. 0. 0. 1. 0. 0. 0. 1. 1. 0. 0. 0. 0. 0. 1. 0. 1. 0. 0. 1.],9.0,1000,100,0.01,0.0045,1,11,idID,,first,single_objective
659,0.15272669972076253,0.3207260694136013,0.004717700000000001,[0.       0.       0.       0.       0.105581 0.       0.       0.       0.105581 0.       0.105581 0.       0.       0.       0.105581 0.       0.       0.       0.105581 0.105581 0.       0.       0.       0.       0.       0.152856 0.       0.108076 0.       0.       0.105581],[0. 0. 0. 0. 1. 0. 0. 0. 1. 0. 1. 0. 0. 0. 1. 0. 0. 0. 1. 1. 0. 0. 0. 0. 0. 1. 0. 1. 0. 0. 1.],9.0,1000,100,0.01,0.0045,1,11,idID,,first,single_objective
660,0.15272669972076253,0.3207260694136013,0.004717700000000001,[0.       0.       0.       0.       0.105581 0.       0.       0.       0.105581 0.       0.105581 0.       0.       0.       0.105581 0.       0.       0.       0.105581 0.105581 0.       0.       0.       0.       0.       0.152856 0.       0.108076 0.       0.       0.105581],[0. 0. 0. 0. 1. 0. 0. 0. 1. 0. 1. 0. 0. 0. 1. 0. 0. 0. 1. 1. 0. 0. 0. 0. 0. 1. 0. 1. 0. 0. 1.],9.0,1000,100,0.01,0.0045,1,11,idID,,first,single_objective
661,0.15272669972076253,0.3207260694136013,0.004717700000000001,[0.       0.       0.       0.       0.105581 0.       0.       0.       0.105581 0.       0.105581 0.       0.       0.       0.105581 0.       0.       0.       0.105581 0.105581 0.       0.       0.       0.       0.       0.152856 0.       0.108076 0.       0.       0.105581],[0. 0. 0. 0. 1. 0. 0. 0. 1. 0. 1. 0. 0. 0. 1. 0. 0. 0. 1. 1. 0. 0. 0. 0. 0. 1. 0. 1. 0. 0. 1.],9.0,1000,100,0.01,0.0045,1,11,idID,,first,single_objective
662,0.15272669972076253,0.3207260694136013,0.004717700000000001,[0.       0.       0.       0.       0.105581 0.       0.       0.       0.105581 0.       0.105581 0.       0.       0.       0.105581 0.       0.       0.       0.105581 0.105581 0.       0.       0.       0.       0.       0.152856 0.       0.108076 0.       0.       0.105581],[0. 0. 0. 0. 1. 0. 0. 0. 1. 0. 1. 0. 0. 0. 1. 0. 0. 0. 1. 1. 0. 0. 0. 0. 0. 1. 0. 1. 0. 0. 1.],9.0,1000,100,0.01,0.0045,1,11,idID,,first,single_objective
663,0.15272669972076253,0.3207260694136013,0.004717700000000001,[0.       0.       0.       0.       0.105581 0.       0.       0.       0.105581 0.       0.105581 0.       0.       0.       0.105581 0.       0.       0.       0.105581 0.105581 0.       0.       0.       0.       0.       0.152856 0.       0.108076 0.       0.       0.105581],[0. 0. 0. 0. 1. 0. 0. 0. 1. 0. 1. 0. 0. 0. 1. 0. 0. 0. 1. 1. 0. 0. 0. 0. 0. 1. 0. 1. 0. 0. 1.],9.0,1000,100,0.01,0.0045,1,11,idID,,first,single_objective
664,0.15272669972076253,0.3207260694136013,0.004717700000000001,[0.       0.       0.       0.       0.105581 0.       0.       0.       0.105581 0.       0.105581 0.       0.       0.       0.105581 0.       0.       0.       0.105581 0.105581 0.       0.       0.       0.       0.       0.152856 0.       0.108076 0.       0.       0.105581],[0. 0. 0. 0. 1. 0. 0. 0. 1. 0. 1. 0. 0. 0. 1. 0. 0. 0. 1. 1. 0. 0. 0. 0. 0. 1. 0. 1. 0. 0. 1.],9.0,1000,100,0.01,0.0045,1,11,idID,,first,single_objective
665,0.15272669972076253,0.3207260694136013,0.004717700000000001,[0.       0.       0.       0.       0.105581 0.       0.       0.       0.105581 0.       0.105581 0.       0.       0.       0.105581 0.       0.       0.       0.105581 0.105581 0.       0.       0.       0.       0.       0.152856 0.       0.108076 0.       0.       0.105581],[0. 0. 0. 0. 1. 0. 0. 0. 1. 0. 1. 0. 0. 0. 1. 0. 0. 0. 1. 1. 0. 0. 0. 0. 0. 1. 0. 1. 0. 0. 1.],9.0,1000,100,0.01,0.0045,1,11,idID,,first,single_objective
666,0.15272669972076253,0.3207260694136013,0.004717700000000001,[0.       0.       0.       0.       0.105581 0.       0.       0.       0.105581 0.       0.105581 0.       0.       0.       0.105581 0.       0.       0.       0.105581 0.105581 0.       0.       0.       0.       0.       0.152856 0.       0.108076 0.       0.       0.105581],[0. 0. 0. 0. 1. 0. 0. 0. 1. 0. 1. 0. 0. 0. 1. 0. 0. 0. 1. 1. 0. 0. 0. 0. 0. 1. 0. 1. 0. 0. 1.],9.0,1000,100,0.01,0.0045,1,11,idID,,first,single_objective
667,0.15272669972076253,0.3207260694136013,0.004717700000000001,[0.       0.       0.       0.       0.105581 0.       0.       0.       0.105581 0.       0.105581 0.       0.       0.       0.105581 0.       0.       0.       0.105581 0.105581 0.       0.       0.       0.       0.       0.152856 0.       0.108076 0.       0.       0.105581],[0. 0. 0. 0. 1. 0. 0. 0. 1. 0. 1. 0. 0. 0. 1. 0. 0. 0. 1. 1. 0. 0. 0. 0. 0. 1. 0. 1. 0. 0. 1.],9.0,1000,100,0.01,0.0045,1,11,idID,,first,single_objective
668,0.15272669972076253,0.3207260694136013,0.004717700000000001,[0.       0.       0.       0.       0.105581 0.       0.       0.       0.105581 0.       0.105581 0.       0.       0.       0.105581 0.       0.       0.       0.105581 0.105581 0.       0.       0.       0.       0.       0.152856 0.       0.108076 0.       0.       0.105581],[0. 0. 0. 0. 1. 0. 0. 0. 1. 0. 1. 0. 0. 0. 1. 0. 0. 0. 1. 1. 0. 0. 0. 0. 0. 1. 0. 1. 0. 0. 1.],9.0,1000,100,0.01,0.0045,1,11,idID,,first,single_objective
669,0.15272669972076253,0.3207260694136013,0.004717700000000001,[0.       0.       0.       0.       0.105581 0.       0.       0.       0.105581 0.       0.105581 0.       0.       0.       0.105581 0.       0.       0.       0.105581 0.105581 0.       0.       0.       0.       0.       0.152856 0.       0.108076 0.       0.       0.105581],[0. 0. 0. 0. 1. 0. 0. 0. 1. 0. 1. 0. 0. 0. 1. 0. 0. 0. 1. 1. 0. 0. 0. 0. 0. 1. 0. 1. 0. 0. 1.],9.0,1000,100,0.01,0.0045,1,11,idID,,first,single_objective
670,0.15272669972076253,0.3207260694136013,0.004717700000000001,[0.       0.       0.       0.       0.105581 0.       0.       0.       0.105581 0.       0.105581 0.       0.       0.       0.105581 0.       0.       0.       0.105581 0.105581 0.       0.       0.       0.       0.       0.152856 0.       0.108076 0.       0.       0.105581],[0. 0. 0. 0. 1. 0. 0. 0. 1. 0. 1. 0. 0. 0. 1. 0. 0. 0. 1. 1. 0. 0. 0. 0. 0. 1. 0. 1. 0. 0. 1.],9.0,1000,100,0.01,0.0045,1,11,idID,,first,single_objective
671,0.15272669972076253,0.3207260694136013,0.004717700000000001,[0.       0.       0.       0.       0.105581 0.       0.       0.       0.105581 0.       0.105581 0.       0.       0.       0.105581 0.       0.       0.       0.105581 0.105581 0.       0.       0.       0.       0.       0.152856 0.       0.108076 0.       0.       0.105581],[0. 0. 0. 0. 1. 0. 0. 0. 1. 0. 1. 0. 0. 0. 1. 0. 0. 0. 1. 1. 0. 0. 0. 0. 0. 1. 0. 1. 0. 0. 1.],9.0,1000,100,0.01,0.0045,1,11,idID,,first,single_objective
672,0.15272669972076253,0.3207260694136013,0.004717700000000001,[0.       0.       0.       0.       0.105581 0.       0.       0.       0.105581 0.       0.105581 0.       0.       0.       0.105581 0.       0.       0.       0.105581 0.105581 0.       0.       0.       0.       0.       0.152856 0.       0.108076 0.       0.       0.105581],[0. 0. 0. 0. 1. 0. 0. 0. 1. 0. 1. 0. 0. 0. 1. 0. 0. 0. 1. 1. 0. 0. 0. 0. 0. 1. 0. 1. 0. 0. 1.],9.0,1000,100,0.01,0.0045,1,11,idID,,first,single_objective
673,0.15272669972076253,0.3207260694136013,0.004717700000000001,[0.       0.       0.       0.       0.105581 0.       0.       0.       0.105581 0.       0.105581 0.       0.       0.       0.105581 0.       0.       0.       0.105581 0.105581 0.       0.       0.       0.       0.       0.152856 0.       0.108076 0.       0.       0.105581],[0. 0. 0. 0. 1. 0. 0. 0. 1. 0. 1. 0. 0. 0. 1. 0. 0. 0. 1. 1. 0. 0. 0. 0. 0. 1. 0. 1. 0. 0. 1.],9.0,1000,100,0.01,0.0045,1,11,idID,,first,single_objective
674,0.15272669972076253,0.3207260694136013,0.004717700000000001,[0.       0.       0.       0.       0.105581 0.       0.       0.       0.105581 0.       0.105581 0.       0.       0.       0.105581 0.       0.       0.       0.105581 0.105581 0.       0.       0.       0.       0.       0.152856 0.       0.108076 0.       0.       0.105581],[0. 0. 0. 0. 1. 0. 0. 0. 1. 0. 1. 0. 0. 0. 1. 0. 0. 0. 1. 1. 0. 0. 0. 0. 0. 1. 0. 1. 0. 0. 1.],9.0,1000,100,0.01,0.0045,1,11,idID,,first,single_objective
675,0.15272669972076253,0.3207260694136013,0.004717700000000001,[0.       0.       0.       0.       0.105581 0.       0.       0.       0.105581 0.       0.105581 0.       0.       0.       0.105581 0.       0.       0.       0.105581 0.105581 0.       0.       0.       0.       0.       0.152856 0.       0.108076 0.       0.       0.105581],[0. 0. 0. 0. 1. 0. 0. 0. 1. 0. 1. 0. 0. 0. 1. 0. 0. 0. 1. 1. 0. 0. 0. 0. 0. 1. 0. 1. 0. 0. 1.],9.0,1000,100,0.01,0.0045,1,11,idID,,first,single_objective
676,0.15272669972076253,0.3207260694136013,0.004717700000000001,[0.       0.       0.       0.       0.105581 0.       0.       0.       0.105581 0.       0.105581 0.       0.       0.       0.105581 0.       0.       0.       0.105581 0.105581 0.       0.       0.       0.       0.       0.152856 0.       0.108076 0.       0.       0.105581],[0. 0. 0. 0. 1. 0. 0. 0. 1. 0. 1. 0. 0. 0. 1. 0. 0. 0. 1. 1. 0. 0. 0. 0. 0. 1. 0. 1. 0. 0. 1.],9.0,1000,100,0.01,0.0045,1,11,idID,,first,single_objective
677,0.15272669972076253,0.3207260694136013,0.004717700000000001,[0.       0.       0.       0.       0.105581 0.       0.       0.       0.105581 0.       0.105581 0.       0.       0.       0.105581 0.       0.       0.       0.105581 0.105581 0.       0.       0.       0.       0.       0.152856 0.       0.108076 0.       0.       0.105581],[0. 0. 0. 0. 1. 0. 0. 0. 1. 0. 1. 0. 0. 0. 1. 0. 0. 0. 1. 1. 0. 0. 0. 0. 0. 1. 0. 1. 0. 0. 1.],9.0,1000,100,0.01,0.0045,1,11,idID,,first,single_objective
678,0.15272669972076253,0.3207260694136013,0.004717700000000001,[0.       0.       0.       0.       0.105581 0.       0.       0.       0.105581 0.       0.105581 0.       0.       0.       0.105581 0.       0.       0.       0.105581 0.105581 0.       0.       0.       0.       0.       0.152856 0.       0.108076 0.       0.       0.105581],[0. 0. 0. 0. 1. 0. 0. 0. 1. 0. 1. 0. 0. 0. 1. 0. 0. 0. 1. 1. 0. 0. 0. 0. 0. 1. 0. 1. 0. 0. 1.],9.0,1000,100,0.01,0.0045,1,11,idID,,first,single_objective
679,0.15272669972076253,0.3207260694136013,0.004717700000000001,[0.       0.       0.       0.       0.105581 0.       0.       0.       0.105581 0.       0.105581 0.       0.       0.       0.105581 0.       0.       0.       0.105581 0.105581 0.       0.       0.       0.       0.       0.152856 0.       0.108076 0.       0.       0.105581],[0. 0. 0. 0. 1. 0. 0. 0. 1. 0. 1. 0. 0. 0. 1. 0. 0. 0. 1. 1. 0. 0. 0. 0. 0. 1. 0. 1. 0. 0. 1.],9.0,1000,100,0.01,0.0045,1,11,idID,,first,single_objective
680,0.15272669972076253,0.3207260694136013,0.004717700000000001,[0.       0.       0.       0.       0.105581 0.       0.       0.       0.105581 0.       0.105581 0.       0.       0.       0.105581 0.       0.       0.       0.105581 0.105581 0.       0.       0.       0.       0.       0.152856 0.       0.108076 0.       0.       0.105581],[0. 0. 0. 0. 1. 0. 0. 0. 1. 0. 1. 0. 0. 0. 1. 0. 0. 0. 1. 1. 0. 0. 0. 0. 0. 1. 0. 1. 0. 0. 1.],9.0,1000,100,0.01,0.0045,1,11,idID,,first,single_objective
681,0.15272669972076253,0.3207260694136013,0.004717700000000001,[0.       0.       0.       0.       0.105581 0.       0.       0.       0.105581 0.       0.105581 0.       0.       0.       0.105581 0.       0.       0.       0.105581 0.105581 0.       0.       0.       0.       0.       0.152856 0.       0.108076 0.       0.       0.105581],[0. 0. 0. 0. 1. 0. 0. 0. 1. 0. 1. 0. 0. 0. 1. 0. 0. 0. 1. 1. 0. 0. 0. 0. 0. 1. 0. 1. 0. 0. 1.],9.0,1000,100,0.01,0.0045,1,11,idID,,first,single_objective
682,0.15272669972076253,0.3207260694136013,0.004717700000000001,[0.       0.       0.       0.       0.105581 0.       0.       0.       0.105581 0.       0.105581 0.       0.       0.       0.105581 0.       0.       0.       0.105581 0.105581 0.       0.       0.       0.       0.       0.152856 0.       0.108076 0.       0.       0.105581],[0. 0. 0. 0. 1. 0. 0. 0. 1. 0. 1. 0. 0. 0. 1. 0. 0. 0. 1. 1. 0. 0. 0. 0. 0. 1. 0. 1. 0. 0. 1.],9.0,1000,100,0.01,0.0045,1,11,idID,,first,single_objective
683,0.15272669972076253,0.3207260694136013,0.004717700000000001,[0.       0.       0.       0.       0.105581 0.       0.       0.       0.105581 0.       0.105581 0.       0.       0.       0.105581 0.       0.       0.       0.105581 0.105581 0.       0.       0.       0.       0.       0.152856 0.       0.108076 0.       0.       0.105581],[0. 0. 0. 0. 1. 0. 0. 0. 1. 0. 1. 0. 0. 0. 1. 0. 0. 0. 1. 1. 0. 0. 0. 0. 0. 1. 0. 1. 0. 0. 1.],9.0,1000,100,0.01,0.0045,1,11,idID,,first,single_objective
684,0.15272669972076253,0.3207260694136013,0.004717700000000001,[0.       0.       0.       0.       0.105581 0.       0.       0.       0.105581 0.       0.105581 0.       0.       0.       0.105581 0.       0.       0.       0.105581 0.105581 0.       0.       0.       0.       0.       0.152856 0.       0.108076 0.       0.       0.105581],[0. 0. 0. 0. 1. 0. 0. 0. 1. 0. 1. 0. 0. 0. 1. 0. 0. 0. 1. 1. 0. 0. 0. 0. 0. 1. 0. 1. 0. 0. 1.],9.0,1000,100,0.01,0.0045,1,11,idID,,first,single_objective
685,0.15272669972076253,0.3207260694136013,0.004717700000000001,[0.       0.       0.       0.       0.105581 0.       0.       0.       0.105581 0.       0.105581 0.       0.       0.       0.105581 0.       0.       0.       0.105581 0.105581 0.       0.       0.       0.       0.       0.152856 0.       0.108076 0.       0.       0.105581],[0. 0. 0. 0. 1. 0. 0. 0. 1. 0. 1. 0. 0. 0. 1. 0. 0. 0. 1. 1. 0. 0. 0. 0. 0. 1. 0. 1. 0. 0. 1.],9.0,1000,100,0.01,0.0045,1,11,idID,,first,single_objective
686,0.15272669972076253,0.3207260694136013,0.004717700000000001,[0.       0.       0.       0.       0.105581 0.       0.       0.       0.105581 0.       0.105581 0.       0.       0.       0.105581 0.       0.       0.       0.105581 0.105581 0.       0.       0.       0.       0.       0.152856 0.       0.108076 0.       0.       0.105581],[0. 0. 0. 0. 1. 0. 0. 0. 1. 0. 1. 0. 0. 0. 1. 0. 0. 0. 1. 1. 0. 0. 0. 0. 0. 1. 0. 1. 0. 0. 1.],9.0,1000,100,0.01,0.0045,1,11,idID,,first,single_objective
687,0.15272669972076253,0.3207260694136013,0.004717700000000001,[0.       0.       0.       0.       0.105581 0.       0.       0.       0.105581 0.       0.105581 0.       0.       0.       0.105581 0.       0.       0.       0.105581 0.105581 0.       0.       0.       0.       0.       0.152856 0.       0.108076 0.       0.       0.105581],[0. 0. 0. 0. 1. 0. 0. 0. 1. 0. 1. 0. 0. 0. 1. 0. 0. 0. 1. 1. 0. 0. 0. 0. 0. 1. 0. 1. 0. 0. 1.],9.0,1000,100,0.01,0.0045,1,11,idID,,first,single_objective
688,0.15272669972076253,0.3207260694136013,0.004717700000000001,[0.       0.       0.       0.       0.105581 0.       0.       0.       0.105581 0.       0.105581 0.       0.       0.       0.105581 0.       0.       0.       0.105581 0.105581 0.       0.       0.       0.       0.       0.152856 0.       0.108076 0.       0.       0.105581],[0. 0. 0. 0. 1. 0. 0. 0. 1. 0. 1. 0. 0. 0. 1. 0. 0. 0. 1. 1. 0. 0. 0. 0. 0. 1. 0. 1. 0. 0. 1.],9.0,1000,100,0.01,0.0045,1,11,idID,,first,single_objective
689,0.15272669972076253,0.3207260694136013,0.004717700000000001,[0.       0.       0.       0.       0.105581 0.       0.       0.       0.105581 0.       0.105581 0.       0.       0.       0.105581 0.       0.       0.       0.105581 0.105581 0.       0.       0.       0.       0.       0.152856 0.       0.108076 0.       0.       0.105581],[0. 0. 0. 0. 1. 0. 0. 0. 1. 0. 1. 0. 0. 0. 1. 0. 0. 0. 1. 1. 0. 0. 0. 0. 0. 1. 0. 1. 0. 0. 1.],9.0,1000,100,0.01,0.0045,1,11,idID,,first,single_objective
690,0.15272669972076253,0.3207260694136013,0.004717700000000001,[0.       0.       0.       0.       0.105581 0.       0.       0.       0.105581 0.       0.105581 0.       0.       0.       0.105581 0.       0.       0.       0.105581 0.105581 0.       0.       0.       0.       0.       0.152856 0.       0.108076 0.       0.       0.105581],[0. 0. 0. 0. 1. 0. 0. 0. 1. 0. 1. 0. 0. 0. 1. 0. 0. 0. 1. 1. 0. 0. 0. 0. 0. 1. 0. 1. 0. 0. 1.],9.0,1000,100,0.01,0.0045,1,11,idID,,first,single_objective
691,0.15272669972076253,0.3207260694136013,0.004717700000000001,[0.       0.       0.       0.       0.105581 0.       0.       0.       0.105581 0.       0.105581 0.       0.       0.       0.105581 0.       0.       0.       0.105581 0.105581 0.       0.       0.       0.       0.       0.152856 0.       0.108076 0.       0.       0.105581],[0. 0. 0. 0. 1. 0. 0. 0. 1. 0. 1. 0. 0. 0. 1. 0. 0. 0. 1. 1. 0. 0. 0. 0. 0. 1. 0. 1. 0. 0. 1.],9.0,1000,100,0.01,0.0045,1,11,idID,,first,single_objective
692,0.15272669972076253,0.3207260694136013,0.004717700000000001,[0.       0.       0.       0.       0.105581 0.       0.       0.       0.105581 0.       0.105581 0.       0.       0.       0.105581 0.       0.       0.       0.105581 0.105581 0.       0.       0.       0.       0.       0.152856 0.       0.108076 0.       0.       0.105581],[0. 0. 0. 0. 1. 0. 0. 0. 1. 0. 1. 0. 0. 0. 1. 0. 0. 0. 1. 1. 0. 0. 0. 0. 0. 1. 0. 1. 0. 0. 1.],9.0,1000,100,0.01,0.0045,1,11,idID,,first,single_objective
693,0.15272669972076253,0.3207260694136013,0.004717700000000001,[0.       0.       0.       0.       0.105581 0.       0.       0.       0.105581 0.       0.105581 0.       0.       0.       0.105581 0.       0.       0.       0.105581 0.105581 0.       0.       0.       0.       0.       0.152856 0.       0.108076 0.       0.       0.105581],[0. 0. 0. 0. 1. 0. 0. 0. 1. 0. 1. 0. 0. 0. 1. 0. 0. 0. 1. 1. 0. 0. 0. 0. 0. 1. 0. 1. 0. 0. 1.],9.0,1000,100,0.01,0.0045,1,11,idID,,first,single_objective
694,0.15272669972076253,0.3207260694136013,0.004717700000000001,[0.       0.       0.       0.       0.105581 0.       0.       0.       0.105581 0.       0.105581 0.       0.       0.       0.105581 0.       0.       0.       0.105581 0.105581 0.       0.       0.       0.       0.       0.152856 0.       0.108076 0.       0.       0.105581],[0. 0. 0. 0. 1. 0. 0. 0. 1. 0. 1. 0. 0. 0. 1. 0. 0. 0. 1. 1. 0. 0. 0. 0. 0. 1. 0. 1. 0. 0. 1.],9.0,1000,100,0.01,0.0045,1,11,idID,,first,single_objective
695,0.15272669972076253,0.3207260694136013,0.004717700000000001,[0.       0.       0.       0.       0.105581 0.       0.       0.       0.105581 0.       0.105581 0.       0.       0.       0.105581 0.       0.       0.       0.105581 0.105581 0.       0.       0.       0.       0.       0.152856 0.       0.108076 0.       0.       0.105581],[0. 0. 0. 0. 1. 0. 0. 0. 1. 0. 1. 0. 0. 0. 1. 0. 0. 0. 1. 1. 0. 0. 0. 0. 0. 1. 0. 1. 0. 0. 1.],9.0,1000,100,0.01,0.0045,1,11,idID,,first,single_objective
696,0.15272669972076253,0.3207260694136013,0.004717700000000001,[0.       0.       0.       0.       0.105581 0.       0.       0.       0.105581 0.       0.105581 0.       0.       0.       0.105581 0.       0.       0.       0.105581 0.105581 0.       0.       0.       0.       0.       0.152856 0.       0.108076 0.       0.       0.105581],[0. 0. 0. 0. 1. 0. 0. 0. 1. 0. 1. 0. 0. 0. 1. 0. 0. 0. 1. 1. 0. 0. 0. 0. 0. 1. 0. 1. 0. 0. 1.],9.0,1000,100,0.01,0.0045,1,11,idID,,first,single_objective
697,0.15272669972076253,0.3207260694136013,0.004717700000000001,[0.       0.       0.       0.       0.105581 0.       0.       0.       0.105581 0.       0.105581 0.       0.       0.       0.105581 0.       0.       0.       0.105581 0.105581 0.       0.       0.       0.       0.       0.152856 0.       0.108076 0.       0.       0.105581],[0. 0. 0. 0. 1. 0. 0. 0. 1. 0. 1. 0. 0. 0. 1. 0. 0. 0. 1. 1. 0. 0. 0. 0. 0. 1. 0. 1. 0. 0. 1.],9.0,1000,100,0.01,0.0045,1,11,idID,,first,single_objective
698,0.15272669972076253,0.3207260694136013,0.004717700000000001,[0.       0.       0.       0.       0.105581 0.       0.       0.       0.105581 0.       0.105581 0.       0.       0.       0.105581 0.       0.       0.       0.105581 0.105581 0.       0.       0.       0.       0.       0.152856 0.       0.108076 0.       0.       0.105581],[0. 0. 0. 0. 1. 0. 0. 0. 1. 0. 1. 0. 0. 0. 1. 0. 0. 0. 1. 1. 0. 0. 0. 0. 0. 1. 0. 1. 0. 0. 1.],9.0,1000,100,0.01,0.0045,1,11,idID,,first,single_objective
699,0.15272669972076253,0.3207260694136013,0.004717700000000001,[0.       0.       0.       0.       0.105581 0.       0.       0.       0.105581 0.       0.105581 0.       0.       0.       0.105581 0.       0.       0.       0.105581 0.105581 0.       0.       0.       0.       0.       0.152856 0.       0.108076 0.       0.       0.105581],[0. 0. 0. 0. 1. 0. 0. 0. 1. 0. 1. 0. 0. 0. 1. 0. 0. 0. 1. 1. 0. 0. 0. 0. 0. 1. 0. 1. 0. 0. 1.],9.0,1000,100,0.01,0.0045,1,11,idID,,first,single_objective
700,0.15272669972076253,0.3207260694136013,0.004717700000000001,[0.       0.       0.       0.       0.105581 0.       0.       0.       0.105581 0.       0.105581 0.       0.       0.       0.105581 0.       0.       0.       0.105581 0.105581 0.       0.       0.       0.       0.       0.152856 0.       0.108076 0.       0.       0.105581],[0. 0. 0. 0. 1. 0. 0. 0. 1. 0. 1. 0. 0. 0. 1. 0. 0. 0. 1. 1. 0. 0. 0. 0. 0. 1. 0. 1. 0. 0. 1.],9.0,1000,100,0.01,0.0045,1,11,idID,,first,single_objective
701,0.15272669972076253,0.3207260694136013,0.004717700000000001,[0.       0.       0.       0.       0.105581 0.       0.       0.       0.105581 0.       0.105581 0.       0.       0.       0.105581 0.       0.       0.       0.105581 0.105581 0.       0.       0.       0.       0.       0.152856 0.       0.108076 0.       0.       0.105581],[0. 0. 0. 0. 1. 0. 0. 0. 1. 0. 1. 0. 0. 0. 1. 0. 0. 0. 1. 1. 0. 0. 0. 0. 0. 1. 0. 1. 0. 0. 1.],9.0,1000,100,0.01,0.0045,1,11,idID,,first,single_objective
702,0.15272669972076253,0.3207260694136013,0.004717700000000001,[0.       0.       0.       0.       0.105581 0.       0.       0.       0.105581 0.       0.105581 0.       0.       0.       0.105581 0.       0.       0.       0.105581 0.105581 0.       0.       0.       0.       0.       0.152856 0.       0.108076 0.       0.       0.105581],[0. 0. 0. 0. 1. 0. 0. 0. 1. 0. 1. 0. 0. 0. 1. 0. 0. 0. 1. 1. 0. 0. 0. 0. 0. 1. 0. 1. 0. 0. 1.],9.0,1000,100,0.01,0.0045,1,11,idID,,first,single_objective
703,0.15272669972076253,0.3207260694136013,0.004717700000000001,[0.       0.       0.       0.       0.105581 0.       0.       0.       0.105581 0.       0.105581 0.       0.       0.       0.105581 0.       0.       0.       0.105581 0.105581 0.       0.       0.       0.       0.       0.152856 0.       0.108076 0.       0.       0.105581],[0. 0. 0. 0. 1. 0. 0. 0. 1. 0. 1. 0. 0. 0. 1. 0. 0. 0. 1. 1. 0. 0. 0. 0. 0. 1. 0. 1. 0. 0. 1.],9.0,1000,100,0.01,0.0045,1,11,idID,,first,single_objective
704,0.15272669972076253,0.3207260694136013,0.004717700000000001,[0.       0.       0.       0.       0.105581 0.       0.       0.       0.105581 0.       0.105581 0.       0.       0.       0.105581 0.       0.       0.       0.105581 0.105581 0.       0.       0.       0.       0.       0.152856 0.       0.108076 0.       0.       0.105581],[0. 0. 0. 0. 1. 0. 0. 0. 1. 0. 1. 0. 0. 0. 1. 0. 0. 0. 1. 1. 0. 0. 0. 0. 0. 1. 0. 1. 0. 0. 1.],9.0,1000,100,0.01,0.0045,1,11,idID,,first,single_objective
705,0.15272669972076253,0.3207260694136013,0.004717700000000001,[0.       0.       0.       0.       0.105581 0.       0.       0.       0.105581 0.       0.105581 0.       0.       0.       0.105581 0.       0.       0.       0.105581 0.105581 0.       0.       0.       0.       0.       0.152856 0.       0.108076 0.       0.       0.105581],[0. 0. 0. 0. 1. 0. 0. 0. 1. 0. 1. 0. 0. 0. 1. 0. 0. 0. 1. 1. 0. 0. 0. 0. 0. 1. 0. 1. 0. 0. 1.],9.0,1000,100,0.01,0.0045,1,11,idID,,first,single_objective
706,0.15272669972076253,0.3207260694136013,0.004717700000000001,[0.       0.       0.       0.       0.105581 0.       0.       0.       0.105581 0.       0.105581 0.       0.       0.       0.105581 0.       0.       0.       0.105581 0.105581 0.       0.       0.       0.       0.       0.152856 0.       0.108076 0.       0.       0.105581],[0. 0. 0. 0. 1. 0. 0. 0. 1. 0. 1. 0. 0. 0. 1. 0. 0. 0. 1. 1. 0. 0. 0. 0. 0. 1. 0. 1. 0. 0. 1.],9.0,1000,100,0.01,0.0045,1,11,idID,,first,single_objective
707,0.15272669972076253,0.3207260694136013,0.004717700000000001,[0.       0.       0.       0.       0.105581 0.       0.       0.       0.105581 0.       0.105581 0.       0.       0.       0.105581 0.       0.       0.       0.105581 0.105581 0.       0.       0.       0.       0.       0.152856 0.       0.108076 0.       0.       0.105581],[0. 0. 0. 0. 1. 0. 0. 0. 1. 0. 1. 0. 0. 0. 1. 0. 0. 0. 1. 1. 0. 0. 0. 0. 0. 1. 0. 1. 0. 0. 1.],9.0,1000,100,0.01,0.0045,1,11,idID,,first,single_objective
708,0.15272669972076253,0.3207260694136013,0.004717700000000001,[0.       0.       0.       0.       0.105581 0.       0.       0.       0.105581 0.       0.105581 0.       0.       0.       0.105581 0.       0.       0.       0.105581 0.105581 0.       0.       0.       0.       0.       0.152856 0.       0.108076 0.       0.       0.105581],[0. 0. 0. 0. 1. 0. 0. 0. 1. 0. 1. 0. 0. 0. 1. 0. 0. 0. 1. 1. 0. 0. 0. 0. 0. 1. 0. 1. 0. 0. 1.],9.0,1000,100,0.01,0.0045,1,11,idID,,first,single_objective
709,0.15272669972076253,0.3207260694136013,0.004717700000000001,[0.       0.       0.       0.       0.105581 0.       0.       0.       0.105581 0.       0.105581 0.       0.       0.       0.105581 0.       0.       0.       0.105581 0.105581 0.       0.       0.       0.       0.       0.152856 0.       0.108076 0.       0.       0.105581],[0. 0. 0. 0. 1. 0. 0. 0. 1. 0. 1. 0. 0. 0. 1. 0. 0. 0. 1. 1. 0. 0. 0. 0. 0. 1. 0. 1. 0. 0. 1.],9.0,1000,100,0.01,0.0045,1,11,idID,,first,single_objective
710,0.15272669972076253,0.3207260694136013,0.004717700000000001,[0.       0.       0.       0.       0.105581 0.       0.       0.       0.105581 0.       0.105581 0.       0.       0.       0.105581 0.       0.       0.       0.105581 0.105581 0.       0.       0.       0.       0.       0.152856 0.       0.108076 0.       0.       0.105581],[0. 0. 0. 0. 1. 0. 0. 0. 1. 0. 1. 0. 0. 0. 1. 0. 0. 0. 1. 1. 0. 0. 0. 0. 0. 1. 0. 1. 0. 0. 1.],9.0,1000,100,0.01,0.0045,1,11,idID,,first,single_objective
711,0.15272669972076253,0.3207260694136013,0.004717700000000001,[0.       0.       0.       0.       0.105581 0.       0.       0.       0.105581 0.       0.105581 0.       0.       0.       0.105581 0.       0.       0.       0.105581 0.105581 0.       0.       0.       0.       0.       0.152856 0.       0.108076 0.       0.       0.105581],[0. 0. 0. 0. 1. 0. 0. 0. 1. 0. 1. 0. 0. 0. 1. 0. 0. 0. 1. 1. 0. 0. 0. 0. 0. 1. 0. 1. 0. 0. 1.],9.0,1000,100,0.01,0.0045,1,11,idID,,first,single_objective
712,0.15272669972076253,0.3207260694136013,0.004717700000000001,[0.       0.       0.       0.       0.105581 0.       0.       0.       0.105581 0.       0.105581 0.       0.       0.       0.105581 0.       0.       0.       0.105581 0.105581 0.       0.       0.       0.       0.       0.152856 0.       0.108076 0.       0.       0.105581],[0. 0. 0. 0. 1. 0. 0. 0. 1. 0. 1. 0. 0. 0. 1. 0. 0. 0. 1. 1. 0. 0. 0. 0. 0. 1. 0. 1. 0. 0. 1.],9.0,1000,100,0.01,0.0045,1,11,idID,,first,single_objective
713,0.15272669972076253,0.3207260694136013,0.004717700000000001,[0.       0.       0.       0.       0.105581 0.       0.       0.       0.105581 0.       0.105581 0.       0.       0.       0.105581 0.       0.       0.       0.105581 0.105581 0.       0.       0.       0.       0.       0.152856 0.       0.108076 0.       0.       0.105581],[0. 0. 0. 0. 1. 0. 0. 0. 1. 0. 1. 0. 0. 0. 1. 0. 0. 0. 1. 1. 0. 0. 0. 0. 0. 1. 0. 1. 0. 0. 1.],9.0,1000,100,0.01,0.0045,1,11,idID,,first,single_objective
714,0.15272669972076253,0.3207260694136013,0.004717700000000001,[0.       0.       0.       0.       0.105581 0.       0.       0.       0.105581 0.       0.105581 0.       0.       0.       0.105581 0.       0.       0.       0.105581 0.105581 0.       0.       0.       0.       0.       0.152856 0.       0.108076 0.       0.       0.105581],[0. 0. 0. 0. 1. 0. 0. 0. 1. 0. 1. 0. 0. 0. 1. 0. 0. 0. 1. 1. 0. 0. 0. 0. 0. 1. 0. 1. 0. 0. 1.],9.0,1000,100,0.01,0.0045,1,11,idID,,first,single_objective
715,0.15272669972076253,0.3207260694136013,0.004717700000000001,[0.       0.       0.       0.       0.105581 0.       0.       0.       0.105581 0.       0.105581 0.       0.       0.       0.105581 0.       0.       0.       0.105581 0.105581 0.       0.       0.       0.       0.       0.152856 0.       0.108076 0.       0.       0.105581],[0. 0. 0. 0. 1. 0. 0. 0. 1. 0. 1. 0. 0. 0. 1. 0. 0. 0. 1. 1. 0. 0. 0. 0. 0. 1. 0. 1. 0. 0. 1.],9.0,1000,100,0.01,0.0045,1,11,idID,,first,single_objective
716,0.15272669972076253,0.3207260694136013,0.004717700000000001,[0.       0.       0.       0.       0.105581 0.       0.       0.       0.105581 0.       0.105581 0.       0.       0.       0.105581 0.       0.       0.       0.105581 0.105581 0.       0.       0.       0.       0.       0.152856 0.       0.108076 0.       0.       0.105581],[0. 0. 0. 0. 1. 0. 0. 0. 1. 0. 1. 0. 0. 0. 1. 0. 0. 0. 1. 1. 0. 0. 0. 0. 0. 1. 0. 1. 0. 0. 1.],9.0,1000,100,0.01,0.0045,1,11,idID,,first,single_objective
717,0.15272669972076253,0.3207260694136013,0.004717700000000001,[0.       0.       0.       0.       0.105581 0.       0.       0.       0.105581 0.       0.105581 0.       0.       0.       0.105581 0.       0.       0.       0.105581 0.105581 0.       0.       0.       0.       0.       0.152856 0.       0.108076 0.       0.       0.105581],[0. 0. 0. 0. 1. 0. 0. 0. 1. 0. 1. 0. 0. 0. 1. 0. 0. 0. 1. 1. 0. 0. 0. 0. 0. 1. 0. 1. 0. 0. 1.],9.0,1000,100,0.01,0.0045,1,11,idID,,first,single_objective
718,0.15272669972076253,0.3207260694136013,0.004717700000000001,[0.       0.       0.       0.       0.105581 0.       0.       0.       0.105581 0.       0.105581 0.       0.       0.       0.105581 0.       0.       0.       0.105581 0.105581 0.       0.       0.       0.       0.       0.152856 0.       0.108076 0.       0.       0.105581],[0. 0. 0. 0. 1. 0. 0. 0. 1. 0. 1. 0. 0. 0. 1. 0. 0. 0. 1. 1. 0. 0. 0. 0. 0. 1. 0. 1. 0. 0. 1.],9.0,1000,100,0.01,0.0045,1,11,idID,,first,single_objective
719,0.15272669972076253,0.3207260694136013,0.004717700000000001,[0.       0.       0.       0.       0.105581 0.       0.       0.       0.105581 0.       0.105581 0.       0.       0.       0.105581 0.       0.       0.       0.105581 0.105581 0.       0.       0.       0.       0.       0.152856 0.       0.108076 0.       0.       0.105581],[0. 0. 0. 0. 1. 0. 0. 0. 1. 0. 1. 0. 0. 0. 1. 0. 0. 0. 1. 1. 0. 0. 0. 0. 0. 1. 0. 1. 0. 0. 1.],9.0,1000,100,0.01,0.0045,1,11,idID,,first,single_objective
720,0.15272669972076253,0.3207260694136013,0.004717700000000001,[0.       0.       0.       0.       0.105581 0.       0.       0.       0.105581 0.       0.105581 0.       0.       0.       0.105581 0.       0.       0.       0.105581 0.105581 0.       0.       0.       0.       0.       0.152856 0.       0.108076 0.       0.       0.105581],[0. 0. 0. 0. 1. 0. 0. 0. 1. 0. 1. 0. 0. 0. 1. 0. 0. 0. 1. 1. 0. 0. 0. 0. 0. 1. 0. 1. 0. 0. 1.],9.0,1000,100,0.01,0.0045,1,11,idID,,first,single_objective
721,0.15272669972076253,0.3207260694136013,0.004717700000000001,[0.       0.       0.       0.       0.105581 0.       0.       0.       0.105581 0.       0.105581 0.       0.       0.       0.105581 0.       0.       0.       0.105581 0.105581 0.       0.       0.       0.       0.       0.152856 0.       0.108076 0.       0.       0.105581],[0. 0. 0. 0. 1. 0. 0. 0. 1. 0. 1. 0. 0. 0. 1. 0. 0. 0. 1. 1. 0. 0. 0. 0. 0. 1. 0. 1. 0. 0. 1.],9.0,1000,100,0.01,0.0045,1,11,idID,,first,single_objective
722,0.15272669972076253,0.3207260694136013,0.004717700000000001,[0.       0.       0.       0.       0.105581 0.       0.       0.       0.105581 0.       0.105581 0.       0.       0.       0.105581 0.       0.       0.       0.105581 0.105581 0.       0.       0.       0.       0.       0.152856 0.       0.108076 0.       0.       0.105581],[0. 0. 0. 0. 1. 0. 0. 0. 1. 0. 1. 0. 0. 0. 1. 0. 0. 0. 1. 1. 0. 0. 0. 0. 0. 1. 0. 1. 0. 0. 1.],9.0,1000,100,0.01,0.0045,1,11,idID,,first,single_objective
723,0.15272669972076253,0.3207260694136013,0.004717700000000001,[0.       0.       0.       0.       0.105581 0.       0.       0.       0.105581 0.       0.105581 0.       0.       0.       0.105581 0.       0.       0.       0.105581 0.105581 0.       0.       0.       0.       0.       0.152856 0.       0.108076 0.       0.       0.105581],[0. 0. 0. 0. 1. 0. 0. 0. 1. 0. 1. 0. 0. 0. 1. 0. 0. 0. 1. 1. 0. 0. 0. 0. 0. 1. 0. 1. 0. 0. 1.],9.0,1000,100,0.01,0.0045,1,11,idID,,first,single_objective
724,0.15272669972076253,0.3207260694136013,0.004717700000000001,[0.       0.       0.       0.       0.105581 0.       0.       0.       0.105581 0.       0.105581 0.       0.       0.       0.105581 0.       0.       0.       0.105581 0.105581 0.       0.       0.       0.       0.       0.152856 0.       0.108076 0.       0.       0.105581],[0. 0. 0. 0. 1. 0. 0. 0. 1. 0. 1. 0. 0. 0. 1. 0. 0. 0. 1. 1. 0. 0. 0. 0. 0. 1. 0. 1. 0. 0. 1.],9.0,1000,100,0.01,0.0045,1,11,idID,,first,single_objective
725,0.15272669972076253,0.3207260694136013,0.004717700000000001,[0.       0.       0.       0.       0.105581 0.       0.       0.       0.105581 0.       0.105581 0.       0.       0.       0.105581 0.       0.       0.       0.105581 0.105581 0.       0.       0.       0.       0.       0.152856 0.       0.108076 0.       0.       0.105581],[0. 0. 0. 0. 1. 0. 0. 0. 1. 0. 1. 0. 0. 0. 1. 0. 0. 0. 1. 1. 0. 0. 0. 0. 0. 1. 0. 1. 0. 0. 1.],9.0,1000,100,0.01,0.0045,1,11,idID,,first,single_objective
726,0.15272669972076253,0.3207260694136013,0.004717700000000001,[0.       0.       0.       0.       0.105581 0.       0.       0.       0.105581 0.       0.105581 0.       0.       0.       0.105581 0.       0.       0.       0.105581 0.105581 0.       0.       0.       0.       0.       0.152856 0.       0.108076 0.       0.       0.105581],[0. 0. 0. 0. 1. 0. 0. 0. 1. 0. 1. 0. 0. 0. 1. 0. 0. 0. 1. 1. 0. 0. 0. 0. 0. 1. 0. 1. 0. 0. 1.],9.0,1000,100,0.01,0.0045,1,11,idID,,first,single_objective
727,0.15272669972076253,0.3207260694136013,0.004717700000000001,[0.       0.       0.       0.       0.105581 0.       0.       0.       0.105581 0.       0.105581 0.       0.       0.       0.105581 0.       0.       0.       0.105581 0.105581 0.       0.       0.       0.       0.       0.152856 0.       0.108076 0.       0.       0.105581],[0. 0. 0. 0. 1. 0. 0. 0. 1. 0. 1. 0. 0. 0. 1. 0. 0. 0. 1. 1. 0. 0. 0. 0. 0. 1. 0. 1. 0. 0. 1.],9.0,1000,100,0.01,0.0045,1,11,idID,,first,single_objective
728,0.15272669972076253,0.3207260694136013,0.004717700000000001,[0.       0.       0.       0.       0.105581 0.       0.       0.       0.105581 0.       0.105581 0.       0.       0.       0.105581 0.       0.       0.       0.105581 0.105581 0.       0.       0.       0.       0.       0.152856 0.       0.108076 0.       0.       0.105581],[0. 0. 0. 0. 1. 0. 0. 0. 1. 0. 1. 0. 0. 0. 1. 0. 0. 0. 1. 1. 0. 0. 0. 0. 0. 1. 0. 1. 0. 0. 1.],9.0,1000,100,0.01,0.0045,1,11,idID,,first,single_objective
729,0.15272669972076253,0.3207260694136013,0.004717700000000001,[0.       0.       0.       0.       0.105581 0.       0.       0.       0.105581 0.       0.105581 0.       0.       0.       0.105581 0.       0.       0.       0.105581 0.105581 0.       0.       0.       0.       0.       0.152856 0.       0.108076 0.       0.       0.105581],[0. 0. 0. 0. 1. 0. 0. 0. 1. 0. 1. 0. 0. 0. 1. 0. 0. 0. 1. 1. 0. 0. 0. 0. 0. 1. 0. 1. 0. 0. 1.],9.0,1000,100,0.01,0.0045,1,11,idID,,first,single_objective
730,0.15272669972076253,0.3207260694136013,0.004717700000000001,[0.       0.       0.       0.       0.105581 0.       0.       0.       0.105581 0.       0.105581 0.       0.       0.       0.105581 0.       0.       0.       0.105581 0.105581 0.       0.       0.       0.       0.       0.152856 0.       0.108076 0.       0.       0.105581],[0. 0. 0. 0. 1. 0. 0. 0. 1. 0. 1. 0. 0. 0. 1. 0. 0. 0. 1. 1. 0. 0. 0. 0. 0. 1. 0. 1. 0. 0. 1.],9.0,1000,100,0.01,0.0045,1,11,idID,,first,single_objective
731,0.15272669972076253,0.3207260694136013,0.004717700000000001,[0.       0.       0.       0.       0.105581 0.       0.       0.       0.105581 0.       0.105581 0.       0.       0.       0.105581 0.       0.       0.       0.105581 0.105581 0.       0.       0.       0.       0.       0.152856 0.       0.108076 0.       0.       0.105581],[0. 0. 0. 0. 1. 0. 0. 0. 1. 0. 1. 0. 0. 0. 1. 0. 0. 0. 1. 1. 0. 0. 0. 0. 0. 1. 0. 1. 0. 0. 1.],9.0,1000,100,0.01,0.0045,1,11,idID,,first,single_objective
732,0.15272669972076253,0.3207260694136013,0.004717700000000001,[0.       0.       0.       0.       0.105581 0.       0.       0.       0.105581 0.       0.105581 0.       0.       0.       0.105581 0.       0.       0.       0.105581 0.105581 0.       0.       0.       0.       0.       0.152856 0.       0.108076 0.       0.       0.105581],[0. 0. 0. 0. 1. 0. 0. 0. 1. 0. 1. 0. 0. 0. 1. 0. 0. 0. 1. 1. 0. 0. 0. 0. 0. 1. 0. 1. 0. 0. 1.],9.0,1000,100,0.01,0.0045,1,11,idID,,first,single_objective
733,0.15272669972076253,0.3207260694136013,0.004717700000000001,[0.       0.       0.       0.       0.105581 0.       0.       0.       0.105581 0.       0.105581 0.       0.       0.       0.105581 0.       0.       0.       0.105581 0.105581 0.       0.       0.       0.       0.       0.152856 0.       0.108076 0.       0.       0.105581],[0. 0. 0. 0. 1. 0. 0. 0. 1. 0. 1. 0. 0. 0. 1. 0. 0. 0. 1. 1. 0. 0. 0. 0. 0. 1. 0. 1. 0. 0. 1.],9.0,1000,100,0.01,0.0045,1,11,idID,,first,single_objective
734,0.15272669972076253,0.3207260694136013,0.004717700000000001,[0.       0.       0.       0.       0.105581 0.       0.       0.       0.105581 0.       0.105581 0.       0.       0.       0.105581 0.       0.       0.       0.105581 0.105581 0.       0.       0.       0.       0.       0.152856 0.       0.108076 0.       0.       0.105581],[0. 0. 0. 0. 1. 0. 0. 0. 1. 0. 1. 0. 0. 0. 1. 0. 0. 0. 1. 1. 0. 0. 0. 0. 0. 1. 0. 1. 0. 0. 1.],9.0,1000,100,0.01,0.0045,1,11,idID,,first,single_objective
735,0.15272669972076253,0.3207260694136013,0.004717700000000001,[0.       0.       0.       0.       0.105581 0.       0.       0.       0.105581 0.       0.105581 0.       0.       0.       0.105581 0.       0.       0.       0.105581 0.105581 0.       0.       0.       0.       0.       0.152856 0.       0.108076 0.       0.       0.105581],[0. 0. 0. 0. 1. 0. 0. 0. 1. 0. 1. 0. 0. 0. 1. 0. 0. 0. 1. 1. 0. 0. 0. 0. 0. 1. 0. 1. 0. 0. 1.],9.0,1000,100,0.01,0.0045,1,11,idID,,first,single_objective
736,0.15272669972076253,0.3207260694136013,0.004717700000000001,[0.       0.       0.       0.       0.105581 0.       0.       0.       0.105581 0.       0.105581 0.       0.       0.       0.105581 0.       0.       0.       0.105581 0.105581 0.       0.       0.       0.       0.       0.152856 0.       0.108076 0.       0.       0.105581],[0. 0. 0. 0. 1. 0. 0. 0. 1. 0. 1. 0. 0. 0. 1. 0. 0. 0. 1. 1. 0. 0. 0. 0. 0. 1. 0. 1. 0. 0. 1.],9.0,1000,100,0.01,0.0045,1,11,idID,,first,single_objective
737,0.15272669972076253,0.3207260694136013,0.004717700000000001,[0.       0.       0.       0.       0.105581 0.       0.       0.       0.105581 0.       0.105581 0.       0.       0.       0.105581 0.       0.       0.       0.105581 0.105581 0.       0.       0.       0.       0.       0.152856 0.       0.108076 0.       0.       0.105581],[0. 0. 0. 0. 1. 0. 0. 0. 1. 0. 1. 0. 0. 0. 1. 0. 0. 0. 1. 1. 0. 0. 0. 0. 0. 1. 0. 1. 0. 0. 1.],9.0,1000,100,0.01,0.0045,1,11,idID,,first,single_objective
738,0.15272669972076253,0.3207260694136013,0.004717700000000001,[0.       0.       0.       0.       0.105581 0.       0.       0.       0.105581 0.       0.105581 0.       0.       0.       0.105581 0.       0.       0.       0.105581 0.105581 0.       0.       0.       0.       0.       0.152856 0.       0.108076 0.       0.       0.105581],[0. 0. 0. 0. 1. 0. 0. 0. 1. 0. 1. 0. 0. 0. 1. 0. 0. 0. 1. 1. 0. 0. 0. 0. 0. 1. 0. 1. 0. 0. 1.],9.0,1000,100,0.01,0.0045,1,11,idID,,first,single_objective
739,0.15272669972076253,0.3207260694136013,0.004717700000000001,[0.       0.       0.       0.       0.105581 0.       0.       0.       0.105581 0.       0.105581 0.       0.       0.       0.105581 0.       0.       0.       0.105581 0.105581 0.       0.       0.       0.       0.       0.152856 0.       0.108076 0.       0.       0.105581],[0. 0. 0. 0. 1. 0. 0. 0. 1. 0. 1. 0. 0. 0. 1. 0. 0. 0. 1. 1. 0. 0. 0. 0. 0. 1. 0. 1. 0. 0. 1.],9.0,1000,100,0.01,0.0045,1,11,idID,,first,single_objective
740,0.15272669972076253,0.3207260694136013,0.004717700000000001,[0.       0.       0.       0.       0.105581 0.       0.       0.       0.105581 0.       0.105581 0.       0.       0.       0.105581 0.       0.       0.       0.105581 0.105581 0.       0.       0.       0.       0.       0.152856 0.       0.108076 0.       0.       0.105581],[0. 0. 0. 0. 1. 0. 0. 0. 1. 0. 1. 0. 0. 0. 1. 0. 0. 0. 1. 1. 0. 0. 0. 0. 0. 1. 0. 1. 0. 0. 1.],9.0,1000,100,0.01,0.0045,1,11,idID,,first,single_objective
741,0.15272669972076253,0.3207260694136013,0.004717700000000001,[0.       0.       0.       0.       0.105581 0.       0.       0.       0.105581 0.       0.105581 0.       0.       0.       0.105581 0.       0.       0.       0.105581 0.105581 0.       0.       0.       0.       0.       0.152856 0.       0.108076 0.       0.       0.105581],[0. 0. 0. 0. 1. 0. 0. 0. 1. 0. 1. 0. 0. 0. 1. 0. 0. 0. 1. 1. 0. 0. 0. 0. 0. 1. 0. 1. 0. 0. 1.],9.0,1000,100,0.01,0.0045,1,11,idID,,first,single_objective
742,0.15272669972076253,0.3207260694136013,0.004717700000000001,[0.       0.       0.       0.       0.105581 0.       0.       0.       0.105581 0.       0.105581 0.       0.       0.       0.105581 0.       0.       0.       0.105581 0.105581 0.       0.       0.       0.       0.       0.152856 0.       0.108076 0.       0.       0.105581],[0. 0. 0. 0. 1. 0. 0. 0. 1. 0. 1. 0. 0. 0. 1. 0. 0. 0. 1. 1. 0. 0. 0. 0. 0. 1. 0. 1. 0. 0. 1.],9.0,1000,100,0.01,0.0045,1,11,idID,,first,single_objective
743,0.15272669972076253,0.3207260694136013,0.004717700000000001,[0.       0.       0.       0.       0.105581 0.       0.       0.       0.105581 0.       0.105581 0.       0.       0.       0.105581 0.       0.       0.       0.105581 0.105581 0.       0.       0.       0.       0.       0.152856 0.       0.108076 0.       0.       0.105581],[0. 0. 0. 0. 1. 0. 0. 0. 1. 0. 1. 0. 0. 0. 1. 0. 0. 0. 1. 1. 0. 0. 0. 0. 0. 1. 0. 1. 0. 0. 1.],9.0,1000,100,0.01,0.0045,1,11,idID,,first,single_objective
744,0.15272669972076253,0.3207260694136013,0.004717700000000001,[0.       0.       0.       0.       0.105581 0.       0.       0.       0.105581 0.       0.105581 0.       0.       0.       0.105581 0.       0.       0.       0.105581 0.105581 0.       0.       0.       0.       0.       0.152856 0.       0.108076 0.       0.       0.105581],[0. 0. 0. 0. 1. 0. 0. 0. 1. 0. 1. 0. 0. 0. 1. 0. 0. 0. 1. 1. 0. 0. 0. 0. 0. 1. 0. 1. 0. 0. 1.],9.0,1000,100,0.01,0.0045,1,11,idID,,first,single_objective
745,0.15272669972076253,0.3207260694136013,0.004717700000000001,[0.       0.       0.       0.       0.105581 0.       0.       0.       0.105581 0.       0.105581 0.       0.       0.       0.105581 0.       0.       0.       0.105581 0.105581 0.       0.       0.       0.       0.       0.152856 0.       0.108076 0.       0.       0.105581],[0. 0. 0. 0. 1. 0. 0. 0. 1. 0. 1. 0. 0. 0. 1. 0. 0. 0. 1. 1. 0. 0. 0. 0. 0. 1. 0. 1. 0. 0. 1.],9.0,1000,100,0.01,0.0045,1,11,idID,,first,single_objective
746,0.15272669972076253,0.3207260694136013,0.004717700000000001,[0.       0.       0.       0.       0.105581 0.       0.       0.       0.105581 0.       0.105581 0.       0.       0.       0.105581 0.       0.       0.       0.105581 0.105581 0.       0.       0.       0.       0.       0.152856 0.       0.108076 0.       0.       0.105581],[0. 0. 0. 0. 1. 0. 0. 0. 1. 0. 1. 0. 0. 0. 1. 0. 0. 0. 1. 1. 0. 0. 0. 0. 0. 1. 0. 1. 0. 0. 1.],9.0,1000,100,0.01,0.0045,1,11,idID,,first,single_objective
747,0.15272669972076253,0.3207260694136013,0.004717700000000001,[0.       0.       0.       0.       0.105581 0.       0.       0.       0.105581 0.       0.105581 0.       0.       0.       0.105581 0.       0.       0.       0.105581 0.105581 0.       0.       0.       0.       0.       0.152856 0.       0.108076 0.       0.       0.105581],[0. 0. 0. 0. 1. 0. 0. 0. 1. 0. 1. 0. 0. 0. 1. 0. 0. 0. 1. 1. 0. 0. 0. 0. 0. 1. 0. 1. 0. 0. 1.],9.0,1000,100,0.01,0.0045,1,11,idID,,first,single_objective
748,0.15272669972076253,0.3207260694136013,0.004717700000000001,[0.       0.       0.       0.       0.105581 0.       0.       0.       0.105581 0.       0.105581 0.       0.       0.       0.105581 0.       0.       0.       0.105581 0.105581 0.       0.       0.       0.       0.       0.152856 0.       0.108076 0.       0.       0.105581],[0. 0. 0. 0. 1. 0. 0. 0. 1. 0. 1. 0. 0. 0. 1. 0. 0. 0. 1. 1. 0. 0. 0. 0. 0. 1. 0. 1. 0. 0. 1.],9.0,1000,100,0.01,0.0045,1,11,idID,,first,single_objective
749,0.15272669972076253,0.3207260694136013,0.004717700000000001,[0.       0.       0.       0.       0.105581 0.       0.       0.       0.105581 0.       0.105581 0.       0.       0.       0.105581 0.       0.       0.       0.105581 0.105581 0.       0.       0.       0.       0.       0.152856 0.       0.108076 0.       0.       0.105581],[0. 0. 0. 0. 1. 0. 0. 0. 1. 0. 1. 0. 0. 0. 1. 0. 0. 0. 1. 1. 0. 0. 0. 0. 0. 1. 0. 1. 0. 0. 1.],9.0,1000,100,0.01,0.0045,1,11,idID,,first,single_objective
750,0.15272669972076253,0.3207260694136013,0.004717700000000001,[0.       0.       0.       0.       0.105581 0.       0.       0.       0.105581 0.       0.105581 0.       0.       0.       0.105581 0.       0.       0.       0.105581 0.105581 0.       0.       0.       0.       0.       0.152856 0.       0.108076 0.       0.       0.105581],[0. 0. 0. 0. 1. 0. 0. 0. 1. 0. 1. 0. 0. 0. 1. 0. 0. 0. 1. 1. 0. 0. 0. 0. 0. 1. 0. 1. 0. 0. 1.],9.0,1000,100,0.01,0.0045,1,11,idID,,first,single_objective
751,0.15272669972076253,0.3207260694136013,0.004717700000000001,[0.       0.       0.       0.       0.105581 0.       0.       0.       0.105581 0.       0.105581 0.       0.       0.       0.105581 0.       0.       0.       0.105581 0.105581 0.       0.       0.       0.       0.       0.152856 0.       0.108076 0.       0.       0.105581],[0. 0. 0. 0. 1. 0. 0. 0. 1. 0. 1. 0. 0. 0. 1. 0. 0. 0. 1. 1. 0. 0. 0. 0. 0. 1. 0. 1. 0. 0. 1.],9.0,1000,100,0.01,0.0045,1,11,idID,,first,single_objective
752,0.15272669972076253,0.3207260694136013,0.004717700000000001,[0.       0.       0.       0.       0.105581 0.       0.       0.       0.105581 0.       0.105581 0.       0.       0.       0.105581 0.       0.       0.       0.105581 0.105581 0.       0.       0.       0.       0.       0.152856 0.       0.108076 0.       0.       0.105581],[0. 0. 0. 0. 1. 0. 0. 0. 1. 0. 1. 0. 0. 0. 1. 0. 0. 0. 1. 1. 0. 0. 0. 0. 0. 1. 0. 1. 0. 0. 1.],9.0,1000,100,0.01,0.0045,1,11,idID,,first,single_objective
753,0.15272669972076253,0.3207260694136013,0.004717700000000001,[0.       0.       0.       0.       0.105581 0.       0.       0.       0.105581 0.       0.105581 0.       0.       0.       0.105581 0.       0.       0.       0.105581 0.105581 0.       0.       0.       0.       0.       0.152856 0.       0.108076 0.       0.       0.105581],[0. 0. 0. 0. 1. 0. 0. 0. 1. 0. 1. 0. 0. 0. 1. 0. 0. 0. 1. 1. 0. 0. 0. 0. 0. 1. 0. 1. 0. 0. 1.],9.0,1000,100,0.01,0.0045,1,11,idID,,first,single_objective
754,0.15272669972076253,0.3207260694136013,0.004717700000000001,[0.       0.       0.       0.       0.105581 0.       0.       0.       0.105581 0.       0.105581 0.       0.       0.       0.105581 0.       0.       0.       0.105581 0.105581 0.       0.       0.       0.       0.       0.152856 0.       0.108076 0.       0.       0.105581],[0. 0. 0. 0. 1. 0. 0. 0. 1. 0. 1. 0. 0. 0. 1. 0. 0. 0. 1. 1. 0. 0. 0. 0. 0. 1. 0. 1. 0. 0. 1.],9.0,1000,100,0.01,0.0045,1,11,idID,,first,single_objective
755,0.15272669972076253,0.3207260694136013,0.004717700000000001,[0.       0.       0.       0.       0.105581 0.       0.       0.       0.105581 0.       0.105581 0.       0.       0.       0.105581 0.       0.       0.       0.105581 0.105581 0.       0.       0.       0.       0.       0.152856 0.       0.108076 0.       0.       0.105581],[0. 0. 0. 0. 1. 0. 0. 0. 1. 0. 1. 0. 0. 0. 1. 0. 0. 0. 1. 1. 0. 0. 0. 0. 0. 1. 0. 1. 0. 0. 1.],9.0,1000,100,0.01,0.0045,1,11,idID,,first,single_objective
756,0.15272669972076253,0.3207260694136013,0.004717700000000001,[0.       0.       0.       0.       0.105581 0.       0.       0.       0.105581 0.       0.105581 0.       0.       0.       0.105581 0.       0.       0.       0.105581 0.105581 0.       0.       0.       0.       0.       0.152856 0.       0.108076 0.       0.       0.105581],[0. 0. 0. 0. 1. 0. 0. 0. 1. 0. 1. 0. 0. 0. 1. 0. 0. 0. 1. 1. 0. 0. 0. 0. 0. 1. 0. 1. 0. 0. 1.],9.0,1000,100,0.01,0.0045,1,11,idID,,first,single_objective
757,0.15272669972076253,0.3207260694136013,0.004717700000000001,[0.       0.       0.       0.       0.105581 0.       0.       0.       0.105581 0.       0.105581 0.       0.       0.       0.105581 0.       0.       0.       0.105581 0.105581 0.       0.       0.       0.       0.       0.152856 0.       0.108076 0.       0.       0.105581],[0. 0. 0. 0. 1. 0. 0. 0. 1. 0. 1. 0. 0. 0. 1. 0. 0. 0. 1. 1. 0. 0. 0. 0. 0. 1. 0. 1. 0. 0. 1.],9.0,1000,100,0.01,0.0045,1,11,idID,,first,single_objective
758,0.15272669972076253,0.3207260694136013,0.004717700000000001,[0.       0.       0.       0.       0.105581 0.       0.       0.       0.105581 0.       0.105581 0.       0.       0.       0.105581 0.       0.       0.       0.105581 0.105581 0.       0.       0.       0.       0.       0.152856 0.       0.108076 0.       0.       0.105581],[0. 0. 0. 0. 1. 0. 0. 0. 1. 0. 1. 0. 0. 0. 1. 0. 0. 0. 1. 1. 0. 0. 0. 0. 0. 1. 0. 1. 0. 0. 1.],9.0,1000,100,0.01,0.0045,1,11,idID,,first,single_objective
759,0.15272669972076253,0.3207260694136013,0.004717700000000001,[0.       0.       0.       0.       0.105581 0.       0.       0.       0.105581 0.       0.105581 0.       0.       0.       0.105581 0.       0.       0.       0.105581 0.105581 0.       0.       0.       0.       0.       0.152856 0.       0.108076 0.       0.       0.105581],[0. 0. 0. 0. 1. 0. 0. 0. 1. 0. 1. 0. 0. 0. 1. 0. 0. 0. 1. 1. 0. 0. 0. 0. 0. 1. 0. 1. 0. 0. 1.],9.0,1000,100,0.01,0.0045,1,11,idID,,first,single_objective
760,0.15272669972076253,0.3207260694136013,0.004717700000000001,[0.       0.       0.       0.       0.105581 0.       0.       0.       0.105581 0.       0.105581 0.       0.       0.       0.105581 0.       0.       0.       0.105581 0.105581 0.       0.       0.       0.       0.       0.152856 0.       0.108076 0.       0.       0.105581],[0. 0. 0. 0. 1. 0. 0. 0. 1. 0. 1. 0. 0. 0. 1. 0. 0. 0. 1. 1. 0. 0. 0. 0. 0. 1. 0. 1. 0. 0. 1.],9.0,1000,100,0.01,0.0045,1,11,idID,,first,single_objective
761,0.15272669972076253,0.3207260694136013,0.004717700000000001,[0.       0.       0.       0.       0.105581 0.       0.       0.       0.105581 0.       0.105581 0.       0.       0.       0.105581 0.       0.       0.       0.105581 0.105581 0.       0.       0.       0.       0.       0.152856 0.       0.108076 0.       0.       0.105581],[0. 0. 0. 0. 1. 0. 0. 0. 1. 0. 1. 0. 0. 0. 1. 0. 0. 0. 1. 1. 0. 0. 0. 0. 0. 1. 0. 1. 0. 0. 1.],9.0,1000,100,0.01,0.0045,1,11,idID,,first,single_objective
762,0.15272669972076253,0.3207260694136013,0.004717700000000001,[0.       0.       0.       0.       0.105581 0.       0.       0.       0.105581 0.       0.105581 0.       0.       0.       0.105581 0.       0.       0.       0.105581 0.105581 0.       0.       0.       0.       0.       0.152856 0.       0.108076 0.       0.       0.105581],[0. 0. 0. 0. 1. 0. 0. 0. 1. 0. 1. 0. 0. 0. 1. 0. 0. 0. 1. 1. 0. 0. 0. 0. 0. 1. 0. 1. 0. 0. 1.],9.0,1000,100,0.01,0.0045,1,11,idID,,first,single_objective
763,0.15272669972076253,0.3207260694136013,0.004717700000000001,[0.       0.       0.       0.       0.105581 0.       0.       0.       0.105581 0.       0.105581 0.       0.       0.       0.105581 0.       0.       0.       0.105581 0.105581 0.       0.       0.       0.       0.       0.152856 0.       0.108076 0.       0.       0.105581],[0. 0. 0. 0. 1. 0. 0. 0. 1. 0. 1. 0. 0. 0. 1. 0. 0. 0. 1. 1. 0. 0. 0. 0. 0. 1. 0. 1. 0. 0. 1.],9.0,1000,100,0.01,0.0045,1,11,idID,,first,single_objective
764,0.15272669972076253,0.3207260694136013,0.004717700000000001,[0.       0.       0.       0.       0.105581 0.       0.       0.       0.105581 0.       0.105581 0.       0.       0.       0.105581 0.       0.       0.       0.105581 0.105581 0.       0.       0.       0.       0.       0.152856 0.       0.108076 0.       0.       0.105581],[0. 0. 0. 0. 1. 0. 0. 0. 1. 0. 1. 0. 0. 0. 1. 0. 0. 0. 1. 1. 0. 0. 0. 0. 0. 1. 0. 1. 0. 0. 1.],9.0,1000,100,0.01,0.0045,1,11,idID,,first,single_objective
765,0.15272669972076253,0.3207260694136013,0.004717700000000001,[0.       0.       0.       0.       0.105581 0.       0.       0.       0.105581 0.       0.105581 0.       0.       0.       0.105581 0.       0.       0.       0.105581 0.105581 0.       0.       0.       0.       0.       0.152856 0.       0.108076 0.       0.       0.105581],[0. 0. 0. 0. 1. 0. 0. 0. 1. 0. 1. 0. 0. 0. 1. 0. 0. 0. 1. 1. 0. 0. 0. 0. 0. 1. 0. 1. 0. 0. 1.],9.0,1000,100,0.01,0.0045,1,11,idID,,first,single_objective
766,0.15272669972076253,0.3207260694136013,0.004717700000000001,[0.       0.       0.       0.       0.105581 0.       0.       0.       0.105581 0.       0.105581 0.       0.       0.       0.105581 0.       0.       0.       0.105581 0.105581 0.       0.       0.       0.       0.       0.152856 0.       0.108076 0.       0.       0.105581],[0. 0. 0. 0. 1. 0. 0. 0. 1. 0. 1. 0. 0. 0. 1. 0. 0. 0. 1. 1. 0. 0. 0. 0. 0. 1. 0. 1. 0. 0. 1.],9.0,1000,100,0.01,0.0045,1,11,idID,,first,single_objective
767,0.15272669972076253,0.3207260694136013,0.004717700000000001,[0.       0.       0.       0.       0.105581 0.       0.       0.       0.105581 0.       0.105581 0.       0.       0.       0.105581 0.       0.       0.       0.105581 0.105581 0.       0.       0.       0.       0.       0.152856 0.       0.108076 0.       0.       0.105581],[0. 0. 0. 0. 1. 0. 0. 0. 1. 0. 1. 0. 0. 0. 1. 0. 0. 0. 1. 1. 0. 0. 0. 0. 0. 1. 0. 1. 0. 0. 1.],9.0,1000,100,0.01,0.0045,1,11,idID,,first,single_objective
768,0.15272669972076253,0.3207260694136013,0.004717700000000001,[0.       0.       0.       0.       0.105581 0.       0.       0.       0.105581 0.       0.105581 0.       0.       0.       0.105581 0.       0.       0.       0.105581 0.105581 0.       0.       0.       0.       0.       0.152856 0.       0.108076 0.       0.       0.105581],[0. 0. 0. 0. 1. 0. 0. 0. 1. 0. 1. 0. 0. 0. 1. 0. 0. 0. 1. 1. 0. 0. 0. 0. 0. 1. 0. 1. 0. 0. 1.],9.0,1000,100,0.01,0.0045,1,11,idID,,first,single_objective
769,0.15272669972076253,0.3207260694136013,0.004717700000000001,[0.       0.       0.       0.       0.105581 0.       0.       0.       0.105581 0.       0.105581 0.       0.       0.       0.105581 0.       0.       0.       0.105581 0.105581 0.       0.       0.       0.       0.       0.152856 0.       0.108076 0.       0.       0.105581],[0. 0. 0. 0. 1. 0. 0. 0. 1. 0. 1. 0. 0. 0. 1. 0. 0. 0. 1. 1. 0. 0. 0. 0. 0. 1. 0. 1. 0. 0. 1.],9.0,1000,100,0.01,0.0045,1,11,idID,,first,single_objective
770,0.15272669972076253,0.3207260694136013,0.004717700000000001,[0.       0.       0.       0.       0.105581 0.       0.       0.       0.105581 0.       0.105581 0.       0.       0.       0.105581 0.       0.       0.       0.105581 0.105581 0.       0.       0.       0.       0.       0.152856 0.       0.108076 0.       0.       0.105581],[0. 0. 0. 0. 1. 0. 0. 0. 1. 0. 1. 0. 0. 0. 1. 0. 0. 0. 1. 1. 0. 0. 0. 0. 0. 1. 0. 1. 0. 0. 1.],9.0,1000,100,0.01,0.0045,1,11,idID,,first,single_objective
771,0.15272669972076253,0.3207260694136013,0.004717700000000001,[0.       0.       0.       0.       0.105581 0.       0.       0.       0.105581 0.       0.105581 0.       0.       0.       0.105581 0.       0.       0.       0.105581 0.105581 0.       0.       0.       0.       0.       0.152856 0.       0.108076 0.       0.       0.105581],[0. 0. 0. 0. 1. 0. 0. 0. 1. 0. 1. 0. 0. 0. 1. 0. 0. 0. 1. 1. 0. 0. 0. 0. 0. 1. 0. 1. 0. 0. 1.],9.0,1000,100,0.01,0.0045,1,11,idID,,first,single_objective
772,0.15272669972076253,0.3207260694136013,0.004717700000000001,[0.       0.       0.       0.       0.105581 0.       0.       0.       0.105581 0.       0.105581 0.       0.       0.       0.105581 0.       0.       0.       0.105581 0.105581 0.       0.       0.       0.       0.       0.152856 0.       0.108076 0.       0.       0.105581],[0. 0. 0. 0. 1. 0. 0. 0. 1. 0. 1. 0. 0. 0. 1. 0. 0. 0. 1. 1. 0. 0. 0. 0. 0. 1. 0. 1. 0. 0. 1.],9.0,1000,100,0.01,0.0045,1,11,idID,,first,single_objective
773,0.15272669972076253,0.3207260694136013,0.004717700000000001,[0.       0.       0.       0.       0.105581 0.       0.       0.       0.105581 0.       0.105581 0.       0.       0.       0.105581 0.       0.       0.       0.105581 0.105581 0.       0.       0.       0.       0.       0.152856 0.       0.108076 0.       0.       0.105581],[0. 0. 0. 0. 1. 0. 0. 0. 1. 0. 1. 0. 0. 0. 1. 0. 0. 0. 1. 1. 0. 0. 0. 0. 0. 1. 0. 1. 0. 0. 1.],9.0,1000,100,0.01,0.0045,1,11,idID,,first,single_objective
774,0.15272669972076253,0.3207260694136013,0.004717700000000001,[0.       0.       0.       0.       0.105581 0.       0.       0.       0.105581 0.       0.105581 0.       0.       0.       0.105581 0.       0.       0.       0.105581 0.105581 0.       0.       0.       0.       0.       0.152856 0.       0.108076 0.       0.       0.105581],[0. 0. 0. 0. 1. 0. 0. 0. 1. 0. 1. 0. 0. 0. 1. 0. 0. 0. 1. 1. 0. 0. 0. 0. 0. 1. 0. 1. 0. 0. 1.],9.0,1000,100,0.01,0.0045,1,11,idID,,first,single_objective
775,0.15272669972076253,0.3207260694136013,0.004717700000000001,[0.       0.       0.       0.       0.105581 0.       0.       0.       0.105581 0.       0.105581 0.       0.       0.       0.105581 0.       0.       0.       0.105581 0.105581 0.       0.       0.       0.       0.       0.152856 0.       0.108076 0.       0.       0.105581],[0. 0. 0. 0. 1. 0. 0. 0. 1. 0. 1. 0. 0. 0. 1. 0. 0. 0. 1. 1. 0. 0. 0. 0. 0. 1. 0. 1. 0. 0. 1.],9.0,1000,100,0.01,0.0045,1,11,idID,,first,single_objective
776,0.15272669972076253,0.3207260694136013,0.004717700000000001,[0.       0.       0.       0.       0.105581 0.       0.       0.       0.105581 0.       0.105581 0.       0.       0.       0.105581 0.       0.       0.       0.105581 0.105581 0.       0.       0.       0.       0.       0.152856 0.       0.108076 0.       0.       0.105581],[0. 0. 0. 0. 1. 0. 0. 0. 1. 0. 1. 0. 0. 0. 1. 0. 0. 0. 1. 1. 0. 0. 0. 0. 0. 1. 0. 1. 0. 0. 1.],9.0,1000,100,0.01,0.0045,1,11,idID,,first,single_objective
777,0.15272669972076253,0.3207260694136013,0.004717700000000001,[0.       0.       0.       0.       0.105581 0.       0.       0.       0.105581 0.       0.105581 0.       0.       0.       0.105581 0.       0.       0.       0.105581 0.105581 0.       0.       0.       0.       0.       0.152856 0.       0.108076 0.       0.       0.105581],[0. 0. 0. 0. 1. 0. 0. 0. 1. 0. 1. 0. 0. 0. 1. 0. 0. 0. 1. 1. 0. 0. 0. 0. 0. 1. 0. 1. 0. 0. 1.],9.0,1000,100,0.01,0.0045,1,11,idID,,first,single_objective
778,0.15272669972076253,0.3207260694136013,0.004717700000000001,[0.       0.       0.       0.       0.105581 0.       0.       0.       0.105581 0.       0.105581 0.       0.       0.       0.105581 0.       0.       0.       0.105581 0.105581 0.       0.       0.       0.       0.       0.152856 0.       0.108076 0.       0.       0.105581],[0. 0. 0. 0. 1. 0. 0. 0. 1. 0. 1. 0. 0. 0. 1. 0. 0. 0. 1. 1. 0. 0. 0. 0. 0. 1. 0. 1. 0. 0. 1.],9.0,1000,100,0.01,0.0045,1,11,idID,,first,single_objective
779,0.15272669972076253,0.3207260694136013,0.004717700000000001,[0.       0.       0.       0.       0.105581 0.       0.       0.       0.105581 0.       0.105581 0.       0.       0.       0.105581 0.       0.       0.       0.105581 0.105581 0.       0.       0.       0.       0.       0.152856 0.       0.108076 0.       0.       0.105581],[0. 0. 0. 0. 1. 0. 0. 0. 1. 0. 1. 0. 0. 0. 1. 0. 0. 0. 1. 1. 0. 0. 0. 0. 0. 1. 0. 1. 0. 0. 1.],9.0,1000,100,0.01,0.0045,1,11,idID,,first,single_objective
780,0.15272669972076253,0.3207260694136013,0.004717700000000001,[0.       0.       0.       0.       0.105581 0.       0.       0.       0.105581 0.       0.105581 0.       0.       0.       0.105581 0.       0.       0.       0.105581 0.105581 0.       0.       0.       0.       0.       0.152856 0.       0.108076 0.       0.       0.105581],[0. 0. 0. 0. 1. 0. 0. 0. 1. 0. 1. 0. 0. 0. 1. 0. 0. 0. 1. 1. 0. 0. 0. 0. 0. 1. 0. 1. 0. 0. 1.],9.0,1000,100,0.01,0.0045,1,11,idID,,first,single_objective
781,0.15272669972076253,0.3207260694136013,0.004717700000000001,[0.       0.       0.       0.       0.105581 0.       0.       0.       0.105581 0.       0.105581 0.       0.       0.       0.105581 0.       0.       0.       0.105581 0.105581 0.       0.       0.       0.       0.       0.152856 0.       0.108076 0.       0.       0.105581],[0. 0. 0. 0. 1. 0. 0. 0. 1. 0. 1. 0. 0. 0. 1. 0. 0. 0. 1. 1. 0. 0. 0. 0. 0. 1. 0. 1. 0. 0. 1.],9.0,1000,100,0.01,0.0045,1,11,idID,,first,single_objective
782,0.15272669972076253,0.3207260694136013,0.004717700000000001,[0.       0.       0.       0.       0.105581 0.       0.       0.       0.105581 0.       0.105581 0.       0.       0.       0.105581 0.       0.       0.       0.105581 0.105581 0.       0.       0.       0.       0.       0.152856 0.       0.108076 0.       0.       0.105581],[0. 0. 0. 0. 1. 0. 0. 0. 1. 0. 1. 0. 0. 0. 1. 0. 0. 0. 1. 1. 0. 0. 0. 0. 0. 1. 0. 1. 0. 0. 1.],9.0,1000,100,0.01,0.0045,1,11,idID,,first,single_objective
783,0.15272669972076253,0.3207260694136013,0.004717700000000001,[0.       0.       0.       0.       0.105581 0.       0.       0.       0.105581 0.       0.105581 0.       0.       0.       0.105581 0.       0.       0.       0.105581 0.105581 0.       0.       0.       0.       0.       0.152856 0.       0.108076 0.       0.       0.105581],[0. 0. 0. 0. 1. 0. 0. 0. 1. 0. 1. 0. 0. 0. 1. 0. 0. 0. 1. 1. 0. 0. 0. 0. 0. 1. 0. 1. 0. 0. 1.],9.0,1000,100,0.01,0.0045,1,11,idID,,first,single_objective
784,0.15272669972076253,0.3207260694136013,0.004717700000000001,[0.       0.       0.       0.       0.105581 0.       0.       0.       0.105581 0.       0.105581 0.       0.       0.       0.105581 0.       0.       0.       0.105581 0.105581 0.       0.       0.       0.       0.       0.152856 0.       0.108076 0.       0.       0.105581],[0. 0. 0. 0. 1. 0. 0. 0. 1. 0. 1. 0. 0. 0. 1. 0. 0. 0. 1. 1. 0. 0. 0. 0. 0. 1. 0. 1. 0. 0. 1.],9.0,1000,100,0.01,0.0045,1,11,idID,,first,single_objective
785,0.15272669972076253,0.3207260694136013,0.004717700000000001,[0.       0.       0.       0.       0.105581 0.       0.       0.       0.105581 0.       0.105581 0.       0.       0.       0.105581 0.       0.       0.       0.105581 0.105581 0.       0.       0.       0.       0.       0.152856 0.       0.108076 0.       0.       0.105581],[0. 0. 0. 0. 1. 0. 0. 0. 1. 0. 1. 0. 0. 0. 1. 0. 0. 0. 1. 1. 0. 0. 0. 0. 0. 1. 0. 1. 0. 0. 1.],9.0,1000,100,0.01,0.0045,1,11,idID,,first,single_objective
786,0.15272669972076253,0.3207260694136013,0.004717700000000001,[0.       0.       0.       0.       0.105581 0.       0.       0.       0.105581 0.       0.105581 0.       0.       0.       0.105581 0.       0.       0.       0.105581 0.105581 0.       0.       0.       0.       0.       0.152856 0.       0.108076 0.       0.       0.105581],[0. 0. 0. 0. 1. 0. 0. 0. 1. 0. 1. 0. 0. 0. 1. 0. 0. 0. 1. 1. 0. 0. 0. 0. 0. 1. 0. 1. 0. 0. 1.],9.0,1000,100,0.01,0.0045,1,11,idID,,first,single_objective
787,0.15272669972076253,0.3207260694136013,0.004717700000000001,[0.       0.       0.       0.       0.105581 0.       0.       0.       0.105581 0.       0.105581 0.       0.       0.       0.105581 0.       0.       0.       0.105581 0.105581 0.       0.       0.       0.       0.       0.152856 0.       0.108076 0.       0.       0.105581],[0. 0. 0. 0. 1. 0. 0. 0. 1. 0. 1. 0. 0. 0. 1. 0. 0. 0. 1. 1. 0. 0. 0. 0. 0. 1. 0. 1. 0. 0. 1.],9.0,1000,100,0.01,0.0045,1,11,idID,,first,single_objective
788,0.15272669972076253,0.3207260694136013,0.004717700000000001,[0.       0.       0.       0.       0.105581 0.       0.       0.       0.105581 0.       0.105581 0.       0.       0.       0.105581 0.       0.       0.       0.105581 0.105581 0.       0.       0.       0.       0.       0.152856 0.       0.108076 0.       0.       0.105581],[0. 0. 0. 0. 1. 0. 0. 0. 1. 0. 1. 0. 0. 0. 1. 0. 0. 0. 1. 1. 0. 0. 0. 0. 0. 1. 0. 1. 0. 0. 1.],9.0,1000,100,0.01,0.0045,1,11,idID,,first,single_objective
789,0.15272669972076253,0.3207260694136013,0.004717700000000001,[0.       0.       0.       0.       0.105581 0.       0.       0.       0.105581 0.       0.105581 0.       0.       0.       0.105581 0.       0.       0.       0.105581 0.105581 0.       0.       0.       0.       0.       0.152856 0.       0.108076 0.       0.       0.105581],[0. 0. 0. 0. 1. 0. 0. 0. 1. 0. 1. 0. 0. 0. 1. 0. 0. 0. 1. 1. 0. 0. 0. 0. 0. 1. 0. 1. 0. 0. 1.],9.0,1000,100,0.01,0.0045,1,11,idID,,first,single_objective
790,0.15272669972076253,0.3207260694136013,0.004717700000000001,[0.       0.       0.       0.       0.105581 0.       0.       0.       0.105581 0.       0.105581 0.       0.       0.       0.105581 0.       0.       0.       0.105581 0.105581 0.       0.       0.       0.       0.       0.152856 0.       0.108076 0.       0.       0.105581],[0. 0. 0. 0. 1. 0. 0. 0. 1. 0. 1. 0. 0. 0. 1. 0. 0. 0. 1. 1. 0. 0. 0. 0. 0. 1. 0. 1. 0. 0. 1.],9.0,1000,100,0.01,0.0045,1,11,idID,,first,single_objective
791,0.15272669972076253,0.3207260694136013,0.004717700000000001,[0.       0.       0.       0.       0.105581 0.       0.       0.       0.105581 0.       0.105581 0.       0.       0.       0.105581 0.       0.       0.       0.105581 0.105581 0.       0.       0.       0.       0.       0.152856 0.       0.108076 0.       0.       0.105581],[0. 0. 0. 0. 1. 0. 0. 0. 1. 0. 1. 0. 0. 0. 1. 0. 0. 0. 1. 1. 0. 0. 0. 0. 0. 1. 0. 1. 0. 0. 1.],9.0,1000,100,0.01,0.0045,1,11,idID,,first,single_objective
792,0.15272669972076253,0.3207260694136013,0.004717700000000001,[0.       0.       0.       0.       0.105581 0.       0.       0.       0.105581 0.       0.105581 0.       0.       0.       0.105581 0.       0.       0.       0.105581 0.105581 0.       0.       0.       0.       0.       0.152856 0.       0.108076 0.       0.       0.105581],[0. 0. 0. 0. 1. 0. 0. 0. 1. 0. 1. 0. 0. 0. 1. 0. 0. 0. 1. 1. 0. 0. 0. 0. 0. 1. 0. 1. 0. 0. 1.],9.0,1000,100,0.01,0.0045,1,11,idID,,first,single_objective
793,0.15272669972076253,0.3207260694136013,0.004717700000000001,[0.       0.       0.       0.       0.105581 0.       0.       0.       0.105581 0.       0.105581 0.       0.       0.       0.105581 0.       0.       0.       0.105581 0.105581 0.       0.       0.       0.       0.       0.152856 0.       0.108076 0.       0.       0.105581],[0. 0. 0. 0. 1. 0. 0. 0. 1. 0. 1. 0. 0. 0. 1. 0. 0. 0. 1. 1. 0. 0. 0. 0. 0. 1. 0. 1. 0. 0. 1.],9.0,1000,100,0.01,0.0045,1,11,idID,,first,single_objective
794,0.15272669972076253,0.3207260694136013,0.004717700000000001,[0.       0.       0.       0.       0.105581 0.       0.       0.       0.105581 0.       0.105581 0.       0.       0.       0.105581 0.       0.       0.       0.105581 0.105581 0.       0.       0.       0.       0.       0.152856 0.       0.108076 0.       0.       0.105581],[0. 0. 0. 0. 1. 0. 0. 0. 1. 0. 1. 0. 0. 0. 1. 0. 0. 0. 1. 1. 0. 0. 0. 0. 0. 1. 0. 1. 0. 0. 1.],9.0,1000,100,0.01,0.0045,1,11,idID,,first,single_objective
795,0.15272669972076253,0.3207260694136013,0.004717700000000001,[0.       0.       0.       0.       0.105581 0.       0.       0.       0.105581 0.       0.105581 0.       0.       0.       0.105581 0.       0.       0.       0.105581 0.105581 0.       0.       0.       0.       0.       0.152856 0.       0.108076 0.       0.       0.105581],[0. 0. 0. 0. 1. 0. 0. 0. 1. 0. 1. 0. 0. 0. 1. 0. 0. 0. 1. 1. 0. 0. 0. 0. 0. 1. 0. 1. 0. 0. 1.],9.0,1000,100,0.01,0.0045,1,11,idID,,first,single_objective
796,0.15272669972076253,0.3207260694136013,0.004717700000000001,[0.       0.       0.       0.       0.105581 0.       0.       0.       0.105581 0.       0.105581 0.       0.       0.       0.105581 0.       0.       0.       0.105581 0.105581 0.       0.       0.       0.       0.       0.152856 0.       0.108076 0.       0.       0.105581],[0. 0. 0. 0. 1. 0. 0. 0. 1. 0. 1. 0. 0. 0. 1. 0. 0. 0. 1. 1. 0. 0. 0. 0. 0. 1. 0. 1. 0. 0. 1.],9.0,1000,100,0.01,0.0045,1,11,idID,,first,single_objective
797,0.15272669972076253,0.3207260694136013,0.004717700000000001,[0.       0.       0.       0.       0.105581 0.       0.       0.       0.105581 0.       0.105581 0.       0.       0.       0.105581 0.       0.       0.       0.105581 0.105581 0.       0.       0.       0.       0.       0.152856 0.       0.108076 0.       0.       0.105581],[0. 0. 0. 0. 1. 0. 0. 0. 1. 0. 1. 0. 0. 0. 1. 0. 0. 0. 1. 1. 0. 0. 0. 0. 0. 1. 0. 1. 0. 0. 1.],9.0,1000,100,0.01,0.0045,1,11,idID,,first,single_objective
798,0.15272669972076253,0.3207260694136013,0.004717700000000001,[0.       0.       0.       0.       0.105581 0.       0.       0.       0.105581 0.       0.105581 0.       0.       0.       0.105581 0.       0.       0.       0.105581 0.105581 0.       0.       0.       0.       0.       0.152856 0.       0.108076 0.       0.       0.105581],[0. 0. 0. 0. 1. 0. 0. 0. 1. 0. 1. 0. 0. 0. 1. 0. 0. 0. 1. 1. 0. 0. 0. 0. 0. 1. 0. 1. 0. 0. 1.],9.0,1000,100,0.01,0.0045,1,11,idID,,first,single_objective
799,0.15272669972076253,0.3207260694136013,0.004717700000000001,[0.       0.       0.       0.       0.105581 0.       0.       0.       0.105581 0.       0.105581 0.       0.       0.       0.105581 0.       0.       0.       0.105581 0.105581 0.       0.       0.       0.       0.       0.152856 0.       0.108076 0.       0.       0.105581],[0. 0. 0. 0. 1. 0. 0. 0. 1. 0. 1. 0. 0. 0. 1. 0. 0. 0. 1. 1. 0. 0. 0. 0. 0. 1. 0. 1. 0. 0. 1.],9.0,1000,100,0.01,0.0045,1,11,idID,,first,single_objective
800,0.15272669972076253,0.3207260694136013,0.004717700000000001,[0.       0.       0.       0.       0.105581 0.       0.       0.       0.105581 0.       0.105581 0.       0.       0.       0.105581 0.       0.       0.       0.105581 0.105581 0.       0.       0.       0.       0.       0.152856 0.       0.108076 0.       0.       0.105581],[0. 0. 0. 0. 1. 0. 0. 0. 1. 0. 1. 0. 0. 0. 1. 0. 0. 0. 1. 1. 0. 0. 0. 0. 0. 1. 0. 1. 0. 0. 1.],9.0,1000,100,0.01,0.0045,1,11,idID,,first,single_objective
801,0.15272669972076253,0.3207260694136013,0.004717700000000001,[0.       0.       0.       0.       0.105581 0.       0.       0.       0.105581 0.       0.105581 0.       0.       0.       0.105581 0.       0.       0.       0.105581 0.105581 0.       0.       0.       0.       0.       0.152856 0.       0.108076 0.       0.       0.105581],[0. 0. 0. 0. 1. 0. 0. 0. 1. 0. 1. 0. 0. 0. 1. 0. 0. 0. 1. 1. 0. 0. 0. 0. 0. 1. 0. 1. 0. 0. 1.],9.0,1000,100,0.01,0.0045,1,11,idID,,first,single_objective
802,0.15272669972076253,0.3207260694136013,0.004717700000000001,[0.       0.       0.       0.       0.105581 0.       0.       0.       0.105581 0.       0.105581 0.       0.       0.       0.105581 0.       0.       0.       0.105581 0.105581 0.       0.       0.       0.       0.       0.152856 0.       0.108076 0.       0.       0.105581],[0. 0. 0. 0. 1. 0. 0. 0. 1. 0. 1. 0. 0. 0. 1. 0. 0. 0. 1. 1. 0. 0. 0. 0. 0. 1. 0. 1. 0. 0. 1.],9.0,1000,100,0.01,0.0045,1,11,idID,,first,single_objective
803,0.15272669972076253,0.3207260694136013,0.004717700000000001,[0.       0.       0.       0.       0.105581 0.       0.       0.       0.105581 0.       0.105581 0.       0.       0.       0.105581 0.       0.       0.       0.105581 0.105581 0.       0.       0.       0.       0.       0.152856 0.       0.108076 0.       0.       0.105581],[0. 0. 0. 0. 1. 0. 0. 0. 1. 0. 1. 0. 0. 0. 1. 0. 0. 0. 1. 1. 0. 0. 0. 0. 0. 1. 0. 1. 0. 0. 1.],9.0,1000,100,0.01,0.0045,1,11,idID,,first,single_objective
804,0.15272669972076253,0.3207260694136013,0.004717700000000001,[0.       0.       0.       0.       0.105581 0.       0.       0.       0.105581 0.       0.105581 0.       0.       0.       0.105581 0.       0.       0.       0.105581 0.105581 0.       0.       0.       0.       0.       0.152856 0.       0.108076 0.       0.       0.105581],[0. 0. 0. 0. 1. 0. 0. 0. 1. 0. 1. 0. 0. 0. 1. 0. 0. 0. 1. 1. 0. 0. 0. 0. 0. 1. 0. 1. 0. 0. 1.],9.0,1000,100,0.01,0.0045,1,11,idID,,first,single_objective
805,0.15272669972076253,0.3207260694136013,0.004717700000000001,[0.       0.       0.       0.       0.105581 0.       0.       0.       0.105581 0.       0.105581 0.       0.       0.       0.105581 0.       0.       0.       0.105581 0.105581 0.       0.       0.       0.       0.       0.152856 0.       0.108076 0.       0.       0.105581],[0. 0. 0. 0. 1. 0. 0. 0. 1. 0. 1. 0. 0. 0. 1. 0. 0. 0. 1. 1. 0. 0. 0. 0. 0. 1. 0. 1. 0. 0. 1.],9.0,1000,100,0.01,0.0045,1,11,idID,,first,single_objective
806,0.15272669972076253,0.3207260694136013,0.004717700000000001,[0.       0.       0.       0.       0.105581 0.       0.       0.       0.105581 0.       0.105581 0.       0.       0.       0.105581 0.       0.       0.       0.105581 0.105581 0.       0.       0.       0.       0.       0.152856 0.       0.108076 0.       0.       0.105581],[0. 0. 0. 0. 1. 0. 0. 0. 1. 0. 1. 0. 0. 0. 1. 0. 0. 0. 1. 1. 0. 0. 0. 0. 0. 1. 0. 1. 0. 0. 1.],9.0,1000,100,0.01,0.0045,1,11,idID,,first,single_objective
807,0.15272669972076253,0.3207260694136013,0.004717700000000001,[0.       0.       0.       0.       0.105581 0.       0.       0.       0.105581 0.       0.105581 0.       0.       0.       0.105581 0.       0.       0.       0.105581 0.105581 0.       0.       0.       0.       0.       0.152856 0.       0.108076 0.       0.       0.105581],[0. 0. 0. 0. 1. 0. 0. 0. 1. 0. 1. 0. 0. 0. 1. 0. 0. 0. 1. 1. 0. 0. 0. 0. 0. 1. 0. 1. 0. 0. 1.],9.0,1000,100,0.01,0.0045,1,11,idID,,first,single_objective
808,0.15272669972076253,0.3207260694136013,0.004717700000000001,[0.       0.       0.       0.       0.105581 0.       0.       0.       0.105581 0.       0.105581 0.       0.       0.       0.105581 0.       0.       0.       0.105581 0.105581 0.       0.       0.       0.       0.       0.152856 0.       0.108076 0.       0.       0.105581],[0. 0. 0. 0. 1. 0. 0. 0. 1. 0. 1. 0. 0. 0. 1. 0. 0. 0. 1. 1. 0. 0. 0. 0. 0. 1. 0. 1. 0. 0. 1.],9.0,1000,100,0.01,0.0045,1,11,idID,,first,single_objective
809,0.15272669972076253,0.3207260694136013,0.004717700000000001,[0.       0.       0.       0.       0.105581 0.       0.       0.       0.105581 0.       0.105581 0.       0.       0.       0.105581 0.       0.       0.       0.105581 0.105581 0.       0.       0.       0.       0.       0.152856 0.       0.108076 0.       0.       0.105581],[0. 0. 0. 0. 1. 0. 0. 0. 1. 0. 1. 0. 0. 0. 1. 0. 0. 0. 1. 1. 0. 0. 0. 0. 0. 1. 0. 1. 0. 0. 1.],9.0,1000,100,0.01,0.0045,1,11,idID,,first,single_objective
810,0.15272669972076253,0.3207260694136013,0.004717700000000001,[0.       0.       0.       0.       0.105581 0.       0.       0.       0.105581 0.       0.105581 0.       0.       0.       0.105581 0.       0.       0.       0.105581 0.105581 0.       0.       0.       0.       0.       0.152856 0.       0.108076 0.       0.       0.105581],[0. 0. 0. 0. 1. 0. 0. 0. 1. 0. 1. 0. 0. 0. 1. 0. 0. 0. 1. 1. 0. 0. 0. 0. 0. 1. 0. 1. 0. 0. 1.],9.0,1000,100,0.01,0.0045,1,11,idID,,first,single_objective
811,0.15272669972076253,0.3207260694136013,0.004717700000000001,[0.       0.       0.       0.       0.105581 0.       0.       0.       0.105581 0.       0.105581 0.       0.       0.       0.105581 0.       0.       0.       0.105581 0.105581 0.       0.       0.       0.       0.       0.152856 0.       0.108076 0.       0.       0.105581],[0. 0. 0. 0. 1. 0. 0. 0. 1. 0. 1. 0. 0. 0. 1. 0. 0. 0. 1. 1. 0. 0. 0. 0. 0. 1. 0. 1. 0. 0. 1.],9.0,1000,100,0.01,0.0045,1,11,idID,,first,single_objective
812,0.15272669972076253,0.3207260694136013,0.004717700000000001,[0.       0.       0.       0.       0.105581 0.       0.       0.       0.105581 0.       0.105581 0.       0.       0.       0.105581 0.       0.       0.       0.105581 0.105581 0.       0.       0.       0.       0.       0.152856 0.       0.108076 0.       0.       0.105581],[0. 0. 0. 0. 1. 0. 0. 0. 1. 0. 1. 0. 0. 0. 1. 0. 0. 0. 1. 1. 0. 0. 0. 0. 0. 1. 0. 1. 0. 0. 1.],9.0,1000,100,0.01,0.0045,1,11,idID,,first,single_objective
813,0.15272669972076253,0.3207260694136013,0.004717700000000001,[0.       0.       0.       0.       0.105581 0.       0.       0.       0.105581 0.       0.105581 0.       0.       0.       0.105581 0.       0.       0.       0.105581 0.105581 0.       0.       0.       0.       0.       0.152856 0.       0.108076 0.       0.       0.105581],[0. 0. 0. 0. 1. 0. 0. 0. 1. 0. 1. 0. 0. 0. 1. 0. 0. 0. 1. 1. 0. 0. 0. 0. 0. 1. 0. 1. 0. 0. 1.],9.0,1000,100,0.01,0.0045,1,11,idID,,first,single_objective
814,0.15272669972076253,0.3207260694136013,0.004717700000000001,[0.       0.       0.       0.       0.105581 0.       0.       0.       0.105581 0.       0.105581 0.       0.       0.       0.105581 0.       0.       0.       0.105581 0.105581 0.       0.       0.       0.       0.       0.152856 0.       0.108076 0.       0.       0.105581],[0. 0. 0. 0. 1. 0. 0. 0. 1. 0. 1. 0. 0. 0. 1. 0. 0. 0. 1. 1. 0. 0. 0. 0. 0. 1. 0. 1. 0. 0. 1.],9.0,1000,100,0.01,0.0045,1,11,idID,,first,single_objective
815,0.15272669972076253,0.3207260694136013,0.004717700000000001,[0.       0.       0.       0.       0.105581 0.       0.       0.       0.105581 0.       0.105581 0.       0.       0.       0.105581 0.       0.       0.       0.105581 0.105581 0.       0.       0.       0.       0.       0.152856 0.       0.108076 0.       0.       0.105581],[0. 0. 0. 0. 1. 0. 0. 0. 1. 0. 1. 0. 0. 0. 1. 0. 0. 0. 1. 1. 0. 0. 0. 0. 0. 1. 0. 1. 0. 0. 1.],9.0,1000,100,0.01,0.0045,1,11,idID,,first,single_objective
816,0.15272669972076253,0.3207260694136013,0.004717700000000001,[0.       0.       0.       0.       0.105581 0.       0.       0.       0.105581 0.       0.105581 0.       0.       0.       0.105581 0.       0.       0.       0.105581 0.105581 0.       0.       0.       0.       0.       0.152856 0.       0.108076 0.       0.       0.105581],[0. 0. 0. 0. 1. 0. 0. 0. 1. 0. 1. 0. 0. 0. 1. 0. 0. 0. 1. 1. 0. 0. 0. 0. 0. 1. 0. 1. 0. 0. 1.],9.0,1000,100,0.01,0.0045,1,11,idID,,first,single_objective
817,0.15272669972076253,0.3207260694136013,0.004717700000000001,[0.       0.       0.       0.       0.105581 0.       0.       0.       0.105581 0.       0.105581 0.       0.       0.       0.105581 0.       0.       0.       0.105581 0.105581 0.       0.       0.       0.       0.       0.152856 0.       0.108076 0.       0.       0.105581],[0. 0. 0. 0. 1. 0. 0. 0. 1. 0. 1. 0. 0. 0. 1. 0. 0. 0. 1. 1. 0. 0. 0. 0. 0. 1. 0. 1. 0. 0. 1.],9.0,1000,100,0.01,0.0045,1,11,idID,,first,single_objective
818,0.15272669972076253,0.3207260694136013,0.004717700000000001,[0.       0.       0.       0.       0.105581 0.       0.       0.       0.105581 0.       0.105581 0.       0.       0.       0.105581 0.       0.       0.       0.105581 0.105581 0.       0.       0.       0.       0.       0.152856 0.       0.108076 0.       0.       0.105581],[0. 0. 0. 0. 1. 0. 0. 0. 1. 0. 1. 0. 0. 0. 1. 0. 0. 0. 1. 1. 0. 0. 0. 0. 0. 1. 0. 1. 0. 0. 1.],9.0,1000,100,0.01,0.0045,1,11,idID,,first,single_objective
819,0.15272669972076253,0.3207260694136013,0.004717700000000001,[0.       0.       0.       0.       0.105581 0.       0.       0.       0.105581 0.       0.105581 0.       0.       0.       0.105581 0.       0.       0.       0.105581 0.105581 0.       0.       0.       0.       0.       0.152856 0.       0.108076 0.       0.       0.105581],[0. 0. 0. 0. 1. 0. 0. 0. 1. 0. 1. 0. 0. 0. 1. 0. 0. 0. 1. 1. 0. 0. 0. 0. 0. 1. 0. 1. 0. 0. 1.],9.0,1000,100,0.01,0.0045,1,11,idID,,first,single_objective
820,0.15272669972076253,0.3207260694136013,0.004717700000000001,[0.       0.       0.       0.       0.105581 0.       0.       0.       0.105581 0.       0.105581 0.       0.       0.       0.105581 0.       0.       0.       0.105581 0.105581 0.       0.       0.       0.       0.       0.152856 0.       0.108076 0.       0.       0.105581],[0. 0. 0. 0. 1. 0. 0. 0. 1. 0. 1. 0. 0. 0. 1. 0. 0. 0. 1. 1. 0. 0. 0. 0. 0. 1. 0. 1. 0. 0. 1.],9.0,1000,100,0.01,0.0045,1,11,idID,,first,single_objective
821,0.15272669972076253,0.3207260694136013,0.004717700000000001,[0.       0.       0.       0.       0.105581 0.       0.       0.       0.105581 0.       0.105581 0.       0.       0.       0.105581 0.       0.       0.       0.105581 0.105581 0.       0.       0.       0.       0.       0.152856 0.       0.108076 0.       0.       0.105581],[0. 0. 0. 0. 1. 0. 0. 0. 1. 0. 1. 0. 0. 0. 1. 0. 0. 0. 1. 1. 0. 0. 0. 0. 0. 1. 0. 1. 0. 0. 1.],9.0,1000,100,0.01,0.0045,1,11,idID,,first,single_objective
822,0.15272669972076253,0.3207260694136013,0.004717700000000001,[0.       0.       0.       0.       0.105581 0.       0.       0.       0.105581 0.       0.105581 0.       0.       0.       0.105581 0.       0.       0.       0.105581 0.105581 0.       0.       0.       0.       0.       0.152856 0.       0.108076 0.       0.       0.105581],[0. 0. 0. 0. 1. 0. 0. 0. 1. 0. 1. 0. 0. 0. 1. 0. 0. 0. 1. 1. 0. 0. 0. 0. 0. 1. 0. 1. 0. 0. 1.],9.0,1000,100,0.01,0.0045,1,11,idID,,first,single_objective
823,0.15272669972076253,0.3207260694136013,0.004717700000000001,[0.       0.       0.       0.       0.105581 0.       0.       0.       0.105581 0.       0.105581 0.       0.       0.       0.105581 0.       0.       0.       0.105581 0.105581 0.       0.       0.       0.       0.       0.152856 0.       0.108076 0.       0.       0.105581],[0. 0. 0. 0. 1. 0. 0. 0. 1. 0. 1. 0. 0. 0. 1. 0. 0. 0. 1. 1. 0. 0. 0. 0. 0. 1. 0. 1. 0. 0. 1.],9.0,1000,100,0.01,0.0045,1,11,idID,,first,single_objective
824,0.15272669972076253,0.3207260694136013,0.004717700000000001,[0.       0.       0.       0.       0.105581 0.       0.       0.       0.105581 0.       0.105581 0.       0.       0.       0.105581 0.       0.       0.       0.105581 0.105581 0.       0.       0.       0.       0.       0.152856 0.       0.108076 0.       0.       0.105581],[0. 0. 0. 0. 1. 0. 0. 0. 1. 0. 1. 0. 0. 0. 1. 0. 0. 0. 1. 1. 0. 0. 0. 0. 0. 1. 0. 1. 0. 0. 1.],9.0,1000,100,0.01,0.0045,1,11,idID,,first,single_objective
825,0.15272669972076253,0.3207260694136013,0.004717700000000001,[0.       0.       0.       0.       0.105581 0.       0.       0.       0.105581 0.       0.105581 0.       0.       0.       0.105581 0.       0.       0.       0.105581 0.105581 0.       0.       0.       0.       0.       0.152856 0.       0.108076 0.       0.       0.105581],[0. 0. 0. 0. 1. 0. 0. 0. 1. 0. 1. 0. 0. 0. 1. 0. 0. 0. 1. 1. 0. 0. 0. 0. 0. 1. 0. 1. 0. 0. 1.],9.0,1000,100,0.01,0.0045,1,11,idID,,first,single_objective
826,0.15272669972076253,0.3207260694136013,0.004717700000000001,[0.       0.       0.       0.       0.105581 0.       0.       0.       0.105581 0.       0.105581 0.       0.       0.       0.105581 0.       0.       0.       0.105581 0.105581 0.       0.       0.       0.       0.       0.152856 0.       0.108076 0.       0.       0.105581],[0. 0. 0. 0. 1. 0. 0. 0. 1. 0. 1. 0. 0. 0. 1. 0. 0. 0. 1. 1. 0. 0. 0. 0. 0. 1. 0. 1. 0. 0. 1.],9.0,1000,100,0.01,0.0045,1,11,idID,,first,single_objective
827,0.15272669972076253,0.3207260694136013,0.004717700000000001,[0.       0.       0.       0.       0.105581 0.       0.       0.       0.105581 0.       0.105581 0.       0.       0.       0.105581 0.       0.       0.       0.105581 0.105581 0.       0.       0.       0.       0.       0.152856 0.       0.108076 0.       0.       0.105581],[0. 0. 0. 0. 1. 0. 0. 0. 1. 0. 1. 0. 0. 0. 1. 0. 0. 0. 1. 1. 0. 0. 0. 0. 0. 1. 0. 1. 0. 0. 1.],9.0,1000,100,0.01,0.0045,1,11,idID,,first,single_objective
828,0.15272669972076253,0.3207260694136013,0.004717700000000001,[0.       0.       0.       0.       0.105581 0.       0.       0.       0.105581 0.       0.105581 0.       0.       0.       0.105581 0.       0.       0.       0.105581 0.105581 0.       0.       0.       0.       0.       0.152856 0.       0.108076 0.       0.       0.105581],[0. 0. 0. 0. 1. 0. 0. 0. 1. 0. 1. 0. 0. 0. 1. 0. 0. 0. 1. 1. 0. 0. 0. 0. 0. 1. 0. 1. 0. 0. 1.],9.0,1000,100,0.01,0.0045,1,11,idID,,first,single_objective
829,0.15272669972076253,0.3207260694136013,0.004717700000000001,[0.       0.       0.       0.       0.105581 0.       0.       0.       0.105581 0.       0.105581 0.       0.       0.       0.105581 0.       0.       0.       0.105581 0.105581 0.       0.       0.       0.       0.       0.152856 0.       0.108076 0.       0.       0.105581],[0. 0. 0. 0. 1. 0. 0. 0. 1. 0. 1. 0. 0. 0. 1. 0. 0. 0. 1. 1. 0. 0. 0. 0. 0. 1. 0. 1. 0. 0. 1.],9.0,1000,100,0.01,0.0045,1,11,idID,,first,single_objective
830,0.15272669972076253,0.3207260694136013,0.004717700000000001,[0.       0.       0.       0.       0.105581 0.       0.       0.       0.105581 0.       0.105581 0.       0.       0.       0.105581 0.       0.       0.       0.105581 0.105581 0.       0.       0.       0.       0.       0.152856 0.       0.108076 0.       0.       0.105581],[0. 0. 0. 0. 1. 0. 0. 0. 1. 0. 1. 0. 0. 0. 1. 0. 0. 0. 1. 1. 0. 0. 0. 0. 0. 1. 0. 1. 0. 0. 1.],9.0,1000,100,0.01,0.0045,1,11,idID,,first,single_objective
831,0.15272669972076253,0.3207260694136013,0.004717700000000001,[0.       0.       0.       0.       0.105581 0.       0.       0.       0.105581 0.       0.105581 0.       0.       0.       0.105581 0.       0.       0.       0.105581 0.105581 0.       0.       0.       0.       0.       0.152856 0.       0.108076 0.       0.       0.105581],[0. 0. 0. 0. 1. 0. 0. 0. 1. 0. 1. 0. 0. 0. 1. 0. 0. 0. 1. 1. 0. 0. 0. 0. 0. 1. 0. 1. 0. 0. 1.],9.0,1000,100,0.01,0.0045,1,11,idID,,first,single_objective
832,0.15272669972076253,0.3207260694136013,0.004717700000000001,[0.       0.       0.       0.       0.105581 0.       0.       0.       0.105581 0.       0.105581 0.       0.       0.       0.105581 0.       0.       0.       0.105581 0.105581 0.       0.       0.       0.       0.       0.152856 0.       0.108076 0.       0.       0.105581],[0. 0. 0. 0. 1. 0. 0. 0. 1. 0. 1. 0. 0. 0. 1. 0. 0. 0. 1. 1. 0. 0. 0. 0. 0. 1. 0. 1. 0. 0. 1.],9.0,1000,100,0.01,0.0045,1,11,idID,,first,single_objective
833,0.15272669972076253,0.3207260694136013,0.004717700000000001,[0.       0.       0.       0.       0.105581 0.       0.       0.       0.105581 0.       0.105581 0.       0.       0.       0.105581 0.       0.       0.       0.105581 0.105581 0.       0.       0.       0.       0.       0.152856 0.       0.108076 0.       0.       0.105581],[0. 0. 0. 0. 1. 0. 0. 0. 1. 0. 1. 0. 0. 0. 1. 0. 0. 0. 1. 1. 0. 0. 0. 0. 0. 1. 0. 1. 0. 0. 1.],9.0,1000,100,0.01,0.0045,1,11,idID,,first,single_objective
834,0.15272669972076253,0.3207260694136013,0.004717700000000001,[0.       0.       0.       0.       0.105581 0.       0.       0.       0.105581 0.       0.105581 0.       0.       0.       0.105581 0.       0.       0.       0.105581 0.105581 0.       0.       0.       0.       0.       0.152856 0.       0.108076 0.       0.       0.105581],[0. 0. 0. 0. 1. 0. 0. 0. 1. 0. 1. 0. 0. 0. 1. 0. 0. 0. 1. 1. 0. 0. 0. 0. 0. 1. 0. 1. 0. 0. 1.],9.0,1000,100,0.01,0.0045,1,11,idID,,first,single_objective
835,0.15272669972076253,0.3207260694136013,0.004717700000000001,[0.       0.       0.       0.       0.105581 0.       0.       0.       0.105581 0.       0.105581 0.       0.       0.       0.105581 0.       0.       0.       0.105581 0.105581 0.       0.       0.       0.       0.       0.152856 0.       0.108076 0.       0.       0.105581],[0. 0. 0. 0. 1. 0. 0. 0. 1. 0. 1. 0. 0. 0. 1. 0. 0. 0. 1. 1. 0. 0. 0. 0. 0. 1. 0. 1. 0. 0. 1.],9.0,1000,100,0.01,0.0045,1,11,idID,,first,single_objective
836,0.15272669972076253,0.3207260694136013,0.004717700000000001,[0.       0.       0.       0.       0.105581 0.       0.       0.       0.105581 0.       0.105581 0.       0.       0.       0.105581 0.       0.       0.       0.105581 0.105581 0.       0.       0.       0.       0.       0.152856 0.       0.108076 0.       0.       0.105581],[0. 0. 0. 0. 1. 0. 0. 0. 1. 0. 1. 0. 0. 0. 1. 0. 0. 0. 1. 1. 0. 0. 0. 0. 0. 1. 0. 1. 0. 0. 1.],9.0,1000,100,0.01,0.0045,1,11,idID,,first,single_objective
837,0.15272669972076253,0.3207260694136013,0.004717700000000001,[0.       0.       0.       0.       0.105581 0.       0.       0.       0.105581 0.       0.105581 0.       0.       0.       0.105581 0.       0.       0.       0.105581 0.105581 0.       0.       0.       0.       0.       0.152856 0.       0.108076 0.       0.       0.105581],[0. 0. 0. 0. 1. 0. 0. 0. 1. 0. 1. 0. 0. 0. 1. 0. 0. 0. 1. 1. 0. 0. 0. 0. 0. 1. 0. 1. 0. 0. 1.],9.0,1000,100,0.01,0.0045,1,11,idID,,first,single_objective
838,0.15272669972076253,0.3207260694136013,0.004717700000000001,[0.       0.       0.       0.       0.105581 0.       0.       0.       0.105581 0.       0.105581 0.       0.       0.       0.105581 0.       0.       0.       0.105581 0.105581 0.       0.       0.       0.       0.       0.152856 0.       0.108076 0.       0.       0.105581],[0. 0. 0. 0. 1. 0. 0. 0. 1. 0. 1. 0. 0. 0. 1. 0. 0. 0. 1. 1. 0. 0. 0. 0. 0. 1. 0. 1. 0. 0. 1.],9.0,1000,100,0.01,0.0045,1,11,idID,,first,single_objective
839,0.15272669972076253,0.3207260694136013,0.004717700000000001,[0.       0.       0.       0.       0.105581 0.       0.       0.       0.105581 0.       0.105581 0.       0.       0.       0.105581 0.       0.       0.       0.105581 0.105581 0.       0.       0.       0.       0.       0.152856 0.       0.108076 0.       0.       0.105581],[0. 0. 0. 0. 1. 0. 0. 0. 1. 0. 1. 0. 0. 0. 1. 0. 0. 0. 1. 1. 0. 0. 0. 0. 0. 1. 0. 1. 0. 0. 1.],9.0,1000,100,0.01,0.0045,1,11,idID,,first,single_objective
840,0.15272669972076253,0.3207260694136013,0.004717700000000001,[0.       0.       0.       0.       0.105581 0.       0.       0.       0.105581 0.       0.105581 0.       0.       0.       0.105581 0.       0.       0.       0.105581 0.105581 0.       0.       0.       0.       0.       0.152856 0.       0.108076 0.       0.       0.105581],[0. 0. 0. 0. 1. 0. 0. 0. 1. 0. 1. 0. 0. 0. 1. 0. 0. 0. 1. 1. 0. 0. 0. 0. 0. 1. 0. 1. 0. 0. 1.],9.0,1000,100,0.01,0.0045,1,11,idID,,first,single_objective
841,0.15272669972076253,0.3207260694136013,0.004717700000000001,[0.       0.       0.       0.       0.105581 0.       0.       0.       0.105581 0.       0.105581 0.       0.       0.       0.105581 0.       0.       0.       0.105581 0.105581 0.       0.       0.       0.       0.       0.152856 0.       0.108076 0.       0.       0.105581],[0. 0. 0. 0. 1. 0. 0. 0. 1. 0. 1. 0. 0. 0. 1. 0. 0. 0. 1. 1. 0. 0. 0. 0. 0. 1. 0. 1. 0. 0. 1.],9.0,1000,100,0.01,0.0045,1,11,idID,,first,single_objective
842,0.15272669972076253,0.3207260694136013,0.004717700000000001,[0.       0.       0.       0.       0.105581 0.       0.       0.       0.105581 0.       0.105581 0.       0.       0.       0.105581 0.       0.       0.       0.105581 0.105581 0.       0.       0.       0.       0.       0.152856 0.       0.108076 0.       0.       0.105581],[0. 0. 0. 0. 1. 0. 0. 0. 1. 0. 1. 0. 0. 0. 1. 0. 0. 0. 1. 1. 0. 0. 0. 0. 0. 1. 0. 1. 0. 0. 1.],9.0,1000,100,0.01,0.0045,1,11,idID,,first,single_objective
843,0.15272669972076253,0.3207260694136013,0.004717700000000001,[0.       0.       0.       0.       0.105581 0.       0.       0.       0.105581 0.       0.105581 0.       0.       0.       0.105581 0.       0.       0.       0.105581 0.105581 0.       0.       0.       0.       0.       0.152856 0.       0.108076 0.       0.       0.105581],[0. 0. 0. 0. 1. 0. 0. 0. 1. 0. 1. 0. 0. 0. 1. 0. 0. 0. 1. 1. 0. 0. 0. 0. 0. 1. 0. 1. 0. 0. 1.],9.0,1000,100,0.01,0.0045,1,11,idID,,first,single_objective
844,0.15272669972076253,0.3207260694136013,0.004717700000000001,[0.       0.       0.       0.       0.105581 0.       0.       0.       0.105581 0.       0.105581 0.       0.       0.       0.105581 0.       0.       0.       0.105581 0.105581 0.       0.       0.       0.       0.       0.152856 0.       0.108076 0.       0.       0.105581],[0. 0. 0. 0. 1. 0. 0. 0. 1. 0. 1. 0. 0. 0. 1. 0. 0. 0. 1. 1. 0. 0. 0. 0. 0. 1. 0. 1. 0. 0. 1.],9.0,1000,100,0.01,0.0045,1,11,idID,,first,single_objective
845,0.15272669972076253,0.3207260694136013,0.004717700000000001,[0.       0.       0.       0.       0.105581 0.       0.       0.       0.105581 0.       0.105581 0.       0.       0.       0.105581 0.       0.       0.       0.105581 0.105581 0.       0.       0.       0.       0.       0.152856 0.       0.108076 0.       0.       0.105581],[0. 0. 0. 0. 1. 0. 0. 0. 1. 0. 1. 0. 0. 0. 1. 0. 0. 0. 1. 1. 0. 0. 0. 0. 0. 1. 0. 1. 0. 0. 1.],9.0,1000,100,0.01,0.0045,1,11,idID,,first,single_objective
846,0.15272669972076253,0.3207260694136013,0.004717700000000001,[0.       0.       0.       0.       0.105581 0.       0.       0.       0.105581 0.       0.105581 0.       0.       0.       0.105581 0.       0.       0.       0.105581 0.105581 0.       0.       0.       0.       0.       0.152856 0.       0.108076 0.       0.       0.105581],[0. 0. 0. 0. 1. 0. 0. 0. 1. 0. 1. 0. 0. 0. 1. 0. 0. 0. 1. 1. 0. 0. 0. 0. 0. 1. 0. 1. 0. 0. 1.],9.0,1000,100,0.01,0.0045,1,11,idID,,first,single_objective
847,0.15272669972076253,0.3207260694136013,0.004717700000000001,[0.       0.       0.       0.       0.105581 0.       0.       0.       0.105581 0.       0.105581 0.       0.       0.       0.105581 0.       0.       0.       0.105581 0.105581 0.       0.       0.       0.       0.       0.152856 0.       0.108076 0.       0.       0.105581],[0. 0. 0. 0. 1. 0. 0. 0. 1. 0. 1. 0. 0. 0. 1. 0. 0. 0. 1. 1. 0. 0. 0. 0. 0. 1. 0. 1. 0. 0. 1.],9.0,1000,100,0.01,0.0045,1,11,idID,,first,single_objective
848,0.15272669972076253,0.3207260694136013,0.004717700000000001,[0.       0.       0.       0.       0.105581 0.       0.       0.       0.105581 0.       0.105581 0.       0.       0.       0.105581 0.       0.       0.       0.105581 0.105581 0.       0.       0.       0.       0.       0.152856 0.       0.108076 0.       0.       0.105581],[0. 0. 0. 0. 1. 0. 0. 0. 1. 0. 1. 0. 0. 0. 1. 0. 0. 0. 1. 1. 0. 0. 0. 0. 0. 1. 0. 1. 0. 0. 1.],9.0,1000,100,0.01,0.0045,1,11,idID,,first,single_objective
849,0.15272669972076253,0.3207260694136013,0.004717700000000001,[0.       0.       0.       0.       0.105581 0.       0.       0.       0.105581 0.       0.105581 0.       0.       0.       0.105581 0.       0.       0.       0.105581 0.105581 0.       0.       0.       0.       0.       0.152856 0.       0.108076 0.       0.       0.105581],[0. 0. 0. 0. 1. 0. 0. 0. 1. 0. 1. 0. 0. 0. 1. 0. 0. 0. 1. 1. 0. 0. 0. 0. 0. 1. 0. 1. 0. 0. 1.],9.0,1000,100,0.01,0.0045,1,11,idID,,first,single_objective
850,0.15272669972076253,0.3207260694136013,0.004717700000000001,[0.       0.       0.       0.       0.105581 0.       0.       0.       0.105581 0.       0.105581 0.       0.       0.       0.105581 0.       0.       0.       0.105581 0.105581 0.       0.       0.       0.       0.       0.152856 0.       0.108076 0.       0.       0.105581],[0. 0. 0. 0. 1. 0. 0. 0. 1. 0. 1. 0. 0. 0. 1. 0. 0. 0. 1. 1. 0. 0. 0. 0. 0. 1. 0. 1. 0. 0. 1.],9.0,1000,100,0.01,0.0045,1,11,idID,,first,single_objective
851,0.15272669972076253,0.3207260694136013,0.004717700000000001,[0.       0.       0.       0.       0.105581 0.       0.       0.       0.105581 0.       0.105581 0.       0.       0.       0.105581 0.       0.       0.       0.105581 0.105581 0.       0.       0.       0.       0.       0.152856 0.       0.108076 0.       0.       0.105581],[0. 0. 0. 0. 1. 0. 0. 0. 1. 0. 1. 0. 0. 0. 1. 0. 0. 0. 1. 1. 0. 0. 0. 0. 0. 1. 0. 1. 0. 0. 1.],9.0,1000,100,0.01,0.0045,1,11,idID,,first,single_objective
852,0.15272669972076253,0.3207260694136013,0.004717700000000001,[0.       0.       0.       0.       0.105581 0.       0.       0.       0.105581 0.       0.105581 0.       0.       0.       0.105581 0.       0.       0.       0.105581 0.105581 0.       0.       0.       0.       0.       0.152856 0.       0.108076 0.       0.       0.105581],[0. 0. 0. 0. 1. 0. 0. 0. 1. 0. 1. 0. 0. 0. 1. 0. 0. 0. 1. 1. 0. 0. 0. 0. 0. 1. 0. 1. 0. 0. 1.],9.0,1000,100,0.01,0.0045,1,11,idID,,first,single_objective
853,0.15272669972076253,0.3207260694136013,0.004717700000000001,[0.       0.       0.       0.       0.105581 0.       0.       0.       0.105581 0.       0.105581 0.       0.       0.       0.105581 0.       0.       0.       0.105581 0.105581 0.       0.       0.       0.       0.       0.152856 0.       0.108076 0.       0.       0.105581],[0. 0. 0. 0. 1. 0. 0. 0. 1. 0. 1. 0. 0. 0. 1. 0. 0. 0. 1. 1. 0. 0. 0. 0. 0. 1. 0. 1. 0. 0. 1.],9.0,1000,100,0.01,0.0045,1,11,idID,,first,single_objective
854,0.15272669972076253,0.3207260694136013,0.004717700000000001,[0.       0.       0.       0.       0.105581 0.       0.       0.       0.105581 0.       0.105581 0.       0.       0.       0.105581 0.       0.       0.       0.105581 0.105581 0.       0.       0.       0.       0.       0.152856 0.       0.108076 0.       0.       0.105581],[0. 0. 0. 0. 1. 0. 0. 0. 1. 0. 1. 0. 0. 0. 1. 0. 0. 0. 1. 1. 0. 0. 0. 0. 0. 1. 0. 1. 0. 0. 1.],9.0,1000,100,0.01,0.0045,1,11,idID,,first,single_objective
855,0.15272669972076253,0.3207260694136013,0.004717700000000001,[0.       0.       0.       0.       0.105581 0.       0.       0.       0.105581 0.       0.105581 0.       0.       0.       0.105581 0.       0.       0.       0.105581 0.105581 0.       0.       0.       0.       0.       0.152856 0.       0.108076 0.       0.       0.105581],[0. 0. 0. 0. 1. 0. 0. 0. 1. 0. 1. 0. 0. 0. 1. 0. 0. 0. 1. 1. 0. 0. 0. 0. 0. 1. 0. 1. 0. 0. 1.],9.0,1000,100,0.01,0.0045,1,11,idID,,first,single_objective
856,0.15272669972076253,0.3207260694136013,0.004717700000000001,[0.       0.       0.       0.       0.105581 0.       0.       0.       0.105581 0.       0.105581 0.       0.       0.       0.105581 0.       0.       0.       0.105581 0.105581 0.       0.       0.       0.       0.       0.152856 0.       0.108076 0.       0.       0.105581],[0. 0. 0. 0. 1. 0. 0. 0. 1. 0. 1. 0. 0. 0. 1. 0. 0. 0. 1. 1. 0. 0. 0. 0. 0. 1. 0. 1. 0. 0. 1.],9.0,1000,100,0.01,0.0045,1,11,idID,,first,single_objective
857,0.15272669972076253,0.3207260694136013,0.004717700000000001,[0.       0.       0.       0.       0.105581 0.       0.       0.       0.105581 0.       0.105581 0.       0.       0.       0.105581 0.       0.       0.       0.105581 0.105581 0.       0.       0.       0.       0.       0.152856 0.       0.108076 0.       0.       0.105581],[0. 0. 0. 0. 1. 0. 0. 0. 1. 0. 1. 0. 0. 0. 1. 0. 0. 0. 1. 1. 0. 0. 0. 0. 0. 1. 0. 1. 0. 0. 1.],9.0,1000,100,0.01,0.0045,1,11,idID,,first,single_objective
858,0.15272669972076253,0.3207260694136013,0.004717700000000001,[0.       0.       0.       0.       0.105581 0.       0.       0.       0.105581 0.       0.105581 0.       0.       0.       0.105581 0.       0.       0.       0.105581 0.105581 0.       0.       0.       0.       0.       0.152856 0.       0.108076 0.       0.       0.105581],[0. 0. 0. 0. 1. 0. 0. 0. 1. 0. 1. 0. 0. 0. 1. 0. 0. 0. 1. 1. 0. 0. 0. 0. 0. 1. 0. 1. 0. 0. 1.],9.0,1000,100,0.01,0.0045,1,11,idID,,first,single_objective
859,0.15272669972076253,0.3207260694136013,0.004717700000000001,[0.       0.       0.       0.       0.105581 0.       0.       0.       0.105581 0.       0.105581 0.       0.       0.       0.105581 0.       0.       0.       0.105581 0.105581 0.       0.       0.       0.       0.       0.152856 0.       0.108076 0.       0.       0.105581],[0. 0. 0. 0. 1. 0. 0. 0. 1. 0. 1. 0. 0. 0. 1. 0. 0. 0. 1. 1. 0. 0. 0. 0. 0. 1. 0. 1. 0. 0. 1.],9.0,1000,100,0.01,0.0045,1,11,idID,,first,single_objective
860,0.15272669972076253,0.3207260694136013,0.004717700000000001,[0.       0.       0.       0.       0.105581 0.       0.       0.       0.105581 0.       0.105581 0.       0.       0.       0.105581 0.       0.       0.       0.105581 0.105581 0.       0.       0.       0.       0.       0.152856 0.       0.108076 0.       0.       0.105581],[0. 0. 0. 0. 1. 0. 0. 0. 1. 0. 1. 0. 0. 0. 1. 0. 0. 0. 1. 1. 0. 0. 0. 0. 0. 1. 0. 1. 0. 0. 1.],9.0,1000,100,0.01,0.0045,1,11,idID,,first,single_objective
861,0.15272669972076253,0.3207260694136013,0.004717700000000001,[0.       0.       0.       0.       0.105581 0.       0.       0.       0.105581 0.       0.105581 0.       0.       0.       0.105581 0.       0.       0.       0.105581 0.105581 0.       0.       0.       0.       0.       0.152856 0.       0.108076 0.       0.       0.105581],[0. 0. 0. 0. 1. 0. 0. 0. 1. 0. 1. 0. 0. 0. 1. 0. 0. 0. 1. 1. 0. 0. 0. 0. 0. 1. 0. 1. 0. 0. 1.],9.0,1000,100,0.01,0.0045,1,11,idID,,first,single_objective
862,0.15272669972076253,0.3207260694136013,0.004717700000000001,[0.       0.       0.       0.       0.105581 0.       0.       0.       0.105581 0.       0.105581 0.       0.       0.       0.105581 0.       0.       0.       0.105581 0.105581 0.       0.       0.       0.       0.       0.152856 0.       0.108076 0.       0.       0.105581],[0. 0. 0. 0. 1. 0. 0. 0. 1. 0. 1. 0. 0. 0. 1. 0. 0. 0. 1. 1. 0. 0. 0. 0. 0. 1. 0. 1. 0. 0. 1.],9.0,1000,100,0.01,0.0045,1,11,idID,,first,single_objective
863,0.15272669972076253,0.3207260694136013,0.004717700000000001,[0.       0.       0.       0.       0.105581 0.       0.       0.       0.105581 0.       0.105581 0.       0.       0.       0.105581 0.       0.       0.       0.105581 0.105581 0.       0.       0.       0.       0.       0.152856 0.       0.108076 0.       0.       0.105581],[0. 0. 0. 0. 1. 0. 0. 0. 1. 0. 1. 0. 0. 0. 1. 0. 0. 0. 1. 1. 0. 0. 0. 0. 0. 1. 0. 1. 0. 0. 1.],9.0,1000,100,0.01,0.0045,1,11,idID,,first,single_objective
864,0.15272669972076253,0.3207260694136013,0.004717700000000001,[0.       0.       0.       0.       0.105581 0.       0.       0.       0.105581 0.       0.105581 0.       0.       0.       0.105581 0.       0.       0.       0.105581 0.105581 0.       0.       0.       0.       0.       0.152856 0.       0.108076 0.       0.       0.105581],[0. 0. 0. 0. 1. 0. 0. 0. 1. 0. 1. 0. 0. 0. 1. 0. 0. 0. 1. 1. 0. 0. 0. 0. 0. 1. 0. 1. 0. 0. 1.],9.0,1000,100,0.01,0.0045,1,11,idID,,first,single_objective
865,0.15272669972076253,0.3207260694136013,0.004717700000000001,[0.       0.       0.       0.       0.105581 0.       0.       0.       0.105581 0.       0.105581 0.       0.       0.       0.105581 0.       0.       0.       0.105581 0.105581 0.       0.       0.       0.       0.       0.152856 0.       0.108076 0.       0.       0.105581],[0. 0. 0. 0. 1. 0. 0. 0. 1. 0. 1. 0. 0. 0. 1. 0. 0. 0. 1. 1. 0. 0. 0. 0. 0. 1. 0. 1. 0. 0. 1.],9.0,1000,100,0.01,0.0045,1,11,idID,,first,single_objective
866,0.15272669972076253,0.3207260694136013,0.004717700000000001,[0.       0.       0.       0.       0.105581 0.       0.       0.       0.105581 0.       0.105581 0.       0.       0.       0.105581 0.       0.       0.       0.105581 0.105581 0.       0.       0.       0.       0.       0.152856 0.       0.108076 0.       0.       0.105581],[0. 0. 0. 0. 1. 0. 0. 0. 1. 0. 1. 0. 0. 0. 1. 0. 0. 0. 1. 1. 0. 0. 0. 0. 0. 1. 0. 1. 0. 0. 1.],9.0,1000,100,0.01,0.0045,1,11,idID,,first,single_objective
867,0.15272669972076253,0.3207260694136013,0.004717700000000001,[0.       0.       0.       0.       0.105581 0.       0.       0.       0.105581 0.       0.105581 0.       0.       0.       0.105581 0.       0.       0.       0.105581 0.105581 0.       0.       0.       0.       0.       0.152856 0.       0.108076 0.       0.       0.105581],[0. 0. 0. 0. 1. 0. 0. 0. 1. 0. 1. 0. 0. 0. 1. 0. 0. 0. 1. 1. 0. 0. 0. 0. 0. 1. 0. 1. 0. 0. 1.],9.0,1000,100,0.01,0.0045,1,11,idID,,first,single_objective
868,0.15272669972076253,0.3207260694136013,0.004717700000000001,[0.       0.       0.       0.       0.105581 0.       0.       0.       0.105581 0.       0.105581 0.       0.       0.       0.105581 0.       0.       0.       0.105581 0.105581 0.       0.       0.       0.       0.       0.152856 0.       0.108076 0.       0.       0.105581],[0. 0. 0. 0. 1. 0. 0. 0. 1. 0. 1. 0. 0. 0. 1. 0. 0. 0. 1. 1. 0. 0. 0. 0. 0. 1. 0. 1. 0. 0. 1.],9.0,1000,100,0.01,0.0045,1,11,idID,,first,single_objective
869,0.15272669972076253,0.3207260694136013,0.004717700000000001,[0.       0.       0.       0.       0.105581 0.       0.       0.       0.105581 0.       0.105581 0.       0.       0.       0.105581 0.       0.       0.       0.105581 0.105581 0.       0.       0.       0.       0.       0.152856 0.       0.108076 0.       0.       0.105581],[0. 0. 0. 0. 1. 0. 0. 0. 1. 0. 1. 0. 0. 0. 1. 0. 0. 0. 1. 1. 0. 0. 0. 0. 0. 1. 0. 1. 0. 0. 1.],9.0,1000,100,0.01,0.0045,1,11,idID,,first,single_objective
870,0.15272669972076253,0.3207260694136013,0.004717700000000001,[0.       0.       0.       0.       0.105581 0.       0.       0.       0.105581 0.       0.105581 0.       0.       0.       0.105581 0.       0.       0.       0.105581 0.105581 0.       0.       0.       0.       0.       0.152856 0.       0.108076 0.       0.       0.105581],[0. 0. 0. 0. 1. 0. 0. 0. 1. 0. 1. 0. 0. 0. 1. 0. 0. 0. 1. 1. 0. 0. 0. 0. 0. 1. 0. 1. 0. 0. 1.],9.0,1000,100,0.01,0.0045,1,11,idID,,first,single_objective
871,0.15272669972076253,0.3207260694136013,0.004717700000000001,[0.       0.       0.       0.       0.105581 0.       0.       0.       0.105581 0.       0.105581 0.       0.       0.       0.105581 0.       0.       0.       0.105581 0.105581 0.       0.       0.       0.       0.       0.152856 0.       0.108076 0.       0.       0.105581],[0. 0. 0. 0. 1. 0. 0. 0. 1. 0. 1. 0. 0. 0. 1. 0. 0. 0. 1. 1. 0. 0. 0. 0. 0. 1. 0. 1. 0. 0. 1.],9.0,1000,100,0.01,0.0045,1,11,idID,,first,single_objective
872,0.15272669972076253,0.3207260694136013,0.004717700000000001,[0.       0.       0.       0.       0.105581 0.       0.       0.       0.105581 0.       0.105581 0.       0.       0.       0.105581 0.       0.       0.       0.105581 0.105581 0.       0.       0.       0.       0.       0.152856 0.       0.108076 0.       0.       0.105581],[0. 0. 0. 0. 1. 0. 0. 0. 1. 0. 1. 0. 0. 0. 1. 0. 0. 0. 1. 1. 0. 0. 0. 0. 0. 1. 0. 1. 0. 0. 1.],9.0,1000,100,0.01,0.0045,1,11,idID,,first,single_objective
873,0.15272669972076253,0.3207260694136013,0.004717700000000001,[0.       0.       0.       0.       0.105581 0.       0.       0.       0.105581 0.       0.105581 0.       0.       0.       0.105581 0.       0.       0.       0.105581 0.105581 0.       0.       0.       0.       0.       0.152856 0.       0.108076 0.       0.       0.105581],[0. 0. 0. 0. 1. 0. 0. 0. 1. 0. 1. 0. 0. 0. 1. 0. 0. 0. 1. 1. 0. 0. 0. 0. 0. 1. 0. 1. 0. 0. 1.],9.0,1000,100,0.01,0.0045,1,11,idID,,first,single_objective
874,0.15272669972076253,0.3207260694136013,0.004717700000000001,[0.       0.       0.       0.       0.105581 0.       0.       0.       0.105581 0.       0.105581 0.       0.       0.       0.105581 0.       0.       0.       0.105581 0.105581 0.       0.       0.       0.       0.       0.152856 0.       0.108076 0.       0.       0.105581],[0. 0. 0. 0. 1. 0. 0. 0. 1. 0. 1. 0. 0. 0. 1. 0. 0. 0. 1. 1. 0. 0. 0. 0. 0. 1. 0. 1. 0. 0. 1.],9.0,1000,100,0.01,0.0045,1,11,idID,,first,single_objective
875,0.15272669972076253,0.3207260694136013,0.004717700000000001,[0.       0.       0.       0.       0.105581 0.       0.       0.       0.105581 0.       0.105581 0.       0.       0.       0.105581 0.       0.       0.       0.105581 0.105581 0.       0.       0.       0.       0.       0.152856 0.       0.108076 0.       0.       0.105581],[0. 0. 0. 0. 1. 0. 0. 0. 1. 0. 1. 0. 0. 0. 1. 0. 0. 0. 1. 1. 0. 0. 0. 0. 0. 1. 0. 1. 0. 0. 1.],9.0,1000,100,0.01,0.0045,1,11,idID,,first,single_objective
876,0.15272669972076253,0.3207260694136013,0.004717700000000001,[0.       0.       0.       0.       0.105581 0.       0.       0.       0.105581 0.       0.105581 0.       0.       0.       0.105581 0.       0.       0.       0.105581 0.105581 0.       0.       0.       0.       0.       0.152856 0.       0.108076 0.       0.       0.105581],[0. 0. 0. 0. 1. 0. 0. 0. 1. 0. 1. 0. 0. 0. 1. 0. 0. 0. 1. 1. 0. 0. 0. 0. 0. 1. 0. 1. 0. 0. 1.],9.0,1000,100,0.01,0.0045,1,11,idID,,first,single_objective
877,0.15272669972076253,0.3207260694136013,0.004717700000000001,[0.       0.       0.       0.       0.105581 0.       0.       0.       0.105581 0.       0.105581 0.       0.       0.       0.105581 0.       0.       0.       0.105581 0.105581 0.       0.       0.       0.       0.       0.152856 0.       0.108076 0.       0.       0.105581],[0. 0. 0. 0. 1. 0. 0. 0. 1. 0. 1. 0. 0. 0. 1. 0. 0. 0. 1. 1. 0. 0. 0. 0. 0. 1. 0. 1. 0. 0. 1.],9.0,1000,100,0.01,0.0045,1,11,idID,,first,single_objective
878,0.15272669972076253,0.3207260694136013,0.004717700000000001,[0.       0.       0.       0.       0.105581 0.       0.       0.       0.105581 0.       0.105581 0.       0.       0.       0.105581 0.       0.       0.       0.105581 0.105581 0.       0.       0.       0.       0.       0.152856 0.       0.108076 0.       0.       0.105581],[0. 0. 0. 0. 1. 0. 0. 0. 1. 0. 1. 0. 0. 0. 1. 0. 0. 0. 1. 1. 0. 0. 0. 0. 0. 1. 0. 1. 0. 0. 1.],9.0,1000,100,0.01,0.0045,1,11,idID,,first,single_objective
879,0.15272669972076253,0.3207260694136013,0.004717700000000001,[0.       0.       0.       0.       0.105581 0.       0.       0.       0.105581 0.       0.105581 0.       0.       0.       0.105581 0.       0.       0.       0.105581 0.105581 0.       0.       0.       0.       0.       0.152856 0.       0.108076 0.       0.       0.105581],[0. 0. 0. 0. 1. 0. 0. 0. 1. 0. 1. 0. 0. 0. 1. 0. 0. 0. 1. 1. 0. 0. 0. 0. 0. 1. 0. 1. 0. 0. 1.],9.0,1000,100,0.01,0.0045,1,11,idID,,first,single_objective
880,0.15272669972076253,0.3207260694136013,0.004717700000000001,[0.       0.       0.       0.       0.105581 0.       0.       0.       0.105581 0.       0.105581 0.       0.       0.       0.105581 0.       0.       0.       0.105581 0.105581 0.       0.       0.       0.       0.       0.152856 0.       0.108076 0.       0.       0.105581],[0. 0. 0. 0. 1. 0. 0. 0. 1. 0. 1. 0. 0. 0. 1. 0. 0. 0. 1. 1. 0. 0. 0. 0. 0. 1. 0. 1. 0. 0. 1.],9.0,1000,100,0.01,0.0045,1,11,idID,,first,single_objective
881,0.15272669972076253,0.3207260694136013,0.004717700000000001,[0.       0.       0.       0.       0.105581 0.       0.       0.       0.105581 0.       0.105581 0.       0.       0.       0.105581 0.       0.       0.       0.105581 0.105581 0.       0.       0.       0.       0.       0.152856 0.       0.108076 0.       0.       0.105581],[0. 0. 0. 0. 1. 0. 0. 0. 1. 0. 1. 0. 0. 0. 1. 0. 0. 0. 1. 1. 0. 0. 0. 0. 0. 1. 0. 1. 0. 0. 1.],9.0,1000,100,0.01,0.0045,1,11,idID,,first,single_objective
882,0.15272669972076253,0.3207260694136013,0.004717700000000001,[0.       0.       0.       0.       0.105581 0.       0.       0.       0.105581 0.       0.105581 0.       0.       0.       0.105581 0.       0.       0.       0.105581 0.105581 0.       0.       0.       0.       0.       0.152856 0.       0.108076 0.       0.       0.105581],[0. 0. 0. 0. 1. 0. 0. 0. 1. 0. 1. 0. 0. 0. 1. 0. 0. 0. 1. 1. 0. 0. 0. 0. 0. 1. 0. 1. 0. 0. 1.],9.0,1000,100,0.01,0.0045,1,11,idID,,first,single_objective
883,0.15272669972076253,0.3207260694136013,0.004717700000000001,[0.       0.       0.       0.       0.105581 0.       0.       0.       0.105581 0.       0.105581 0.       0.       0.       0.105581 0.       0.       0.       0.105581 0.105581 0.       0.       0.       0.       0.       0.152856 0.       0.108076 0.       0.       0.105581],[0. 0. 0. 0. 1. 0. 0. 0. 1. 0. 1. 0. 0. 0. 1. 0. 0. 0. 1. 1. 0. 0. 0. 0. 0. 1. 0. 1. 0. 0. 1.],9.0,1000,100,0.01,0.0045,1,11,idID,,first,single_objective
884,0.15272669972076253,0.3207260694136013,0.004717700000000001,[0.       0.       0.       0.       0.105581 0.       0.       0.       0.105581 0.       0.105581 0.       0.       0.       0.105581 0.       0.       0.       0.105581 0.105581 0.       0.       0.       0.       0.       0.152856 0.       0.108076 0.       0.       0.105581],[0. 0. 0. 0. 1. 0. 0. 0. 1. 0. 1. 0. 0. 0. 1. 0. 0. 0. 1. 1. 0. 0. 0. 0. 0. 1. 0. 1. 0. 0. 1.],9.0,1000,100,0.01,0.0045,1,11,idID,,first,single_objective
885,0.15272669972076253,0.3207260694136013,0.004717700000000001,[0.       0.       0.       0.       0.105581 0.       0.       0.       0.105581 0.       0.105581 0.       0.       0.       0.105581 0.       0.       0.       0.105581 0.105581 0.       0.       0.       0.       0.       0.152856 0.       0.108076 0.       0.       0.105581],[0. 0. 0. 0. 1. 0. 0. 0. 1. 0. 1. 0. 0. 0. 1. 0. 0. 0. 1. 1. 0. 0. 0. 0. 0. 1. 0. 1. 0. 0. 1.],9.0,1000,100,0.01,0.0045,1,11,idID,,first,single_objective
886,0.15272669972076253,0.3207260694136013,0.004717700000000001,[0.       0.       0.       0.       0.105581 0.       0.       0.       0.105581 0.       0.105581 0.       0.       0.       0.105581 0.       0.       0.       0.105581 0.105581 0.       0.       0.       0.       0.       0.152856 0.       0.108076 0.       0.       0.105581],[0. 0. 0. 0. 1. 0. 0. 0. 1. 0. 1. 0. 0. 0. 1. 0. 0. 0. 1. 1. 0. 0. 0. 0. 0. 1. 0. 1. 0. 0. 1.],9.0,1000,100,0.01,0.0045,1,11,idID,,first,single_objective
887,0.15272669972076253,0.3207260694136013,0.004717700000000001,[0.       0.       0.       0.       0.105581 0.       0.       0.       0.105581 0.       0.105581 0.       0.       0.       0.105581 0.       0.       0.       0.105581 0.105581 0.       0.       0.       0.       0.       0.152856 0.       0.108076 0.       0.       0.105581],[0. 0. 0. 0. 1. 0. 0. 0. 1. 0. 1. 0. 0. 0. 1. 0. 0. 0. 1. 1. 0. 0. 0. 0. 0. 1. 0. 1. 0. 0. 1.],9.0,1000,100,0.01,0.0045,1,11,idID,,first,single_objective
888,0.15272669972076253,0.3207260694136013,0.004717700000000001,[0.       0.       0.       0.       0.105581 0.       0.       0.       0.105581 0.       0.105581 0.       0.       0.       0.105581 0.       0.       0.       0.105581 0.105581 0.       0.       0.       0.       0.       0.152856 0.       0.108076 0.       0.       0.105581],[0. 0. 0. 0. 1. 0. 0. 0. 1. 0. 1. 0. 0. 0. 1. 0. 0. 0. 1. 1. 0. 0. 0. 0. 0. 1. 0. 1. 0. 0. 1.],9.0,1000,100,0.01,0.0045,1,11,idID,,first,single_objective
889,0.15272669972076253,0.3207260694136013,0.004717700000000001,[0.       0.       0.       0.       0.105581 0.       0.       0.       0.105581 0.       0.105581 0.       0.       0.       0.105581 0.       0.       0.       0.105581 0.105581 0.       0.       0.       0.       0.       0.152856 0.       0.108076 0.       0.       0.105581],[0. 0. 0. 0. 1. 0. 0. 0. 1. 0. 1. 0. 0. 0. 1. 0. 0. 0. 1. 1. 0. 0. 0. 0. 0. 1. 0. 1. 0. 0. 1.],9.0,1000,100,0.01,0.0045,1,11,idID,,first,single_objective
890,0.15272669972076253,0.3207260694136013,0.004717700000000001,[0.       0.       0.       0.       0.105581 0.       0.       0.       0.105581 0.       0.105581 0.       0.       0.       0.105581 0.       0.       0.       0.105581 0.105581 0.       0.       0.       0.       0.       0.152856 0.       0.108076 0.       0.       0.105581],[0. 0. 0. 0. 1. 0. 0. 0. 1. 0. 1. 0. 0. 0. 1. 0. 0. 0. 1. 1. 0. 0. 0. 0. 0. 1. 0. 1. 0. 0. 1.],9.0,1000,100,0.01,0.0045,1,11,idID,,first,single_objective
891,0.15272669972076253,0.3207260694136013,0.004717700000000001,[0.       0.       0.       0.       0.105581 0.       0.       0.       0.105581 0.       0.105581 0.       0.       0.       0.105581 0.       0.       0.       0.105581 0.105581 0.       0.       0.       0.       0.       0.152856 0.       0.108076 0.       0.       0.105581],[0. 0. 0. 0. 1. 0. 0. 0. 1. 0. 1. 0. 0. 0. 1. 0. 0. 0. 1. 1. 0. 0. 0. 0. 0. 1. 0. 1. 0. 0. 1.],9.0,1000,100,0.01,0.0045,1,11,idID,,first,single_objective
892,0.15272669972076253,0.3207260694136013,0.004717700000000001,[0.       0.       0.       0.       0.105581 0.       0.       0.       0.105581 0.       0.105581 0.       0.       0.       0.105581 0.       0.       0.       0.105581 0.105581 0.       0.       0.       0.       0.       0.152856 0.       0.108076 0.       0.       0.105581],[0. 0. 0. 0. 1. 0. 0. 0. 1. 0. 1. 0. 0. 0. 1. 0. 0. 0. 1. 1. 0. 0. 0. 0. 0. 1. 0. 1. 0. 0. 1.],9.0,1000,100,0.01,0.0045,1,11,idID,,first,single_objective
893,0.15272669972076253,0.3207260694136013,0.004717700000000001,[0.       0.       0.       0.       0.105581 0.       0.       0.       0.105581 0.       0.105581 0.       0.       0.       0.105581 0.       0.       0.       0.105581 0.105581 0.       0.       0.       0.       0.       0.152856 0.       0.108076 0.       0.       0.105581],[0. 0. 0. 0. 1. 0. 0. 0. 1. 0. 1. 0. 0. 0. 1. 0. 0. 0. 1. 1. 0. 0. 0. 0. 0. 1. 0. 1. 0. 0. 1.],9.0,1000,100,0.01,0.0045,1,11,idID,,first,single_objective
894,0.15272669972076253,0.3207260694136013,0.004717700000000001,[0.       0.       0.       0.       0.105581 0.       0.       0.       0.105581 0.       0.105581 0.       0.       0.       0.105581 0.       0.       0.       0.105581 0.105581 0.       0.       0.       0.       0.       0.152856 0.       0.108076 0.       0.       0.105581],[0. 0. 0. 0. 1. 0. 0. 0. 1. 0. 1. 0. 0. 0. 1. 0. 0. 0. 1. 1. 0. 0. 0. 0. 0. 1. 0. 1. 0. 0. 1.],9.0,1000,100,0.01,0.0045,1,11,idID,,first,single_objective
895,0.15272669972076253,0.3207260694136013,0.004717700000000001,[0.       0.       0.       0.       0.105581 0.       0.       0.       0.105581 0.       0.105581 0.       0.       0.       0.105581 0.       0.       0.       0.105581 0.105581 0.       0.       0.       0.       0.       0.152856 0.       0.108076 0.       0.       0.105581],[0. 0. 0. 0. 1. 0. 0. 0. 1. 0. 1. 0. 0. 0. 1. 0. 0. 0. 1. 1. 0. 0. 0. 0. 0. 1. 0. 1. 0. 0. 1.],9.0,1000,100,0.01,0.0045,1,11,idID,,first,single_objective
896,0.15272669972076253,0.3207260694136013,0.004717700000000001,[0.       0.       0.       0.       0.105581 0.       0.       0.       0.105581 0.       0.105581 0.       0.       0.       0.105581 0.       0.       0.       0.105581 0.105581 0.       0.       0.       0.       0.       0.152856 0.       0.108076 0.       0.       0.105581],[0. 0. 0. 0. 1. 0. 0. 0. 1. 0. 1. 0. 0. 0. 1. 0. 0. 0. 1. 1. 0. 0. 0. 0. 0. 1. 0. 1. 0. 0. 1.],9.0,1000,100,0.01,0.0045,1,11,idID,,first,single_objective
897,0.15272669972076253,0.3207260694136013,0.004717700000000001,[0.       0.       0.       0.       0.105581 0.       0.       0.       0.105581 0.       0.105581 0.       0.       0.       0.105581 0.       0.       0.       0.105581 0.105581 0.       0.       0.       0.       0.       0.152856 0.       0.108076 0.       0.       0.105581],[0. 0. 0. 0. 1. 0. 0. 0. 1. 0. 1. 0. 0. 0. 1. 0. 0. 0. 1. 1. 0. 0. 0. 0. 0. 1. 0. 1. 0. 0. 1.],9.0,1000,100,0.01,0.0045,1,11,idID,,first,single_objective
898,0.15272669972076253,0.3207260694136013,0.004717700000000001,[0.       0.       0.       0.       0.105581 0.       0.       0.       0.105581 0.       0.105581 0.       0.       0.       0.105581 0.       0.       0.       0.105581 0.105581 0.       0.       0.       0.       0.       0.152856 0.       0.108076 0.       0.       0.105581],[0. 0. 0. 0. 1. 0. 0. 0. 1. 0. 1. 0. 0. 0. 1. 0. 0. 0. 1. 1. 0. 0. 0. 0. 0. 1. 0. 1. 0. 0. 1.],9.0,1000,100,0.01,0.0045,1,11,idID,,first,single_objective
899,0.15272669972076253,0.3207260694136013,0.004717700000000001,[0.       0.       0.       0.       0.105581 0.       0.       0.       0.105581 0.       0.105581 0.       0.       0.       0.105581 0.       0.       0.       0.105581 0.105581 0.       0.       0.       0.       0.       0.152856 0.       0.108076 0.       0.       0.105581],[0. 0. 0. 0. 1. 0. 0. 0. 1. 0. 1. 0. 0. 0. 1. 0. 0. 0. 1. 1. 0. 0. 0. 0. 0. 1. 0. 1. 0. 0. 1.],9.0,1000,100,0.01,0.0045,1,11,idID,,first,single_objective
900,0.15272669972076253,0.3207260694136013,0.004717700000000001,[0.       0.       0.       0.       0.105581 0.       0.       0.       0.105581 0.       0.105581 0.       0.       0.       0.105581 0.       0.       0.       0.105581 0.105581 0.       0.       0.       0.       0.       0.152856 0.       0.108076 0.       0.       0.105581],[0. 0. 0. 0. 1. 0. 0. 0. 1. 0. 1. 0. 0. 0. 1. 0. 0. 0. 1. 1. 0. 0. 0. 0. 0. 1. 0. 1. 0. 0. 1.],9.0,1000,100,0.01,0.0045,1,11,idID,,first,single_objective
901,0.15272669972076253,0.3207260694136013,0.004717700000000001,[0.       0.       0.       0.       0.105581 0.       0.       0.       0.105581 0.       0.105581 0.       0.       0.       0.105581 0.       0.       0.       0.105581 0.105581 0.       0.       0.       0.       0.       0.152856 0.       0.108076 0.       0.       0.105581],[0. 0. 0. 0. 1. 0. 0. 0. 1. 0. 1. 0. 0. 0. 1. 0. 0. 0. 1. 1. 0. 0. 0. 0. 0. 1. 0. 1. 0. 0. 1.],9.0,1000,100,0.01,0.0045,1,11,idID,,first,single_objective
902,0.15272669972076253,0.3207260694136013,0.004717700000000001,[0.       0.       0.       0.       0.105581 0.       0.       0.       0.105581 0.       0.105581 0.       0.       0.       0.105581 0.       0.       0.       0.105581 0.105581 0.       0.       0.       0.       0.       0.152856 0.       0.108076 0.       0.       0.105581],[0. 0. 0. 0. 1. 0. 0. 0. 1. 0. 1. 0. 0. 0. 1. 0. 0. 0. 1. 1. 0. 0. 0. 0. 0. 1. 0. 1. 0. 0. 1.],9.0,1000,100,0.01,0.0045,1,11,idID,,first,single_objective
903,0.15272669972076253,0.3207260694136013,0.004717700000000001,[0.       0.       0.       0.       0.105581 0.       0.       0.       0.105581 0.       0.105581 0.       0.       0.       0.105581 0.       0.       0.       0.105581 0.105581 0.       0.       0.       0.       0.       0.152856 0.       0.108076 0.       0.       0.105581],[0. 0. 0. 0. 1. 0. 0. 0. 1. 0. 1. 0. 0. 0. 1. 0. 0. 0. 1. 1. 0. 0. 0. 0. 0. 1. 0. 1. 0. 0. 1.],9.0,1000,100,0.01,0.0045,1,11,idID,,first,single_objective
904,0.15272669972076253,0.3207260694136013,0.004717700000000001,[0.       0.       0.       0.       0.105581 0.       0.       0.       0.105581 0.       0.105581 0.       0.       0.       0.105581 0.       0.       0.       0.105581 0.105581 0.       0.       0.       0.       0.       0.152856 0.       0.108076 0.       0.       0.105581],[0. 0. 0. 0. 1. 0. 0. 0. 1. 0. 1. 0. 0. 0. 1. 0. 0. 0. 1. 1. 0. 0. 0. 0. 0. 1. 0. 1. 0. 0. 1.],9.0,1000,100,0.01,0.0045,1,11,idID,,first,single_objective
905,0.15272669972076253,0.3207260694136013,0.004717700000000001,[0.       0.       0.       0.       0.105581 0.       0.       0.       0.105581 0.       0.105581 0.       0.       0.       0.105581 0.       0.       0.       0.105581 0.105581 0.       0.       0.       0.       0.       0.152856 0.       0.108076 0.       0.       0.105581],[0. 0. 0. 0. 1. 0. 0. 0. 1. 0. 1. 0. 0. 0. 1. 0. 0. 0. 1. 1. 0. 0. 0. 0. 0. 1. 0. 1. 0. 0. 1.],9.0,1000,100,0.01,0.0045,1,11,idID,,first,single_objective
906,0.15272669972076253,0.3207260694136013,0.004717700000000001,[0.       0.       0.       0.       0.105581 0.       0.       0.       0.105581 0.       0.105581 0.       0.       0.       0.105581 0.       0.       0.       0.105581 0.105581 0.       0.       0.       0.       0.       0.152856 0.       0.108076 0.       0.       0.105581],[0. 0. 0. 0. 1. 0. 0. 0. 1. 0. 1. 0. 0. 0. 1. 0. 0. 0. 1. 1. 0. 0. 0. 0. 0. 1. 0. 1. 0. 0. 1.],9.0,1000,100,0.01,0.0045,1,11,idID,,first,single_objective
907,0.15272669972076253,0.3207260694136013,0.004717700000000001,[0.       0.       0.       0.       0.105581 0.       0.       0.       0.105581 0.       0.105581 0.       0.       0.       0.105581 0.       0.       0.       0.105581 0.105581 0.       0.       0.       0.       0.       0.152856 0.       0.108076 0.       0.       0.105581],[0. 0. 0. 0. 1. 0. 0. 0. 1. 0. 1. 0. 0. 0. 1. 0. 0. 0. 1. 1. 0. 0. 0. 0. 0. 1. 0. 1. 0. 0. 1.],9.0,1000,100,0.01,0.0045,1,11,idID,,first,single_objective
908,0.15272669972076253,0.3207260694136013,0.004717700000000001,[0.       0.       0.       0.       0.105581 0.       0.       0.       0.105581 0.       0.105581 0.       0.       0.       0.105581 0.       0.       0.       0.105581 0.105581 0.       0.       0.       0.       0.       0.152856 0.       0.108076 0.       0.       0.105581],[0. 0. 0. 0. 1. 0. 0. 0. 1. 0. 1. 0. 0. 0. 1. 0. 0. 0. 1. 1. 0. 0. 0. 0. 0. 1. 0. 1. 0. 0. 1.],9.0,1000,100,0.01,0.0045,1,11,idID,,first,single_objective
909,0.15272669972076253,0.3207260694136013,0.004717700000000001,[0.       0.       0.       0.       0.105581 0.       0.       0.       0.105581 0.       0.105581 0.       0.       0.       0.105581 0.       0.       0.       0.105581 0.105581 0.       0.       0.       0.       0.       0.152856 0.       0.108076 0.       0.       0.105581],[0. 0. 0. 0. 1. 0. 0. 0. 1. 0. 1. 0. 0. 0. 1. 0. 0. 0. 1. 1. 0. 0. 0. 0. 0. 1. 0. 1. 0. 0. 1.],9.0,1000,100,0.01,0.0045,1,11,idID,,first,single_objective
910,0.15272669972076253,0.3207260694136013,0.004717700000000001,[0.       0.       0.       0.       0.105581 0.       0.       0.       0.105581 0.       0.105581 0.       0.       0.       0.105581 0.       0.       0.       0.105581 0.105581 0.       0.       0.       0.       0.       0.152856 0.       0.108076 0.       0.       0.105581],[0. 0. 0. 0. 1. 0. 0. 0. 1. 0. 1. 0. 0. 0. 1. 0. 0. 0. 1. 1. 0. 0. 0. 0. 0. 1. 0. 1. 0. 0. 1.],9.0,1000,100,0.01,0.0045,1,11,idID,,first,single_objective
911,0.15272669972076253,0.3207260694136013,0.004717700000000001,[0.       0.       0.       0.       0.105581 0.       0.       0.       0.105581 0.       0.105581 0.       0.       0.       0.105581 0.       0.       0.       0.105581 0.105581 0.       0.       0.       0.       0.       0.152856 0.       0.108076 0.       0.       0.105581],[0. 0. 0. 0. 1. 0. 0. 0. 1. 0. 1. 0. 0. 0. 1. 0. 0. 0. 1. 1. 0. 0. 0. 0. 0. 1. 0. 1. 0. 0. 1.],9.0,1000,100,0.01,0.0045,1,11,idID,,first,single_objective
912,0.15272669972076253,0.3207260694136013,0.004717700000000001,[0.       0.       0.       0.       0.105581 0.       0.       0.       0.105581 0.       0.105581 0.       0.       0.       0.105581 0.       0.       0.       0.105581 0.105581 0.       0.       0.       0.       0.       0.152856 0.       0.108076 0.       0.       0.105581],[0. 0. 0. 0. 1. 0. 0. 0. 1. 0. 1. 0. 0. 0. 1. 0. 0. 0. 1. 1. 0. 0. 0. 0. 0. 1. 0. 1. 0. 0. 1.],9.0,1000,100,0.01,0.0045,1,11,idID,,first,single_objective
913,0.15272669972076253,0.3207260694136013,0.004717700000000001,[0.       0.       0.       0.       0.105581 0.       0.       0.       0.105581 0.       0.105581 0.       0.       0.       0.105581 0.       0.       0.       0.105581 0.105581 0.       0.       0.       0.       0.       0.152856 0.       0.108076 0.       0.       0.105581],[0. 0. 0. 0. 1. 0. 0. 0. 1. 0. 1. 0. 0. 0. 1. 0. 0. 0. 1. 1. 0. 0. 0. 0. 0. 1. 0. 1. 0. 0. 1.],9.0,1000,100,0.01,0.0045,1,11,idID,,first,single_objective
914,0.15272669972076253,0.3207260694136013,0.004717700000000001,[0.       0.       0.       0.       0.105581 0.       0.       0.       0.105581 0.       0.105581 0.       0.       0.       0.105581 0.       0.       0.       0.105581 0.105581 0.       0.       0.       0.       0.       0.152856 0.       0.108076 0.       0.       0.105581],[0. 0. 0. 0. 1. 0. 0. 0. 1. 0. 1. 0. 0. 0. 1. 0. 0. 0. 1. 1. 0. 0. 0. 0. 0. 1. 0. 1. 0. 0. 1.],9.0,1000,100,0.01,0.0045,1,11,idID,,first,single_objective
915,0.15272669972076253,0.3207260694136013,0.004717700000000001,[0.       0.       0.       0.       0.105581 0.       0.       0.       0.105581 0.       0.105581 0.       0.       0.       0.105581 0.       0.       0.       0.105581 0.105581 0.       0.       0.       0.       0.       0.152856 0.       0.108076 0.       0.       0.105581],[0. 0. 0. 0. 1. 0. 0. 0. 1. 0. 1. 0. 0. 0. 1. 0. 0. 0. 1. 1. 0. 0. 0. 0. 0. 1. 0. 1. 0. 0. 1.],9.0,1000,100,0.01,0.0045,1,11,idID,,first,single_objective
916,0.15272669972076253,0.3207260694136013,0.004717700000000001,[0.       0.       0.       0.       0.105581 0.       0.       0.       0.105581 0.       0.105581 0.       0.       0.       0.105581 0.       0.       0.       0.105581 0.105581 0.       0.       0.       0.       0.       0.152856 0.       0.108076 0.       0.       0.105581],[0. 0. 0. 0. 1. 0. 0. 0. 1. 0. 1. 0. 0. 0. 1. 0. 0. 0. 1. 1. 0. 0. 0. 0. 0. 1. 0. 1. 0. 0. 1.],9.0,1000,100,0.01,0.0045,1,11,idID,,first,single_objective
917,0.15272669972076253,0.3207260694136013,0.004717700000000001,[0.       0.       0.       0.       0.105581 0.       0.       0.       0.105581 0.       0.105581 0.       0.       0.       0.105581 0.       0.       0.       0.105581 0.105581 0.       0.       0.       0.       0.       0.152856 0.       0.108076 0.       0.       0.105581],[0. 0. 0. 0. 1. 0. 0. 0. 1. 0. 1. 0. 0. 0. 1. 0. 0. 0. 1. 1. 0. 0. 0. 0. 0. 1. 0. 1. 0. 0. 1.],9.0,1000,100,0.01,0.0045,1,11,idID,,first,single_objective
918,0.15272669972076253,0.3207260694136013,0.004717700000000001,[0.       0.       0.       0.       0.105581 0.       0.       0.       0.105581 0.       0.105581 0.       0.       0.       0.105581 0.       0.       0.       0.105581 0.105581 0.       0.       0.       0.       0.       0.152856 0.       0.108076 0.       0.       0.105581],[0. 0. 0. 0. 1. 0. 0. 0. 1. 0. 1. 0. 0. 0. 1. 0. 0. 0. 1. 1. 0. 0. 0. 0. 0. 1. 0. 1. 0. 0. 1.],9.0,1000,100,0.01,0.0045,1,11,idID,,first,single_objective
919,0.15272669972076253,0.3207260694136013,0.004717700000000001,[0.       0.       0.       0.       0.105581 0.       0.       0.       0.105581 0.       0.105581 0.       0.       0.       0.105581 0.       0.       0.       0.105581 0.105581 0.       0.       0.       0.       0.       0.152856 0.       0.108076 0.       0.       0.105581],[0. 0. 0. 0. 1. 0. 0. 0. 1. 0. 1. 0. 0. 0. 1. 0. 0. 0. 1. 1. 0. 0. 0. 0. 0. 1. 0. 1. 0. 0. 1.],9.0,1000,100,0.01,0.0045,1,11,idID,,first,single_objective
920,0.15272669972076253,0.3207260694136013,0.004717700000000001,[0.       0.       0.       0.       0.105581 0.       0.       0.       0.105581 0.       0.105581 0.       0.       0.       0.105581 0.       0.       0.       0.105581 0.105581 0.       0.       0.       0.       0.       0.152856 0.       0.108076 0.       0.       0.105581],[0. 0. 0. 0. 1. 0. 0. 0. 1. 0. 1. 0. 0. 0. 1. 0. 0. 0. 1. 1. 0. 0. 0. 0. 0. 1. 0. 1. 0. 0. 1.],9.0,1000,100,0.01,0.0045,1,11,idID,,first,single_objective
921,0.15272669972076253,0.3207260694136013,0.004717700000000001,[0.       0.       0.       0.       0.105581 0.       0.       0.       0.105581 0.       0.105581 0.       0.       0.       0.105581 0.       0.       0.       0.105581 0.105581 0.       0.       0.       0.       0.       0.152856 0.       0.108076 0.       0.       0.105581],[0. 0. 0. 0. 1. 0. 0. 0. 1. 0. 1. 0. 0. 0. 1. 0. 0. 0. 1. 1. 0. 0. 0. 0. 0. 1. 0. 1. 0. 0. 1.],9.0,1000,100,0.01,0.0045,1,11,idID,,first,single_objective
922,0.15272669972076253,0.3207260694136013,0.004717700000000001,[0.       0.       0.       0.       0.105581 0.       0.       0.       0.105581 0.       0.105581 0.       0.       0.       0.105581 0.       0.       0.       0.105581 0.105581 0.       0.       0.       0.       0.       0.152856 0.       0.108076 0.       0.       0.105581],[0. 0. 0. 0. 1. 0. 0. 0. 1. 0. 1. 0. 0. 0. 1. 0. 0. 0. 1. 1. 0. 0. 0. 0. 0. 1. 0. 1. 0. 0. 1.],9.0,1000,100,0.01,0.0045,1,11,idID,,first,single_objective
923,0.15272669972076253,0.3207260694136013,0.004717700000000001,[0.       0.       0.       0.       0.105581 0.       0.       0.       0.105581 0.       0.105581 0.       0.       0.       0.105581 0.       0.       0.       0.105581 0.105581 0.       0.       0.       0.       0.       0.152856 0.       0.108076 0.       0.       0.105581],[0. 0. 0. 0. 1. 0. 0. 0. 1. 0. 1. 0. 0. 0. 1. 0. 0. 0. 1. 1. 0. 0. 0. 0. 0. 1. 0. 1. 0. 0. 1.],9.0,1000,100,0.01,0.0045,1,11,idID,,first,single_objective
924,0.15272669972076253,0.3207260694136013,0.004717700000000001,[0.       0.       0.       0.       0.105581 0.       0.       0.       0.105581 0.       0.105581 0.       0.       0.       0.105581 0.       0.       0.       0.105581 0.105581 0.       0.       0.       0.       0.       0.152856 0.       0.108076 0.       0.       0.105581],[0. 0. 0. 0. 1. 0. 0. 0. 1. 0. 1. 0. 0. 0. 1. 0. 0. 0. 1. 1. 0. 0. 0. 0. 0. 1. 0. 1. 0. 0. 1.],9.0,1000,100,0.01,0.0045,1,11,idID,,first,single_objective
925,0.15272669972076253,0.3207260694136013,0.004717700000000001,[0.       0.       0.       0.       0.105581 0.       0.       0.       0.105581 0.       0.105581 0.       0.       0.       0.105581 0.       0.       0.       0.105581 0.105581 0.       0.       0.       0.       0.       0.152856 0.       0.108076 0.       0.       0.105581],[0. 0. 0. 0. 1. 0. 0. 0. 1. 0. 1. 0. 0. 0. 1. 0. 0. 0. 1. 1. 0. 0. 0. 0. 0. 1. 0. 1. 0. 0. 1.],9.0,1000,100,0.01,0.0045,1,11,idID,,first,single_objective
926,0.15272669972076253,0.3207260694136013,0.004717700000000001,[0.       0.       0.       0.       0.105581 0.       0.       0.       0.105581 0.       0.105581 0.       0.       0.       0.105581 0.       0.       0.       0.105581 0.105581 0.       0.       0.       0.       0.       0.152856 0.       0.108076 0.       0.       0.105581],[0. 0. 0. 0. 1. 0. 0. 0. 1. 0. 1. 0. 0. 0. 1. 0. 0. 0. 1. 1. 0. 0. 0. 0. 0. 1. 0. 1. 0. 0. 1.],9.0,1000,100,0.01,0.0045,1,11,idID,,first,single_objective
927,0.15272669972076253,0.3207260694136013,0.004717700000000001,[0.       0.       0.       0.       0.105581 0.       0.       0.       0.105581 0.       0.105581 0.       0.       0.       0.105581 0.       0.       0.       0.105581 0.105581 0.       0.       0.       0.       0.       0.152856 0.       0.108076 0.       0.       0.105581],[0. 0. 0. 0. 1. 0. 0. 0. 1. 0. 1. 0. 0. 0. 1. 0. 0. 0. 1. 1. 0. 0. 0. 0. 0. 1. 0. 1. 0. 0. 1.],9.0,1000,100,0.01,0.0045,1,11,idID,,first,single_objective
928,0.15272669972076253,0.3207260694136013,0.004717700000000001,[0.       0.       0.       0.       0.105581 0.       0.       0.       0.105581 0.       0.105581 0.       0.       0.       0.105581 0.       0.       0.       0.105581 0.105581 0.       0.       0.       0.       0.       0.152856 0.       0.108076 0.       0.       0.105581],[0. 0. 0. 0. 1. 0. 0. 0. 1. 0. 1. 0. 0. 0. 1. 0. 0. 0. 1. 1. 0. 0. 0. 0. 0. 1. 0. 1. 0. 0. 1.],9.0,1000,100,0.01,0.0045,1,11,idID,,first,single_objective
929,0.15272669972076253,0.3207260694136013,0.004717700000000001,[0.       0.       0.       0.       0.105581 0.       0.       0.       0.105581 0.       0.105581 0.       0.       0.       0.105581 0.       0.       0.       0.105581 0.105581 0.       0.       0.       0.       0.       0.152856 0.       0.108076 0.       0.       0.105581],[0. 0. 0. 0. 1. 0. 0. 0. 1. 0. 1. 0. 0. 0. 1. 0. 0. 0. 1. 1. 0. 0. 0. 0. 0. 1. 0. 1. 0. 0. 1.],9.0,1000,100,0.01,0.0045,1,11,idID,,first,single_objective
930,0.15272669972076253,0.3207260694136013,0.004717700000000001,[0.       0.       0.       0.       0.105581 0.       0.       0.       0.105581 0.       0.105581 0.       0.       0.       0.105581 0.       0.       0.       0.105581 0.105581 0.       0.       0.       0.       0.       0.152856 0.       0.108076 0.       0.       0.105581],[0. 0. 0. 0. 1. 0. 0. 0. 1. 0. 1. 0. 0. 0. 1. 0. 0. 0. 1. 1. 0. 0. 0. 0. 0. 1. 0. 1. 0. 0. 1.],9.0,1000,100,0.01,0.0045,1,11,idID,,first,single_objective
931,0.15272669972076253,0.3207260694136013,0.004717700000000001,[0.       0.       0.       0.       0.105581 0.       0.       0.       0.105581 0.       0.105581 0.       0.       0.       0.105581 0.       0.       0.       0.105581 0.105581 0.       0.       0.       0.       0.       0.152856 0.       0.108076 0.       0.       0.105581],[0. 0. 0. 0. 1. 0. 0. 0. 1. 0. 1. 0. 0. 0. 1. 0. 0. 0. 1. 1. 0. 0. 0. 0. 0. 1. 0. 1. 0. 0. 1.],9.0,1000,100,0.01,0.0045,1,11,idID,,first,single_objective
932,0.15272669972076253,0.3207260694136013,0.004717700000000001,[0.       0.       0.       0.       0.105581 0.       0.       0.       0.105581 0.       0.105581 0.       0.       0.       0.105581 0.       0.       0.       0.105581 0.105581 0.       0.       0.       0.       0.       0.152856 0.       0.108076 0.       0.       0.105581],[0. 0. 0. 0. 1. 0. 0. 0. 1. 0. 1. 0. 0. 0. 1. 0. 0. 0. 1. 1. 0. 0. 0. 0. 0. 1. 0. 1. 0. 0. 1.],9.0,1000,100,0.01,0.0045,1,11,idID,,first,single_objective
933,0.15272669972076253,0.3207260694136013,0.004717700000000001,[0.       0.       0.       0.       0.105581 0.       0.       0.       0.105581 0.       0.105581 0.       0.       0.       0.105581 0.       0.       0.       0.105581 0.105581 0.       0.       0.       0.       0.       0.152856 0.       0.108076 0.       0.       0.105581],[0. 0. 0. 0. 1. 0. 0. 0. 1. 0. 1. 0. 0. 0. 1. 0. 0. 0. 1. 1. 0. 0. 0. 0. 0. 1. 0. 1. 0. 0. 1.],9.0,1000,100,0.01,0.0045,1,11,idID,,first,single_objective
934,0.15272669972076253,0.3207260694136013,0.004717700000000001,[0.       0.       0.       0.       0.105581 0.       0.       0.       0.105581 0.       0.105581 0.       0.       0.       0.105581 0.       0.       0.       0.105581 0.105581 0.       0.       0.       0.       0.       0.152856 0.       0.108076 0.       0.       0.105581],[0. 0. 0. 0. 1. 0. 0. 0. 1. 0. 1. 0. 0. 0. 1. 0. 0. 0. 1. 1. 0. 0. 0. 0. 0. 1. 0. 1. 0. 0. 1.],9.0,1000,100,0.01,0.0045,1,11,idID,,first,single_objective
935,0.15272669972076253,0.3207260694136013,0.004717700000000001,[0.       0.       0.       0.       0.105581 0.       0.       0.       0.105581 0.       0.105581 0.       0.       0.       0.105581 0.       0.       0.       0.105581 0.105581 0.       0.       0.       0.       0.       0.152856 0.       0.108076 0.       0.       0.105581],[0. 0. 0. 0. 1. 0. 0. 0. 1. 0. 1. 0. 0. 0. 1. 0. 0. 0. 1. 1. 0. 0. 0. 0. 0. 1. 0. 1. 0. 0. 1.],9.0,1000,100,0.01,0.0045,1,11,idID,,first,single_objective
936,0.15272669972076253,0.3207260694136013,0.004717700000000001,[0.       0.       0.       0.       0.105581 0.       0.       0.       0.105581 0.       0.105581 0.       0.       0.       0.105581 0.       0.       0.       0.105581 0.105581 0.       0.       0.       0.       0.       0.152856 0.       0.108076 0.       0.       0.105581],[0. 0. 0. 0. 1. 0. 0. 0. 1. 0. 1. 0. 0. 0. 1. 0. 0. 0. 1. 1. 0. 0. 0. 0. 0. 1. 0. 1. 0. 0. 1.],9.0,1000,100,0.01,0.0045,1,11,idID,,first,single_objective
937,0.15272669972076253,0.3207260694136013,0.004717700000000001,[0.       0.       0.       0.       0.105581 0.       0.       0.       0.105581 0.       0.105581 0.       0.       0.       0.105581 0.       0.       0.       0.105581 0.105581 0.       0.       0.       0.       0.       0.152856 0.       0.108076 0.       0.       0.105581],[0. 0. 0. 0. 1. 0. 0. 0. 1. 0. 1. 0. 0. 0. 1. 0. 0. 0. 1. 1. 0. 0. 0. 0. 0. 1. 0. 1. 0. 0. 1.],9.0,1000,100,0.01,0.0045,1,11,idID,,first,single_objective
938,0.15272669972076253,0.3207260694136013,0.004717700000000001,[0.       0.       0.       0.       0.105581 0.       0.       0.       0.105581 0.       0.105581 0.       0.       0.       0.105581 0.       0.       0.       0.105581 0.105581 0.       0.       0.       0.       0.       0.152856 0.       0.108076 0.       0.       0.105581],[0. 0. 0. 0. 1. 0. 0. 0. 1. 0. 1. 0. 0. 0. 1. 0. 0. 0. 1. 1. 0. 0. 0. 0. 0. 1. 0. 1. 0. 0. 1.],9.0,1000,100,0.01,0.0045,1,11,idID,,first,single_objective
939,0.15272669972076253,0.3207260694136013,0.004717700000000001,[0.       0.       0.       0.       0.105581 0.       0.       0.       0.105581 0.       0.105581 0.       0.       0.       0.105581 0.       0.       0.       0.105581 0.105581 0.       0.       0.       0.       0.       0.152856 0.       0.108076 0.       0.       0.105581],[0. 0. 0. 0. 1. 0. 0. 0. 1. 0. 1. 0. 0. 0. 1. 0. 0. 0. 1. 1. 0. 0. 0. 0. 0. 1. 0. 1. 0. 0. 1.],9.0,1000,100,0.01,0.0045,1,11,idID,,first,single_objective
940,0.15272669972076253,0.3207260694136013,0.004717700000000001,[0.       0.       0.       0.       0.105581 0.       0.       0.       0.105581 0.       0.105581 0.       0.       0.       0.105581 0.       0.       0.       0.105581 0.105581 0.       0.       0.       0.       0.       0.152856 0.       0.108076 0.       0.       0.105581],[0. 0. 0. 0. 1. 0. 0. 0. 1. 0. 1. 0. 0. 0. 1. 0. 0. 0. 1. 1. 0. 0. 0. 0. 0. 1. 0. 1. 0. 0. 1.],9.0,1000,100,0.01,0.0045,1,11,idID,,first,single_objective
941,0.15272669972076253,0.3207260694136013,0.004717700000000001,[0.       0.       0.       0.       0.105581 0.       0.       0.       0.105581 0.       0.105581 0.       0.       0.       0.105581 0.       0.       0.       0.105581 0.105581 0.       0.       0.       0.       0.       0.152856 0.       0.108076 0.       0.       0.105581],[0. 0. 0. 0. 1. 0. 0. 0. 1. 0. 1. 0. 0. 0. 1. 0. 0. 0. 1. 1. 0. 0. 0. 0. 0. 1. 0. 1. 0. 0. 1.],9.0,1000,100,0.01,0.0045,1,11,idID,,first,single_objective
942,0.15272669972076253,0.3207260694136013,0.004717700000000001,[0.       0.       0.       0.       0.105581 0.       0.       0.       0.105581 0.       0.105581 0.       0.       0.       0.105581 0.       0.       0.       0.105581 0.105581 0.       0.       0.       0.       0.       0.152856 0.       0.108076 0.       0.       0.105581],[0. 0. 0. 0. 1. 0. 0. 0. 1. 0. 1. 0. 0. 0. 1. 0. 0. 0. 1. 1. 0. 0. 0. 0. 0. 1. 0. 1. 0. 0. 1.],9.0,1000,100,0.01,0.0045,1,11,idID,,first,single_objective
943,0.15272669972076253,0.3207260694136013,0.004717700000000001,[0.       0.       0.       0.       0.105581 0.       0.       0.       0.105581 0.       0.105581 0.       0.       0.       0.105581 0.       0.       0.       0.105581 0.105581 0.       0.       0.       0.       0.       0.152856 0.       0.108076 0.       0.       0.105581],[0. 0. 0. 0. 1. 0. 0. 0. 1. 0. 1. 0. 0. 0. 1. 0. 0. 0. 1. 1. 0. 0. 0. 0. 0. 1. 0. 1. 0. 0. 1.],9.0,1000,100,0.01,0.0045,1,11,idID,,first,single_objective
944,0.15272669972076253,0.3207260694136013,0.004717700000000001,[0.       0.       0.       0.       0.105581 0.       0.       0.       0.105581 0.       0.105581 0.       0.       0.       0.105581 0.       0.       0.       0.105581 0.105581 0.       0.       0.       0.       0.       0.152856 0.       0.108076 0.       0.       0.105581],[0. 0. 0. 0. 1. 0. 0. 0. 1. 0. 1. 0. 0. 0. 1. 0. 0. 0. 1. 1. 0. 0. 0. 0. 0. 1. 0. 1. 0. 0. 1.],9.0,1000,100,0.01,0.0045,1,11,idID,,first,single_objective
945,0.15272669972076253,0.3207260694136013,0.004717700000000001,[0.       0.       0.       0.       0.105581 0.       0.       0.       0.105581 0.       0.105581 0.       0.       0.       0.105581 0.       0.       0.       0.105581 0.105581 0.       0.       0.       0.       0.       0.152856 0.       0.108076 0.       0.       0.105581],[0. 0. 0. 0. 1. 0. 0. 0. 1. 0. 1. 0. 0. 0. 1. 0. 0. 0. 1. 1. 0. 0. 0. 0. 0. 1. 0. 1. 0. 0. 1.],9.0,1000,100,0.01,0.0045,1,11,idID,,first,single_objective
946,0.15272669972076253,0.3207260694136013,0.004717700000000001,[0.       0.       0.       0.       0.105581 0.       0.       0.       0.105581 0.       0.105581 0.       0.       0.       0.105581 0.       0.       0.       0.105581 0.105581 0.       0.       0.       0.       0.       0.152856 0.       0.108076 0.       0.       0.105581],[0. 0. 0. 0. 1. 0. 0. 0. 1. 0. 1. 0. 0. 0. 1. 0. 0. 0. 1. 1. 0. 0. 0. 0. 0. 1. 0. 1. 0. 0. 1.],9.0,1000,100,0.01,0.0045,1,11,idID,,first,single_objective
947,0.15272669972076253,0.3207260694136013,0.004717700000000001,[0.       0.       0.       0.       0.105581 0.       0.       0.       0.105581 0.       0.105581 0.       0.       0.       0.105581 0.       0.       0.       0.105581 0.105581 0.       0.       0.       0.       0.       0.152856 0.       0.108076 0.       0.       0.105581],[0. 0. 0. 0. 1. 0. 0. 0. 1. 0. 1. 0. 0. 0. 1. 0. 0. 0. 1. 1. 0. 0. 0. 0. 0. 1. 0. 1. 0. 0. 1.],9.0,1000,100,0.01,0.0045,1,11,idID,,first,single_objective
948,0.15272669972076253,0.3207260694136013,0.004717700000000001,[0.       0.       0.       0.       0.105581 0.       0.       0.       0.105581 0.       0.105581 0.       0.       0.       0.105581 0.       0.       0.       0.105581 0.105581 0.       0.       0.       0.       0.       0.152856 0.       0.108076 0.       0.       0.105581],[0. 0. 0. 0. 1. 0. 0. 0. 1. 0. 1. 0. 0. 0. 1. 0. 0. 0. 1. 1. 0. 0. 0. 0. 0. 1. 0. 1. 0. 0. 1.],9.0,1000,100,0.01,0.0045,1,11,idID,,first,single_objective
949,0.15272669972076253,0.3207260694136013,0.004717700000000001,[0.       0.       0.       0.       0.105581 0.       0.       0.       0.105581 0.       0.105581 0.       0.       0.       0.105581 0.       0.       0.       0.105581 0.105581 0.       0.       0.       0.       0.       0.152856 0.       0.108076 0.       0.       0.105581],[0. 0. 0. 0. 1. 0. 0. 0. 1. 0. 1. 0. 0. 0. 1. 0. 0. 0. 1. 1. 0. 0. 0. 0. 0. 1. 0. 1. 0. 0. 1.],9.0,1000,100,0.01,0.0045,1,11,idID,,first,single_objective
950,0.15272669972076253,0.3207260694136013,0.004717700000000001,[0.       0.       0.       0.       0.105581 0.       0.       0.       0.105581 0.       0.105581 0.       0.       0.       0.105581 0.       0.       0.       0.105581 0.105581 0.       0.       0.       0.       0.       0.152856 0.       0.108076 0.       0.       0.105581],[0. 0. 0. 0. 1. 0. 0. 0. 1. 0. 1. 0. 0. 0. 1. 0. 0. 0. 1. 1. 0. 0. 0. 0. 0. 1. 0. 1. 0. 0. 1.],9.0,1000,100,0.01,0.0045,1,11,idID,,first,single_objective
951,0.15272669972076253,0.3207260694136013,0.004717700000000001,[0.       0.       0.       0.       0.105581 0.       0.       0.       0.105581 0.       0.105581 0.       0.       0.       0.105581 0.       0.       0.       0.105581 0.105581 0.       0.       0.       0.       0.       0.152856 0.       0.108076 0.       0.       0.105581],[0. 0. 0. 0. 1. 0. 0. 0. 1. 0. 1. 0. 0. 0. 1. 0. 0. 0. 1. 1. 0. 0. 0. 0. 0. 1. 0. 1. 0. 0. 1.],9.0,1000,100,0.01,0.0045,1,11,idID,,first,single_objective
952,0.15272669972076253,0.3207260694136013,0.004717700000000001,[0.       0.       0.       0.       0.105581 0.       0.       0.       0.105581 0.       0.105581 0.       0.       0.       0.105581 0.       0.       0.       0.105581 0.105581 0.       0.       0.       0.       0.       0.152856 0.       0.108076 0.       0.       0.105581],[0. 0. 0. 0. 1. 0. 0. 0. 1. 0. 1. 0. 0. 0. 1. 0. 0. 0. 1. 1. 0. 0. 0. 0. 0. 1. 0. 1. 0. 0. 1.],9.0,1000,100,0.01,0.0045,1,11,idID,,first,single_objective
953,0.15272669972076253,0.3207260694136013,0.004717700000000001,[0.       0.       0.       0.       0.105581 0.       0.       0.       0.105581 0.       0.105581 0.       0.       0.       0.105581 0.       0.       0.       0.105581 0.105581 0.       0.       0.       0.       0.       0.152856 0.       0.108076 0.       0.       0.105581],[0. 0. 0. 0. 1. 0. 0. 0. 1. 0. 1. 0. 0. 0. 1. 0. 0. 0. 1. 1. 0. 0. 0. 0. 0. 1. 0. 1. 0. 0. 1.],9.0,1000,100,0.01,0.0045,1,11,idID,,first,single_objective
954,0.15272669972076253,0.3207260694136013,0.004717700000000001,[0.       0.       0.       0.       0.105581 0.       0.       0.       0.105581 0.       0.105581 0.       0.       0.       0.105581 0.       0.       0.       0.105581 0.105581 0.       0.       0.       0.       0.       0.152856 0.       0.108076 0.       0.       0.105581],[0. 0. 0. 0. 1. 0. 0. 0. 1. 0. 1. 0. 0. 0. 1. 0. 0. 0. 1. 1. 0. 0. 0. 0. 0. 1. 0. 1. 0. 0. 1.],9.0,1000,100,0.01,0.0045,1,11,idID,,first,single_objective
955,0.15272669972076253,0.3207260694136013,0.004717700000000001,[0.       0.       0.       0.       0.105581 0.       0.       0.       0.105581 0.       0.105581 0.       0.       0.       0.105581 0.       0.       0.       0.105581 0.105581 0.       0.       0.       0.       0.       0.152856 0.       0.108076 0.       0.       0.105581],[0. 0. 0. 0. 1. 0. 0. 0. 1. 0. 1. 0. 0. 0. 1. 0. 0. 0. 1. 1. 0. 0. 0. 0. 0. 1. 0. 1. 0. 0. 1.],9.0,1000,100,0.01,0.0045,1,11,idID,,first,single_objective
956,0.15272669972076253,0.3207260694136013,0.004717700000000001,[0.       0.       0.       0.       0.105581 0.       0.       0.       0.105581 0.       0.105581 0.       0.       0.       0.105581 0.       0.       0.       0.105581 0.105581 0.       0.       0.       0.       0.       0.152856 0.       0.108076 0.       0.       0.105581],[0. 0. 0. 0. 1. 0. 0. 0. 1. 0. 1. 0. 0. 0. 1. 0. 0. 0. 1. 1. 0. 0. 0. 0. 0. 1. 0. 1. 0. 0. 1.],9.0,1000,100,0.01,0.0045,1,11,idID,,first,single_objective
957,0.15272669972076253,0.3207260694136013,0.004717700000000001,[0.       0.       0.       0.       0.105581 0.       0.       0.       0.105581 0.       0.105581 0.       0.       0.       0.105581 0.       0.       0.       0.105581 0.105581 0.       0.       0.       0.       0.       0.152856 0.       0.108076 0.       0.       0.105581],[0. 0. 0. 0. 1. 0. 0. 0. 1. 0. 1. 0. 0. 0. 1. 0. 0. 0. 1. 1. 0. 0. 0. 0. 0. 1. 0. 1. 0. 0. 1.],9.0,1000,100,0.01,0.0045,1,11,idID,,first,single_objective
958,0.15272669972076253,0.3207260694136013,0.004717700000000001,[0.       0.       0.       0.       0.105581 0.       0.       0.       0.105581 0.       0.105581 0.       0.       0.       0.105581 0.       0.       0.       0.105581 0.105581 0.       0.       0.       0.       0.       0.152856 0.       0.108076 0.       0.       0.105581],[0. 0. 0. 0. 1. 0. 0. 0. 1. 0. 1. 0. 0. 0. 1. 0. 0. 0. 1. 1. 0. 0. 0. 0. 0. 1. 0. 1. 0. 0. 1.],9.0,1000,100,0.01,0.0045,1,11,idID,,first,single_objective
959,0.15272669972076253,0.3207260694136013,0.004717700000000001,[0.       0.       0.       0.       0.105581 0.       0.       0.       0.105581 0.       0.105581 0.       0.       0.       0.105581 0.       0.       0.       0.105581 0.105581 0.       0.       0.       0.       0.       0.152856 0.       0.108076 0.       0.       0.105581],[0. 0. 0. 0. 1. 0. 0. 0. 1. 0. 1. 0. 0. 0. 1. 0. 0. 0. 1. 1. 0. 0. 0. 0. 0. 1. 0. 1. 0. 0. 1.],9.0,1000,100,0.01,0.0045,1,11,idID,,first,single_objective
960,0.15272669972076253,0.3207260694136013,0.004717700000000001,[0.       0.       0.       0.       0.105581 0.       0.       0.       0.105581 0.       0.105581 0.       0.       0.       0.105581 0.       0.       0.       0.105581 0.105581 0.       0.       0.       0.       0.       0.152856 0.       0.108076 0.       0.       0.105581],[0. 0. 0. 0. 1. 0. 0. 0. 1. 0. 1. 0. 0. 0. 1. 0. 0. 0. 1. 1. 0. 0. 0. 0. 0. 1. 0. 1. 0. 0. 1.],9.0,1000,100,0.01,0.0045,1,11,idID,,first,single_objective
961,0.15272669972076253,0.3207260694136013,0.004717700000000001,[0.       0.       0.       0.       0.105581 0.       0.       0.       0.105581 0.       0.105581 0.       0.       0.       0.105581 0.       0.       0.       0.105581 0.105581 0.       0.       0.       0.       0.       0.152856 0.       0.108076 0.       0.       0.105581],[0. 0. 0. 0. 1. 0. 0. 0. 1. 0. 1. 0. 0. 0. 1. 0. 0. 0. 1. 1. 0. 0. 0. 0. 0. 1. 0. 1. 0. 0. 1.],9.0,1000,100,0.01,0.0045,1,11,idID,,first,single_objective
962,0.15272669972076253,0.3207260694136013,0.004717700000000001,[0.       0.       0.       0.       0.105581 0.       0.       0.       0.105581 0.       0.105581 0.       0.       0.       0.105581 0.       0.       0.       0.105581 0.105581 0.       0.       0.       0.       0.       0.152856 0.       0.108076 0.       0.       0.105581],[0. 0. 0. 0. 1. 0. 0. 0. 1. 0. 1. 0. 0. 0. 1. 0. 0. 0. 1. 1. 0. 0. 0. 0. 0. 1. 0. 1. 0. 0. 1.],9.0,1000,100,0.01,0.0045,1,11,idID,,first,single_objective
963,0.15272669972076253,0.3207260694136013,0.004717700000000001,[0.       0.       0.       0.       0.105581 0.       0.       0.       0.105581 0.       0.105581 0.       0.       0.       0.105581 0.       0.       0.       0.105581 0.105581 0.       0.       0.       0.       0.       0.152856 0.       0.108076 0.       0.       0.105581],[0. 0. 0. 0. 1. 0. 0. 0. 1. 0. 1. 0. 0. 0. 1. 0. 0. 0. 1. 1. 0. 0. 0. 0. 0. 1. 0. 1. 0. 0. 1.],9.0,1000,100,0.01,0.0045,1,11,idID,,first,single_objective
964,0.15272669972076253,0.3207260694136013,0.004717700000000001,[0.       0.       0.       0.       0.105581 0.       0.       0.       0.105581 0.       0.105581 0.       0.       0.       0.105581 0.       0.       0.       0.105581 0.105581 0.       0.       0.       0.       0.       0.152856 0.       0.108076 0.       0.       0.105581],[0. 0. 0. 0. 1. 0. 0. 0. 1. 0. 1. 0. 0. 0. 1. 0. 0. 0. 1. 1. 0. 0. 0. 0. 0. 1. 0. 1. 0. 0. 1.],9.0,1000,100,0.01,0.0045,1,11,idID,,first,single_objective
965,0.15272669972076253,0.3207260694136013,0.004717700000000001,[0.       0.       0.       0.       0.105581 0.       0.       0.       0.105581 0.       0.105581 0.       0.       0.       0.105581 0.       0.       0.       0.105581 0.105581 0.       0.       0.       0.       0.       0.152856 0.       0.108076 0.       0.       0.105581],[0. 0. 0. 0. 1. 0. 0. 0. 1. 0. 1. 0. 0. 0. 1. 0. 0. 0. 1. 1. 0. 0. 0. 0. 0. 1. 0. 1. 0. 0. 1.],9.0,1000,100,0.01,0.0045,1,11,idID,,first,single_objective
966,0.15272669972076253,0.3207260694136013,0.004717700000000001,[0.       0.       0.       0.       0.105581 0.       0.       0.       0.105581 0.       0.105581 0.       0.       0.       0.105581 0.       0.       0.       0.105581 0.105581 0.       0.       0.       0.       0.       0.152856 0.       0.108076 0.       0.       0.105581],[0. 0. 0. 0. 1. 0. 0. 0. 1. 0. 1. 0. 0. 0. 1. 0. 0. 0. 1. 1. 0. 0. 0. 0. 0. 1. 0. 1. 0. 0. 1.],9.0,1000,100,0.01,0.0045,1,11,idID,,first,single_objective
967,0.15272669972076253,0.3207260694136013,0.004717700000000001,[0.       0.       0.       0.       0.105581 0.       0.       0.       0.105581 0.       0.105581 0.       0.       0.       0.105581 0.       0.       0.       0.105581 0.105581 0.       0.       0.       0.       0.       0.152856 0.       0.108076 0.       0.       0.105581],[0. 0. 0. 0. 1. 0. 0. 0. 1. 0. 1. 0. 0. 0. 1. 0. 0. 0. 1. 1. 0. 0. 0. 0. 0. 1. 0. 1. 0. 0. 1.],9.0,1000,100,0.01,0.0045,1,11,idID,,first,single_objective
968,0.15272669972076253,0.3207260694136013,0.004717700000000001,[0.       0.       0.       0.       0.105581 0.       0.       0.       0.105581 0.       0.105581 0.       0.       0.       0.105581 0.       0.       0.       0.105581 0.105581 0.       0.       0.       0.       0.       0.152856 0.       0.108076 0.       0.       0.105581],[0. 0. 0. 0. 1. 0. 0. 0. 1. 0. 1. 0. 0. 0. 1. 0. 0. 0. 1. 1. 0. 0. 0. 0. 0. 1. 0. 1. 0. 0. 1.],9.0,1000,100,0.01,0.0045,1,11,idID,,first,single_objective
969,0.15272669972076253,0.3207260694136013,0.004717700000000001,[0.       0.       0.       0.       0.105581 0.       0.       0.       0.105581 0.       0.105581 0.       0.       0.       0.105581 0.       0.       0.       0.105581 0.105581 0.       0.       0.       0.       0.       0.152856 0.       0.108076 0.       0.       0.105581],[0. 0. 0. 0. 1. 0. 0. 0. 1. 0. 1. 0. 0. 0. 1. 0. 0. 0. 1. 1. 0. 0. 0. 0. 0. 1. 0. 1. 0. 0. 1.],9.0,1000,100,0.01,0.0045,1,11,idID,,first,single_objective
970,0.15272669972076253,0.3207260694136013,0.004717700000000001,[0.       0.       0.       0.       0.105581 0.       0.       0.       0.105581 0.       0.105581 0.       0.       0.       0.105581 0.       0.       0.       0.105581 0.105581 0.       0.       0.       0.       0.       0.152856 0.       0.108076 0.       0.       0.105581],[0. 0. 0. 0. 1. 0. 0. 0. 1. 0. 1. 0. 0. 0. 1. 0. 0. 0. 1. 1. 0. 0. 0. 0. 0. 1. 0. 1. 0. 0. 1.],9.0,1000,100,0.01,0.0045,1,11,idID,,first,single_objective
971,0.15272669972076253,0.3207260694136013,0.004717700000000001,[0.       0.       0.       0.       0.105581 0.       0.       0.       0.105581 0.       0.105581 0.       0.       0.       0.105581 0.       0.       0.       0.105581 0.105581 0.       0.       0.       0.       0.       0.152856 0.       0.108076 0.       0.       0.105581],[0. 0. 0. 0. 1. 0. 0. 0. 1. 0. 1. 0. 0. 0. 1. 0. 0. 0. 1. 1. 0. 0. 0. 0. 0. 1. 0. 1. 0. 0. 1.],9.0,1000,100,0.01,0.0045,1,11,idID,,first,single_objective
972,0.15272669972076253,0.3207260694136013,0.004717700000000001,[0.       0.       0.       0.       0.105581 0.       0.       0.       0.105581 0.       0.105581 0.       0.       0.       0.105581 0.       0.       0.       0.105581 0.105581 0.       0.       0.       0.       0.       0.152856 0.       0.108076 0.       0.       0.105581],[0. 0. 0. 0. 1. 0. 0. 0. 1. 0. 1. 0. 0. 0. 1. 0. 0. 0. 1. 1. 0. 0. 0. 0. 0. 1. 0. 1. 0. 0. 1.],9.0,1000,100,0.01,0.0045,1,11,idID,,first,single_objective
973,0.15272669972076253,0.3207260694136013,0.004717700000000001,[0.       0.       0.       0.       0.105581 0.       0.       0.       0.105581 0.       0.105581 0.       0.       0.       0.105581 0.       0.       0.       0.105581 0.105581 0.       0.       0.       0.       0.       0.152856 0.       0.108076 0.       0.       0.105581],[0. 0. 0. 0. 1. 0. 0. 0. 1. 0. 1. 0. 0. 0. 1. 0. 0. 0. 1. 1. 0. 0. 0. 0. 0. 1. 0. 1. 0. 0. 1.],9.0,1000,100,0.01,0.0045,1,11,idID,,first,single_objective
974,0.15272669972076253,0.3207260694136013,0.004717700000000001,[0.       0.       0.       0.       0.105581 0.       0.       0.       0.105581 0.       0.105581 0.       0.       0.       0.105581 0.       0.       0.       0.105581 0.105581 0.       0.       0.       0.       0.       0.152856 0.       0.108076 0.       0.       0.105581],[0. 0. 0. 0. 1. 0. 0. 0. 1. 0. 1. 0. 0. 0. 1. 0. 0. 0. 1. 1. 0. 0. 0. 0. 0. 1. 0. 1. 0. 0. 1.],9.0,1000,100,0.01,0.0045,1,11,idID,,first,single_objective
975,0.15272669972076253,0.3207260694136013,0.004717700000000001,[0.       0.       0.       0.       0.105581 0.       0.       0.       0.105581 0.       0.105581 0.       0.       0.       0.105581 0.       0.       0.       0.105581 0.105581 0.       0.       0.       0.       0.       0.152856 0.       0.108076 0.       0.       0.105581],[0. 0. 0. 0. 1. 0. 0. 0. 1. 0. 1. 0. 0. 0. 1. 0. 0. 0. 1. 1. 0. 0. 0. 0. 0. 1. 0. 1. 0. 0. 1.],9.0,1000,100,0.01,0.0045,1,11,idID,,first,single_objective
976,0.15272669972076253,0.3207260694136013,0.004717700000000001,[0.       0.       0.       0.       0.105581 0.       0.       0.       0.105581 0.       0.105581 0.       0.       0.       0.105581 0.       0.       0.       0.105581 0.105581 0.       0.       0.       0.       0.       0.152856 0.       0.108076 0.       0.       0.105581],[0. 0. 0. 0. 1. 0. 0. 0. 1. 0. 1. 0. 0. 0. 1. 0. 0. 0. 1. 1. 0. 0. 0. 0. 0. 1. 0. 1. 0. 0. 1.],9.0,1000,100,0.01,0.0045,1,11,idID,,first,single_objective
977,0.15272669972076253,0.3207260694136013,0.004717700000000001,[0.       0.       0.       0.       0.105581 0.       0.       0.       0.105581 0.       0.105581 0.       0.       0.       0.105581 0.       0.       0.       0.105581 0.105581 0.       0.       0.       0.       0.       0.152856 0.       0.108076 0.       0.       0.105581],[0. 0. 0. 0. 1. 0. 0. 0. 1. 0. 1. 0. 0. 0. 1. 0. 0. 0. 1. 1. 0. 0. 0. 0. 0. 1. 0. 1. 0. 0. 1.],9.0,1000,100,0.01,0.0045,1,11,idID,,first,single_objective
978,0.15272669972076253,0.3207260694136013,0.004717700000000001,[0.       0.       0.       0.       0.105581 0.       0.       0.       0.105581 0.       0.105581 0.       0.       0.       0.105581 0.       0.       0.       0.105581 0.105581 0.       0.       0.       0.       0.       0.152856 0.       0.108076 0.       0.       0.105581],[0. 0. 0. 0. 1. 0. 0. 0. 1. 0. 1. 0. 0. 0. 1. 0. 0. 0. 1. 1. 0. 0. 0. 0. 0. 1. 0. 1. 0. 0. 1.],9.0,1000,100,0.01,0.0045,1,11,idID,,first,single_objective
979,0.15272669972076253,0.3207260694136013,0.004717700000000001,[0.       0.       0.       0.       0.105581 0.       0.       0.       0.105581 0.       0.105581 0.       0.       0.       0.105581 0.       0.       0.       0.105581 0.105581 0.       0.       0.       0.       0.       0.152856 0.       0.108076 0.       0.       0.105581],[0. 0. 0. 0. 1. 0. 0. 0. 1. 0. 1. 0. 0. 0. 1. 0. 0. 0. 1. 1. 0. 0. 0. 0. 0. 1. 0. 1. 0. 0. 1.],9.0,1000,100,0.01,0.0045,1,11,idID,,first,single_objective
980,0.15272669972076253,0.3207260694136013,0.004717700000000001,[0.       0.       0.       0.       0.105581 0.       0.       0.       0.105581 0.       0.105581 0.       0.       0.       0.105581 0.       0.       0.       0.105581 0.105581 0.       0.       0.       0.       0.       0.152856 0.       0.108076 0.       0.       0.105581],[0. 0. 0. 0. 1. 0. 0. 0. 1. 0. 1. 0. 0. 0. 1. 0. 0. 0. 1. 1. 0. 0. 0. 0. 0. 1. 0. 1. 0. 0. 1.],9.0,1000,100,0.01,0.0045,1,11,idID,,first,single_objective
981,0.15272669972076253,0.3207260694136013,0.004717700000000001,[0.       0.       0.       0.       0.105581 0.       0.       0.       0.105581 0.       0.105581 0.       0.       0.       0.105581 0.       0.       0.       0.105581 0.105581 0.       0.       0.       0.       0.       0.152856 0.       0.108076 0.       0.       0.105581],[0. 0. 0. 0. 1. 0. 0. 0. 1. 0. 1. 0. 0. 0. 1. 0. 0. 0. 1. 1. 0. 0. 0. 0. 0. 1. 0. 1. 0. 0. 1.],9.0,1000,100,0.01,0.0045,1,11,idID,,first,single_objective
982,0.15272669972076253,0.3207260694136013,0.004717700000000001,[0.       0.       0.       0.       0.105581 0.       0.       0.       0.105581 0.       0.105581 0.       0.       0.       0.105581 0.       0.       0.       0.105581 0.105581 0.       0.       0.       0.       0.       0.152856 0.       0.108076 0.       0.       0.105581],[0. 0. 0. 0. 1. 0. 0. 0. 1. 0. 1. 0. 0. 0. 1. 0. 0. 0. 1. 1. 0. 0. 0. 0. 0. 1. 0. 1. 0. 0. 1.],9.0,1000,100,0.01,0.0045,1,11,idID,,first,single_objective
983,0.15272669972076253,0.3207260694136013,0.004717700000000001,[0.       0.       0.       0.       0.105581 0.       0.       0.       0.105581 0.       0.105581 0.       0.       0.       0.105581 0.       0.       0.       0.105581 0.105581 0.       0.       0.       0.       0.       0.152856 0.       0.108076 0.       0.       0.105581],[0. 0. 0. 0. 1. 0. 0. 0. 1. 0. 1. 0. 0. 0. 1. 0. 0. 0. 1. 1. 0. 0. 0. 0. 0. 1. 0. 1. 0. 0. 1.],9.0,1000,100,0.01,0.0045,1,11,idID,,first,single_objective
984,0.15272669972076253,0.3207260694136013,0.004717700000000001,[0.       0.       0.       0.       0.105581 0.       0.       0.       0.105581 0.       0.105581 0.       0.       0.       0.105581 0.       0.       0.       0.105581 0.105581 0.       0.       0.       0.       0.       0.152856 0.       0.108076 0.       0.       0.105581],[0. 0. 0. 0. 1. 0. 0. 0. 1. 0. 1. 0. 0. 0. 1. 0. 0. 0. 1. 1. 0. 0. 0. 0. 0. 1. 0. 1. 0. 0. 1.],9.0,1000,100,0.01,0.0045,1,11,idID,,first,single_objective
985,0.15272669972076253,0.3207260694136013,0.004717700000000001,[0.       0.       0.       0.       0.105581 0.       0.       0.       0.105581 0.       0.105581 0.       0.       0.       0.105581 0.       0.       0.       0.105581 0.105581 0.       0.       0.       0.       0.       0.152856 0.       0.108076 0.       0.       0.105581],[0. 0. 0. 0. 1. 0. 0. 0. 1. 0. 1. 0. 0. 0. 1. 0. 0. 0. 1. 1. 0. 0. 0. 0. 0. 1. 0. 1. 0. 0. 1.],9.0,1000,100,0.01,0.0045,1,11,idID,,first,single_objective
986,0.15272669972076253,0.3207260694136013,0.004717700000000001,[0.       0.       0.       0.       0.105581 0.       0.       0.       0.105581 0.       0.105581 0.       0.       0.       0.105581 0.       0.       0.       0.105581 0.105581 0.       0.       0.       0.       0.       0.152856 0.       0.108076 0.       0.       0.105581],[0. 0. 0. 0. 1. 0. 0. 0. 1. 0. 1. 0. 0. 0. 1. 0. 0. 0. 1. 1. 0. 0. 0. 0. 0. 1. 0. 1. 0. 0. 1.],9.0,1000,100,0.01,0.0045,1,11,idID,,first,single_objective
987,0.15272669972076253,0.3207260694136013,0.004717700000000001,[0.       0.       0.       0.       0.105581 0.       0.       0.       0.105581 0.       0.105581 0.       0.       0.       0.105581 0.       0.       0.       0.105581 0.105581 0.       0.       0.       0.       0.       0.152856 0.       0.108076 0.       0.       0.105581],[0. 0. 0. 0. 1. 0. 0. 0. 1. 0. 1. 0. 0. 0. 1. 0. 0. 0. 1. 1. 0. 0. 0. 0. 0. 1. 0. 1. 0. 0. 1.],9.0,1000,100,0.01,0.0045,1,11,idID,,first,single_objective
988,0.15272669972076253,0.3207260694136013,0.004717700000000001,[0.       0.       0.       0.       0.105581 0.       0.       0.       0.105581 0.       0.105581 0.       0.       0.       0.105581 0.       0.       0.       0.105581 0.105581 0.       0.       0.       0.       0.       0.152856 0.       0.108076 0.       0.       0.105581],[0. 0. 0. 0. 1. 0. 0. 0. 1. 0. 1. 0. 0. 0. 1. 0. 0. 0. 1. 1. 0. 0. 0. 0. 0. 1. 0. 1. 0. 0. 1.],9.0,1000,100,0.01,0.0045,1,11,idID,,first,single_objective
989,0.15272669972076253,0.3207260694136013,0.004717700000000001,[0.       0.       0.       0.       0.105581 0.       0.       0.       0.105581 0.       0.105581 0.       0.       0.       0.105581 0.       0.       0.       0.105581 0.105581 0.       0.       0.       0.       0.       0.152856 0.       0.108076 0.       0.       0.105581],[0. 0. 0. 0. 1. 0. 0. 0. 1. 0. 1. 0. 0. 0. 1. 0. 0. 0. 1. 1. 0. 0. 0. 0. 0. 1. 0. 1. 0. 0. 1.],9.0,1000,100,0.01,0.0045,1,11,idID,,first,single_objective
990,0.15272669972076253,0.3207260694136013,0.004717700000000001,[0.       0.       0.       0.       0.105581 0.       0.       0.       0.105581 0.       0.105581 0.       0.       0.       0.105581 0.       0.       0.       0.105581 0.105581 0.       0.       0.       0.       0.       0.152856 0.       0.108076 0.       0.       0.105581],[0. 0. 0. 0. 1. 0. 0. 0. 1. 0. 1. 0. 0. 0. 1. 0. 0. 0. 1. 1. 0. 0. 0. 0. 0. 1. 0. 1. 0. 0. 1.],9.0,1000,100,0.01,0.0045,1,11,idID,,first,single_objective
991,0.15272669972076253,0.3207260694136013,0.004717700000000001,[0.       0.       0.       0.       0.105581 0.       0.       0.       0.105581 0.       0.105581 0.       0.       0.       0.105581 0.       0.       0.       0.105581 0.105581 0.       0.       0.       0.       0.       0.152856 0.       0.108076 0.       0.       0.105581],[0. 0. 0. 0. 1. 0. 0. 0. 1. 0. 1. 0. 0. 0. 1. 0. 0. 0. 1. 1. 0. 0. 0. 0. 0. 1. 0. 1. 0. 0. 1.],9.0,1000,100,0.01,0.0045,1,11,idID,,first,single_objective
992,0.15272669972076253,0.3207260694136013,0.004717700000000001,[0.       0.       0.       0.       0.105581 0.       0.       0.       0.105581 0.       0.105581 0.       0.       0.       0.105581 0.       0.       0.       0.105581 0.105581 0.       0.       0.       0.       0.       0.152856 0.       0.108076 0.       0.       0.105581],[0. 0. 0. 0. 1. 0. 0. 0. 1. 0. 1. 0. 0. 0. 1. 0. 0. 0. 1. 1. 0. 0. 0. 0. 0. 1. 0. 1. 0. 0. 1.],9.0,1000,100,0.01,0.0045,1,11,idID,,first,single_objective
993,0.15272669972076253,0.3207260694136013,0.004717700000000001,[0.       0.       0.       0.       0.105581 0.       0.       0.       0.105581 0.       0.105581 0.       0.       0.       0.105581 0.       0.       0.       0.105581 0.105581 0.       0.       0.       0.       0.       0.152856 0.       0.108076 0.       0.       0.105581],[0. 0. 0. 0. 1. 0. 0. 0. 1. 0. 1. 0. 0. 0. 1. 0. 0. 0. 1. 1. 0. 0. 0. 0. 0. 1. 0. 1. 0. 0. 1.],9.0,1000,100,0.01,0.0045,1,11,idID,,first,single_objective
994,0.15272669972076253,0.3207260694136013,0.004717700000000001,[0.       0.       0.       0.       0.105581 0.       0.       0.       0.105581 0.       0.105581 0.       0.       0.       0.105581 0.       0.       0.       0.105581 0.105581 0.       0.       0.       0.       0.       0.152856 0.       0.108076 0.       0.       0.105581],[0. 0. 0. 0. 1. 0. 0. 0. 1. 0. 1. 0. 0. 0. 1. 0. 0. 0. 1. 1. 0. 0. 0. 0. 0. 1. 0. 1. 0. 0. 1.],9.0,1000,100,0.01,0.0045,1,11,idID,,first,single_objective
995,0.15272669972076253,0.3207260694136013,0.004717700000000001,[0.       0.       0.       0.       0.105581 0.       0.       0.       0.105581 0.       0.105581 0.       0.       0.       0.105581 0.       0.       0.       0.105581 0.105581 0.       0.       0.       0.       0.       0.152856 0.       0.108076 0.       0.       0.105581],[0. 0. 0. 0. 1. 0. 0. 0. 1. 0. 1. 0. 0. 0. 1. 0. 0. 0. 1. 1. 0. 0. 0. 0. 0. 1. 0. 1. 0. 0. 1.],9.0,1000,100,0.01,0.0045,1,11,idID,,first,single_objective
996,0.15272669972076253,0.3207260694136013,0.004717700000000001,[0.       0.       0.       0.       0.105581 0.       0.       0.       0.105581 0.       0.105581 0.       0.       0.       0.105581 0.       0.       0.       0.105581 0.105581 0.       0.       0.       0.       0.       0.152856 0.       0.108076 0.       0.       0.105581],[0. 0. 0. 0. 1. 0. 0. 0. 1. 0. 1. 0. 0. 0. 1. 0. 0. 0. 1. 1. 0. 0. 0. 0. 0. 1. 0. 1. 0. 0. 1.],9.0,1000,100,0.01,0.0045,1,11,idID,,first,single_objective
997,0.15272669972076253,0.3207260694136013,0.004717700000000001,[0.       0.       0.       0.       0.105581 0.       0.       0.       0.105581 0.       0.105581 0.       0.       0.       0.105581 0.       0.       0.       0.105581 0.105581 0.       0.       0.       0.       0.       0.152856 0.       0.108076 0.       0.       0.105581],[0. 0. 0. 0. 1. 0. 0. 0. 1. 0. 1. 0. 0. 0. 1. 0. 0. 0. 1. 1. 0. 0. 0. 0. 0. 1. 0. 1. 0. 0. 1.],9.0,1000,100,0.01,0.0045,1,11,idID,,first,single_objective
998,0.15272669972076253,0.3207260694136013,0.004717700000000001,[0.       0.       0.       0.       0.105581 0.       0.       0.       0.105581 0.       0.105581 0.       0.       0.       0.105581 0.       0.       0.       0.105581 0.105581 0.       0.       0.       0.       0.       0.152856 0.       0.108076 0.       0.       0.105581],[0. 0. 0. 0. 1. 0. 0. 0. 1. 0. 1. 0. 0. 0. 1. 0. 0. 0. 1. 1. 0. 0. 0. 0. 0. 1. 0. 1. 0. 0. 1.],9.0,1000,100,0.01,0.0045,1,11,idID,,first,single_objective
999,0.15272669972076253,0.3207260694136013,0.004717700000000001,[0.       0.       0.       0.       0.105581 0.       0.       0.       0.105581 0.       0.105581 0.       0.       0.       0.105581 0.       0.       0.       0.105581 0.105581 0.       0.       0.       0.       0.       0.152856 0.       0.108076 0.       0.       0.105581],[0. 0. 0. 0. 1. 0. 0. 0. 1. 0. 1. 0. 0. 0. 1. 0. 0. 0. 1. 1. 0. 0. 0. 0. 0. 1. 0. 1. 0. 0. 1.],9.0,1000,100,0.01,0.0045,1,11,idID,,first,single_objective
