iter,obj,aug_obj,return,X,Z,max_iter,neighbours,alpha,exp_return,n_port,k,move_strategy,seed,selection_strategy
0,0.2534059856936136,0.2534059856936136,0.0031654592599999996,[0.066561 0.       0.029707 0.       0.       0.044136 0.058248 0.049863 0.060877 0.       0.       0.02951  0.02293  0.038601 0.061893 0.070419 0.062938 0.030573 0.069482 0.019007 0.029193 0.       0.       0.0608   0.061969 0.015023 0.       0.001487 0.049158 0.043615 0.024011],[1. 0. 1. 0. 0. 1. 1. 1. 1. 0. 0. 1. 1. 1. 1. 1. 1. 1. 1. 1. 1. 0. 0. 1. 1. 1. 0. 1. 1. 1. 1.],500,100,0.1,0.0015,1,23,best,34,best
1,0.2534059856936136,0.2534059856936136,0.0031654592599999996,[0.066561 0.       0.029707 0.       0.       0.044136 0.058248 0.049863 0.060877 0.       0.       0.02951  0.02293  0.038601 0.061893 0.070419 0.062938 0.030573 0.069482 0.019007 0.029193 0.       0.       0.0608   0.061969 0.015023 0.       0.001487 0.049158 0.043615 0.024011],[1. 0. 1. 0. 0. 1. 1. 1. 1. 0. 0. 1. 1. 1. 1. 1. 1. 1. 1. 1. 1. 0. 0. 1. 1. 1. 0. 1. 1. 1. 1.],500,100,0.1,0.0015,1,23,best,34,best
2,0.2534059856936136,0.2534059856936136,0.0031654592599999996,[0.066561 0.       0.029707 0.       0.       0.044136 0.058248 0.049863 0.060877 0.       0.       0.02951  0.02293  0.038601 0.061893 0.070419 0.062938 0.030573 0.069482 0.019007 0.029193 0.       0.       0.0608   0.061969 0.015023 0.       0.001487 0.049158 0.043615 0.024011],[1. 0. 1. 0. 0. 1. 1. 1. 1. 0. 0. 1. 1. 1. 1. 1. 1. 1. 1. 1. 1. 0. 0. 1. 1. 1. 0. 1. 1. 1. 1.],500,100,0.1,0.0015,1,23,best,34,best
3,0.2534059856936136,0.2534059856936136,0.0031654592599999996,[0.066561 0.       0.029707 0.       0.       0.044136 0.058248 0.049863 0.060877 0.       0.       0.02951  0.02293  0.038601 0.061893 0.070419 0.062938 0.030573 0.069482 0.019007 0.029193 0.       0.       0.0608   0.061969 0.015023 0.       0.001487 0.049158 0.043615 0.024011],[1. 0. 1. 0. 0. 1. 1. 1. 1. 0. 0. 1. 1. 1. 1. 1. 1. 1. 1. 1. 1. 0. 0. 1. 1. 1. 0. 1. 1. 1. 1.],500,100,0.1,0.0015,1,23,best,34,best
4,0.2534059856936136,0.2534059856936136,0.0031654592599999996,[0.066561 0.       0.029707 0.       0.       0.044136 0.058248 0.049863 0.060877 0.       0.       0.02951  0.02293  0.038601 0.061893 0.070419 0.062938 0.030573 0.069482 0.019007 0.029193 0.       0.       0.0608   0.061969 0.015023 0.       0.001487 0.049158 0.043615 0.024011],[1. 0. 1. 0. 0. 1. 1. 1. 1. 0. 0. 1. 1. 1. 1. 1. 1. 1. 1. 1. 1. 0. 0. 1. 1. 1. 0. 1. 1. 1. 1.],500,100,0.1,0.0015,1,23,best,34,best
5,0.2534059856936136,0.2534059856936136,0.0031654592599999996,[0.066561 0.       0.029707 0.       0.       0.044136 0.058248 0.049863 0.060877 0.       0.       0.02951  0.02293  0.038601 0.061893 0.070419 0.062938 0.030573 0.069482 0.019007 0.029193 0.       0.       0.0608   0.061969 0.015023 0.       0.001487 0.049158 0.043615 0.024011],[1. 0. 1. 0. 0. 1. 1. 1. 1. 0. 0. 1. 1. 1. 1. 1. 1. 1. 1. 1. 1. 0. 0. 1. 1. 1. 0. 1. 1. 1. 1.],500,100,0.1,0.0015,1,23,best,34,best
6,0.2534059856936136,0.2534059856936136,0.0031654592599999996,[0.066561 0.       0.029707 0.       0.       0.044136 0.058248 0.049863 0.060877 0.       0.       0.02951  0.02293  0.038601 0.061893 0.070419 0.062938 0.030573 0.069482 0.019007 0.029193 0.       0.       0.0608   0.061969 0.015023 0.       0.001487 0.049158 0.043615 0.024011],[1. 0. 1. 0. 0. 1. 1. 1. 1. 0. 0. 1. 1. 1. 1. 1. 1. 1. 1. 1. 1. 0. 0. 1. 1. 1. 0. 1. 1. 1. 1.],500,100,0.1,0.0015,1,23,best,34,best
7,0.2534059856936136,0.2534059856936136,0.0031654592599999996,[0.066561 0.       0.029707 0.       0.       0.044136 0.058248 0.049863 0.060877 0.       0.       0.02951  0.02293  0.038601 0.061893 0.070419 0.062938 0.030573 0.069482 0.019007 0.029193 0.       0.       0.0608   0.061969 0.015023 0.       0.001487 0.049158 0.043615 0.024011],[1. 0. 1. 0. 0. 1. 1. 1. 1. 0. 0. 1. 1. 1. 1. 1. 1. 1. 1. 1. 1. 0. 0. 1. 1. 1. 0. 1. 1. 1. 1.],500,100,0.1,0.0015,1,23,best,34,best
8,0.2534059856936136,0.2534059856936136,0.0031654592599999996,[0.066561 0.       0.029707 0.       0.       0.044136 0.058248 0.049863 0.060877 0.       0.       0.02951  0.02293  0.038601 0.061893 0.070419 0.062938 0.030573 0.069482 0.019007 0.029193 0.       0.       0.0608   0.061969 0.015023 0.       0.001487 0.049158 0.043615 0.024011],[1. 0. 1. 0. 0. 1. 1. 1. 1. 0. 0. 1. 1. 1. 1. 1. 1. 1. 1. 1. 1. 0. 0. 1. 1. 1. 0. 1. 1. 1. 1.],500,100,0.1,0.0015,1,23,best,34,best
9,0.2534059856936136,0.2534059856936136,0.0031654592599999996,[0.066561 0.       0.029707 0.       0.       0.044136 0.058248 0.049863 0.060877 0.       0.       0.02951  0.02293  0.038601 0.061893 0.070419 0.062938 0.030573 0.069482 0.019007 0.029193 0.       0.       0.0608   0.061969 0.015023 0.       0.001487 0.049158 0.043615 0.024011],[1. 0. 1. 0. 0. 1. 1. 1. 1. 0. 0. 1. 1. 1. 1. 1. 1. 1. 1. 1. 1. 0. 0. 1. 1. 1. 0. 1. 1. 1. 1.],500,100,0.1,0.0015,1,23,best,34,best
10,0.2534059856936136,0.2534059856936136,0.0031654592599999996,[0.066561 0.       0.029707 0.       0.       0.044136 0.058248 0.049863 0.060877 0.       0.       0.02951  0.02293  0.038601 0.061893 0.070419 0.062938 0.030573 0.069482 0.019007 0.029193 0.       0.       0.0608   0.061969 0.015023 0.       0.001487 0.049158 0.043615 0.024011],[1. 0. 1. 0. 0. 1. 1. 1. 1. 0. 0. 1. 1. 1. 1. 1. 1. 1. 1. 1. 1. 0. 0. 1. 1. 1. 0. 1. 1. 1. 1.],500,100,0.1,0.0015,1,23,best,34,best
11,0.2534059856936136,0.2534059856936136,0.0031654592599999996,[0.066561 0.       0.029707 0.       0.       0.044136 0.058248 0.049863 0.060877 0.       0.       0.02951  0.02293  0.038601 0.061893 0.070419 0.062938 0.030573 0.069482 0.019007 0.029193 0.       0.       0.0608   0.061969 0.015023 0.       0.001487 0.049158 0.043615 0.024011],[1. 0. 1. 0. 0. 1. 1. 1. 1. 0. 0. 1. 1. 1. 1. 1. 1. 1. 1. 1. 1. 0. 0. 1. 1. 1. 0. 1. 1. 1. 1.],500,100,0.1,0.0015,1,23,best,34,best
12,0.2534059856936136,0.2534059856936136,0.0031654592599999996,[0.066561 0.       0.029707 0.       0.       0.044136 0.058248 0.049863 0.060877 0.       0.       0.02951  0.02293  0.038601 0.061893 0.070419 0.062938 0.030573 0.069482 0.019007 0.029193 0.       0.       0.0608   0.061969 0.015023 0.       0.001487 0.049158 0.043615 0.024011],[1. 0. 1. 0. 0. 1. 1. 1. 1. 0. 0. 1. 1. 1. 1. 1. 1. 1. 1. 1. 1. 0. 0. 1. 1. 1. 0. 1. 1. 1. 1.],500,100,0.1,0.0015,1,23,best,34,best
13,0.2534059856936136,0.2534059856936136,0.0031654592599999996,[0.066561 0.       0.029707 0.       0.       0.044136 0.058248 0.049863 0.060877 0.       0.       0.02951  0.02293  0.038601 0.061893 0.070419 0.062938 0.030573 0.069482 0.019007 0.029193 0.       0.       0.0608   0.061969 0.015023 0.       0.001487 0.049158 0.043615 0.024011],[1. 0. 1. 0. 0. 1. 1. 1. 1. 0. 0. 1. 1. 1. 1. 1. 1. 1. 1. 1. 1. 0. 0. 1. 1. 1. 0. 1. 1. 1. 1.],500,100,0.1,0.0015,1,23,best,34,best
14,0.2534059856936136,0.2534059856936136,0.0031654592599999996,[0.066561 0.       0.029707 0.       0.       0.044136 0.058248 0.049863 0.060877 0.       0.       0.02951  0.02293  0.038601 0.061893 0.070419 0.062938 0.030573 0.069482 0.019007 0.029193 0.       0.       0.0608   0.061969 0.015023 0.       0.001487 0.049158 0.043615 0.024011],[1. 0. 1. 0. 0. 1. 1. 1. 1. 0. 0. 1. 1. 1. 1. 1. 1. 1. 1. 1. 1. 0. 0. 1. 1. 1. 0. 1. 1. 1. 1.],500,100,0.1,0.0015,1,23,best,34,best
15,0.2534059856936136,0.2534059856936136,0.0031654592599999996,[0.066561 0.       0.029707 0.       0.       0.044136 0.058248 0.049863 0.060877 0.       0.       0.02951  0.02293  0.038601 0.061893 0.070419 0.062938 0.030573 0.069482 0.019007 0.029193 0.       0.       0.0608   0.061969 0.015023 0.       0.001487 0.049158 0.043615 0.024011],[1. 0. 1. 0. 0. 1. 1. 1. 1. 0. 0. 1. 1. 1. 1. 1. 1. 1. 1. 1. 1. 0. 0. 1. 1. 1. 0. 1. 1. 1. 1.],500,100,0.1,0.0015,1,23,best,34,best
16,0.2534059856936136,0.2534059856936136,0.0031654592599999996,[0.066561 0.       0.029707 0.       0.       0.044136 0.058248 0.049863 0.060877 0.       0.       0.02951  0.02293  0.038601 0.061893 0.070419 0.062938 0.030573 0.069482 0.019007 0.029193 0.       0.       0.0608   0.061969 0.015023 0.       0.001487 0.049158 0.043615 0.024011],[1. 0. 1. 0. 0. 1. 1. 1. 1. 0. 0. 1. 1. 1. 1. 1. 1. 1. 1. 1. 1. 0. 0. 1. 1. 1. 0. 1. 1. 1. 1.],500,100,0.1,0.0015,1,23,best,34,best
17,0.2534059856936136,0.2534059856936136,0.0031654592599999996,[0.066561 0.       0.029707 0.       0.       0.044136 0.058248 0.049863 0.060877 0.       0.       0.02951  0.02293  0.038601 0.061893 0.070419 0.062938 0.030573 0.069482 0.019007 0.029193 0.       0.       0.0608   0.061969 0.015023 0.       0.001487 0.049158 0.043615 0.024011],[1. 0. 1. 0. 0. 1. 1. 1. 1. 0. 0. 1. 1. 1. 1. 1. 1. 1. 1. 1. 1. 0. 0. 1. 1. 1. 0. 1. 1. 1. 1.],500,100,0.1,0.0015,1,23,best,34,best
18,0.2534059856936136,0.2534059856936136,0.0031654592599999996,[0.066561 0.       0.029707 0.       0.       0.044136 0.058248 0.049863 0.060877 0.       0.       0.02951  0.02293  0.038601 0.061893 0.070419 0.062938 0.030573 0.069482 0.019007 0.029193 0.       0.       0.0608   0.061969 0.015023 0.       0.001487 0.049158 0.043615 0.024011],[1. 0. 1. 0. 0. 1. 1. 1. 1. 0. 0. 1. 1. 1. 1. 1. 1. 1. 1. 1. 1. 0. 0. 1. 1. 1. 0. 1. 1. 1. 1.],500,100,0.1,0.0015,1,23,best,34,best
19,0.2534059856936136,0.2534059856936136,0.0031654592599999996,[0.066561 0.       0.029707 0.       0.       0.044136 0.058248 0.049863 0.060877 0.       0.       0.02951  0.02293  0.038601 0.061893 0.070419 0.062938 0.030573 0.069482 0.019007 0.029193 0.       0.       0.0608   0.061969 0.015023 0.       0.001487 0.049158 0.043615 0.024011],[1. 0. 1. 0. 0. 1. 1. 1. 1. 0. 0. 1. 1. 1. 1. 1. 1. 1. 1. 1. 1. 0. 0. 1. 1. 1. 0. 1. 1. 1. 1.],500,100,0.1,0.0015,1,23,best,34,best
20,0.2534059856936136,0.2534059856936136,0.0031654592599999996,[0.066561 0.       0.029707 0.       0.       0.044136 0.058248 0.049863 0.060877 0.       0.       0.02951  0.02293  0.038601 0.061893 0.070419 0.062938 0.030573 0.069482 0.019007 0.029193 0.       0.       0.0608   0.061969 0.015023 0.       0.001487 0.049158 0.043615 0.024011],[1. 0. 1. 0. 0. 1. 1. 1. 1. 0. 0. 1. 1. 1. 1. 1. 1. 1. 1. 1. 1. 0. 0. 1. 1. 1. 0. 1. 1. 1. 1.],500,100,0.1,0.0015,1,23,best,34,best
21,0.2534059856936136,0.2534059856936136,0.0031654592599999996,[0.066561 0.       0.029707 0.       0.       0.044136 0.058248 0.049863 0.060877 0.       0.       0.02951  0.02293  0.038601 0.061893 0.070419 0.062938 0.030573 0.069482 0.019007 0.029193 0.       0.       0.0608   0.061969 0.015023 0.       0.001487 0.049158 0.043615 0.024011],[1. 0. 1. 0. 0. 1. 1. 1. 1. 0. 0. 1. 1. 1. 1. 1. 1. 1. 1. 1. 1. 0. 0. 1. 1. 1. 0. 1. 1. 1. 1.],500,100,0.1,0.0015,1,23,best,34,best
22,0.2534059856936136,0.2534059856936136,0.0031654592599999996,[0.066561 0.       0.029707 0.       0.       0.044136 0.058248 0.049863 0.060877 0.       0.       0.02951  0.02293  0.038601 0.061893 0.070419 0.062938 0.030573 0.069482 0.019007 0.029193 0.       0.       0.0608   0.061969 0.015023 0.       0.001487 0.049158 0.043615 0.024011],[1. 0. 1. 0. 0. 1. 1. 1. 1. 0. 0. 1. 1. 1. 1. 1. 1. 1. 1. 1. 1. 0. 0. 1. 1. 1. 0. 1. 1. 1. 1.],500,100,0.1,0.0015,1,23,best,34,best
23,0.2534059856936136,0.2534059856936136,0.0031654592599999996,[0.066561 0.       0.029707 0.       0.       0.044136 0.058248 0.049863 0.060877 0.       0.       0.02951  0.02293  0.038601 0.061893 0.070419 0.062938 0.030573 0.069482 0.019007 0.029193 0.       0.       0.0608   0.061969 0.015023 0.       0.001487 0.049158 0.043615 0.024011],[1. 0. 1. 0. 0. 1. 1. 1. 1. 0. 0. 1. 1. 1. 1. 1. 1. 1. 1. 1. 1. 0. 0. 1. 1. 1. 0. 1. 1. 1. 1.],500,100,0.1,0.0015,1,23,best,34,best
24,0.2534059856936136,0.2534059856936136,0.0031654592599999996,[0.066561 0.       0.029707 0.       0.       0.044136 0.058248 0.049863 0.060877 0.       0.       0.02951  0.02293  0.038601 0.061893 0.070419 0.062938 0.030573 0.069482 0.019007 0.029193 0.       0.       0.0608   0.061969 0.015023 0.       0.001487 0.049158 0.043615 0.024011],[1. 0. 1. 0. 0. 1. 1. 1. 1. 0. 0. 1. 1. 1. 1. 1. 1. 1. 1. 1. 1. 0. 0. 1. 1. 1. 0. 1. 1. 1. 1.],500,100,0.1,0.0015,1,23,best,34,best
25,0.2534059856936136,0.2534059856936136,0.0031654592599999996,[0.066561 0.       0.029707 0.       0.       0.044136 0.058248 0.049863 0.060877 0.       0.       0.02951  0.02293  0.038601 0.061893 0.070419 0.062938 0.030573 0.069482 0.019007 0.029193 0.       0.       0.0608   0.061969 0.015023 0.       0.001487 0.049158 0.043615 0.024011],[1. 0. 1. 0. 0. 1. 1. 1. 1. 0. 0. 1. 1. 1. 1. 1. 1. 1. 1. 1. 1. 0. 0. 1. 1. 1. 0. 1. 1. 1. 1.],500,100,0.1,0.0015,1,23,best,34,best
26,0.2534059856936136,0.2534059856936136,0.0031654592599999996,[0.066561 0.       0.029707 0.       0.       0.044136 0.058248 0.049863 0.060877 0.       0.       0.02951  0.02293  0.038601 0.061893 0.070419 0.062938 0.030573 0.069482 0.019007 0.029193 0.       0.       0.0608   0.061969 0.015023 0.       0.001487 0.049158 0.043615 0.024011],[1. 0. 1. 0. 0. 1. 1. 1. 1. 0. 0. 1. 1. 1. 1. 1. 1. 1. 1. 1. 1. 0. 0. 1. 1. 1. 0. 1. 1. 1. 1.],500,100,0.1,0.0015,1,23,best,34,best
27,0.2534059856936136,0.2534059856936136,0.0031654592599999996,[0.066561 0.       0.029707 0.       0.       0.044136 0.058248 0.049863 0.060877 0.       0.       0.02951  0.02293  0.038601 0.061893 0.070419 0.062938 0.030573 0.069482 0.019007 0.029193 0.       0.       0.0608   0.061969 0.015023 0.       0.001487 0.049158 0.043615 0.024011],[1. 0. 1. 0. 0. 1. 1. 1. 1. 0. 0. 1. 1. 1. 1. 1. 1. 1. 1. 1. 1. 0. 0. 1. 1. 1. 0. 1. 1. 1. 1.],500,100,0.1,0.0015,1,23,best,34,best
28,0.2534059856936136,0.2534059856936136,0.0031654592599999996,[0.066561 0.       0.029707 0.       0.       0.044136 0.058248 0.049863 0.060877 0.       0.       0.02951  0.02293  0.038601 0.061893 0.070419 0.062938 0.030573 0.069482 0.019007 0.029193 0.       0.       0.0608   0.061969 0.015023 0.       0.001487 0.049158 0.043615 0.024011],[1. 0. 1. 0. 0. 1. 1. 1. 1. 0. 0. 1. 1. 1. 1. 1. 1. 1. 1. 1. 1. 0. 0. 1. 1. 1. 0. 1. 1. 1. 1.],500,100,0.1,0.0015,1,23,best,34,best
29,0.2534059856936136,0.2534059856936136,0.0031654592599999996,[0.066561 0.       0.029707 0.       0.       0.044136 0.058248 0.049863 0.060877 0.       0.       0.02951  0.02293  0.038601 0.061893 0.070419 0.062938 0.030573 0.069482 0.019007 0.029193 0.       0.       0.0608   0.061969 0.015023 0.       0.001487 0.049158 0.043615 0.024011],[1. 0. 1. 0. 0. 1. 1. 1. 1. 0. 0. 1. 1. 1. 1. 1. 1. 1. 1. 1. 1. 0. 0. 1. 1. 1. 0. 1. 1. 1. 1.],500,100,0.1,0.0015,1,23,best,34,best
30,0.2534059856936136,0.2534059856936136,0.0031654592599999996,[0.066561 0.       0.029707 0.       0.       0.044136 0.058248 0.049863 0.060877 0.       0.       0.02951  0.02293  0.038601 0.061893 0.070419 0.062938 0.030573 0.069482 0.019007 0.029193 0.       0.       0.0608   0.061969 0.015023 0.       0.001487 0.049158 0.043615 0.024011],[1. 0. 1. 0. 0. 1. 1. 1. 1. 0. 0. 1. 1. 1. 1. 1. 1. 1. 1. 1. 1. 0. 0. 1. 1. 1. 0. 1. 1. 1. 1.],500,100,0.1,0.0015,1,23,best,34,best
31,0.2534059856936136,0.2534059856936136,0.0031654592599999996,[0.066561 0.       0.029707 0.       0.       0.044136 0.058248 0.049863 0.060877 0.       0.       0.02951  0.02293  0.038601 0.061893 0.070419 0.062938 0.030573 0.069482 0.019007 0.029193 0.       0.       0.0608   0.061969 0.015023 0.       0.001487 0.049158 0.043615 0.024011],[1. 0. 1. 0. 0. 1. 1. 1. 1. 0. 0. 1. 1. 1. 1. 1. 1. 1. 1. 1. 1. 0. 0. 1. 1. 1. 0. 1. 1. 1. 1.],500,100,0.1,0.0015,1,23,best,34,best
32,0.2534059856936136,0.2534059856936136,0.0031654592599999996,[0.066561 0.       0.029707 0.       0.       0.044136 0.058248 0.049863 0.060877 0.       0.       0.02951  0.02293  0.038601 0.061893 0.070419 0.062938 0.030573 0.069482 0.019007 0.029193 0.       0.       0.0608   0.061969 0.015023 0.       0.001487 0.049158 0.043615 0.024011],[1. 0. 1. 0. 0. 1. 1. 1. 1. 0. 0. 1. 1. 1. 1. 1. 1. 1. 1. 1. 1. 0. 0. 1. 1. 1. 0. 1. 1. 1. 1.],500,100,0.1,0.0015,1,23,best,34,best
33,0.2534059856936136,0.2534059856936136,0.0031654592599999996,[0.066561 0.       0.029707 0.       0.       0.044136 0.058248 0.049863 0.060877 0.       0.       0.02951  0.02293  0.038601 0.061893 0.070419 0.062938 0.030573 0.069482 0.019007 0.029193 0.       0.       0.0608   0.061969 0.015023 0.       0.001487 0.049158 0.043615 0.024011],[1. 0. 1. 0. 0. 1. 1. 1. 1. 0. 0. 1. 1. 1. 1. 1. 1. 1. 1. 1. 1. 0. 0. 1. 1. 1. 0. 1. 1. 1. 1.],500,100,0.1,0.0015,1,23,best,34,best
34,0.2534059856936136,0.2534059856936136,0.0031654592599999996,[0.066561 0.       0.029707 0.       0.       0.044136 0.058248 0.049863 0.060877 0.       0.       0.02951  0.02293  0.038601 0.061893 0.070419 0.062938 0.030573 0.069482 0.019007 0.029193 0.       0.       0.0608   0.061969 0.015023 0.       0.001487 0.049158 0.043615 0.024011],[1. 0. 1. 0. 0. 1. 1. 1. 1. 0. 0. 1. 1. 1. 1. 1. 1. 1. 1. 1. 1. 0. 0. 1. 1. 1. 0. 1. 1. 1. 1.],500,100,0.1,0.0015,1,23,best,34,best
35,0.2534059856936136,0.2534059856936136,0.0031654592599999996,[0.066561 0.       0.029707 0.       0.       0.044136 0.058248 0.049863 0.060877 0.       0.       0.02951  0.02293  0.038601 0.061893 0.070419 0.062938 0.030573 0.069482 0.019007 0.029193 0.       0.       0.0608   0.061969 0.015023 0.       0.001487 0.049158 0.043615 0.024011],[1. 0. 1. 0. 0. 1. 1. 1. 1. 0. 0. 1. 1. 1. 1. 1. 1. 1. 1. 1. 1. 0. 0. 1. 1. 1. 0. 1. 1. 1. 1.],500,100,0.1,0.0015,1,23,best,34,best
36,0.2534059856936136,0.2534059856936136,0.0031654592599999996,[0.066561 0.       0.029707 0.       0.       0.044136 0.058248 0.049863 0.060877 0.       0.       0.02951  0.02293  0.038601 0.061893 0.070419 0.062938 0.030573 0.069482 0.019007 0.029193 0.       0.       0.0608   0.061969 0.015023 0.       0.001487 0.049158 0.043615 0.024011],[1. 0. 1. 0. 0. 1. 1. 1. 1. 0. 0. 1. 1. 1. 1. 1. 1. 1. 1. 1. 1. 0. 0. 1. 1. 1. 0. 1. 1. 1. 1.],500,100,0.1,0.0015,1,23,best,34,best
37,0.2534059856936136,0.2534059856936136,0.0031654592599999996,[0.066561 0.       0.029707 0.       0.       0.044136 0.058248 0.049863 0.060877 0.       0.       0.02951  0.02293  0.038601 0.061893 0.070419 0.062938 0.030573 0.069482 0.019007 0.029193 0.       0.       0.0608   0.061969 0.015023 0.       0.001487 0.049158 0.043615 0.024011],[1. 0. 1. 0. 0. 1. 1. 1. 1. 0. 0. 1. 1. 1. 1. 1. 1. 1. 1. 1. 1. 0. 0. 1. 1. 1. 0. 1. 1. 1. 1.],500,100,0.1,0.0015,1,23,best,34,best
38,0.2534059856936136,0.2534059856936136,0.0031654592599999996,[0.066561 0.       0.029707 0.       0.       0.044136 0.058248 0.049863 0.060877 0.       0.       0.02951  0.02293  0.038601 0.061893 0.070419 0.062938 0.030573 0.069482 0.019007 0.029193 0.       0.       0.0608   0.061969 0.015023 0.       0.001487 0.049158 0.043615 0.024011],[1. 0. 1. 0. 0. 1. 1. 1. 1. 0. 0. 1. 1. 1. 1. 1. 1. 1. 1. 1. 1. 0. 0. 1. 1. 1. 0. 1. 1. 1. 1.],500,100,0.1,0.0015,1,23,best,34,best
39,0.2534059856936136,0.2534059856936136,0.0031654592599999996,[0.066561 0.       0.029707 0.       0.       0.044136 0.058248 0.049863 0.060877 0.       0.       0.02951  0.02293  0.038601 0.061893 0.070419 0.062938 0.030573 0.069482 0.019007 0.029193 0.       0.       0.0608   0.061969 0.015023 0.       0.001487 0.049158 0.043615 0.024011],[1. 0. 1. 0. 0. 1. 1. 1. 1. 0. 0. 1. 1. 1. 1. 1. 1. 1. 1. 1. 1. 0. 0. 1. 1. 1. 0. 1. 1. 1. 1.],500,100,0.1,0.0015,1,23,best,34,best
40,0.2534059856936136,0.2534059856936136,0.0031654592599999996,[0.066561 0.       0.029707 0.       0.       0.044136 0.058248 0.049863 0.060877 0.       0.       0.02951  0.02293  0.038601 0.061893 0.070419 0.062938 0.030573 0.069482 0.019007 0.029193 0.       0.       0.0608   0.061969 0.015023 0.       0.001487 0.049158 0.043615 0.024011],[1. 0. 1. 0. 0. 1. 1. 1. 1. 0. 0. 1. 1. 1. 1. 1. 1. 1. 1. 1. 1. 0. 0. 1. 1. 1. 0. 1. 1. 1. 1.],500,100,0.1,0.0015,1,23,best,34,best
41,0.2534059856936136,0.2534059856936136,0.0031654592599999996,[0.066561 0.       0.029707 0.       0.       0.044136 0.058248 0.049863 0.060877 0.       0.       0.02951  0.02293  0.038601 0.061893 0.070419 0.062938 0.030573 0.069482 0.019007 0.029193 0.       0.       0.0608   0.061969 0.015023 0.       0.001487 0.049158 0.043615 0.024011],[1. 0. 1. 0. 0. 1. 1. 1. 1. 0. 0. 1. 1. 1. 1. 1. 1. 1. 1. 1. 1. 0. 0. 1. 1. 1. 0. 1. 1. 1. 1.],500,100,0.1,0.0015,1,23,best,34,best
42,0.2534059856936136,0.2534059856936136,0.0031654592599999996,[0.066561 0.       0.029707 0.       0.       0.044136 0.058248 0.049863 0.060877 0.       0.       0.02951  0.02293  0.038601 0.061893 0.070419 0.062938 0.030573 0.069482 0.019007 0.029193 0.       0.       0.0608   0.061969 0.015023 0.       0.001487 0.049158 0.043615 0.024011],[1. 0. 1. 0. 0. 1. 1. 1. 1. 0. 0. 1. 1. 1. 1. 1. 1. 1. 1. 1. 1. 0. 0. 1. 1. 1. 0. 1. 1. 1. 1.],500,100,0.1,0.0015,1,23,best,34,best
43,0.2534059856936136,0.2534059856936136,0.0031654592599999996,[0.066561 0.       0.029707 0.       0.       0.044136 0.058248 0.049863 0.060877 0.       0.       0.02951  0.02293  0.038601 0.061893 0.070419 0.062938 0.030573 0.069482 0.019007 0.029193 0.       0.       0.0608   0.061969 0.015023 0.       0.001487 0.049158 0.043615 0.024011],[1. 0. 1. 0. 0. 1. 1. 1. 1. 0. 0. 1. 1. 1. 1. 1. 1. 1. 1. 1. 1. 0. 0. 1. 1. 1. 0. 1. 1. 1. 1.],500,100,0.1,0.0015,1,23,best,34,best
44,0.2534059856936136,0.2534059856936136,0.0031654592599999996,[0.066561 0.       0.029707 0.       0.       0.044136 0.058248 0.049863 0.060877 0.       0.       0.02951  0.02293  0.038601 0.061893 0.070419 0.062938 0.030573 0.069482 0.019007 0.029193 0.       0.       0.0608   0.061969 0.015023 0.       0.001487 0.049158 0.043615 0.024011],[1. 0. 1. 0. 0. 1. 1. 1. 1. 0. 0. 1. 1. 1. 1. 1. 1. 1. 1. 1. 1. 0. 0. 1. 1. 1. 0. 1. 1. 1. 1.],500,100,0.1,0.0015,1,23,best,34,best
45,0.2534059856936136,0.2534059856936136,0.0031654592599999996,[0.066561 0.       0.029707 0.       0.       0.044136 0.058248 0.049863 0.060877 0.       0.       0.02951  0.02293  0.038601 0.061893 0.070419 0.062938 0.030573 0.069482 0.019007 0.029193 0.       0.       0.0608   0.061969 0.015023 0.       0.001487 0.049158 0.043615 0.024011],[1. 0. 1. 0. 0. 1. 1. 1. 1. 0. 0. 1. 1. 1. 1. 1. 1. 1. 1. 1. 1. 0. 0. 1. 1. 1. 0. 1. 1. 1. 1.],500,100,0.1,0.0015,1,23,best,34,best
46,0.2534059856936136,0.2534059856936136,0.0031654592599999996,[0.066561 0.       0.029707 0.       0.       0.044136 0.058248 0.049863 0.060877 0.       0.       0.02951  0.02293  0.038601 0.061893 0.070419 0.062938 0.030573 0.069482 0.019007 0.029193 0.       0.       0.0608   0.061969 0.015023 0.       0.001487 0.049158 0.043615 0.024011],[1. 0. 1. 0. 0. 1. 1. 1. 1. 0. 0. 1. 1. 1. 1. 1. 1. 1. 1. 1. 1. 0. 0. 1. 1. 1. 0. 1. 1. 1. 1.],500,100,0.1,0.0015,1,23,best,34,best
47,0.2534059856936136,0.2534059856936136,0.0031654592599999996,[0.066561 0.       0.029707 0.       0.       0.044136 0.058248 0.049863 0.060877 0.       0.       0.02951  0.02293  0.038601 0.061893 0.070419 0.062938 0.030573 0.069482 0.019007 0.029193 0.       0.       0.0608   0.061969 0.015023 0.       0.001487 0.049158 0.043615 0.024011],[1. 0. 1. 0. 0. 1. 1. 1. 1. 0. 0. 1. 1. 1. 1. 1. 1. 1. 1. 1. 1. 0. 0. 1. 1. 1. 0. 1. 1. 1. 1.],500,100,0.1,0.0015,1,23,best,34,best
48,0.2534059856936136,0.2534059856936136,0.0031654592599999996,[0.066561 0.       0.029707 0.       0.       0.044136 0.058248 0.049863 0.060877 0.       0.       0.02951  0.02293  0.038601 0.061893 0.070419 0.062938 0.030573 0.069482 0.019007 0.029193 0.       0.       0.0608   0.061969 0.015023 0.       0.001487 0.049158 0.043615 0.024011],[1. 0. 1. 0. 0. 1. 1. 1. 1. 0. 0. 1. 1. 1. 1. 1. 1. 1. 1. 1. 1. 0. 0. 1. 1. 1. 0. 1. 1. 1. 1.],500,100,0.1,0.0015,1,23,best,34,best
49,0.2534059856936136,0.2534059856936136,0.0031654592599999996,[0.066561 0.       0.029707 0.       0.       0.044136 0.058248 0.049863 0.060877 0.       0.       0.02951  0.02293  0.038601 0.061893 0.070419 0.062938 0.030573 0.069482 0.019007 0.029193 0.       0.       0.0608   0.061969 0.015023 0.       0.001487 0.049158 0.043615 0.024011],[1. 0. 1. 0. 0. 1. 1. 1. 1. 0. 0. 1. 1. 1. 1. 1. 1. 1. 1. 1. 1. 0. 0. 1. 1. 1. 0. 1. 1. 1. 1.],500,100,0.1,0.0015,1,23,best,34,best
50,0.2534059856936136,0.2534059856936136,0.0031654592599999996,[0.066561 0.       0.029707 0.       0.       0.044136 0.058248 0.049863 0.060877 0.       0.       0.02951  0.02293  0.038601 0.061893 0.070419 0.062938 0.030573 0.069482 0.019007 0.029193 0.       0.       0.0608   0.061969 0.015023 0.       0.001487 0.049158 0.043615 0.024011],[1. 0. 1. 0. 0. 1. 1. 1. 1. 0. 0. 1. 1. 1. 1. 1. 1. 1. 1. 1. 1. 0. 0. 1. 1. 1. 0. 1. 1. 1. 1.],500,100,0.1,0.0015,1,23,best,34,best
51,0.2534059856936136,0.2534059856936136,0.0031654592599999996,[0.066561 0.       0.029707 0.       0.       0.044136 0.058248 0.049863 0.060877 0.       0.       0.02951  0.02293  0.038601 0.061893 0.070419 0.062938 0.030573 0.069482 0.019007 0.029193 0.       0.       0.0608   0.061969 0.015023 0.       0.001487 0.049158 0.043615 0.024011],[1. 0. 1. 0. 0. 1. 1. 1. 1. 0. 0. 1. 1. 1. 1. 1. 1. 1. 1. 1. 1. 0. 0. 1. 1. 1. 0. 1. 1. 1. 1.],500,100,0.1,0.0015,1,23,best,34,best
52,0.2534059856936136,0.2534059856936136,0.0031654592599999996,[0.066561 0.       0.029707 0.       0.       0.044136 0.058248 0.049863 0.060877 0.       0.       0.02951  0.02293  0.038601 0.061893 0.070419 0.062938 0.030573 0.069482 0.019007 0.029193 0.       0.       0.0608   0.061969 0.015023 0.       0.001487 0.049158 0.043615 0.024011],[1. 0. 1. 0. 0. 1. 1. 1. 1. 0. 0. 1. 1. 1. 1. 1. 1. 1. 1. 1. 1. 0. 0. 1. 1. 1. 0. 1. 1. 1. 1.],500,100,0.1,0.0015,1,23,best,34,best
53,0.2534059856936136,0.2534059856936136,0.0031654592599999996,[0.066561 0.       0.029707 0.       0.       0.044136 0.058248 0.049863 0.060877 0.       0.       0.02951  0.02293  0.038601 0.061893 0.070419 0.062938 0.030573 0.069482 0.019007 0.029193 0.       0.       0.0608   0.061969 0.015023 0.       0.001487 0.049158 0.043615 0.024011],[1. 0. 1. 0. 0. 1. 1. 1. 1. 0. 0. 1. 1. 1. 1. 1. 1. 1. 1. 1. 1. 0. 0. 1. 1. 1. 0. 1. 1. 1. 1.],500,100,0.1,0.0015,1,23,best,34,best
54,0.2534059856936136,0.2534059856936136,0.0031654592599999996,[0.066561 0.       0.029707 0.       0.       0.044136 0.058248 0.049863 0.060877 0.       0.       0.02951  0.02293  0.038601 0.061893 0.070419 0.062938 0.030573 0.069482 0.019007 0.029193 0.       0.       0.0608   0.061969 0.015023 0.       0.001487 0.049158 0.043615 0.024011],[1. 0. 1. 0. 0. 1. 1. 1. 1. 0. 0. 1. 1. 1. 1. 1. 1. 1. 1. 1. 1. 0. 0. 1. 1. 1. 0. 1. 1. 1. 1.],500,100,0.1,0.0015,1,23,best,34,best
55,0.2534059856936136,0.2534059856936136,0.0031654592599999996,[0.066561 0.       0.029707 0.       0.       0.044136 0.058248 0.049863 0.060877 0.       0.       0.02951  0.02293  0.038601 0.061893 0.070419 0.062938 0.030573 0.069482 0.019007 0.029193 0.       0.       0.0608   0.061969 0.015023 0.       0.001487 0.049158 0.043615 0.024011],[1. 0. 1. 0. 0. 1. 1. 1. 1. 0. 0. 1. 1. 1. 1. 1. 1. 1. 1. 1. 1. 0. 0. 1. 1. 1. 0. 1. 1. 1. 1.],500,100,0.1,0.0015,1,23,best,34,best
56,0.2534059856936136,0.2534059856936136,0.0031654592599999996,[0.066561 0.       0.029707 0.       0.       0.044136 0.058248 0.049863 0.060877 0.       0.       0.02951  0.02293  0.038601 0.061893 0.070419 0.062938 0.030573 0.069482 0.019007 0.029193 0.       0.       0.0608   0.061969 0.015023 0.       0.001487 0.049158 0.043615 0.024011],[1. 0. 1. 0. 0. 1. 1. 1. 1. 0. 0. 1. 1. 1. 1. 1. 1. 1. 1. 1. 1. 0. 0. 1. 1. 1. 0. 1. 1. 1. 1.],500,100,0.1,0.0015,1,23,best,34,best
57,0.2534059856936136,0.2534059856936136,0.0031654592599999996,[0.066561 0.       0.029707 0.       0.       0.044136 0.058248 0.049863 0.060877 0.       0.       0.02951  0.02293  0.038601 0.061893 0.070419 0.062938 0.030573 0.069482 0.019007 0.029193 0.       0.       0.0608   0.061969 0.015023 0.       0.001487 0.049158 0.043615 0.024011],[1. 0. 1. 0. 0. 1. 1. 1. 1. 0. 0. 1. 1. 1. 1. 1. 1. 1. 1. 1. 1. 0. 0. 1. 1. 1. 0. 1. 1. 1. 1.],500,100,0.1,0.0015,1,23,best,34,best
58,0.2534059856936136,0.2534059856936136,0.0031654592599999996,[0.066561 0.       0.029707 0.       0.       0.044136 0.058248 0.049863 0.060877 0.       0.       0.02951  0.02293  0.038601 0.061893 0.070419 0.062938 0.030573 0.069482 0.019007 0.029193 0.       0.       0.0608   0.061969 0.015023 0.       0.001487 0.049158 0.043615 0.024011],[1. 0. 1. 0. 0. 1. 1. 1. 1. 0. 0. 1. 1. 1. 1. 1. 1. 1. 1. 1. 1. 0. 0. 1. 1. 1. 0. 1. 1. 1. 1.],500,100,0.1,0.0015,1,23,best,34,best
59,0.2534059856936136,0.2534059856936136,0.0031654592599999996,[0.066561 0.       0.029707 0.       0.       0.044136 0.058248 0.049863 0.060877 0.       0.       0.02951  0.02293  0.038601 0.061893 0.070419 0.062938 0.030573 0.069482 0.019007 0.029193 0.       0.       0.0608   0.061969 0.015023 0.       0.001487 0.049158 0.043615 0.024011],[1. 0. 1. 0. 0. 1. 1. 1. 1. 0. 0. 1. 1. 1. 1. 1. 1. 1. 1. 1. 1. 0. 0. 1. 1. 1. 0. 1. 1. 1. 1.],500,100,0.1,0.0015,1,23,best,34,best
60,0.2534059856936136,0.2534059856936136,0.0031654592599999996,[0.066561 0.       0.029707 0.       0.       0.044136 0.058248 0.049863 0.060877 0.       0.       0.02951  0.02293  0.038601 0.061893 0.070419 0.062938 0.030573 0.069482 0.019007 0.029193 0.       0.       0.0608   0.061969 0.015023 0.       0.001487 0.049158 0.043615 0.024011],[1. 0. 1. 0. 0. 1. 1. 1. 1. 0. 0. 1. 1. 1. 1. 1. 1. 1. 1. 1. 1. 0. 0. 1. 1. 1. 0. 1. 1. 1. 1.],500,100,0.1,0.0015,1,23,best,34,best
61,0.2534059856936136,0.2534059856936136,0.0031654592599999996,[0.066561 0.       0.029707 0.       0.       0.044136 0.058248 0.049863 0.060877 0.       0.       0.02951  0.02293  0.038601 0.061893 0.070419 0.062938 0.030573 0.069482 0.019007 0.029193 0.       0.       0.0608   0.061969 0.015023 0.       0.001487 0.049158 0.043615 0.024011],[1. 0. 1. 0. 0. 1. 1. 1. 1. 0. 0. 1. 1. 1. 1. 1. 1. 1. 1. 1. 1. 0. 0. 1. 1. 1. 0. 1. 1. 1. 1.],500,100,0.1,0.0015,1,23,best,34,best
62,0.2534059856936136,0.2534059856936136,0.0031654592599999996,[0.066561 0.       0.029707 0.       0.       0.044136 0.058248 0.049863 0.060877 0.       0.       0.02951  0.02293  0.038601 0.061893 0.070419 0.062938 0.030573 0.069482 0.019007 0.029193 0.       0.       0.0608   0.061969 0.015023 0.       0.001487 0.049158 0.043615 0.024011],[1. 0. 1. 0. 0. 1. 1. 1. 1. 0. 0. 1. 1. 1. 1. 1. 1. 1. 1. 1. 1. 0. 0. 1. 1. 1. 0. 1. 1. 1. 1.],500,100,0.1,0.0015,1,23,best,34,best
63,0.2534059856936136,0.2534059856936136,0.0031654592599999996,[0.066561 0.       0.029707 0.       0.       0.044136 0.058248 0.049863 0.060877 0.       0.       0.02951  0.02293  0.038601 0.061893 0.070419 0.062938 0.030573 0.069482 0.019007 0.029193 0.       0.       0.0608   0.061969 0.015023 0.       0.001487 0.049158 0.043615 0.024011],[1. 0. 1. 0. 0. 1. 1. 1. 1. 0. 0. 1. 1. 1. 1. 1. 1. 1. 1. 1. 1. 0. 0. 1. 1. 1. 0. 1. 1. 1. 1.],500,100,0.1,0.0015,1,23,best,34,best
64,0.2534059856936136,0.2534059856936136,0.0031654592599999996,[0.066561 0.       0.029707 0.       0.       0.044136 0.058248 0.049863 0.060877 0.       0.       0.02951  0.02293  0.038601 0.061893 0.070419 0.062938 0.030573 0.069482 0.019007 0.029193 0.       0.       0.0608   0.061969 0.015023 0.       0.001487 0.049158 0.043615 0.024011],[1. 0. 1. 0. 0. 1. 1. 1. 1. 0. 0. 1. 1. 1. 1. 1. 1. 1. 1. 1. 1. 0. 0. 1. 1. 1. 0. 1. 1. 1. 1.],500,100,0.1,0.0015,1,23,best,34,best
65,0.2534059856936136,0.2534059856936136,0.0031654592599999996,[0.066561 0.       0.029707 0.       0.       0.044136 0.058248 0.049863 0.060877 0.       0.       0.02951  0.02293  0.038601 0.061893 0.070419 0.062938 0.030573 0.069482 0.019007 0.029193 0.       0.       0.0608   0.061969 0.015023 0.       0.001487 0.049158 0.043615 0.024011],[1. 0. 1. 0. 0. 1. 1. 1. 1. 0. 0. 1. 1. 1. 1. 1. 1. 1. 1. 1. 1. 0. 0. 1. 1. 1. 0. 1. 1. 1. 1.],500,100,0.1,0.0015,1,23,best,34,best
66,0.2534059856936136,0.2534059856936136,0.0031654592599999996,[0.066561 0.       0.029707 0.       0.       0.044136 0.058248 0.049863 0.060877 0.       0.       0.02951  0.02293  0.038601 0.061893 0.070419 0.062938 0.030573 0.069482 0.019007 0.029193 0.       0.       0.0608   0.061969 0.015023 0.       0.001487 0.049158 0.043615 0.024011],[1. 0. 1. 0. 0. 1. 1. 1. 1. 0. 0. 1. 1. 1. 1. 1. 1. 1. 1. 1. 1. 0. 0. 1. 1. 1. 0. 1. 1. 1. 1.],500,100,0.1,0.0015,1,23,best,34,best
67,0.2534059856936136,0.2534059856936136,0.0031654592599999996,[0.066561 0.       0.029707 0.       0.       0.044136 0.058248 0.049863 0.060877 0.       0.       0.02951  0.02293  0.038601 0.061893 0.070419 0.062938 0.030573 0.069482 0.019007 0.029193 0.       0.       0.0608   0.061969 0.015023 0.       0.001487 0.049158 0.043615 0.024011],[1. 0. 1. 0. 0. 1. 1. 1. 1. 0. 0. 1. 1. 1. 1. 1. 1. 1. 1. 1. 1. 0. 0. 1. 1. 1. 0. 1. 1. 1. 1.],500,100,0.1,0.0015,1,23,best,34,best
68,0.2534059856936136,0.2534059856936136,0.0031654592599999996,[0.066561 0.       0.029707 0.       0.       0.044136 0.058248 0.049863 0.060877 0.       0.       0.02951  0.02293  0.038601 0.061893 0.070419 0.062938 0.030573 0.069482 0.019007 0.029193 0.       0.       0.0608   0.061969 0.015023 0.       0.001487 0.049158 0.043615 0.024011],[1. 0. 1. 0. 0. 1. 1. 1. 1. 0. 0. 1. 1. 1. 1. 1. 1. 1. 1. 1. 1. 0. 0. 1. 1. 1. 0. 1. 1. 1. 1.],500,100,0.1,0.0015,1,23,best,34,best
69,0.2534059856936136,0.2534059856936136,0.0031654592599999996,[0.066561 0.       0.029707 0.       0.       0.044136 0.058248 0.049863 0.060877 0.       0.       0.02951  0.02293  0.038601 0.061893 0.070419 0.062938 0.030573 0.069482 0.019007 0.029193 0.       0.       0.0608   0.061969 0.015023 0.       0.001487 0.049158 0.043615 0.024011],[1. 0. 1. 0. 0. 1. 1. 1. 1. 0. 0. 1. 1. 1. 1. 1. 1. 1. 1. 1. 1. 0. 0. 1. 1. 1. 0. 1. 1. 1. 1.],500,100,0.1,0.0015,1,23,best,34,best
70,0.2534059856936136,0.2534059856936136,0.0031654592599999996,[0.066561 0.       0.029707 0.       0.       0.044136 0.058248 0.049863 0.060877 0.       0.       0.02951  0.02293  0.038601 0.061893 0.070419 0.062938 0.030573 0.069482 0.019007 0.029193 0.       0.       0.0608   0.061969 0.015023 0.       0.001487 0.049158 0.043615 0.024011],[1. 0. 1. 0. 0. 1. 1. 1. 1. 0. 0. 1. 1. 1. 1. 1. 1. 1. 1. 1. 1. 0. 0. 1. 1. 1. 0. 1. 1. 1. 1.],500,100,0.1,0.0015,1,23,best,34,best
71,0.2534059856936136,0.2534059856936136,0.0031654592599999996,[0.066561 0.       0.029707 0.       0.       0.044136 0.058248 0.049863 0.060877 0.       0.       0.02951  0.02293  0.038601 0.061893 0.070419 0.062938 0.030573 0.069482 0.019007 0.029193 0.       0.       0.0608   0.061969 0.015023 0.       0.001487 0.049158 0.043615 0.024011],[1. 0. 1. 0. 0. 1. 1. 1. 1. 0. 0. 1. 1. 1. 1. 1. 1. 1. 1. 1. 1. 0. 0. 1. 1. 1. 0. 1. 1. 1. 1.],500,100,0.1,0.0015,1,23,best,34,best
72,0.2534059856936136,0.2534059856936136,0.0031654592599999996,[0.066561 0.       0.029707 0.       0.       0.044136 0.058248 0.049863 0.060877 0.       0.       0.02951  0.02293  0.038601 0.061893 0.070419 0.062938 0.030573 0.069482 0.019007 0.029193 0.       0.       0.0608   0.061969 0.015023 0.       0.001487 0.049158 0.043615 0.024011],[1. 0. 1. 0. 0. 1. 1. 1. 1. 0. 0. 1. 1. 1. 1. 1. 1. 1. 1. 1. 1. 0. 0. 1. 1. 1. 0. 1. 1. 1. 1.],500,100,0.1,0.0015,1,23,best,34,best
73,0.2534059856936136,0.2534059856936136,0.0031654592599999996,[0.066561 0.       0.029707 0.       0.       0.044136 0.058248 0.049863 0.060877 0.       0.       0.02951  0.02293  0.038601 0.061893 0.070419 0.062938 0.030573 0.069482 0.019007 0.029193 0.       0.       0.0608   0.061969 0.015023 0.       0.001487 0.049158 0.043615 0.024011],[1. 0. 1. 0. 0. 1. 1. 1. 1. 0. 0. 1. 1. 1. 1. 1. 1. 1. 1. 1. 1. 0. 0. 1. 1. 1. 0. 1. 1. 1. 1.],500,100,0.1,0.0015,1,23,best,34,best
74,0.2534059856936136,0.2534059856936136,0.0031654592599999996,[0.066561 0.       0.029707 0.       0.       0.044136 0.058248 0.049863 0.060877 0.       0.       0.02951  0.02293  0.038601 0.061893 0.070419 0.062938 0.030573 0.069482 0.019007 0.029193 0.       0.       0.0608   0.061969 0.015023 0.       0.001487 0.049158 0.043615 0.024011],[1. 0. 1. 0. 0. 1. 1. 1. 1. 0. 0. 1. 1. 1. 1. 1. 1. 1. 1. 1. 1. 0. 0. 1. 1. 1. 0. 1. 1. 1. 1.],500,100,0.1,0.0015,1,23,best,34,best
75,0.2534059856936136,0.2534059856936136,0.0031654592599999996,[0.066561 0.       0.029707 0.       0.       0.044136 0.058248 0.049863 0.060877 0.       0.       0.02951  0.02293  0.038601 0.061893 0.070419 0.062938 0.030573 0.069482 0.019007 0.029193 0.       0.       0.0608   0.061969 0.015023 0.       0.001487 0.049158 0.043615 0.024011],[1. 0. 1. 0. 0. 1. 1. 1. 1. 0. 0. 1. 1. 1. 1. 1. 1. 1. 1. 1. 1. 0. 0. 1. 1. 1. 0. 1. 1. 1. 1.],500,100,0.1,0.0015,1,23,best,34,best
76,0.2534059856936136,0.2534059856936136,0.0031654592599999996,[0.066561 0.       0.029707 0.       0.       0.044136 0.058248 0.049863 0.060877 0.       0.       0.02951  0.02293  0.038601 0.061893 0.070419 0.062938 0.030573 0.069482 0.019007 0.029193 0.       0.       0.0608   0.061969 0.015023 0.       0.001487 0.049158 0.043615 0.024011],[1. 0. 1. 0. 0. 1. 1. 1. 1. 0. 0. 1. 1. 1. 1. 1. 1. 1. 1. 1. 1. 0. 0. 1. 1. 1. 0. 1. 1. 1. 1.],500,100,0.1,0.0015,1,23,best,34,best
77,0.2534059856936136,0.2534059856936136,0.0031654592599999996,[0.066561 0.       0.029707 0.       0.       0.044136 0.058248 0.049863 0.060877 0.       0.       0.02951  0.02293  0.038601 0.061893 0.070419 0.062938 0.030573 0.069482 0.019007 0.029193 0.       0.       0.0608   0.061969 0.015023 0.       0.001487 0.049158 0.043615 0.024011],[1. 0. 1. 0. 0. 1. 1. 1. 1. 0. 0. 1. 1. 1. 1. 1. 1. 1. 1. 1. 1. 0. 0. 1. 1. 1. 0. 1. 1. 1. 1.],500,100,0.1,0.0015,1,23,best,34,best
78,0.2534059856936136,0.2534059856936136,0.0031654592599999996,[0.066561 0.       0.029707 0.       0.       0.044136 0.058248 0.049863 0.060877 0.       0.       0.02951  0.02293  0.038601 0.061893 0.070419 0.062938 0.030573 0.069482 0.019007 0.029193 0.       0.       0.0608   0.061969 0.015023 0.       0.001487 0.049158 0.043615 0.024011],[1. 0. 1. 0. 0. 1. 1. 1. 1. 0. 0. 1. 1. 1. 1. 1. 1. 1. 1. 1. 1. 0. 0. 1. 1. 1. 0. 1. 1. 1. 1.],500,100,0.1,0.0015,1,23,best,34,best
79,0.2534059856936136,0.2534059856936136,0.0031654592599999996,[0.066561 0.       0.029707 0.       0.       0.044136 0.058248 0.049863 0.060877 0.       0.       0.02951  0.02293  0.038601 0.061893 0.070419 0.062938 0.030573 0.069482 0.019007 0.029193 0.       0.       0.0608   0.061969 0.015023 0.       0.001487 0.049158 0.043615 0.024011],[1. 0. 1. 0. 0. 1. 1. 1. 1. 0. 0. 1. 1. 1. 1. 1. 1. 1. 1. 1. 1. 0. 0. 1. 1. 1. 0. 1. 1. 1. 1.],500,100,0.1,0.0015,1,23,best,34,best
80,0.2534059856936136,0.2534059856936136,0.0031654592599999996,[0.066561 0.       0.029707 0.       0.       0.044136 0.058248 0.049863 0.060877 0.       0.       0.02951  0.02293  0.038601 0.061893 0.070419 0.062938 0.030573 0.069482 0.019007 0.029193 0.       0.       0.0608   0.061969 0.015023 0.       0.001487 0.049158 0.043615 0.024011],[1. 0. 1. 0. 0. 1. 1. 1. 1. 0. 0. 1. 1. 1. 1. 1. 1. 1. 1. 1. 1. 0. 0. 1. 1. 1. 0. 1. 1. 1. 1.],500,100,0.1,0.0015,1,23,best,34,best
81,0.2534059856936136,0.2534059856936136,0.0031654592599999996,[0.066561 0.       0.029707 0.       0.       0.044136 0.058248 0.049863 0.060877 0.       0.       0.02951  0.02293  0.038601 0.061893 0.070419 0.062938 0.030573 0.069482 0.019007 0.029193 0.       0.       0.0608   0.061969 0.015023 0.       0.001487 0.049158 0.043615 0.024011],[1. 0. 1. 0. 0. 1. 1. 1. 1. 0. 0. 1. 1. 1. 1. 1. 1. 1. 1. 1. 1. 0. 0. 1. 1. 1. 0. 1. 1. 1. 1.],500,100,0.1,0.0015,1,23,best,34,best
82,0.2534059856936136,0.2534059856936136,0.0031654592599999996,[0.066561 0.       0.029707 0.       0.       0.044136 0.058248 0.049863 0.060877 0.       0.       0.02951  0.02293  0.038601 0.061893 0.070419 0.062938 0.030573 0.069482 0.019007 0.029193 0.       0.       0.0608   0.061969 0.015023 0.       0.001487 0.049158 0.043615 0.024011],[1. 0. 1. 0. 0. 1. 1. 1. 1. 0. 0. 1. 1. 1. 1. 1. 1. 1. 1. 1. 1. 0. 0. 1. 1. 1. 0. 1. 1. 1. 1.],500,100,0.1,0.0015,1,23,best,34,best
83,0.2534059856936136,0.2534059856936136,0.0031654592599999996,[0.066561 0.       0.029707 0.       0.       0.044136 0.058248 0.049863 0.060877 0.       0.       0.02951  0.02293  0.038601 0.061893 0.070419 0.062938 0.030573 0.069482 0.019007 0.029193 0.       0.       0.0608   0.061969 0.015023 0.       0.001487 0.049158 0.043615 0.024011],[1. 0. 1. 0. 0. 1. 1. 1. 1. 0. 0. 1. 1. 1. 1. 1. 1. 1. 1. 1. 1. 0. 0. 1. 1. 1. 0. 1. 1. 1. 1.],500,100,0.1,0.0015,1,23,best,34,best
84,0.2534059856936136,0.2534059856936136,0.0031654592599999996,[0.066561 0.       0.029707 0.       0.       0.044136 0.058248 0.049863 0.060877 0.       0.       0.02951  0.02293  0.038601 0.061893 0.070419 0.062938 0.030573 0.069482 0.019007 0.029193 0.       0.       0.0608   0.061969 0.015023 0.       0.001487 0.049158 0.043615 0.024011],[1. 0. 1. 0. 0. 1. 1. 1. 1. 0. 0. 1. 1. 1. 1. 1. 1. 1. 1. 1. 1. 0. 0. 1. 1. 1. 0. 1. 1. 1. 1.],500,100,0.1,0.0015,1,23,best,34,best
85,0.2534059856936136,0.2534059856936136,0.0031654592599999996,[0.066561 0.       0.029707 0.       0.       0.044136 0.058248 0.049863 0.060877 0.       0.       0.02951  0.02293  0.038601 0.061893 0.070419 0.062938 0.030573 0.069482 0.019007 0.029193 0.       0.       0.0608   0.061969 0.015023 0.       0.001487 0.049158 0.043615 0.024011],[1. 0. 1. 0. 0. 1. 1. 1. 1. 0. 0. 1. 1. 1. 1. 1. 1. 1. 1. 1. 1. 0. 0. 1. 1. 1. 0. 1. 1. 1. 1.],500,100,0.1,0.0015,1,23,best,34,best
86,0.2534059856936136,0.2534059856936136,0.0031654592599999996,[0.066561 0.       0.029707 0.       0.       0.044136 0.058248 0.049863 0.060877 0.       0.       0.02951  0.02293  0.038601 0.061893 0.070419 0.062938 0.030573 0.069482 0.019007 0.029193 0.       0.       0.0608   0.061969 0.015023 0.       0.001487 0.049158 0.043615 0.024011],[1. 0. 1. 0. 0. 1. 1. 1. 1. 0. 0. 1. 1. 1. 1. 1. 1. 1. 1. 1. 1. 0. 0. 1. 1. 1. 0. 1. 1. 1. 1.],500,100,0.1,0.0015,1,23,best,34,best
87,0.2534059856936136,0.2534059856936136,0.0031654592599999996,[0.066561 0.       0.029707 0.       0.       0.044136 0.058248 0.049863 0.060877 0.       0.       0.02951  0.02293  0.038601 0.061893 0.070419 0.062938 0.030573 0.069482 0.019007 0.029193 0.       0.       0.0608   0.061969 0.015023 0.       0.001487 0.049158 0.043615 0.024011],[1. 0. 1. 0. 0. 1. 1. 1. 1. 0. 0. 1. 1. 1. 1. 1. 1. 1. 1. 1. 1. 0. 0. 1. 1. 1. 0. 1. 1. 1. 1.],500,100,0.1,0.0015,1,23,best,34,best
88,0.2534059856936136,0.2534059856936136,0.0031654592599999996,[0.066561 0.       0.029707 0.       0.       0.044136 0.058248 0.049863 0.060877 0.       0.       0.02951  0.02293  0.038601 0.061893 0.070419 0.062938 0.030573 0.069482 0.019007 0.029193 0.       0.       0.0608   0.061969 0.015023 0.       0.001487 0.049158 0.043615 0.024011],[1. 0. 1. 0. 0. 1. 1. 1. 1. 0. 0. 1. 1. 1. 1. 1. 1. 1. 1. 1. 1. 0. 0. 1. 1. 1. 0. 1. 1. 1. 1.],500,100,0.1,0.0015,1,23,best,34,best
89,0.2534059856936136,0.2534059856936136,0.0031654592599999996,[0.066561 0.       0.029707 0.       0.       0.044136 0.058248 0.049863 0.060877 0.       0.       0.02951  0.02293  0.038601 0.061893 0.070419 0.062938 0.030573 0.069482 0.019007 0.029193 0.       0.       0.0608   0.061969 0.015023 0.       0.001487 0.049158 0.043615 0.024011],[1. 0. 1. 0. 0. 1. 1. 1. 1. 0. 0. 1. 1. 1. 1. 1. 1. 1. 1. 1. 1. 0. 0. 1. 1. 1. 0. 1. 1. 1. 1.],500,100,0.1,0.0015,1,23,best,34,best
90,0.2534059856936136,0.2534059856936136,0.0031654592599999996,[0.066561 0.       0.029707 0.       0.       0.044136 0.058248 0.049863 0.060877 0.       0.       0.02951  0.02293  0.038601 0.061893 0.070419 0.062938 0.030573 0.069482 0.019007 0.029193 0.       0.       0.0608   0.061969 0.015023 0.       0.001487 0.049158 0.043615 0.024011],[1. 0. 1. 0. 0. 1. 1. 1. 1. 0. 0. 1. 1. 1. 1. 1. 1. 1. 1. 1. 1. 0. 0. 1. 1. 1. 0. 1. 1. 1. 1.],500,100,0.1,0.0015,1,23,best,34,best
91,0.2534059856936136,0.2534059856936136,0.0031654592599999996,[0.066561 0.       0.029707 0.       0.       0.044136 0.058248 0.049863 0.060877 0.       0.       0.02951  0.02293  0.038601 0.061893 0.070419 0.062938 0.030573 0.069482 0.019007 0.029193 0.       0.       0.0608   0.061969 0.015023 0.       0.001487 0.049158 0.043615 0.024011],[1. 0. 1. 0. 0. 1. 1. 1. 1. 0. 0. 1. 1. 1. 1. 1. 1. 1. 1. 1. 1. 0. 0. 1. 1. 1. 0. 1. 1. 1. 1.],500,100,0.1,0.0015,1,23,best,34,best
92,0.2534059856936136,0.2534059856936136,0.0031654592599999996,[0.066561 0.       0.029707 0.       0.       0.044136 0.058248 0.049863 0.060877 0.       0.       0.02951  0.02293  0.038601 0.061893 0.070419 0.062938 0.030573 0.069482 0.019007 0.029193 0.       0.       0.0608   0.061969 0.015023 0.       0.001487 0.049158 0.043615 0.024011],[1. 0. 1. 0. 0. 1. 1. 1. 1. 0. 0. 1. 1. 1. 1. 1. 1. 1. 1. 1. 1. 0. 0. 1. 1. 1. 0. 1. 1. 1. 1.],500,100,0.1,0.0015,1,23,best,34,best
93,0.2534059856936136,0.2534059856936136,0.0031654592599999996,[0.066561 0.       0.029707 0.       0.       0.044136 0.058248 0.049863 0.060877 0.       0.       0.02951  0.02293  0.038601 0.061893 0.070419 0.062938 0.030573 0.069482 0.019007 0.029193 0.       0.       0.0608   0.061969 0.015023 0.       0.001487 0.049158 0.043615 0.024011],[1. 0. 1. 0. 0. 1. 1. 1. 1. 0. 0. 1. 1. 1. 1. 1. 1. 1. 1. 1. 1. 0. 0. 1. 1. 1. 0. 1. 1. 1. 1.],500,100,0.1,0.0015,1,23,best,34,best
94,0.2534059856936136,0.2534059856936136,0.0031654592599999996,[0.066561 0.       0.029707 0.       0.       0.044136 0.058248 0.049863 0.060877 0.       0.       0.02951  0.02293  0.038601 0.061893 0.070419 0.062938 0.030573 0.069482 0.019007 0.029193 0.       0.       0.0608   0.061969 0.015023 0.       0.001487 0.049158 0.043615 0.024011],[1. 0. 1. 0. 0. 1. 1. 1. 1. 0. 0. 1. 1. 1. 1. 1. 1. 1. 1. 1. 1. 0. 0. 1. 1. 1. 0. 1. 1. 1. 1.],500,100,0.1,0.0015,1,23,best,34,best
95,0.2534059856936136,0.2534059856936136,0.0031654592599999996,[0.066561 0.       0.029707 0.       0.       0.044136 0.058248 0.049863 0.060877 0.       0.       0.02951  0.02293  0.038601 0.061893 0.070419 0.062938 0.030573 0.069482 0.019007 0.029193 0.       0.       0.0608   0.061969 0.015023 0.       0.001487 0.049158 0.043615 0.024011],[1. 0. 1. 0. 0. 1. 1. 1. 1. 0. 0. 1. 1. 1. 1. 1. 1. 1. 1. 1. 1. 0. 0. 1. 1. 1. 0. 1. 1. 1. 1.],500,100,0.1,0.0015,1,23,best,34,best
96,0.2534059856936136,0.2534059856936136,0.0031654592599999996,[0.066561 0.       0.029707 0.       0.       0.044136 0.058248 0.049863 0.060877 0.       0.       0.02951  0.02293  0.038601 0.061893 0.070419 0.062938 0.030573 0.069482 0.019007 0.029193 0.       0.       0.0608   0.061969 0.015023 0.       0.001487 0.049158 0.043615 0.024011],[1. 0. 1. 0. 0. 1. 1. 1. 1. 0. 0. 1. 1. 1. 1. 1. 1. 1. 1. 1. 1. 0. 0. 1. 1. 1. 0. 1. 1. 1. 1.],500,100,0.1,0.0015,1,23,best,34,best
97,0.2534059856936136,0.2534059856936136,0.0031654592599999996,[0.066561 0.       0.029707 0.       0.       0.044136 0.058248 0.049863 0.060877 0.       0.       0.02951  0.02293  0.038601 0.061893 0.070419 0.062938 0.030573 0.069482 0.019007 0.029193 0.       0.       0.0608   0.061969 0.015023 0.       0.001487 0.049158 0.043615 0.024011],[1. 0. 1. 0. 0. 1. 1. 1. 1. 0. 0. 1. 1. 1. 1. 1. 1. 1. 1. 1. 1. 0. 0. 1. 1. 1. 0. 1. 1. 1. 1.],500,100,0.1,0.0015,1,23,best,34,best
98,0.2534059856936136,0.2534059856936136,0.0031654592599999996,[0.066561 0.       0.029707 0.       0.       0.044136 0.058248 0.049863 0.060877 0.       0.       0.02951  0.02293  0.038601 0.061893 0.070419 0.062938 0.030573 0.069482 0.019007 0.029193 0.       0.       0.0608   0.061969 0.015023 0.       0.001487 0.049158 0.043615 0.024011],[1. 0. 1. 0. 0. 1. 1. 1. 1. 0. 0. 1. 1. 1. 1. 1. 1. 1. 1. 1. 1. 0. 0. 1. 1. 1. 0. 1. 1. 1. 1.],500,100,0.1,0.0015,1,23,best,34,best
99,0.2534059856936136,0.2534059856936136,0.0031654592599999996,[0.066561 0.       0.029707 0.       0.       0.044136 0.058248 0.049863 0.060877 0.       0.       0.02951  0.02293  0.038601 0.061893 0.070419 0.062938 0.030573 0.069482 0.019007 0.029193 0.       0.       0.0608   0.061969 0.015023 0.       0.001487 0.049158 0.043615 0.024011],[1. 0. 1. 0. 0. 1. 1. 1. 1. 0. 0. 1. 1. 1. 1. 1. 1. 1. 1. 1. 1. 0. 0. 1. 1. 1. 0. 1. 1. 1. 1.],500,100,0.1,0.0015,1,23,best,34,best
100,0.2534059856936136,0.2534059856936136,0.0031654592599999996,[0.066561 0.       0.029707 0.       0.       0.044136 0.058248 0.049863 0.060877 0.       0.       0.02951  0.02293  0.038601 0.061893 0.070419 0.062938 0.030573 0.069482 0.019007 0.029193 0.       0.       0.0608   0.061969 0.015023 0.       0.001487 0.049158 0.043615 0.024011],[1. 0. 1. 0. 0. 1. 1. 1. 1. 0. 0. 1. 1. 1. 1. 1. 1. 1. 1. 1. 1. 0. 0. 1. 1. 1. 0. 1. 1. 1. 1.],500,100,0.1,0.0015,1,23,best,34,best
101,0.2534059856936136,0.2534059856936136,0.0031654592599999996,[0.066561 0.       0.029707 0.       0.       0.044136 0.058248 0.049863 0.060877 0.       0.       0.02951  0.02293  0.038601 0.061893 0.070419 0.062938 0.030573 0.069482 0.019007 0.029193 0.       0.       0.0608   0.061969 0.015023 0.       0.001487 0.049158 0.043615 0.024011],[1. 0. 1. 0. 0. 1. 1. 1. 1. 0. 0. 1. 1. 1. 1. 1. 1. 1. 1. 1. 1. 0. 0. 1. 1. 1. 0. 1. 1. 1. 1.],500,100,0.1,0.0015,1,23,best,34,best
102,0.2534059856936136,0.2534059856936136,0.0031654592599999996,[0.066561 0.       0.029707 0.       0.       0.044136 0.058248 0.049863 0.060877 0.       0.       0.02951  0.02293  0.038601 0.061893 0.070419 0.062938 0.030573 0.069482 0.019007 0.029193 0.       0.       0.0608   0.061969 0.015023 0.       0.001487 0.049158 0.043615 0.024011],[1. 0. 1. 0. 0. 1. 1. 1. 1. 0. 0. 1. 1. 1. 1. 1. 1. 1. 1. 1. 1. 0. 0. 1. 1. 1. 0. 1. 1. 1. 1.],500,100,0.1,0.0015,1,23,best,34,best
103,0.2534059856936136,0.2534059856936136,0.0031654592599999996,[0.066561 0.       0.029707 0.       0.       0.044136 0.058248 0.049863 0.060877 0.       0.       0.02951  0.02293  0.038601 0.061893 0.070419 0.062938 0.030573 0.069482 0.019007 0.029193 0.       0.       0.0608   0.061969 0.015023 0.       0.001487 0.049158 0.043615 0.024011],[1. 0. 1. 0. 0. 1. 1. 1. 1. 0. 0. 1. 1. 1. 1. 1. 1. 1. 1. 1. 1. 0. 0. 1. 1. 1. 0. 1. 1. 1. 1.],500,100,0.1,0.0015,1,23,best,34,best
104,0.2534059856936136,0.2534059856936136,0.0031654592599999996,[0.066561 0.       0.029707 0.       0.       0.044136 0.058248 0.049863 0.060877 0.       0.       0.02951  0.02293  0.038601 0.061893 0.070419 0.062938 0.030573 0.069482 0.019007 0.029193 0.       0.       0.0608   0.061969 0.015023 0.       0.001487 0.049158 0.043615 0.024011],[1. 0. 1. 0. 0. 1. 1. 1. 1. 0. 0. 1. 1. 1. 1. 1. 1. 1. 1. 1. 1. 0. 0. 1. 1. 1. 0. 1. 1. 1. 1.],500,100,0.1,0.0015,1,23,best,34,best
105,0.2534059856936136,0.2534059856936136,0.0031654592599999996,[0.066561 0.       0.029707 0.       0.       0.044136 0.058248 0.049863 0.060877 0.       0.       0.02951  0.02293  0.038601 0.061893 0.070419 0.062938 0.030573 0.069482 0.019007 0.029193 0.       0.       0.0608   0.061969 0.015023 0.       0.001487 0.049158 0.043615 0.024011],[1. 0. 1. 0. 0. 1. 1. 1. 1. 0. 0. 1. 1. 1. 1. 1. 1. 1. 1. 1. 1. 0. 0. 1. 1. 1. 0. 1. 1. 1. 1.],500,100,0.1,0.0015,1,23,best,34,best
106,0.2534059856936136,0.2534059856936136,0.0031654592599999996,[0.066561 0.       0.029707 0.       0.       0.044136 0.058248 0.049863 0.060877 0.       0.       0.02951  0.02293  0.038601 0.061893 0.070419 0.062938 0.030573 0.069482 0.019007 0.029193 0.       0.       0.0608   0.061969 0.015023 0.       0.001487 0.049158 0.043615 0.024011],[1. 0. 1. 0. 0. 1. 1. 1. 1. 0. 0. 1. 1. 1. 1. 1. 1. 1. 1. 1. 1. 0. 0. 1. 1. 1. 0. 1. 1. 1. 1.],500,100,0.1,0.0015,1,23,best,34,best
107,0.2534059856936136,0.2534059856936136,0.0031654592599999996,[0.066561 0.       0.029707 0.       0.       0.044136 0.058248 0.049863 0.060877 0.       0.       0.02951  0.02293  0.038601 0.061893 0.070419 0.062938 0.030573 0.069482 0.019007 0.029193 0.       0.       0.0608   0.061969 0.015023 0.       0.001487 0.049158 0.043615 0.024011],[1. 0. 1. 0. 0. 1. 1. 1. 1. 0. 0. 1. 1. 1. 1. 1. 1. 1. 1. 1. 1. 0. 0. 1. 1. 1. 0. 1. 1. 1. 1.],500,100,0.1,0.0015,1,23,best,34,best
108,0.2534059856936136,0.2534059856936136,0.0031654592599999996,[0.066561 0.       0.029707 0.       0.       0.044136 0.058248 0.049863 0.060877 0.       0.       0.02951  0.02293  0.038601 0.061893 0.070419 0.062938 0.030573 0.069482 0.019007 0.029193 0.       0.       0.0608   0.061969 0.015023 0.       0.001487 0.049158 0.043615 0.024011],[1. 0. 1. 0. 0. 1. 1. 1. 1. 0. 0. 1. 1. 1. 1. 1. 1. 1. 1. 1. 1. 0. 0. 1. 1. 1. 0. 1. 1. 1. 1.],500,100,0.1,0.0015,1,23,best,34,best
109,0.2534059856936136,0.2534059856936136,0.0031654592599999996,[0.066561 0.       0.029707 0.       0.       0.044136 0.058248 0.049863 0.060877 0.       0.       0.02951  0.02293  0.038601 0.061893 0.070419 0.062938 0.030573 0.069482 0.019007 0.029193 0.       0.       0.0608   0.061969 0.015023 0.       0.001487 0.049158 0.043615 0.024011],[1. 0. 1. 0. 0. 1. 1. 1. 1. 0. 0. 1. 1. 1. 1. 1. 1. 1. 1. 1. 1. 0. 0. 1. 1. 1. 0. 1. 1. 1. 1.],500,100,0.1,0.0015,1,23,best,34,best
110,0.2534059856936136,0.2534059856936136,0.0031654592599999996,[0.066561 0.       0.029707 0.       0.       0.044136 0.058248 0.049863 0.060877 0.       0.       0.02951  0.02293  0.038601 0.061893 0.070419 0.062938 0.030573 0.069482 0.019007 0.029193 0.       0.       0.0608   0.061969 0.015023 0.       0.001487 0.049158 0.043615 0.024011],[1. 0. 1. 0. 0. 1. 1. 1. 1. 0. 0. 1. 1. 1. 1. 1. 1. 1. 1. 1. 1. 0. 0. 1. 1. 1. 0. 1. 1. 1. 1.],500,100,0.1,0.0015,1,23,best,34,best
111,0.2534059856936136,0.2534059856936136,0.0031654592599999996,[0.066561 0.       0.029707 0.       0.       0.044136 0.058248 0.049863 0.060877 0.       0.       0.02951  0.02293  0.038601 0.061893 0.070419 0.062938 0.030573 0.069482 0.019007 0.029193 0.       0.       0.0608   0.061969 0.015023 0.       0.001487 0.049158 0.043615 0.024011],[1. 0. 1. 0. 0. 1. 1. 1. 1. 0. 0. 1. 1. 1. 1. 1. 1. 1. 1. 1. 1. 0. 0. 1. 1. 1. 0. 1. 1. 1. 1.],500,100,0.1,0.0015,1,23,best,34,best
112,0.2534059856936136,0.2534059856936136,0.0031654592599999996,[0.066561 0.       0.029707 0.       0.       0.044136 0.058248 0.049863 0.060877 0.       0.       0.02951  0.02293  0.038601 0.061893 0.070419 0.062938 0.030573 0.069482 0.019007 0.029193 0.       0.       0.0608   0.061969 0.015023 0.       0.001487 0.049158 0.043615 0.024011],[1. 0. 1. 0. 0. 1. 1. 1. 1. 0. 0. 1. 1. 1. 1. 1. 1. 1. 1. 1. 1. 0. 0. 1. 1. 1. 0. 1. 1. 1. 1.],500,100,0.1,0.0015,1,23,best,34,best
113,0.2534059856936136,0.2534059856936136,0.0031654592599999996,[0.066561 0.       0.029707 0.       0.       0.044136 0.058248 0.049863 0.060877 0.       0.       0.02951  0.02293  0.038601 0.061893 0.070419 0.062938 0.030573 0.069482 0.019007 0.029193 0.       0.       0.0608   0.061969 0.015023 0.       0.001487 0.049158 0.043615 0.024011],[1. 0. 1. 0. 0. 1. 1. 1. 1. 0. 0. 1. 1. 1. 1. 1. 1. 1. 1. 1. 1. 0. 0. 1. 1. 1. 0. 1. 1. 1. 1.],500,100,0.1,0.0015,1,23,best,34,best
114,0.2534059856936136,0.2534059856936136,0.0031654592599999996,[0.066561 0.       0.029707 0.       0.       0.044136 0.058248 0.049863 0.060877 0.       0.       0.02951  0.02293  0.038601 0.061893 0.070419 0.062938 0.030573 0.069482 0.019007 0.029193 0.       0.       0.0608   0.061969 0.015023 0.       0.001487 0.049158 0.043615 0.024011],[1. 0. 1. 0. 0. 1. 1. 1. 1. 0. 0. 1. 1. 1. 1. 1. 1. 1. 1. 1. 1. 0. 0. 1. 1. 1. 0. 1. 1. 1. 1.],500,100,0.1,0.0015,1,23,best,34,best
115,0.2534059856936136,0.2534059856936136,0.0031654592599999996,[0.066561 0.       0.029707 0.       0.       0.044136 0.058248 0.049863 0.060877 0.       0.       0.02951  0.02293  0.038601 0.061893 0.070419 0.062938 0.030573 0.069482 0.019007 0.029193 0.       0.       0.0608   0.061969 0.015023 0.       0.001487 0.049158 0.043615 0.024011],[1. 0. 1. 0. 0. 1. 1. 1. 1. 0. 0. 1. 1. 1. 1. 1. 1. 1. 1. 1. 1. 0. 0. 1. 1. 1. 0. 1. 1. 1. 1.],500,100,0.1,0.0015,1,23,best,34,best
116,0.2534059856936136,0.2534059856936136,0.0031654592599999996,[0.066561 0.       0.029707 0.       0.       0.044136 0.058248 0.049863 0.060877 0.       0.       0.02951  0.02293  0.038601 0.061893 0.070419 0.062938 0.030573 0.069482 0.019007 0.029193 0.       0.       0.0608   0.061969 0.015023 0.       0.001487 0.049158 0.043615 0.024011],[1. 0. 1. 0. 0. 1. 1. 1. 1. 0. 0. 1. 1. 1. 1. 1. 1. 1. 1. 1. 1. 0. 0. 1. 1. 1. 0. 1. 1. 1. 1.],500,100,0.1,0.0015,1,23,best,34,best
117,0.2534059856936136,0.2534059856936136,0.0031654592599999996,[0.066561 0.       0.029707 0.       0.       0.044136 0.058248 0.049863 0.060877 0.       0.       0.02951  0.02293  0.038601 0.061893 0.070419 0.062938 0.030573 0.069482 0.019007 0.029193 0.       0.       0.0608   0.061969 0.015023 0.       0.001487 0.049158 0.043615 0.024011],[1. 0. 1. 0. 0. 1. 1. 1. 1. 0. 0. 1. 1. 1. 1. 1. 1. 1. 1. 1. 1. 0. 0. 1. 1. 1. 0. 1. 1. 1. 1.],500,100,0.1,0.0015,1,23,best,34,best
118,0.2534059856936136,0.2534059856936136,0.0031654592599999996,[0.066561 0.       0.029707 0.       0.       0.044136 0.058248 0.049863 0.060877 0.       0.       0.02951  0.02293  0.038601 0.061893 0.070419 0.062938 0.030573 0.069482 0.019007 0.029193 0.       0.       0.0608   0.061969 0.015023 0.       0.001487 0.049158 0.043615 0.024011],[1. 0. 1. 0. 0. 1. 1. 1. 1. 0. 0. 1. 1. 1. 1. 1. 1. 1. 1. 1. 1. 0. 0. 1. 1. 1. 0. 1. 1. 1. 1.],500,100,0.1,0.0015,1,23,best,34,best
119,0.2534059856936136,0.2534059856936136,0.0031654592599999996,[0.066561 0.       0.029707 0.       0.       0.044136 0.058248 0.049863 0.060877 0.       0.       0.02951  0.02293  0.038601 0.061893 0.070419 0.062938 0.030573 0.069482 0.019007 0.029193 0.       0.       0.0608   0.061969 0.015023 0.       0.001487 0.049158 0.043615 0.024011],[1. 0. 1. 0. 0. 1. 1. 1. 1. 0. 0. 1. 1. 1. 1. 1. 1. 1. 1. 1. 1. 0. 0. 1. 1. 1. 0. 1. 1. 1. 1.],500,100,0.1,0.0015,1,23,best,34,best
120,0.2534059856936136,0.2534059856936136,0.0031654592599999996,[0.066561 0.       0.029707 0.       0.       0.044136 0.058248 0.049863 0.060877 0.       0.       0.02951  0.02293  0.038601 0.061893 0.070419 0.062938 0.030573 0.069482 0.019007 0.029193 0.       0.       0.0608   0.061969 0.015023 0.       0.001487 0.049158 0.043615 0.024011],[1. 0. 1. 0. 0. 1. 1. 1. 1. 0. 0. 1. 1. 1. 1. 1. 1. 1. 1. 1. 1. 0. 0. 1. 1. 1. 0. 1. 1. 1. 1.],500,100,0.1,0.0015,1,23,best,34,best
121,0.2534059856936136,0.2534059856936136,0.0031654592599999996,[0.066561 0.       0.029707 0.       0.       0.044136 0.058248 0.049863 0.060877 0.       0.       0.02951  0.02293  0.038601 0.061893 0.070419 0.062938 0.030573 0.069482 0.019007 0.029193 0.       0.       0.0608   0.061969 0.015023 0.       0.001487 0.049158 0.043615 0.024011],[1. 0. 1. 0. 0. 1. 1. 1. 1. 0. 0. 1. 1. 1. 1. 1. 1. 1. 1. 1. 1. 0. 0. 1. 1. 1. 0. 1. 1. 1. 1.],500,100,0.1,0.0015,1,23,best,34,best
122,0.2534059856936136,0.2534059856936136,0.0031654592599999996,[0.066561 0.       0.029707 0.       0.       0.044136 0.058248 0.049863 0.060877 0.       0.       0.02951  0.02293  0.038601 0.061893 0.070419 0.062938 0.030573 0.069482 0.019007 0.029193 0.       0.       0.0608   0.061969 0.015023 0.       0.001487 0.049158 0.043615 0.024011],[1. 0. 1. 0. 0. 1. 1. 1. 1. 0. 0. 1. 1. 1. 1. 1. 1. 1. 1. 1. 1. 0. 0. 1. 1. 1. 0. 1. 1. 1. 1.],500,100,0.1,0.0015,1,23,best,34,best
123,0.2534059856936136,0.2534059856936136,0.0031654592599999996,[0.066561 0.       0.029707 0.       0.       0.044136 0.058248 0.049863 0.060877 0.       0.       0.02951  0.02293  0.038601 0.061893 0.070419 0.062938 0.030573 0.069482 0.019007 0.029193 0.       0.       0.0608   0.061969 0.015023 0.       0.001487 0.049158 0.043615 0.024011],[1. 0. 1. 0. 0. 1. 1. 1. 1. 0. 0. 1. 1. 1. 1. 1. 1. 1. 1. 1. 1. 0. 0. 1. 1. 1. 0. 1. 1. 1. 1.],500,100,0.1,0.0015,1,23,best,34,best
124,0.2534059856936136,0.2534059856936136,0.0031654592599999996,[0.066561 0.       0.029707 0.       0.       0.044136 0.058248 0.049863 0.060877 0.       0.       0.02951  0.02293  0.038601 0.061893 0.070419 0.062938 0.030573 0.069482 0.019007 0.029193 0.       0.       0.0608   0.061969 0.015023 0.       0.001487 0.049158 0.043615 0.024011],[1. 0. 1. 0. 0. 1. 1. 1. 1. 0. 0. 1. 1. 1. 1. 1. 1. 1. 1. 1. 1. 0. 0. 1. 1. 1. 0. 1. 1. 1. 1.],500,100,0.1,0.0015,1,23,best,34,best
125,0.2534059856936136,0.2534059856936136,0.0031654592599999996,[0.066561 0.       0.029707 0.       0.       0.044136 0.058248 0.049863 0.060877 0.       0.       0.02951  0.02293  0.038601 0.061893 0.070419 0.062938 0.030573 0.069482 0.019007 0.029193 0.       0.       0.0608   0.061969 0.015023 0.       0.001487 0.049158 0.043615 0.024011],[1. 0. 1. 0. 0. 1. 1. 1. 1. 0. 0. 1. 1. 1. 1. 1. 1. 1. 1. 1. 1. 0. 0. 1. 1. 1. 0. 1. 1. 1. 1.],500,100,0.1,0.0015,1,23,best,34,best
126,0.2534059856936136,0.2534059856936136,0.0031654592599999996,[0.066561 0.       0.029707 0.       0.       0.044136 0.058248 0.049863 0.060877 0.       0.       0.02951  0.02293  0.038601 0.061893 0.070419 0.062938 0.030573 0.069482 0.019007 0.029193 0.       0.       0.0608   0.061969 0.015023 0.       0.001487 0.049158 0.043615 0.024011],[1. 0. 1. 0. 0. 1. 1. 1. 1. 0. 0. 1. 1. 1. 1. 1. 1. 1. 1. 1. 1. 0. 0. 1. 1. 1. 0. 1. 1. 1. 1.],500,100,0.1,0.0015,1,23,best,34,best
127,0.2534059856936136,0.2534059856936136,0.0031654592599999996,[0.066561 0.       0.029707 0.       0.       0.044136 0.058248 0.049863 0.060877 0.       0.       0.02951  0.02293  0.038601 0.061893 0.070419 0.062938 0.030573 0.069482 0.019007 0.029193 0.       0.       0.0608   0.061969 0.015023 0.       0.001487 0.049158 0.043615 0.024011],[1. 0. 1. 0. 0. 1. 1. 1. 1. 0. 0. 1. 1. 1. 1. 1. 1. 1. 1. 1. 1. 0. 0. 1. 1. 1. 0. 1. 1. 1. 1.],500,100,0.1,0.0015,1,23,best,34,best
128,0.2534059856936136,0.2534059856936136,0.0031654592599999996,[0.066561 0.       0.029707 0.       0.       0.044136 0.058248 0.049863 0.060877 0.       0.       0.02951  0.02293  0.038601 0.061893 0.070419 0.062938 0.030573 0.069482 0.019007 0.029193 0.       0.       0.0608   0.061969 0.015023 0.       0.001487 0.049158 0.043615 0.024011],[1. 0. 1. 0. 0. 1. 1. 1. 1. 0. 0. 1. 1. 1. 1. 1. 1. 1. 1. 1. 1. 0. 0. 1. 1. 1. 0. 1. 1. 1. 1.],500,100,0.1,0.0015,1,23,best,34,best
129,0.2534059856936136,0.2534059856936136,0.0031654592599999996,[0.066561 0.       0.029707 0.       0.       0.044136 0.058248 0.049863 0.060877 0.       0.       0.02951  0.02293  0.038601 0.061893 0.070419 0.062938 0.030573 0.069482 0.019007 0.029193 0.       0.       0.0608   0.061969 0.015023 0.       0.001487 0.049158 0.043615 0.024011],[1. 0. 1. 0. 0. 1. 1. 1. 1. 0. 0. 1. 1. 1. 1. 1. 1. 1. 1. 1. 1. 0. 0. 1. 1. 1. 0. 1. 1. 1. 1.],500,100,0.1,0.0015,1,23,best,34,best
130,0.2534059856936136,0.2534059856936136,0.0031654592599999996,[0.066561 0.       0.029707 0.       0.       0.044136 0.058248 0.049863 0.060877 0.       0.       0.02951  0.02293  0.038601 0.061893 0.070419 0.062938 0.030573 0.069482 0.019007 0.029193 0.       0.       0.0608   0.061969 0.015023 0.       0.001487 0.049158 0.043615 0.024011],[1. 0. 1. 0. 0. 1. 1. 1. 1. 0. 0. 1. 1. 1. 1. 1. 1. 1. 1. 1. 1. 0. 0. 1. 1. 1. 0. 1. 1. 1. 1.],500,100,0.1,0.0015,1,23,best,34,best
131,0.2534059856936136,0.2534059856936136,0.0031654592599999996,[0.066561 0.       0.029707 0.       0.       0.044136 0.058248 0.049863 0.060877 0.       0.       0.02951  0.02293  0.038601 0.061893 0.070419 0.062938 0.030573 0.069482 0.019007 0.029193 0.       0.       0.0608   0.061969 0.015023 0.       0.001487 0.049158 0.043615 0.024011],[1. 0. 1. 0. 0. 1. 1. 1. 1. 0. 0. 1. 1. 1. 1. 1. 1. 1. 1. 1. 1. 0. 0. 1. 1. 1. 0. 1. 1. 1. 1.],500,100,0.1,0.0015,1,23,best,34,best
132,0.2534059856936136,0.2534059856936136,0.0031654592599999996,[0.066561 0.       0.029707 0.       0.       0.044136 0.058248 0.049863 0.060877 0.       0.       0.02951  0.02293  0.038601 0.061893 0.070419 0.062938 0.030573 0.069482 0.019007 0.029193 0.       0.       0.0608   0.061969 0.015023 0.       0.001487 0.049158 0.043615 0.024011],[1. 0. 1. 0. 0. 1. 1. 1. 1. 0. 0. 1. 1. 1. 1. 1. 1. 1. 1. 1. 1. 0. 0. 1. 1. 1. 0. 1. 1. 1. 1.],500,100,0.1,0.0015,1,23,best,34,best
133,0.2534059856936136,0.2534059856936136,0.0031654592599999996,[0.066561 0.       0.029707 0.       0.       0.044136 0.058248 0.049863 0.060877 0.       0.       0.02951  0.02293  0.038601 0.061893 0.070419 0.062938 0.030573 0.069482 0.019007 0.029193 0.       0.       0.0608   0.061969 0.015023 0.       0.001487 0.049158 0.043615 0.024011],[1. 0. 1. 0. 0. 1. 1. 1. 1. 0. 0. 1. 1. 1. 1. 1. 1. 1. 1. 1. 1. 0. 0. 1. 1. 1. 0. 1. 1. 1. 1.],500,100,0.1,0.0015,1,23,best,34,best
134,0.2534059856936136,0.2534059856936136,0.0031654592599999996,[0.066561 0.       0.029707 0.       0.       0.044136 0.058248 0.049863 0.060877 0.       0.       0.02951  0.02293  0.038601 0.061893 0.070419 0.062938 0.030573 0.069482 0.019007 0.029193 0.       0.       0.0608   0.061969 0.015023 0.       0.001487 0.049158 0.043615 0.024011],[1. 0. 1. 0. 0. 1. 1. 1. 1. 0. 0. 1. 1. 1. 1. 1. 1. 1. 1. 1. 1. 0. 0. 1. 1. 1. 0. 1. 1. 1. 1.],500,100,0.1,0.0015,1,23,best,34,best
135,0.2534059856936136,0.2534059856936136,0.0031654592599999996,[0.066561 0.       0.029707 0.       0.       0.044136 0.058248 0.049863 0.060877 0.       0.       0.02951  0.02293  0.038601 0.061893 0.070419 0.062938 0.030573 0.069482 0.019007 0.029193 0.       0.       0.0608   0.061969 0.015023 0.       0.001487 0.049158 0.043615 0.024011],[1. 0. 1. 0. 0. 1. 1. 1. 1. 0. 0. 1. 1. 1. 1. 1. 1. 1. 1. 1. 1. 0. 0. 1. 1. 1. 0. 1. 1. 1. 1.],500,100,0.1,0.0015,1,23,best,34,best
136,0.2534059856936136,0.2534059856936136,0.0031654592599999996,[0.066561 0.       0.029707 0.       0.       0.044136 0.058248 0.049863 0.060877 0.       0.       0.02951  0.02293  0.038601 0.061893 0.070419 0.062938 0.030573 0.069482 0.019007 0.029193 0.       0.       0.0608   0.061969 0.015023 0.       0.001487 0.049158 0.043615 0.024011],[1. 0. 1. 0. 0. 1. 1. 1. 1. 0. 0. 1. 1. 1. 1. 1. 1. 1. 1. 1. 1. 0. 0. 1. 1. 1. 0. 1. 1. 1. 1.],500,100,0.1,0.0015,1,23,best,34,best
137,0.2534059856936136,0.2534059856936136,0.0031654592599999996,[0.066561 0.       0.029707 0.       0.       0.044136 0.058248 0.049863 0.060877 0.       0.       0.02951  0.02293  0.038601 0.061893 0.070419 0.062938 0.030573 0.069482 0.019007 0.029193 0.       0.       0.0608   0.061969 0.015023 0.       0.001487 0.049158 0.043615 0.024011],[1. 0. 1. 0. 0. 1. 1. 1. 1. 0. 0. 1. 1. 1. 1. 1. 1. 1. 1. 1. 1. 0. 0. 1. 1. 1. 0. 1. 1. 1. 1.],500,100,0.1,0.0015,1,23,best,34,best
138,0.2534059856936136,0.2534059856936136,0.0031654592599999996,[0.066561 0.       0.029707 0.       0.       0.044136 0.058248 0.049863 0.060877 0.       0.       0.02951  0.02293  0.038601 0.061893 0.070419 0.062938 0.030573 0.069482 0.019007 0.029193 0.       0.       0.0608   0.061969 0.015023 0.       0.001487 0.049158 0.043615 0.024011],[1. 0. 1. 0. 0. 1. 1. 1. 1. 0. 0. 1. 1. 1. 1. 1. 1. 1. 1. 1. 1. 0. 0. 1. 1. 1. 0. 1. 1. 1. 1.],500,100,0.1,0.0015,1,23,best,34,best
139,0.2534059856936136,0.2534059856936136,0.0031654592599999996,[0.066561 0.       0.029707 0.       0.       0.044136 0.058248 0.049863 0.060877 0.       0.       0.02951  0.02293  0.038601 0.061893 0.070419 0.062938 0.030573 0.069482 0.019007 0.029193 0.       0.       0.0608   0.061969 0.015023 0.       0.001487 0.049158 0.043615 0.024011],[1. 0. 1. 0. 0. 1. 1. 1. 1. 0. 0. 1. 1. 1. 1. 1. 1. 1. 1. 1. 1. 0. 0. 1. 1. 1. 0. 1. 1. 1. 1.],500,100,0.1,0.0015,1,23,best,34,best
140,0.2534059856936136,0.2534059856936136,0.0031654592599999996,[0.066561 0.       0.029707 0.       0.       0.044136 0.058248 0.049863 0.060877 0.       0.       0.02951  0.02293  0.038601 0.061893 0.070419 0.062938 0.030573 0.069482 0.019007 0.029193 0.       0.       0.0608   0.061969 0.015023 0.       0.001487 0.049158 0.043615 0.024011],[1. 0. 1. 0. 0. 1. 1. 1. 1. 0. 0. 1. 1. 1. 1. 1. 1. 1. 1. 1. 1. 0. 0. 1. 1. 1. 0. 1. 1. 1. 1.],500,100,0.1,0.0015,1,23,best,34,best
141,0.2534059856936136,0.2534059856936136,0.0031654592599999996,[0.066561 0.       0.029707 0.       0.       0.044136 0.058248 0.049863 0.060877 0.       0.       0.02951  0.02293  0.038601 0.061893 0.070419 0.062938 0.030573 0.069482 0.019007 0.029193 0.       0.       0.0608   0.061969 0.015023 0.       0.001487 0.049158 0.043615 0.024011],[1. 0. 1. 0. 0. 1. 1. 1. 1. 0. 0. 1. 1. 1. 1. 1. 1. 1. 1. 1. 1. 0. 0. 1. 1. 1. 0. 1. 1. 1. 1.],500,100,0.1,0.0015,1,23,best,34,best
142,0.2534059856936136,0.2534059856936136,0.0031654592599999996,[0.066561 0.       0.029707 0.       0.       0.044136 0.058248 0.049863 0.060877 0.       0.       0.02951  0.02293  0.038601 0.061893 0.070419 0.062938 0.030573 0.069482 0.019007 0.029193 0.       0.       0.0608   0.061969 0.015023 0.       0.001487 0.049158 0.043615 0.024011],[1. 0. 1. 0. 0. 1. 1. 1. 1. 0. 0. 1. 1. 1. 1. 1. 1. 1. 1. 1. 1. 0. 0. 1. 1. 1. 0. 1. 1. 1. 1.],500,100,0.1,0.0015,1,23,best,34,best
143,0.2534059856936136,0.2534059856936136,0.0031654592599999996,[0.066561 0.       0.029707 0.       0.       0.044136 0.058248 0.049863 0.060877 0.       0.       0.02951  0.02293  0.038601 0.061893 0.070419 0.062938 0.030573 0.069482 0.019007 0.029193 0.       0.       0.0608   0.061969 0.015023 0.       0.001487 0.049158 0.043615 0.024011],[1. 0. 1. 0. 0. 1. 1. 1. 1. 0. 0. 1. 1. 1. 1. 1. 1. 1. 1. 1. 1. 0. 0. 1. 1. 1. 0. 1. 1. 1. 1.],500,100,0.1,0.0015,1,23,best,34,best
144,0.2534059856936136,0.2534059856936136,0.0031654592599999996,[0.066561 0.       0.029707 0.       0.       0.044136 0.058248 0.049863 0.060877 0.       0.       0.02951  0.02293  0.038601 0.061893 0.070419 0.062938 0.030573 0.069482 0.019007 0.029193 0.       0.       0.0608   0.061969 0.015023 0.       0.001487 0.049158 0.043615 0.024011],[1. 0. 1. 0. 0. 1. 1. 1. 1. 0. 0. 1. 1. 1. 1. 1. 1. 1. 1. 1. 1. 0. 0. 1. 1. 1. 0. 1. 1. 1. 1.],500,100,0.1,0.0015,1,23,best,34,best
145,0.2534059856936136,0.2534059856936136,0.0031654592599999996,[0.066561 0.       0.029707 0.       0.       0.044136 0.058248 0.049863 0.060877 0.       0.       0.02951  0.02293  0.038601 0.061893 0.070419 0.062938 0.030573 0.069482 0.019007 0.029193 0.       0.       0.0608   0.061969 0.015023 0.       0.001487 0.049158 0.043615 0.024011],[1. 0. 1. 0. 0. 1. 1. 1. 1. 0. 0. 1. 1. 1. 1. 1. 1. 1. 1. 1. 1. 0. 0. 1. 1. 1. 0. 1. 1. 1. 1.],500,100,0.1,0.0015,1,23,best,34,best
146,0.2534059856936136,0.2534059856936136,0.0031654592599999996,[0.066561 0.       0.029707 0.       0.       0.044136 0.058248 0.049863 0.060877 0.       0.       0.02951  0.02293  0.038601 0.061893 0.070419 0.062938 0.030573 0.069482 0.019007 0.029193 0.       0.       0.0608   0.061969 0.015023 0.       0.001487 0.049158 0.043615 0.024011],[1. 0. 1. 0. 0. 1. 1. 1. 1. 0. 0. 1. 1. 1. 1. 1. 1. 1. 1. 1. 1. 0. 0. 1. 1. 1. 0. 1. 1. 1. 1.],500,100,0.1,0.0015,1,23,best,34,best
147,0.2534059856936136,0.2534059856936136,0.0031654592599999996,[0.066561 0.       0.029707 0.       0.       0.044136 0.058248 0.049863 0.060877 0.       0.       0.02951  0.02293  0.038601 0.061893 0.070419 0.062938 0.030573 0.069482 0.019007 0.029193 0.       0.       0.0608   0.061969 0.015023 0.       0.001487 0.049158 0.043615 0.024011],[1. 0. 1. 0. 0. 1. 1. 1. 1. 0. 0. 1. 1. 1. 1. 1. 1. 1. 1. 1. 1. 0. 0. 1. 1. 1. 0. 1. 1. 1. 1.],500,100,0.1,0.0015,1,23,best,34,best
148,0.2534059856936136,0.2534059856936136,0.0031654592599999996,[0.066561 0.       0.029707 0.       0.       0.044136 0.058248 0.049863 0.060877 0.       0.       0.02951  0.02293  0.038601 0.061893 0.070419 0.062938 0.030573 0.069482 0.019007 0.029193 0.       0.       0.0608   0.061969 0.015023 0.       0.001487 0.049158 0.043615 0.024011],[1. 0. 1. 0. 0. 1. 1. 1. 1. 0. 0. 1. 1. 1. 1. 1. 1. 1. 1. 1. 1. 0. 0. 1. 1. 1. 0. 1. 1. 1. 1.],500,100,0.1,0.0015,1,23,best,34,best
149,0.2534059856936136,0.2534059856936136,0.0031654592599999996,[0.066561 0.       0.029707 0.       0.       0.044136 0.058248 0.049863 0.060877 0.       0.       0.02951  0.02293  0.038601 0.061893 0.070419 0.062938 0.030573 0.069482 0.019007 0.029193 0.       0.       0.0608   0.061969 0.015023 0.       0.001487 0.049158 0.043615 0.024011],[1. 0. 1. 0. 0. 1. 1. 1. 1. 0. 0. 1. 1. 1. 1. 1. 1. 1. 1. 1. 1. 0. 0. 1. 1. 1. 0. 1. 1. 1. 1.],500,100,0.1,0.0015,1,23,best,34,best
150,0.2534059856936136,0.2534059856936136,0.0031654592599999996,[0.066561 0.       0.029707 0.       0.       0.044136 0.058248 0.049863 0.060877 0.       0.       0.02951  0.02293  0.038601 0.061893 0.070419 0.062938 0.030573 0.069482 0.019007 0.029193 0.       0.       0.0608   0.061969 0.015023 0.       0.001487 0.049158 0.043615 0.024011],[1. 0. 1. 0. 0. 1. 1. 1. 1. 0. 0. 1. 1. 1. 1. 1. 1. 1. 1. 1. 1. 0. 0. 1. 1. 1. 0. 1. 1. 1. 1.],500,100,0.1,0.0015,1,23,best,34,best
151,0.2534059856936136,0.2534059856936136,0.0031654592599999996,[0.066561 0.       0.029707 0.       0.       0.044136 0.058248 0.049863 0.060877 0.       0.       0.02951  0.02293  0.038601 0.061893 0.070419 0.062938 0.030573 0.069482 0.019007 0.029193 0.       0.       0.0608   0.061969 0.015023 0.       0.001487 0.049158 0.043615 0.024011],[1. 0. 1. 0. 0. 1. 1. 1. 1. 0. 0. 1. 1. 1. 1. 1. 1. 1. 1. 1. 1. 0. 0. 1. 1. 1. 0. 1. 1. 1. 1.],500,100,0.1,0.0015,1,23,best,34,best
152,0.2534059856936136,0.2534059856936136,0.0031654592599999996,[0.066561 0.       0.029707 0.       0.       0.044136 0.058248 0.049863 0.060877 0.       0.       0.02951  0.02293  0.038601 0.061893 0.070419 0.062938 0.030573 0.069482 0.019007 0.029193 0.       0.       0.0608   0.061969 0.015023 0.       0.001487 0.049158 0.043615 0.024011],[1. 0. 1. 0. 0. 1. 1. 1. 1. 0. 0. 1. 1. 1. 1. 1. 1. 1. 1. 1. 1. 0. 0. 1. 1. 1. 0. 1. 1. 1. 1.],500,100,0.1,0.0015,1,23,best,34,best
153,0.2534059856936136,0.2534059856936136,0.0031654592599999996,[0.066561 0.       0.029707 0.       0.       0.044136 0.058248 0.049863 0.060877 0.       0.       0.02951  0.02293  0.038601 0.061893 0.070419 0.062938 0.030573 0.069482 0.019007 0.029193 0.       0.       0.0608   0.061969 0.015023 0.       0.001487 0.049158 0.043615 0.024011],[1. 0. 1. 0. 0. 1. 1. 1. 1. 0. 0. 1. 1. 1. 1. 1. 1. 1. 1. 1. 1. 0. 0. 1. 1. 1. 0. 1. 1. 1. 1.],500,100,0.1,0.0015,1,23,best,34,best
154,0.2534059856936136,0.2534059856936136,0.0031654592599999996,[0.066561 0.       0.029707 0.       0.       0.044136 0.058248 0.049863 0.060877 0.       0.       0.02951  0.02293  0.038601 0.061893 0.070419 0.062938 0.030573 0.069482 0.019007 0.029193 0.       0.       0.0608   0.061969 0.015023 0.       0.001487 0.049158 0.043615 0.024011],[1. 0. 1. 0. 0. 1. 1. 1. 1. 0. 0. 1. 1. 1. 1. 1. 1. 1. 1. 1. 1. 0. 0. 1. 1. 1. 0. 1. 1. 1. 1.],500,100,0.1,0.0015,1,23,best,34,best
155,0.2534059856936136,0.2534059856936136,0.0031654592599999996,[0.066561 0.       0.029707 0.       0.       0.044136 0.058248 0.049863 0.060877 0.       0.       0.02951  0.02293  0.038601 0.061893 0.070419 0.062938 0.030573 0.069482 0.019007 0.029193 0.       0.       0.0608   0.061969 0.015023 0.       0.001487 0.049158 0.043615 0.024011],[1. 0. 1. 0. 0. 1. 1. 1. 1. 0. 0. 1. 1. 1. 1. 1. 1. 1. 1. 1. 1. 0. 0. 1. 1. 1. 0. 1. 1. 1. 1.],500,100,0.1,0.0015,1,23,best,34,best
156,0.2534059856936136,0.2534059856936136,0.0031654592599999996,[0.066561 0.       0.029707 0.       0.       0.044136 0.058248 0.049863 0.060877 0.       0.       0.02951  0.02293  0.038601 0.061893 0.070419 0.062938 0.030573 0.069482 0.019007 0.029193 0.       0.       0.0608   0.061969 0.015023 0.       0.001487 0.049158 0.043615 0.024011],[1. 0. 1. 0. 0. 1. 1. 1. 1. 0. 0. 1. 1. 1. 1. 1. 1. 1. 1. 1. 1. 0. 0. 1. 1. 1. 0. 1. 1. 1. 1.],500,100,0.1,0.0015,1,23,best,34,best
157,0.2534059856936136,0.2534059856936136,0.0031654592599999996,[0.066561 0.       0.029707 0.       0.       0.044136 0.058248 0.049863 0.060877 0.       0.       0.02951  0.02293  0.038601 0.061893 0.070419 0.062938 0.030573 0.069482 0.019007 0.029193 0.       0.       0.0608   0.061969 0.015023 0.       0.001487 0.049158 0.043615 0.024011],[1. 0. 1. 0. 0. 1. 1. 1. 1. 0. 0. 1. 1. 1. 1. 1. 1. 1. 1. 1. 1. 0. 0. 1. 1. 1. 0. 1. 1. 1. 1.],500,100,0.1,0.0015,1,23,best,34,best
158,0.2534059856936136,0.2534059856936136,0.0031654592599999996,[0.066561 0.       0.029707 0.       0.       0.044136 0.058248 0.049863 0.060877 0.       0.       0.02951  0.02293  0.038601 0.061893 0.070419 0.062938 0.030573 0.069482 0.019007 0.029193 0.       0.       0.0608   0.061969 0.015023 0.       0.001487 0.049158 0.043615 0.024011],[1. 0. 1. 0. 0. 1. 1. 1. 1. 0. 0. 1. 1. 1. 1. 1. 1. 1. 1. 1. 1. 0. 0. 1. 1. 1. 0. 1. 1. 1. 1.],500,100,0.1,0.0015,1,23,best,34,best
159,0.2534059856936136,0.2534059856936136,0.0031654592599999996,[0.066561 0.       0.029707 0.       0.       0.044136 0.058248 0.049863 0.060877 0.       0.       0.02951  0.02293  0.038601 0.061893 0.070419 0.062938 0.030573 0.069482 0.019007 0.029193 0.       0.       0.0608   0.061969 0.015023 0.       0.001487 0.049158 0.043615 0.024011],[1. 0. 1. 0. 0. 1. 1. 1. 1. 0. 0. 1. 1. 1. 1. 1. 1. 1. 1. 1. 1. 0. 0. 1. 1. 1. 0. 1. 1. 1. 1.],500,100,0.1,0.0015,1,23,best,34,best
160,0.2534059856936136,0.2534059856936136,0.0031654592599999996,[0.066561 0.       0.029707 0.       0.       0.044136 0.058248 0.049863 0.060877 0.       0.       0.02951  0.02293  0.038601 0.061893 0.070419 0.062938 0.030573 0.069482 0.019007 0.029193 0.       0.       0.0608   0.061969 0.015023 0.       0.001487 0.049158 0.043615 0.024011],[1. 0. 1. 0. 0. 1. 1. 1. 1. 0. 0. 1. 1. 1. 1. 1. 1. 1. 1. 1. 1. 0. 0. 1. 1. 1. 0. 1. 1. 1. 1.],500,100,0.1,0.0015,1,23,best,34,best
161,0.2534059856936136,0.2534059856936136,0.0031654592599999996,[0.066561 0.       0.029707 0.       0.       0.044136 0.058248 0.049863 0.060877 0.       0.       0.02951  0.02293  0.038601 0.061893 0.070419 0.062938 0.030573 0.069482 0.019007 0.029193 0.       0.       0.0608   0.061969 0.015023 0.       0.001487 0.049158 0.043615 0.024011],[1. 0. 1. 0. 0. 1. 1. 1. 1. 0. 0. 1. 1. 1. 1. 1. 1. 1. 1. 1. 1. 0. 0. 1. 1. 1. 0. 1. 1. 1. 1.],500,100,0.1,0.0015,1,23,best,34,best
162,0.2534059856936136,0.2534059856936136,0.0031654592599999996,[0.066561 0.       0.029707 0.       0.       0.044136 0.058248 0.049863 0.060877 0.       0.       0.02951  0.02293  0.038601 0.061893 0.070419 0.062938 0.030573 0.069482 0.019007 0.029193 0.       0.       0.0608   0.061969 0.015023 0.       0.001487 0.049158 0.043615 0.024011],[1. 0. 1. 0. 0. 1. 1. 1. 1. 0. 0. 1. 1. 1. 1. 1. 1. 1. 1. 1. 1. 0. 0. 1. 1. 1. 0. 1. 1. 1. 1.],500,100,0.1,0.0015,1,23,best,34,best
163,0.2534059856936136,0.2534059856936136,0.0031654592599999996,[0.066561 0.       0.029707 0.       0.       0.044136 0.058248 0.049863 0.060877 0.       0.       0.02951  0.02293  0.038601 0.061893 0.070419 0.062938 0.030573 0.069482 0.019007 0.029193 0.       0.       0.0608   0.061969 0.015023 0.       0.001487 0.049158 0.043615 0.024011],[1. 0. 1. 0. 0. 1. 1. 1. 1. 0. 0. 1. 1. 1. 1. 1. 1. 1. 1. 1. 1. 0. 0. 1. 1. 1. 0. 1. 1. 1. 1.],500,100,0.1,0.0015,1,23,best,34,best
164,0.2534059856936136,0.2534059856936136,0.0031654592599999996,[0.066561 0.       0.029707 0.       0.       0.044136 0.058248 0.049863 0.060877 0.       0.       0.02951  0.02293  0.038601 0.061893 0.070419 0.062938 0.030573 0.069482 0.019007 0.029193 0.       0.       0.0608   0.061969 0.015023 0.       0.001487 0.049158 0.043615 0.024011],[1. 0. 1. 0. 0. 1. 1. 1. 1. 0. 0. 1. 1. 1. 1. 1. 1. 1. 1. 1. 1. 0. 0. 1. 1. 1. 0. 1. 1. 1. 1.],500,100,0.1,0.0015,1,23,best,34,best
165,0.2534059856936136,0.2534059856936136,0.0031654592599999996,[0.066561 0.       0.029707 0.       0.       0.044136 0.058248 0.049863 0.060877 0.       0.       0.02951  0.02293  0.038601 0.061893 0.070419 0.062938 0.030573 0.069482 0.019007 0.029193 0.       0.       0.0608   0.061969 0.015023 0.       0.001487 0.049158 0.043615 0.024011],[1. 0. 1. 0. 0. 1. 1. 1. 1. 0. 0. 1. 1. 1. 1. 1. 1. 1. 1. 1. 1. 0. 0. 1. 1. 1. 0. 1. 1. 1. 1.],500,100,0.1,0.0015,1,23,best,34,best
166,0.2534059856936136,0.2534059856936136,0.0031654592599999996,[0.066561 0.       0.029707 0.       0.       0.044136 0.058248 0.049863 0.060877 0.       0.       0.02951  0.02293  0.038601 0.061893 0.070419 0.062938 0.030573 0.069482 0.019007 0.029193 0.       0.       0.0608   0.061969 0.015023 0.       0.001487 0.049158 0.043615 0.024011],[1. 0. 1. 0. 0. 1. 1. 1. 1. 0. 0. 1. 1. 1. 1. 1. 1. 1. 1. 1. 1. 0. 0. 1. 1. 1. 0. 1. 1. 1. 1.],500,100,0.1,0.0015,1,23,best,34,best
167,0.2534059856936136,0.2534059856936136,0.0031654592599999996,[0.066561 0.       0.029707 0.       0.       0.044136 0.058248 0.049863 0.060877 0.       0.       0.02951  0.02293  0.038601 0.061893 0.070419 0.062938 0.030573 0.069482 0.019007 0.029193 0.       0.       0.0608   0.061969 0.015023 0.       0.001487 0.049158 0.043615 0.024011],[1. 0. 1. 0. 0. 1. 1. 1. 1. 0. 0. 1. 1. 1. 1. 1. 1. 1. 1. 1. 1. 0. 0. 1. 1. 1. 0. 1. 1. 1. 1.],500,100,0.1,0.0015,1,23,best,34,best
168,0.2534059856936136,0.2534059856936136,0.0031654592599999996,[0.066561 0.       0.029707 0.       0.       0.044136 0.058248 0.049863 0.060877 0.       0.       0.02951  0.02293  0.038601 0.061893 0.070419 0.062938 0.030573 0.069482 0.019007 0.029193 0.       0.       0.0608   0.061969 0.015023 0.       0.001487 0.049158 0.043615 0.024011],[1. 0. 1. 0. 0. 1. 1. 1. 1. 0. 0. 1. 1. 1. 1. 1. 1. 1. 1. 1. 1. 0. 0. 1. 1. 1. 0. 1. 1. 1. 1.],500,100,0.1,0.0015,1,23,best,34,best
169,0.2534059856936136,0.2534059856936136,0.0031654592599999996,[0.066561 0.       0.029707 0.       0.       0.044136 0.058248 0.049863 0.060877 0.       0.       0.02951  0.02293  0.038601 0.061893 0.070419 0.062938 0.030573 0.069482 0.019007 0.029193 0.       0.       0.0608   0.061969 0.015023 0.       0.001487 0.049158 0.043615 0.024011],[1. 0. 1. 0. 0. 1. 1. 1. 1. 0. 0. 1. 1. 1. 1. 1. 1. 1. 1. 1. 1. 0. 0. 1. 1. 1. 0. 1. 1. 1. 1.],500,100,0.1,0.0015,1,23,best,34,best
170,0.2534059856936136,0.2534059856936136,0.0031654592599999996,[0.066561 0.       0.029707 0.       0.       0.044136 0.058248 0.049863 0.060877 0.       0.       0.02951  0.02293  0.038601 0.061893 0.070419 0.062938 0.030573 0.069482 0.019007 0.029193 0.       0.       0.0608   0.061969 0.015023 0.       0.001487 0.049158 0.043615 0.024011],[1. 0. 1. 0. 0. 1. 1. 1. 1. 0. 0. 1. 1. 1. 1. 1. 1. 1. 1. 1. 1. 0. 0. 1. 1. 1. 0. 1. 1. 1. 1.],500,100,0.1,0.0015,1,23,best,34,best
171,0.2534059856936136,0.2534059856936136,0.0031654592599999996,[0.066561 0.       0.029707 0.       0.       0.044136 0.058248 0.049863 0.060877 0.       0.       0.02951  0.02293  0.038601 0.061893 0.070419 0.062938 0.030573 0.069482 0.019007 0.029193 0.       0.       0.0608   0.061969 0.015023 0.       0.001487 0.049158 0.043615 0.024011],[1. 0. 1. 0. 0. 1. 1. 1. 1. 0. 0. 1. 1. 1. 1. 1. 1. 1. 1. 1. 1. 0. 0. 1. 1. 1. 0. 1. 1. 1. 1.],500,100,0.1,0.0015,1,23,best,34,best
172,0.2534059856936136,0.2534059856936136,0.0031654592599999996,[0.066561 0.       0.029707 0.       0.       0.044136 0.058248 0.049863 0.060877 0.       0.       0.02951  0.02293  0.038601 0.061893 0.070419 0.062938 0.030573 0.069482 0.019007 0.029193 0.       0.       0.0608   0.061969 0.015023 0.       0.001487 0.049158 0.043615 0.024011],[1. 0. 1. 0. 0. 1. 1. 1. 1. 0. 0. 1. 1. 1. 1. 1. 1. 1. 1. 1. 1. 0. 0. 1. 1. 1. 0. 1. 1. 1. 1.],500,100,0.1,0.0015,1,23,best,34,best
173,0.2534059856936136,0.2534059856936136,0.0031654592599999996,[0.066561 0.       0.029707 0.       0.       0.044136 0.058248 0.049863 0.060877 0.       0.       0.02951  0.02293  0.038601 0.061893 0.070419 0.062938 0.030573 0.069482 0.019007 0.029193 0.       0.       0.0608   0.061969 0.015023 0.       0.001487 0.049158 0.043615 0.024011],[1. 0. 1. 0. 0. 1. 1. 1. 1. 0. 0. 1. 1. 1. 1. 1. 1. 1. 1. 1. 1. 0. 0. 1. 1. 1. 0. 1. 1. 1. 1.],500,100,0.1,0.0015,1,23,best,34,best
174,0.2534059856936136,0.2534059856936136,0.0031654592599999996,[0.066561 0.       0.029707 0.       0.       0.044136 0.058248 0.049863 0.060877 0.       0.       0.02951  0.02293  0.038601 0.061893 0.070419 0.062938 0.030573 0.069482 0.019007 0.029193 0.       0.       0.0608   0.061969 0.015023 0.       0.001487 0.049158 0.043615 0.024011],[1. 0. 1. 0. 0. 1. 1. 1. 1. 0. 0. 1. 1. 1. 1. 1. 1. 1. 1. 1. 1. 0. 0. 1. 1. 1. 0. 1. 1. 1. 1.],500,100,0.1,0.0015,1,23,best,34,best
175,0.2534059856936136,0.2534059856936136,0.0031654592599999996,[0.066561 0.       0.029707 0.       0.       0.044136 0.058248 0.049863 0.060877 0.       0.       0.02951  0.02293  0.038601 0.061893 0.070419 0.062938 0.030573 0.069482 0.019007 0.029193 0.       0.       0.0608   0.061969 0.015023 0.       0.001487 0.049158 0.043615 0.024011],[1. 0. 1. 0. 0. 1. 1. 1. 1. 0. 0. 1. 1. 1. 1. 1. 1. 1. 1. 1. 1. 0. 0. 1. 1. 1. 0. 1. 1. 1. 1.],500,100,0.1,0.0015,1,23,best,34,best
176,0.2534059856936136,0.2534059856936136,0.0031654592599999996,[0.066561 0.       0.029707 0.       0.       0.044136 0.058248 0.049863 0.060877 0.       0.       0.02951  0.02293  0.038601 0.061893 0.070419 0.062938 0.030573 0.069482 0.019007 0.029193 0.       0.       0.0608   0.061969 0.015023 0.       0.001487 0.049158 0.043615 0.024011],[1. 0. 1. 0. 0. 1. 1. 1. 1. 0. 0. 1. 1. 1. 1. 1. 1. 1. 1. 1. 1. 0. 0. 1. 1. 1. 0. 1. 1. 1. 1.],500,100,0.1,0.0015,1,23,best,34,best
177,0.2534059856936136,0.2534059856936136,0.0031654592599999996,[0.066561 0.       0.029707 0.       0.       0.044136 0.058248 0.049863 0.060877 0.       0.       0.02951  0.02293  0.038601 0.061893 0.070419 0.062938 0.030573 0.069482 0.019007 0.029193 0.       0.       0.0608   0.061969 0.015023 0.       0.001487 0.049158 0.043615 0.024011],[1. 0. 1. 0. 0. 1. 1. 1. 1. 0. 0. 1. 1. 1. 1. 1. 1. 1. 1. 1. 1. 0. 0. 1. 1. 1. 0. 1. 1. 1. 1.],500,100,0.1,0.0015,1,23,best,34,best
178,0.2534059856936136,0.2534059856936136,0.0031654592599999996,[0.066561 0.       0.029707 0.       0.       0.044136 0.058248 0.049863 0.060877 0.       0.       0.02951  0.02293  0.038601 0.061893 0.070419 0.062938 0.030573 0.069482 0.019007 0.029193 0.       0.       0.0608   0.061969 0.015023 0.       0.001487 0.049158 0.043615 0.024011],[1. 0. 1. 0. 0. 1. 1. 1. 1. 0. 0. 1. 1. 1. 1. 1. 1. 1. 1. 1. 1. 0. 0. 1. 1. 1. 0. 1. 1. 1. 1.],500,100,0.1,0.0015,1,23,best,34,best
179,0.2534059856936136,0.2534059856936136,0.0031654592599999996,[0.066561 0.       0.029707 0.       0.       0.044136 0.058248 0.049863 0.060877 0.       0.       0.02951  0.02293  0.038601 0.061893 0.070419 0.062938 0.030573 0.069482 0.019007 0.029193 0.       0.       0.0608   0.061969 0.015023 0.       0.001487 0.049158 0.043615 0.024011],[1. 0. 1. 0. 0. 1. 1. 1. 1. 0. 0. 1. 1. 1. 1. 1. 1. 1. 1. 1. 1. 0. 0. 1. 1. 1. 0. 1. 1. 1. 1.],500,100,0.1,0.0015,1,23,best,34,best
180,0.2534059856936136,0.2534059856936136,0.0031654592599999996,[0.066561 0.       0.029707 0.       0.       0.044136 0.058248 0.049863 0.060877 0.       0.       0.02951  0.02293  0.038601 0.061893 0.070419 0.062938 0.030573 0.069482 0.019007 0.029193 0.       0.       0.0608   0.061969 0.015023 0.       0.001487 0.049158 0.043615 0.024011],[1. 0. 1. 0. 0. 1. 1. 1. 1. 0. 0. 1. 1. 1. 1. 1. 1. 1. 1. 1. 1. 0. 0. 1. 1. 1. 0. 1. 1. 1. 1.],500,100,0.1,0.0015,1,23,best,34,best
181,0.2534059856936136,0.2534059856936136,0.0031654592599999996,[0.066561 0.       0.029707 0.       0.       0.044136 0.058248 0.049863 0.060877 0.       0.       0.02951  0.02293  0.038601 0.061893 0.070419 0.062938 0.030573 0.069482 0.019007 0.029193 0.       0.       0.0608   0.061969 0.015023 0.       0.001487 0.049158 0.043615 0.024011],[1. 0. 1. 0. 0. 1. 1. 1. 1. 0. 0. 1. 1. 1. 1. 1. 1. 1. 1. 1. 1. 0. 0. 1. 1. 1. 0. 1. 1. 1. 1.],500,100,0.1,0.0015,1,23,best,34,best
182,0.2534059856936136,0.2534059856936136,0.0031654592599999996,[0.066561 0.       0.029707 0.       0.       0.044136 0.058248 0.049863 0.060877 0.       0.       0.02951  0.02293  0.038601 0.061893 0.070419 0.062938 0.030573 0.069482 0.019007 0.029193 0.       0.       0.0608   0.061969 0.015023 0.       0.001487 0.049158 0.043615 0.024011],[1. 0. 1. 0. 0. 1. 1. 1. 1. 0. 0. 1. 1. 1. 1. 1. 1. 1. 1. 1. 1. 0. 0. 1. 1. 1. 0. 1. 1. 1. 1.],500,100,0.1,0.0015,1,23,best,34,best
183,0.2534059856936136,0.2534059856936136,0.0031654592599999996,[0.066561 0.       0.029707 0.       0.       0.044136 0.058248 0.049863 0.060877 0.       0.       0.02951  0.02293  0.038601 0.061893 0.070419 0.062938 0.030573 0.069482 0.019007 0.029193 0.       0.       0.0608   0.061969 0.015023 0.       0.001487 0.049158 0.043615 0.024011],[1. 0. 1. 0. 0. 1. 1. 1. 1. 0. 0. 1. 1. 1. 1. 1. 1. 1. 1. 1. 1. 0. 0. 1. 1. 1. 0. 1. 1. 1. 1.],500,100,0.1,0.0015,1,23,best,34,best
184,0.2534059856936136,0.2534059856936136,0.0031654592599999996,[0.066561 0.       0.029707 0.       0.       0.044136 0.058248 0.049863 0.060877 0.       0.       0.02951  0.02293  0.038601 0.061893 0.070419 0.062938 0.030573 0.069482 0.019007 0.029193 0.       0.       0.0608   0.061969 0.015023 0.       0.001487 0.049158 0.043615 0.024011],[1. 0. 1. 0. 0. 1. 1. 1. 1. 0. 0. 1. 1. 1. 1. 1. 1. 1. 1. 1. 1. 0. 0. 1. 1. 1. 0. 1. 1. 1. 1.],500,100,0.1,0.0015,1,23,best,34,best
185,0.2534059856936136,0.2534059856936136,0.0031654592599999996,[0.066561 0.       0.029707 0.       0.       0.044136 0.058248 0.049863 0.060877 0.       0.       0.02951  0.02293  0.038601 0.061893 0.070419 0.062938 0.030573 0.069482 0.019007 0.029193 0.       0.       0.0608   0.061969 0.015023 0.       0.001487 0.049158 0.043615 0.024011],[1. 0. 1. 0. 0. 1. 1. 1. 1. 0. 0. 1. 1. 1. 1. 1. 1. 1. 1. 1. 1. 0. 0. 1. 1. 1. 0. 1. 1. 1. 1.],500,100,0.1,0.0015,1,23,best,34,best
186,0.2534059856936136,0.2534059856936136,0.0031654592599999996,[0.066561 0.       0.029707 0.       0.       0.044136 0.058248 0.049863 0.060877 0.       0.       0.02951  0.02293  0.038601 0.061893 0.070419 0.062938 0.030573 0.069482 0.019007 0.029193 0.       0.       0.0608   0.061969 0.015023 0.       0.001487 0.049158 0.043615 0.024011],[1. 0. 1. 0. 0. 1. 1. 1. 1. 0. 0. 1. 1. 1. 1. 1. 1. 1. 1. 1. 1. 0. 0. 1. 1. 1. 0. 1. 1. 1. 1.],500,100,0.1,0.0015,1,23,best,34,best
187,0.2534059856936136,0.2534059856936136,0.0031654592599999996,[0.066561 0.       0.029707 0.       0.       0.044136 0.058248 0.049863 0.060877 0.       0.       0.02951  0.02293  0.038601 0.061893 0.070419 0.062938 0.030573 0.069482 0.019007 0.029193 0.       0.       0.0608   0.061969 0.015023 0.       0.001487 0.049158 0.043615 0.024011],[1. 0. 1. 0. 0. 1. 1. 1. 1. 0. 0. 1. 1. 1. 1. 1. 1. 1. 1. 1. 1. 0. 0. 1. 1. 1. 0. 1. 1. 1. 1.],500,100,0.1,0.0015,1,23,best,34,best
188,0.2534059856936136,0.2534059856936136,0.0031654592599999996,[0.066561 0.       0.029707 0.       0.       0.044136 0.058248 0.049863 0.060877 0.       0.       0.02951  0.02293  0.038601 0.061893 0.070419 0.062938 0.030573 0.069482 0.019007 0.029193 0.       0.       0.0608   0.061969 0.015023 0.       0.001487 0.049158 0.043615 0.024011],[1. 0. 1. 0. 0. 1. 1. 1. 1. 0. 0. 1. 1. 1. 1. 1. 1. 1. 1. 1. 1. 0. 0. 1. 1. 1. 0. 1. 1. 1. 1.],500,100,0.1,0.0015,1,23,best,34,best
189,0.2534059856936136,0.2534059856936136,0.0031654592599999996,[0.066561 0.       0.029707 0.       0.       0.044136 0.058248 0.049863 0.060877 0.       0.       0.02951  0.02293  0.038601 0.061893 0.070419 0.062938 0.030573 0.069482 0.019007 0.029193 0.       0.       0.0608   0.061969 0.015023 0.       0.001487 0.049158 0.043615 0.024011],[1. 0. 1. 0. 0. 1. 1. 1. 1. 0. 0. 1. 1. 1. 1. 1. 1. 1. 1. 1. 1. 0. 0. 1. 1. 1. 0. 1. 1. 1. 1.],500,100,0.1,0.0015,1,23,best,34,best
190,0.2534059856936136,0.2534059856936136,0.0031654592599999996,[0.066561 0.       0.029707 0.       0.       0.044136 0.058248 0.049863 0.060877 0.       0.       0.02951  0.02293  0.038601 0.061893 0.070419 0.062938 0.030573 0.069482 0.019007 0.029193 0.       0.       0.0608   0.061969 0.015023 0.       0.001487 0.049158 0.043615 0.024011],[1. 0. 1. 0. 0. 1. 1. 1. 1. 0. 0. 1. 1. 1. 1. 1. 1. 1. 1. 1. 1. 0. 0. 1. 1. 1. 0. 1. 1. 1. 1.],500,100,0.1,0.0015,1,23,best,34,best
191,0.2534059856936136,0.2534059856936136,0.0031654592599999996,[0.066561 0.       0.029707 0.       0.       0.044136 0.058248 0.049863 0.060877 0.       0.       0.02951  0.02293  0.038601 0.061893 0.070419 0.062938 0.030573 0.069482 0.019007 0.029193 0.       0.       0.0608   0.061969 0.015023 0.       0.001487 0.049158 0.043615 0.024011],[1. 0. 1. 0. 0. 1. 1. 1. 1. 0. 0. 1. 1. 1. 1. 1. 1. 1. 1. 1. 1. 0. 0. 1. 1. 1. 0. 1. 1. 1. 1.],500,100,0.1,0.0015,1,23,best,34,best
192,0.2534059856936136,0.2534059856936136,0.0031654592599999996,[0.066561 0.       0.029707 0.       0.       0.044136 0.058248 0.049863 0.060877 0.       0.       0.02951  0.02293  0.038601 0.061893 0.070419 0.062938 0.030573 0.069482 0.019007 0.029193 0.       0.       0.0608   0.061969 0.015023 0.       0.001487 0.049158 0.043615 0.024011],[1. 0. 1. 0. 0. 1. 1. 1. 1. 0. 0. 1. 1. 1. 1. 1. 1. 1. 1. 1. 1. 0. 0. 1. 1. 1. 0. 1. 1. 1. 1.],500,100,0.1,0.0015,1,23,best,34,best
193,0.2534059856936136,0.2534059856936136,0.0031654592599999996,[0.066561 0.       0.029707 0.       0.       0.044136 0.058248 0.049863 0.060877 0.       0.       0.02951  0.02293  0.038601 0.061893 0.070419 0.062938 0.030573 0.069482 0.019007 0.029193 0.       0.       0.0608   0.061969 0.015023 0.       0.001487 0.049158 0.043615 0.024011],[1. 0. 1. 0. 0. 1. 1. 1. 1. 0. 0. 1. 1. 1. 1. 1. 1. 1. 1. 1. 1. 0. 0. 1. 1. 1. 0. 1. 1. 1. 1.],500,100,0.1,0.0015,1,23,best,34,best
194,0.2534059856936136,0.2534059856936136,0.0031654592599999996,[0.066561 0.       0.029707 0.       0.       0.044136 0.058248 0.049863 0.060877 0.       0.       0.02951  0.02293  0.038601 0.061893 0.070419 0.062938 0.030573 0.069482 0.019007 0.029193 0.       0.       0.0608   0.061969 0.015023 0.       0.001487 0.049158 0.043615 0.024011],[1. 0. 1. 0. 0. 1. 1. 1. 1. 0. 0. 1. 1. 1. 1. 1. 1. 1. 1. 1. 1. 0. 0. 1. 1. 1. 0. 1. 1. 1. 1.],500,100,0.1,0.0015,1,23,best,34,best
195,0.2534059856936136,0.2534059856936136,0.0031654592599999996,[0.066561 0.       0.029707 0.       0.       0.044136 0.058248 0.049863 0.060877 0.       0.       0.02951  0.02293  0.038601 0.061893 0.070419 0.062938 0.030573 0.069482 0.019007 0.029193 0.       0.       0.0608   0.061969 0.015023 0.       0.001487 0.049158 0.043615 0.024011],[1. 0. 1. 0. 0. 1. 1. 1. 1. 0. 0. 1. 1. 1. 1. 1. 1. 1. 1. 1. 1. 0. 0. 1. 1. 1. 0. 1. 1. 1. 1.],500,100,0.1,0.0015,1,23,best,34,best
196,0.2534059856936136,0.2534059856936136,0.0031654592599999996,[0.066561 0.       0.029707 0.       0.       0.044136 0.058248 0.049863 0.060877 0.       0.       0.02951  0.02293  0.038601 0.061893 0.070419 0.062938 0.030573 0.069482 0.019007 0.029193 0.       0.       0.0608   0.061969 0.015023 0.       0.001487 0.049158 0.043615 0.024011],[1. 0. 1. 0. 0. 1. 1. 1. 1. 0. 0. 1. 1. 1. 1. 1. 1. 1. 1. 1. 1. 0. 0. 1. 1. 1. 0. 1. 1. 1. 1.],500,100,0.1,0.0015,1,23,best,34,best
197,0.2534059856936136,0.2534059856936136,0.0031654592599999996,[0.066561 0.       0.029707 0.       0.       0.044136 0.058248 0.049863 0.060877 0.       0.       0.02951  0.02293  0.038601 0.061893 0.070419 0.062938 0.030573 0.069482 0.019007 0.029193 0.       0.       0.0608   0.061969 0.015023 0.       0.001487 0.049158 0.043615 0.024011],[1. 0. 1. 0. 0. 1. 1. 1. 1. 0. 0. 1. 1. 1. 1. 1. 1. 1. 1. 1. 1. 0. 0. 1. 1. 1. 0. 1. 1. 1. 1.],500,100,0.1,0.0015,1,23,best,34,best
198,0.2534059856936136,0.2534059856936136,0.0031654592599999996,[0.066561 0.       0.029707 0.       0.       0.044136 0.058248 0.049863 0.060877 0.       0.       0.02951  0.02293  0.038601 0.061893 0.070419 0.062938 0.030573 0.069482 0.019007 0.029193 0.       0.       0.0608   0.061969 0.015023 0.       0.001487 0.049158 0.043615 0.024011],[1. 0. 1. 0. 0. 1. 1. 1. 1. 0. 0. 1. 1. 1. 1. 1. 1. 1. 1. 1. 1. 0. 0. 1. 1. 1. 0. 1. 1. 1. 1.],500,100,0.1,0.0015,1,23,best,34,best
199,0.2534059856936136,0.2534059856936136,0.0031654592599999996,[0.066561 0.       0.029707 0.       0.       0.044136 0.058248 0.049863 0.060877 0.       0.       0.02951  0.02293  0.038601 0.061893 0.070419 0.062938 0.030573 0.069482 0.019007 0.029193 0.       0.       0.0608   0.061969 0.015023 0.       0.001487 0.049158 0.043615 0.024011],[1. 0. 1. 0. 0. 1. 1. 1. 1. 0. 0. 1. 1. 1. 1. 1. 1. 1. 1. 1. 1. 0. 0. 1. 1. 1. 0. 1. 1. 1. 1.],500,100,0.1,0.0015,1,23,best,34,best
200,0.2534059856936136,0.2534059856936136,0.0031654592599999996,[0.066561 0.       0.029707 0.       0.       0.044136 0.058248 0.049863 0.060877 0.       0.       0.02951  0.02293  0.038601 0.061893 0.070419 0.062938 0.030573 0.069482 0.019007 0.029193 0.       0.       0.0608   0.061969 0.015023 0.       0.001487 0.049158 0.043615 0.024011],[1. 0. 1. 0. 0. 1. 1. 1. 1. 0. 0. 1. 1. 1. 1. 1. 1. 1. 1. 1. 1. 0. 0. 1. 1. 1. 0. 1. 1. 1. 1.],500,100,0.1,0.0015,1,23,best,34,best
201,0.2534059856936136,0.2534059856936136,0.0031654592599999996,[0.066561 0.       0.029707 0.       0.       0.044136 0.058248 0.049863 0.060877 0.       0.       0.02951  0.02293  0.038601 0.061893 0.070419 0.062938 0.030573 0.069482 0.019007 0.029193 0.       0.       0.0608   0.061969 0.015023 0.       0.001487 0.049158 0.043615 0.024011],[1. 0. 1. 0. 0. 1. 1. 1. 1. 0. 0. 1. 1. 1. 1. 1. 1. 1. 1. 1. 1. 0. 0. 1. 1. 1. 0. 1. 1. 1. 1.],500,100,0.1,0.0015,1,23,best,34,best
202,0.2534059856936136,0.2534059856936136,0.0031654592599999996,[0.066561 0.       0.029707 0.       0.       0.044136 0.058248 0.049863 0.060877 0.       0.       0.02951  0.02293  0.038601 0.061893 0.070419 0.062938 0.030573 0.069482 0.019007 0.029193 0.       0.       0.0608   0.061969 0.015023 0.       0.001487 0.049158 0.043615 0.024011],[1. 0. 1. 0. 0. 1. 1. 1. 1. 0. 0. 1. 1. 1. 1. 1. 1. 1. 1. 1. 1. 0. 0. 1. 1. 1. 0. 1. 1. 1. 1.],500,100,0.1,0.0015,1,23,best,34,best
203,0.2534059856936136,0.2534059856936136,0.0031654592599999996,[0.066561 0.       0.029707 0.       0.       0.044136 0.058248 0.049863 0.060877 0.       0.       0.02951  0.02293  0.038601 0.061893 0.070419 0.062938 0.030573 0.069482 0.019007 0.029193 0.       0.       0.0608   0.061969 0.015023 0.       0.001487 0.049158 0.043615 0.024011],[1. 0. 1. 0. 0. 1. 1. 1. 1. 0. 0. 1. 1. 1. 1. 1. 1. 1. 1. 1. 1. 0. 0. 1. 1. 1. 0. 1. 1. 1. 1.],500,100,0.1,0.0015,1,23,best,34,best
204,0.2534059856936136,0.2534059856936136,0.0031654592599999996,[0.066561 0.       0.029707 0.       0.       0.044136 0.058248 0.049863 0.060877 0.       0.       0.02951  0.02293  0.038601 0.061893 0.070419 0.062938 0.030573 0.069482 0.019007 0.029193 0.       0.       0.0608   0.061969 0.015023 0.       0.001487 0.049158 0.043615 0.024011],[1. 0. 1. 0. 0. 1. 1. 1. 1. 0. 0. 1. 1. 1. 1. 1. 1. 1. 1. 1. 1. 0. 0. 1. 1. 1. 0. 1. 1. 1. 1.],500,100,0.1,0.0015,1,23,best,34,best
205,0.2534059856936136,0.2534059856936136,0.0031654592599999996,[0.066561 0.       0.029707 0.       0.       0.044136 0.058248 0.049863 0.060877 0.       0.       0.02951  0.02293  0.038601 0.061893 0.070419 0.062938 0.030573 0.069482 0.019007 0.029193 0.       0.       0.0608   0.061969 0.015023 0.       0.001487 0.049158 0.043615 0.024011],[1. 0. 1. 0. 0. 1. 1. 1. 1. 0. 0. 1. 1. 1. 1. 1. 1. 1. 1. 1. 1. 0. 0. 1. 1. 1. 0. 1. 1. 1. 1.],500,100,0.1,0.0015,1,23,best,34,best
206,0.2534059856936136,0.2534059856936136,0.0031654592599999996,[0.066561 0.       0.029707 0.       0.       0.044136 0.058248 0.049863 0.060877 0.       0.       0.02951  0.02293  0.038601 0.061893 0.070419 0.062938 0.030573 0.069482 0.019007 0.029193 0.       0.       0.0608   0.061969 0.015023 0.       0.001487 0.049158 0.043615 0.024011],[1. 0. 1. 0. 0. 1. 1. 1. 1. 0. 0. 1. 1. 1. 1. 1. 1. 1. 1. 1. 1. 0. 0. 1. 1. 1. 0. 1. 1. 1. 1.],500,100,0.1,0.0015,1,23,best,34,best
207,0.2534059856936136,0.2534059856936136,0.0031654592599999996,[0.066561 0.       0.029707 0.       0.       0.044136 0.058248 0.049863 0.060877 0.       0.       0.02951  0.02293  0.038601 0.061893 0.070419 0.062938 0.030573 0.069482 0.019007 0.029193 0.       0.       0.0608   0.061969 0.015023 0.       0.001487 0.049158 0.043615 0.024011],[1. 0. 1. 0. 0. 1. 1. 1. 1. 0. 0. 1. 1. 1. 1. 1. 1. 1. 1. 1. 1. 0. 0. 1. 1. 1. 0. 1. 1. 1. 1.],500,100,0.1,0.0015,1,23,best,34,best
208,0.2534059856936136,0.2534059856936136,0.0031654592599999996,[0.066561 0.       0.029707 0.       0.       0.044136 0.058248 0.049863 0.060877 0.       0.       0.02951  0.02293  0.038601 0.061893 0.070419 0.062938 0.030573 0.069482 0.019007 0.029193 0.       0.       0.0608   0.061969 0.015023 0.       0.001487 0.049158 0.043615 0.024011],[1. 0. 1. 0. 0. 1. 1. 1. 1. 0. 0. 1. 1. 1. 1. 1. 1. 1. 1. 1. 1. 0. 0. 1. 1. 1. 0. 1. 1. 1. 1.],500,100,0.1,0.0015,1,23,best,34,best
209,0.2534059856936136,0.2534059856936136,0.0031654592599999996,[0.066561 0.       0.029707 0.       0.       0.044136 0.058248 0.049863 0.060877 0.       0.       0.02951  0.02293  0.038601 0.061893 0.070419 0.062938 0.030573 0.069482 0.019007 0.029193 0.       0.       0.0608   0.061969 0.015023 0.       0.001487 0.049158 0.043615 0.024011],[1. 0. 1. 0. 0. 1. 1. 1. 1. 0. 0. 1. 1. 1. 1. 1. 1. 1. 1. 1. 1. 0. 0. 1. 1. 1. 0. 1. 1. 1. 1.],500,100,0.1,0.0015,1,23,best,34,best
210,0.2534059856936136,0.2534059856936136,0.0031654592599999996,[0.066561 0.       0.029707 0.       0.       0.044136 0.058248 0.049863 0.060877 0.       0.       0.02951  0.02293  0.038601 0.061893 0.070419 0.062938 0.030573 0.069482 0.019007 0.029193 0.       0.       0.0608   0.061969 0.015023 0.       0.001487 0.049158 0.043615 0.024011],[1. 0. 1. 0. 0. 1. 1. 1. 1. 0. 0. 1. 1. 1. 1. 1. 1. 1. 1. 1. 1. 0. 0. 1. 1. 1. 0. 1. 1. 1. 1.],500,100,0.1,0.0015,1,23,best,34,best
211,0.2534059856936136,0.2534059856936136,0.0031654592599999996,[0.066561 0.       0.029707 0.       0.       0.044136 0.058248 0.049863 0.060877 0.       0.       0.02951  0.02293  0.038601 0.061893 0.070419 0.062938 0.030573 0.069482 0.019007 0.029193 0.       0.       0.0608   0.061969 0.015023 0.       0.001487 0.049158 0.043615 0.024011],[1. 0. 1. 0. 0. 1. 1. 1. 1. 0. 0. 1. 1. 1. 1. 1. 1. 1. 1. 1. 1. 0. 0. 1. 1. 1. 0. 1. 1. 1. 1.],500,100,0.1,0.0015,1,23,best,34,best
212,0.2534059856936136,0.2534059856936136,0.0031654592599999996,[0.066561 0.       0.029707 0.       0.       0.044136 0.058248 0.049863 0.060877 0.       0.       0.02951  0.02293  0.038601 0.061893 0.070419 0.062938 0.030573 0.069482 0.019007 0.029193 0.       0.       0.0608   0.061969 0.015023 0.       0.001487 0.049158 0.043615 0.024011],[1. 0. 1. 0. 0. 1. 1. 1. 1. 0. 0. 1. 1. 1. 1. 1. 1. 1. 1. 1. 1. 0. 0. 1. 1. 1. 0. 1. 1. 1. 1.],500,100,0.1,0.0015,1,23,best,34,best
213,0.2534059856936136,0.2534059856936136,0.0031654592599999996,[0.066561 0.       0.029707 0.       0.       0.044136 0.058248 0.049863 0.060877 0.       0.       0.02951  0.02293  0.038601 0.061893 0.070419 0.062938 0.030573 0.069482 0.019007 0.029193 0.       0.       0.0608   0.061969 0.015023 0.       0.001487 0.049158 0.043615 0.024011],[1. 0. 1. 0. 0. 1. 1. 1. 1. 0. 0. 1. 1. 1. 1. 1. 1. 1. 1. 1. 1. 0. 0. 1. 1. 1. 0. 1. 1. 1. 1.],500,100,0.1,0.0015,1,23,best,34,best
214,0.2534059856936136,0.2534059856936136,0.0031654592599999996,[0.066561 0.       0.029707 0.       0.       0.044136 0.058248 0.049863 0.060877 0.       0.       0.02951  0.02293  0.038601 0.061893 0.070419 0.062938 0.030573 0.069482 0.019007 0.029193 0.       0.       0.0608   0.061969 0.015023 0.       0.001487 0.049158 0.043615 0.024011],[1. 0. 1. 0. 0. 1. 1. 1. 1. 0. 0. 1. 1. 1. 1. 1. 1. 1. 1. 1. 1. 0. 0. 1. 1. 1. 0. 1. 1. 1. 1.],500,100,0.1,0.0015,1,23,best,34,best
215,0.2534059856936136,0.2534059856936136,0.0031654592599999996,[0.066561 0.       0.029707 0.       0.       0.044136 0.058248 0.049863 0.060877 0.       0.       0.02951  0.02293  0.038601 0.061893 0.070419 0.062938 0.030573 0.069482 0.019007 0.029193 0.       0.       0.0608   0.061969 0.015023 0.       0.001487 0.049158 0.043615 0.024011],[1. 0. 1. 0. 0. 1. 1. 1. 1. 0. 0. 1. 1. 1. 1. 1. 1. 1. 1. 1. 1. 0. 0. 1. 1. 1. 0. 1. 1. 1. 1.],500,100,0.1,0.0015,1,23,best,34,best
216,0.2534059856936136,0.2534059856936136,0.0031654592599999996,[0.066561 0.       0.029707 0.       0.       0.044136 0.058248 0.049863 0.060877 0.       0.       0.02951  0.02293  0.038601 0.061893 0.070419 0.062938 0.030573 0.069482 0.019007 0.029193 0.       0.       0.0608   0.061969 0.015023 0.       0.001487 0.049158 0.043615 0.024011],[1. 0. 1. 0. 0. 1. 1. 1. 1. 0. 0. 1. 1. 1. 1. 1. 1. 1. 1. 1. 1. 0. 0. 1. 1. 1. 0. 1. 1. 1. 1.],500,100,0.1,0.0015,1,23,best,34,best
217,0.2534059856936136,0.2534059856936136,0.0031654592599999996,[0.066561 0.       0.029707 0.       0.       0.044136 0.058248 0.049863 0.060877 0.       0.       0.02951  0.02293  0.038601 0.061893 0.070419 0.062938 0.030573 0.069482 0.019007 0.029193 0.       0.       0.0608   0.061969 0.015023 0.       0.001487 0.049158 0.043615 0.024011],[1. 0. 1. 0. 0. 1. 1. 1. 1. 0. 0. 1. 1. 1. 1. 1. 1. 1. 1. 1. 1. 0. 0. 1. 1. 1. 0. 1. 1. 1. 1.],500,100,0.1,0.0015,1,23,best,34,best
218,0.2534059856936136,0.2534059856936136,0.0031654592599999996,[0.066561 0.       0.029707 0.       0.       0.044136 0.058248 0.049863 0.060877 0.       0.       0.02951  0.02293  0.038601 0.061893 0.070419 0.062938 0.030573 0.069482 0.019007 0.029193 0.       0.       0.0608   0.061969 0.015023 0.       0.001487 0.049158 0.043615 0.024011],[1. 0. 1. 0. 0. 1. 1. 1. 1. 0. 0. 1. 1. 1. 1. 1. 1. 1. 1. 1. 1. 0. 0. 1. 1. 1. 0. 1. 1. 1. 1.],500,100,0.1,0.0015,1,23,best,34,best
219,0.2534059856936136,0.2534059856936136,0.0031654592599999996,[0.066561 0.       0.029707 0.       0.       0.044136 0.058248 0.049863 0.060877 0.       0.       0.02951  0.02293  0.038601 0.061893 0.070419 0.062938 0.030573 0.069482 0.019007 0.029193 0.       0.       0.0608   0.061969 0.015023 0.       0.001487 0.049158 0.043615 0.024011],[1. 0. 1. 0. 0. 1. 1. 1. 1. 0. 0. 1. 1. 1. 1. 1. 1. 1. 1. 1. 1. 0. 0. 1. 1. 1. 0. 1. 1. 1. 1.],500,100,0.1,0.0015,1,23,best,34,best
220,0.2534059856936136,0.2534059856936136,0.0031654592599999996,[0.066561 0.       0.029707 0.       0.       0.044136 0.058248 0.049863 0.060877 0.       0.       0.02951  0.02293  0.038601 0.061893 0.070419 0.062938 0.030573 0.069482 0.019007 0.029193 0.       0.       0.0608   0.061969 0.015023 0.       0.001487 0.049158 0.043615 0.024011],[1. 0. 1. 0. 0. 1. 1. 1. 1. 0. 0. 1. 1. 1. 1. 1. 1. 1. 1. 1. 1. 0. 0. 1. 1. 1. 0. 1. 1. 1. 1.],500,100,0.1,0.0015,1,23,best,34,best
221,0.2534059856936136,0.2534059856936136,0.0031654592599999996,[0.066561 0.       0.029707 0.       0.       0.044136 0.058248 0.049863 0.060877 0.       0.       0.02951  0.02293  0.038601 0.061893 0.070419 0.062938 0.030573 0.069482 0.019007 0.029193 0.       0.       0.0608   0.061969 0.015023 0.       0.001487 0.049158 0.043615 0.024011],[1. 0. 1. 0. 0. 1. 1. 1. 1. 0. 0. 1. 1. 1. 1. 1. 1. 1. 1. 1. 1. 0. 0. 1. 1. 1. 0. 1. 1. 1. 1.],500,100,0.1,0.0015,1,23,best,34,best
222,0.2534059856936136,0.2534059856936136,0.0031654592599999996,[0.066561 0.       0.029707 0.       0.       0.044136 0.058248 0.049863 0.060877 0.       0.       0.02951  0.02293  0.038601 0.061893 0.070419 0.062938 0.030573 0.069482 0.019007 0.029193 0.       0.       0.0608   0.061969 0.015023 0.       0.001487 0.049158 0.043615 0.024011],[1. 0. 1. 0. 0. 1. 1. 1. 1. 0. 0. 1. 1. 1. 1. 1. 1. 1. 1. 1. 1. 0. 0. 1. 1. 1. 0. 1. 1. 1. 1.],500,100,0.1,0.0015,1,23,best,34,best
223,0.2534059856936136,0.2534059856936136,0.0031654592599999996,[0.066561 0.       0.029707 0.       0.       0.044136 0.058248 0.049863 0.060877 0.       0.       0.02951  0.02293  0.038601 0.061893 0.070419 0.062938 0.030573 0.069482 0.019007 0.029193 0.       0.       0.0608   0.061969 0.015023 0.       0.001487 0.049158 0.043615 0.024011],[1. 0. 1. 0. 0. 1. 1. 1. 1. 0. 0. 1. 1. 1. 1. 1. 1. 1. 1. 1. 1. 0. 0. 1. 1. 1. 0. 1. 1. 1. 1.],500,100,0.1,0.0015,1,23,best,34,best
224,0.2534059856936136,0.2534059856936136,0.0031654592599999996,[0.066561 0.       0.029707 0.       0.       0.044136 0.058248 0.049863 0.060877 0.       0.       0.02951  0.02293  0.038601 0.061893 0.070419 0.062938 0.030573 0.069482 0.019007 0.029193 0.       0.       0.0608   0.061969 0.015023 0.       0.001487 0.049158 0.043615 0.024011],[1. 0. 1. 0. 0. 1. 1. 1. 1. 0. 0. 1. 1. 1. 1. 1. 1. 1. 1. 1. 1. 0. 0. 1. 1. 1. 0. 1. 1. 1. 1.],500,100,0.1,0.0015,1,23,best,34,best
225,0.2534059856936136,0.2534059856936136,0.0031654592599999996,[0.066561 0.       0.029707 0.       0.       0.044136 0.058248 0.049863 0.060877 0.       0.       0.02951  0.02293  0.038601 0.061893 0.070419 0.062938 0.030573 0.069482 0.019007 0.029193 0.       0.       0.0608   0.061969 0.015023 0.       0.001487 0.049158 0.043615 0.024011],[1. 0. 1. 0. 0. 1. 1. 1. 1. 0. 0. 1. 1. 1. 1. 1. 1. 1. 1. 1. 1. 0. 0. 1. 1. 1. 0. 1. 1. 1. 1.],500,100,0.1,0.0015,1,23,best,34,best
226,0.2534059856936136,0.2534059856936136,0.0031654592599999996,[0.066561 0.       0.029707 0.       0.       0.044136 0.058248 0.049863 0.060877 0.       0.       0.02951  0.02293  0.038601 0.061893 0.070419 0.062938 0.030573 0.069482 0.019007 0.029193 0.       0.       0.0608   0.061969 0.015023 0.       0.001487 0.049158 0.043615 0.024011],[1. 0. 1. 0. 0. 1. 1. 1. 1. 0. 0. 1. 1. 1. 1. 1. 1. 1. 1. 1. 1. 0. 0. 1. 1. 1. 0. 1. 1. 1. 1.],500,100,0.1,0.0015,1,23,best,34,best
227,0.2534059856936136,0.2534059856936136,0.0031654592599999996,[0.066561 0.       0.029707 0.       0.       0.044136 0.058248 0.049863 0.060877 0.       0.       0.02951  0.02293  0.038601 0.061893 0.070419 0.062938 0.030573 0.069482 0.019007 0.029193 0.       0.       0.0608   0.061969 0.015023 0.       0.001487 0.049158 0.043615 0.024011],[1. 0. 1. 0. 0. 1. 1. 1. 1. 0. 0. 1. 1. 1. 1. 1. 1. 1. 1. 1. 1. 0. 0. 1. 1. 1. 0. 1. 1. 1. 1.],500,100,0.1,0.0015,1,23,best,34,best
228,0.2534059856936136,0.2534059856936136,0.0031654592599999996,[0.066561 0.       0.029707 0.       0.       0.044136 0.058248 0.049863 0.060877 0.       0.       0.02951  0.02293  0.038601 0.061893 0.070419 0.062938 0.030573 0.069482 0.019007 0.029193 0.       0.       0.0608   0.061969 0.015023 0.       0.001487 0.049158 0.043615 0.024011],[1. 0. 1. 0. 0. 1. 1. 1. 1. 0. 0. 1. 1. 1. 1. 1. 1. 1. 1. 1. 1. 0. 0. 1. 1. 1. 0. 1. 1. 1. 1.],500,100,0.1,0.0015,1,23,best,34,best
229,0.2534059856936136,0.2534059856936136,0.0031654592599999996,[0.066561 0.       0.029707 0.       0.       0.044136 0.058248 0.049863 0.060877 0.       0.       0.02951  0.02293  0.038601 0.061893 0.070419 0.062938 0.030573 0.069482 0.019007 0.029193 0.       0.       0.0608   0.061969 0.015023 0.       0.001487 0.049158 0.043615 0.024011],[1. 0. 1. 0. 0. 1. 1. 1. 1. 0. 0. 1. 1. 1. 1. 1. 1. 1. 1. 1. 1. 0. 0. 1. 1. 1. 0. 1. 1. 1. 1.],500,100,0.1,0.0015,1,23,best,34,best
230,0.2534059856936136,0.2534059856936136,0.0031654592599999996,[0.066561 0.       0.029707 0.       0.       0.044136 0.058248 0.049863 0.060877 0.       0.       0.02951  0.02293  0.038601 0.061893 0.070419 0.062938 0.030573 0.069482 0.019007 0.029193 0.       0.       0.0608   0.061969 0.015023 0.       0.001487 0.049158 0.043615 0.024011],[1. 0. 1. 0. 0. 1. 1. 1. 1. 0. 0. 1. 1. 1. 1. 1. 1. 1. 1. 1. 1. 0. 0. 1. 1. 1. 0. 1. 1. 1. 1.],500,100,0.1,0.0015,1,23,best,34,best
231,0.2534059856936136,0.2534059856936136,0.0031654592599999996,[0.066561 0.       0.029707 0.       0.       0.044136 0.058248 0.049863 0.060877 0.       0.       0.02951  0.02293  0.038601 0.061893 0.070419 0.062938 0.030573 0.069482 0.019007 0.029193 0.       0.       0.0608   0.061969 0.015023 0.       0.001487 0.049158 0.043615 0.024011],[1. 0. 1. 0. 0. 1. 1. 1. 1. 0. 0. 1. 1. 1. 1. 1. 1. 1. 1. 1. 1. 0. 0. 1. 1. 1. 0. 1. 1. 1. 1.],500,100,0.1,0.0015,1,23,best,34,best
232,0.2534059856936136,0.2534059856936136,0.0031654592599999996,[0.066561 0.       0.029707 0.       0.       0.044136 0.058248 0.049863 0.060877 0.       0.       0.02951  0.02293  0.038601 0.061893 0.070419 0.062938 0.030573 0.069482 0.019007 0.029193 0.       0.       0.0608   0.061969 0.015023 0.       0.001487 0.049158 0.043615 0.024011],[1. 0. 1. 0. 0. 1. 1. 1. 1. 0. 0. 1. 1. 1. 1. 1. 1. 1. 1. 1. 1. 0. 0. 1. 1. 1. 0. 1. 1. 1. 1.],500,100,0.1,0.0015,1,23,best,34,best
233,0.2534059856936136,0.2534059856936136,0.0031654592599999996,[0.066561 0.       0.029707 0.       0.       0.044136 0.058248 0.049863 0.060877 0.       0.       0.02951  0.02293  0.038601 0.061893 0.070419 0.062938 0.030573 0.069482 0.019007 0.029193 0.       0.       0.0608   0.061969 0.015023 0.       0.001487 0.049158 0.043615 0.024011],[1. 0. 1. 0. 0. 1. 1. 1. 1. 0. 0. 1. 1. 1. 1. 1. 1. 1. 1. 1. 1. 0. 0. 1. 1. 1. 0. 1. 1. 1. 1.],500,100,0.1,0.0015,1,23,best,34,best
234,0.2534059856936136,0.2534059856936136,0.0031654592599999996,[0.066561 0.       0.029707 0.       0.       0.044136 0.058248 0.049863 0.060877 0.       0.       0.02951  0.02293  0.038601 0.061893 0.070419 0.062938 0.030573 0.069482 0.019007 0.029193 0.       0.       0.0608   0.061969 0.015023 0.       0.001487 0.049158 0.043615 0.024011],[1. 0. 1. 0. 0. 1. 1. 1. 1. 0. 0. 1. 1. 1. 1. 1. 1. 1. 1. 1. 1. 0. 0. 1. 1. 1. 0. 1. 1. 1. 1.],500,100,0.1,0.0015,1,23,best,34,best
235,0.2534059856936136,0.2534059856936136,0.0031654592599999996,[0.066561 0.       0.029707 0.       0.       0.044136 0.058248 0.049863 0.060877 0.       0.       0.02951  0.02293  0.038601 0.061893 0.070419 0.062938 0.030573 0.069482 0.019007 0.029193 0.       0.       0.0608   0.061969 0.015023 0.       0.001487 0.049158 0.043615 0.024011],[1. 0. 1. 0. 0. 1. 1. 1. 1. 0. 0. 1. 1. 1. 1. 1. 1. 1. 1. 1. 1. 0. 0. 1. 1. 1. 0. 1. 1. 1. 1.],500,100,0.1,0.0015,1,23,best,34,best
236,0.2534059856936136,0.2534059856936136,0.0031654592599999996,[0.066561 0.       0.029707 0.       0.       0.044136 0.058248 0.049863 0.060877 0.       0.       0.02951  0.02293  0.038601 0.061893 0.070419 0.062938 0.030573 0.069482 0.019007 0.029193 0.       0.       0.0608   0.061969 0.015023 0.       0.001487 0.049158 0.043615 0.024011],[1. 0. 1. 0. 0. 1. 1. 1. 1. 0. 0. 1. 1. 1. 1. 1. 1. 1. 1. 1. 1. 0. 0. 1. 1. 1. 0. 1. 1. 1. 1.],500,100,0.1,0.0015,1,23,best,34,best
237,0.2534059856936136,0.2534059856936136,0.0031654592599999996,[0.066561 0.       0.029707 0.       0.       0.044136 0.058248 0.049863 0.060877 0.       0.       0.02951  0.02293  0.038601 0.061893 0.070419 0.062938 0.030573 0.069482 0.019007 0.029193 0.       0.       0.0608   0.061969 0.015023 0.       0.001487 0.049158 0.043615 0.024011],[1. 0. 1. 0. 0. 1. 1. 1. 1. 0. 0. 1. 1. 1. 1. 1. 1. 1. 1. 1. 1. 0. 0. 1. 1. 1. 0. 1. 1. 1. 1.],500,100,0.1,0.0015,1,23,best,34,best
238,0.2534059856936136,0.2534059856936136,0.0031654592599999996,[0.066561 0.       0.029707 0.       0.       0.044136 0.058248 0.049863 0.060877 0.       0.       0.02951  0.02293  0.038601 0.061893 0.070419 0.062938 0.030573 0.069482 0.019007 0.029193 0.       0.       0.0608   0.061969 0.015023 0.       0.001487 0.049158 0.043615 0.024011],[1. 0. 1. 0. 0. 1. 1. 1. 1. 0. 0. 1. 1. 1. 1. 1. 1. 1. 1. 1. 1. 0. 0. 1. 1. 1. 0. 1. 1. 1. 1.],500,100,0.1,0.0015,1,23,best,34,best
239,0.2534059856936136,0.2534059856936136,0.0031654592599999996,[0.066561 0.       0.029707 0.       0.       0.044136 0.058248 0.049863 0.060877 0.       0.       0.02951  0.02293  0.038601 0.061893 0.070419 0.062938 0.030573 0.069482 0.019007 0.029193 0.       0.       0.0608   0.061969 0.015023 0.       0.001487 0.049158 0.043615 0.024011],[1. 0. 1. 0. 0. 1. 1. 1. 1. 0. 0. 1. 1. 1. 1. 1. 1. 1. 1. 1. 1. 0. 0. 1. 1. 1. 0. 1. 1. 1. 1.],500,100,0.1,0.0015,1,23,best,34,best
240,0.2534059856936136,0.2534059856936136,0.0031654592599999996,[0.066561 0.       0.029707 0.       0.       0.044136 0.058248 0.049863 0.060877 0.       0.       0.02951  0.02293  0.038601 0.061893 0.070419 0.062938 0.030573 0.069482 0.019007 0.029193 0.       0.       0.0608   0.061969 0.015023 0.       0.001487 0.049158 0.043615 0.024011],[1. 0. 1. 0. 0. 1. 1. 1. 1. 0. 0. 1. 1. 1. 1. 1. 1. 1. 1. 1. 1. 0. 0. 1. 1. 1. 0. 1. 1. 1. 1.],500,100,0.1,0.0015,1,23,best,34,best
241,0.2534059856936136,0.2534059856936136,0.0031654592599999996,[0.066561 0.       0.029707 0.       0.       0.044136 0.058248 0.049863 0.060877 0.       0.       0.02951  0.02293  0.038601 0.061893 0.070419 0.062938 0.030573 0.069482 0.019007 0.029193 0.       0.       0.0608   0.061969 0.015023 0.       0.001487 0.049158 0.043615 0.024011],[1. 0. 1. 0. 0. 1. 1. 1. 1. 0. 0. 1. 1. 1. 1. 1. 1. 1. 1. 1. 1. 0. 0. 1. 1. 1. 0. 1. 1. 1. 1.],500,100,0.1,0.0015,1,23,best,34,best
242,0.2534059856936136,0.2534059856936136,0.0031654592599999996,[0.066561 0.       0.029707 0.       0.       0.044136 0.058248 0.049863 0.060877 0.       0.       0.02951  0.02293  0.038601 0.061893 0.070419 0.062938 0.030573 0.069482 0.019007 0.029193 0.       0.       0.0608   0.061969 0.015023 0.       0.001487 0.049158 0.043615 0.024011],[1. 0. 1. 0. 0. 1. 1. 1. 1. 0. 0. 1. 1. 1. 1. 1. 1. 1. 1. 1. 1. 0. 0. 1. 1. 1. 0. 1. 1. 1. 1.],500,100,0.1,0.0015,1,23,best,34,best
243,0.2534059856936136,0.2534059856936136,0.0031654592599999996,[0.066561 0.       0.029707 0.       0.       0.044136 0.058248 0.049863 0.060877 0.       0.       0.02951  0.02293  0.038601 0.061893 0.070419 0.062938 0.030573 0.069482 0.019007 0.029193 0.       0.       0.0608   0.061969 0.015023 0.       0.001487 0.049158 0.043615 0.024011],[1. 0. 1. 0. 0. 1. 1. 1. 1. 0. 0. 1. 1. 1. 1. 1. 1. 1. 1. 1. 1. 0. 0. 1. 1. 1. 0. 1. 1. 1. 1.],500,100,0.1,0.0015,1,23,best,34,best
244,0.2534059856936136,0.2534059856936136,0.0031654592599999996,[0.066561 0.       0.029707 0.       0.       0.044136 0.058248 0.049863 0.060877 0.       0.       0.02951  0.02293  0.038601 0.061893 0.070419 0.062938 0.030573 0.069482 0.019007 0.029193 0.       0.       0.0608   0.061969 0.015023 0.       0.001487 0.049158 0.043615 0.024011],[1. 0. 1. 0. 0. 1. 1. 1. 1. 0. 0. 1. 1. 1. 1. 1. 1. 1. 1. 1. 1. 0. 0. 1. 1. 1. 0. 1. 1. 1. 1.],500,100,0.1,0.0015,1,23,best,34,best
245,0.2534059856936136,0.2534059856936136,0.0031654592599999996,[0.066561 0.       0.029707 0.       0.       0.044136 0.058248 0.049863 0.060877 0.       0.       0.02951  0.02293  0.038601 0.061893 0.070419 0.062938 0.030573 0.069482 0.019007 0.029193 0.       0.       0.0608   0.061969 0.015023 0.       0.001487 0.049158 0.043615 0.024011],[1. 0. 1. 0. 0. 1. 1. 1. 1. 0. 0. 1. 1. 1. 1. 1. 1. 1. 1. 1. 1. 0. 0. 1. 1. 1. 0. 1. 1. 1. 1.],500,100,0.1,0.0015,1,23,best,34,best
246,0.2534059856936136,0.2534059856936136,0.0031654592599999996,[0.066561 0.       0.029707 0.       0.       0.044136 0.058248 0.049863 0.060877 0.       0.       0.02951  0.02293  0.038601 0.061893 0.070419 0.062938 0.030573 0.069482 0.019007 0.029193 0.       0.       0.0608   0.061969 0.015023 0.       0.001487 0.049158 0.043615 0.024011],[1. 0. 1. 0. 0. 1. 1. 1. 1. 0. 0. 1. 1. 1. 1. 1. 1. 1. 1. 1. 1. 0. 0. 1. 1. 1. 0. 1. 1. 1. 1.],500,100,0.1,0.0015,1,23,best,34,best
247,0.2534059856936136,0.2534059856936136,0.0031654592599999996,[0.066561 0.       0.029707 0.       0.       0.044136 0.058248 0.049863 0.060877 0.       0.       0.02951  0.02293  0.038601 0.061893 0.070419 0.062938 0.030573 0.069482 0.019007 0.029193 0.       0.       0.0608   0.061969 0.015023 0.       0.001487 0.049158 0.043615 0.024011],[1. 0. 1. 0. 0. 1. 1. 1. 1. 0. 0. 1. 1. 1. 1. 1. 1. 1. 1. 1. 1. 0. 0. 1. 1. 1. 0. 1. 1. 1. 1.],500,100,0.1,0.0015,1,23,best,34,best
248,0.2534059856936136,0.2534059856936136,0.0031654592599999996,[0.066561 0.       0.029707 0.       0.       0.044136 0.058248 0.049863 0.060877 0.       0.       0.02951  0.02293  0.038601 0.061893 0.070419 0.062938 0.030573 0.069482 0.019007 0.029193 0.       0.       0.0608   0.061969 0.015023 0.       0.001487 0.049158 0.043615 0.024011],[1. 0. 1. 0. 0. 1. 1. 1. 1. 0. 0. 1. 1. 1. 1. 1. 1. 1. 1. 1. 1. 0. 0. 1. 1. 1. 0. 1. 1. 1. 1.],500,100,0.1,0.0015,1,23,best,34,best
249,0.2534059856936136,0.2534059856936136,0.0031654592599999996,[0.066561 0.       0.029707 0.       0.       0.044136 0.058248 0.049863 0.060877 0.       0.       0.02951  0.02293  0.038601 0.061893 0.070419 0.062938 0.030573 0.069482 0.019007 0.029193 0.       0.       0.0608   0.061969 0.015023 0.       0.001487 0.049158 0.043615 0.024011],[1. 0. 1. 0. 0. 1. 1. 1. 1. 0. 0. 1. 1. 1. 1. 1. 1. 1. 1. 1. 1. 0. 0. 1. 1. 1. 0. 1. 1. 1. 1.],500,100,0.1,0.0015,1,23,best,34,best
250,0.2534059856936136,0.2534059856936136,0.0031654592599999996,[0.066561 0.       0.029707 0.       0.       0.044136 0.058248 0.049863 0.060877 0.       0.       0.02951  0.02293  0.038601 0.061893 0.070419 0.062938 0.030573 0.069482 0.019007 0.029193 0.       0.       0.0608   0.061969 0.015023 0.       0.001487 0.049158 0.043615 0.024011],[1. 0. 1. 0. 0. 1. 1. 1. 1. 0. 0. 1. 1. 1. 1. 1. 1. 1. 1. 1. 1. 0. 0. 1. 1. 1. 0. 1. 1. 1. 1.],500,100,0.1,0.0015,1,23,best,34,best
251,0.2534059856936136,0.2534059856936136,0.0031654592599999996,[0.066561 0.       0.029707 0.       0.       0.044136 0.058248 0.049863 0.060877 0.       0.       0.02951  0.02293  0.038601 0.061893 0.070419 0.062938 0.030573 0.069482 0.019007 0.029193 0.       0.       0.0608   0.061969 0.015023 0.       0.001487 0.049158 0.043615 0.024011],[1. 0. 1. 0. 0. 1. 1. 1. 1. 0. 0. 1. 1. 1. 1. 1. 1. 1. 1. 1. 1. 0. 0. 1. 1. 1. 0. 1. 1. 1. 1.],500,100,0.1,0.0015,1,23,best,34,best
252,0.2534059856936136,0.2534059856936136,0.0031654592599999996,[0.066561 0.       0.029707 0.       0.       0.044136 0.058248 0.049863 0.060877 0.       0.       0.02951  0.02293  0.038601 0.061893 0.070419 0.062938 0.030573 0.069482 0.019007 0.029193 0.       0.       0.0608   0.061969 0.015023 0.       0.001487 0.049158 0.043615 0.024011],[1. 0. 1. 0. 0. 1. 1. 1. 1. 0. 0. 1. 1. 1. 1. 1. 1. 1. 1. 1. 1. 0. 0. 1. 1. 1. 0. 1. 1. 1. 1.],500,100,0.1,0.0015,1,23,best,34,best
253,0.2534059856936136,0.2534059856936136,0.0031654592599999996,[0.066561 0.       0.029707 0.       0.       0.044136 0.058248 0.049863 0.060877 0.       0.       0.02951  0.02293  0.038601 0.061893 0.070419 0.062938 0.030573 0.069482 0.019007 0.029193 0.       0.       0.0608   0.061969 0.015023 0.       0.001487 0.049158 0.043615 0.024011],[1. 0. 1. 0. 0. 1. 1. 1. 1. 0. 0. 1. 1. 1. 1. 1. 1. 1. 1. 1. 1. 0. 0. 1. 1. 1. 0. 1. 1. 1. 1.],500,100,0.1,0.0015,1,23,best,34,best
254,0.2534059856936136,0.2534059856936136,0.0031654592599999996,[0.066561 0.       0.029707 0.       0.       0.044136 0.058248 0.049863 0.060877 0.       0.       0.02951  0.02293  0.038601 0.061893 0.070419 0.062938 0.030573 0.069482 0.019007 0.029193 0.       0.       0.0608   0.061969 0.015023 0.       0.001487 0.049158 0.043615 0.024011],[1. 0. 1. 0. 0. 1. 1. 1. 1. 0. 0. 1. 1. 1. 1. 1. 1. 1. 1. 1. 1. 0. 0. 1. 1. 1. 0. 1. 1. 1. 1.],500,100,0.1,0.0015,1,23,best,34,best
255,0.2534059856936136,0.2534059856936136,0.0031654592599999996,[0.066561 0.       0.029707 0.       0.       0.044136 0.058248 0.049863 0.060877 0.       0.       0.02951  0.02293  0.038601 0.061893 0.070419 0.062938 0.030573 0.069482 0.019007 0.029193 0.       0.       0.0608   0.061969 0.015023 0.       0.001487 0.049158 0.043615 0.024011],[1. 0. 1. 0. 0. 1. 1. 1. 1. 0. 0. 1. 1. 1. 1. 1. 1. 1. 1. 1. 1. 0. 0. 1. 1. 1. 0. 1. 1. 1. 1.],500,100,0.1,0.0015,1,23,best,34,best
256,0.2534059856936136,0.2534059856936136,0.0031654592599999996,[0.066561 0.       0.029707 0.       0.       0.044136 0.058248 0.049863 0.060877 0.       0.       0.02951  0.02293  0.038601 0.061893 0.070419 0.062938 0.030573 0.069482 0.019007 0.029193 0.       0.       0.0608   0.061969 0.015023 0.       0.001487 0.049158 0.043615 0.024011],[1. 0. 1. 0. 0. 1. 1. 1. 1. 0. 0. 1. 1. 1. 1. 1. 1. 1. 1. 1. 1. 0. 0. 1. 1. 1. 0. 1. 1. 1. 1.],500,100,0.1,0.0015,1,23,best,34,best
257,0.2534059856936136,0.2534059856936136,0.0031654592599999996,[0.066561 0.       0.029707 0.       0.       0.044136 0.058248 0.049863 0.060877 0.       0.       0.02951  0.02293  0.038601 0.061893 0.070419 0.062938 0.030573 0.069482 0.019007 0.029193 0.       0.       0.0608   0.061969 0.015023 0.       0.001487 0.049158 0.043615 0.024011],[1. 0. 1. 0. 0. 1. 1. 1. 1. 0. 0. 1. 1. 1. 1. 1. 1. 1. 1. 1. 1. 0. 0. 1. 1. 1. 0. 1. 1. 1. 1.],500,100,0.1,0.0015,1,23,best,34,best
258,0.2534059856936136,0.2534059856936136,0.0031654592599999996,[0.066561 0.       0.029707 0.       0.       0.044136 0.058248 0.049863 0.060877 0.       0.       0.02951  0.02293  0.038601 0.061893 0.070419 0.062938 0.030573 0.069482 0.019007 0.029193 0.       0.       0.0608   0.061969 0.015023 0.       0.001487 0.049158 0.043615 0.024011],[1. 0. 1. 0. 0. 1. 1. 1. 1. 0. 0. 1. 1. 1. 1. 1. 1. 1. 1. 1. 1. 0. 0. 1. 1. 1. 0. 1. 1. 1. 1.],500,100,0.1,0.0015,1,23,best,34,best
259,0.2534059856936136,0.2534059856936136,0.0031654592599999996,[0.066561 0.       0.029707 0.       0.       0.044136 0.058248 0.049863 0.060877 0.       0.       0.02951  0.02293  0.038601 0.061893 0.070419 0.062938 0.030573 0.069482 0.019007 0.029193 0.       0.       0.0608   0.061969 0.015023 0.       0.001487 0.049158 0.043615 0.024011],[1. 0. 1. 0. 0. 1. 1. 1. 1. 0. 0. 1. 1. 1. 1. 1. 1. 1. 1. 1. 1. 0. 0. 1. 1. 1. 0. 1. 1. 1. 1.],500,100,0.1,0.0015,1,23,best,34,best
260,0.2534059856936136,0.2534059856936136,0.0031654592599999996,[0.066561 0.       0.029707 0.       0.       0.044136 0.058248 0.049863 0.060877 0.       0.       0.02951  0.02293  0.038601 0.061893 0.070419 0.062938 0.030573 0.069482 0.019007 0.029193 0.       0.       0.0608   0.061969 0.015023 0.       0.001487 0.049158 0.043615 0.024011],[1. 0. 1. 0. 0. 1. 1. 1. 1. 0. 0. 1. 1. 1. 1. 1. 1. 1. 1. 1. 1. 0. 0. 1. 1. 1. 0. 1. 1. 1. 1.],500,100,0.1,0.0015,1,23,best,34,best
261,0.2534059856936136,0.2534059856936136,0.0031654592599999996,[0.066561 0.       0.029707 0.       0.       0.044136 0.058248 0.049863 0.060877 0.       0.       0.02951  0.02293  0.038601 0.061893 0.070419 0.062938 0.030573 0.069482 0.019007 0.029193 0.       0.       0.0608   0.061969 0.015023 0.       0.001487 0.049158 0.043615 0.024011],[1. 0. 1. 0. 0. 1. 1. 1. 1. 0. 0. 1. 1. 1. 1. 1. 1. 1. 1. 1. 1. 0. 0. 1. 1. 1. 0. 1. 1. 1. 1.],500,100,0.1,0.0015,1,23,best,34,best
262,0.2534059856936136,0.2534059856936136,0.0031654592599999996,[0.066561 0.       0.029707 0.       0.       0.044136 0.058248 0.049863 0.060877 0.       0.       0.02951  0.02293  0.038601 0.061893 0.070419 0.062938 0.030573 0.069482 0.019007 0.029193 0.       0.       0.0608   0.061969 0.015023 0.       0.001487 0.049158 0.043615 0.024011],[1. 0. 1. 0. 0. 1. 1. 1. 1. 0. 0. 1. 1. 1. 1. 1. 1. 1. 1. 1. 1. 0. 0. 1. 1. 1. 0. 1. 1. 1. 1.],500,100,0.1,0.0015,1,23,best,34,best
263,0.2534059856936136,0.2534059856936136,0.0031654592599999996,[0.066561 0.       0.029707 0.       0.       0.044136 0.058248 0.049863 0.060877 0.       0.       0.02951  0.02293  0.038601 0.061893 0.070419 0.062938 0.030573 0.069482 0.019007 0.029193 0.       0.       0.0608   0.061969 0.015023 0.       0.001487 0.049158 0.043615 0.024011],[1. 0. 1. 0. 0. 1. 1. 1. 1. 0. 0. 1. 1. 1. 1. 1. 1. 1. 1. 1. 1. 0. 0. 1. 1. 1. 0. 1. 1. 1. 1.],500,100,0.1,0.0015,1,23,best,34,best
264,0.2534059856936136,0.2534059856936136,0.0031654592599999996,[0.066561 0.       0.029707 0.       0.       0.044136 0.058248 0.049863 0.060877 0.       0.       0.02951  0.02293  0.038601 0.061893 0.070419 0.062938 0.030573 0.069482 0.019007 0.029193 0.       0.       0.0608   0.061969 0.015023 0.       0.001487 0.049158 0.043615 0.024011],[1. 0. 1. 0. 0. 1. 1. 1. 1. 0. 0. 1. 1. 1. 1. 1. 1. 1. 1. 1. 1. 0. 0. 1. 1. 1. 0. 1. 1. 1. 1.],500,100,0.1,0.0015,1,23,best,34,best
265,0.2534059856936136,0.2534059856936136,0.0031654592599999996,[0.066561 0.       0.029707 0.       0.       0.044136 0.058248 0.049863 0.060877 0.       0.       0.02951  0.02293  0.038601 0.061893 0.070419 0.062938 0.030573 0.069482 0.019007 0.029193 0.       0.       0.0608   0.061969 0.015023 0.       0.001487 0.049158 0.043615 0.024011],[1. 0. 1. 0. 0. 1. 1. 1. 1. 0. 0. 1. 1. 1. 1. 1. 1. 1. 1. 1. 1. 0. 0. 1. 1. 1. 0. 1. 1. 1. 1.],500,100,0.1,0.0015,1,23,best,34,best
266,0.2534059856936136,0.2534059856936136,0.0031654592599999996,[0.066561 0.       0.029707 0.       0.       0.044136 0.058248 0.049863 0.060877 0.       0.       0.02951  0.02293  0.038601 0.061893 0.070419 0.062938 0.030573 0.069482 0.019007 0.029193 0.       0.       0.0608   0.061969 0.015023 0.       0.001487 0.049158 0.043615 0.024011],[1. 0. 1. 0. 0. 1. 1. 1. 1. 0. 0. 1. 1. 1. 1. 1. 1. 1. 1. 1. 1. 0. 0. 1. 1. 1. 0. 1. 1. 1. 1.],500,100,0.1,0.0015,1,23,best,34,best
267,0.2534059856936136,0.2534059856936136,0.0031654592599999996,[0.066561 0.       0.029707 0.       0.       0.044136 0.058248 0.049863 0.060877 0.       0.       0.02951  0.02293  0.038601 0.061893 0.070419 0.062938 0.030573 0.069482 0.019007 0.029193 0.       0.       0.0608   0.061969 0.015023 0.       0.001487 0.049158 0.043615 0.024011],[1. 0. 1. 0. 0. 1. 1. 1. 1. 0. 0. 1. 1. 1. 1. 1. 1. 1. 1. 1. 1. 0. 0. 1. 1. 1. 0. 1. 1. 1. 1.],500,100,0.1,0.0015,1,23,best,34,best
268,0.2534059856936136,0.2534059856936136,0.0031654592599999996,[0.066561 0.       0.029707 0.       0.       0.044136 0.058248 0.049863 0.060877 0.       0.       0.02951  0.02293  0.038601 0.061893 0.070419 0.062938 0.030573 0.069482 0.019007 0.029193 0.       0.       0.0608   0.061969 0.015023 0.       0.001487 0.049158 0.043615 0.024011],[1. 0. 1. 0. 0. 1. 1. 1. 1. 0. 0. 1. 1. 1. 1. 1. 1. 1. 1. 1. 1. 0. 0. 1. 1. 1. 0. 1. 1. 1. 1.],500,100,0.1,0.0015,1,23,best,34,best
269,0.2534059856936136,0.2534059856936136,0.0031654592599999996,[0.066561 0.       0.029707 0.       0.       0.044136 0.058248 0.049863 0.060877 0.       0.       0.02951  0.02293  0.038601 0.061893 0.070419 0.062938 0.030573 0.069482 0.019007 0.029193 0.       0.       0.0608   0.061969 0.015023 0.       0.001487 0.049158 0.043615 0.024011],[1. 0. 1. 0. 0. 1. 1. 1. 1. 0. 0. 1. 1. 1. 1. 1. 1. 1. 1. 1. 1. 0. 0. 1. 1. 1. 0. 1. 1. 1. 1.],500,100,0.1,0.0015,1,23,best,34,best
270,0.2534059856936136,0.2534059856936136,0.0031654592599999996,[0.066561 0.       0.029707 0.       0.       0.044136 0.058248 0.049863 0.060877 0.       0.       0.02951  0.02293  0.038601 0.061893 0.070419 0.062938 0.030573 0.069482 0.019007 0.029193 0.       0.       0.0608   0.061969 0.015023 0.       0.001487 0.049158 0.043615 0.024011],[1. 0. 1. 0. 0. 1. 1. 1. 1. 0. 0. 1. 1. 1. 1. 1. 1. 1. 1. 1. 1. 0. 0. 1. 1. 1. 0. 1. 1. 1. 1.],500,100,0.1,0.0015,1,23,best,34,best
271,0.2534059856936136,0.2534059856936136,0.0031654592599999996,[0.066561 0.       0.029707 0.       0.       0.044136 0.058248 0.049863 0.060877 0.       0.       0.02951  0.02293  0.038601 0.061893 0.070419 0.062938 0.030573 0.069482 0.019007 0.029193 0.       0.       0.0608   0.061969 0.015023 0.       0.001487 0.049158 0.043615 0.024011],[1. 0. 1. 0. 0. 1. 1. 1. 1. 0. 0. 1. 1. 1. 1. 1. 1. 1. 1. 1. 1. 0. 0. 1. 1. 1. 0. 1. 1. 1. 1.],500,100,0.1,0.0015,1,23,best,34,best
272,0.2534059856936136,0.2534059856936136,0.0031654592599999996,[0.066561 0.       0.029707 0.       0.       0.044136 0.058248 0.049863 0.060877 0.       0.       0.02951  0.02293  0.038601 0.061893 0.070419 0.062938 0.030573 0.069482 0.019007 0.029193 0.       0.       0.0608   0.061969 0.015023 0.       0.001487 0.049158 0.043615 0.024011],[1. 0. 1. 0. 0. 1. 1. 1. 1. 0. 0. 1. 1. 1. 1. 1. 1. 1. 1. 1. 1. 0. 0. 1. 1. 1. 0. 1. 1. 1. 1.],500,100,0.1,0.0015,1,23,best,34,best
273,0.2534059856936136,0.2534059856936136,0.0031654592599999996,[0.066561 0.       0.029707 0.       0.       0.044136 0.058248 0.049863 0.060877 0.       0.       0.02951  0.02293  0.038601 0.061893 0.070419 0.062938 0.030573 0.069482 0.019007 0.029193 0.       0.       0.0608   0.061969 0.015023 0.       0.001487 0.049158 0.043615 0.024011],[1. 0. 1. 0. 0. 1. 1. 1. 1. 0. 0. 1. 1. 1. 1. 1. 1. 1. 1. 1. 1. 0. 0. 1. 1. 1. 0. 1. 1. 1. 1.],500,100,0.1,0.0015,1,23,best,34,best
274,0.2534059856936136,0.2534059856936136,0.0031654592599999996,[0.066561 0.       0.029707 0.       0.       0.044136 0.058248 0.049863 0.060877 0.       0.       0.02951  0.02293  0.038601 0.061893 0.070419 0.062938 0.030573 0.069482 0.019007 0.029193 0.       0.       0.0608   0.061969 0.015023 0.       0.001487 0.049158 0.043615 0.024011],[1. 0. 1. 0. 0. 1. 1. 1. 1. 0. 0. 1. 1. 1. 1. 1. 1. 1. 1. 1. 1. 0. 0. 1. 1. 1. 0. 1. 1. 1. 1.],500,100,0.1,0.0015,1,23,best,34,best
275,0.2534059856936136,0.2534059856936136,0.0031654592599999996,[0.066561 0.       0.029707 0.       0.       0.044136 0.058248 0.049863 0.060877 0.       0.       0.02951  0.02293  0.038601 0.061893 0.070419 0.062938 0.030573 0.069482 0.019007 0.029193 0.       0.       0.0608   0.061969 0.015023 0.       0.001487 0.049158 0.043615 0.024011],[1. 0. 1. 0. 0. 1. 1. 1. 1. 0. 0. 1. 1. 1. 1. 1. 1. 1. 1. 1. 1. 0. 0. 1. 1. 1. 0. 1. 1. 1. 1.],500,100,0.1,0.0015,1,23,best,34,best
276,0.2534059856936136,0.2534059856936136,0.0031654592599999996,[0.066561 0.       0.029707 0.       0.       0.044136 0.058248 0.049863 0.060877 0.       0.       0.02951  0.02293  0.038601 0.061893 0.070419 0.062938 0.030573 0.069482 0.019007 0.029193 0.       0.       0.0608   0.061969 0.015023 0.       0.001487 0.049158 0.043615 0.024011],[1. 0. 1. 0. 0. 1. 1. 1. 1. 0. 0. 1. 1. 1. 1. 1. 1. 1. 1. 1. 1. 0. 0. 1. 1. 1. 0. 1. 1. 1. 1.],500,100,0.1,0.0015,1,23,best,34,best
277,0.2534059856936136,0.2534059856936136,0.0031654592599999996,[0.066561 0.       0.029707 0.       0.       0.044136 0.058248 0.049863 0.060877 0.       0.       0.02951  0.02293  0.038601 0.061893 0.070419 0.062938 0.030573 0.069482 0.019007 0.029193 0.       0.       0.0608   0.061969 0.015023 0.       0.001487 0.049158 0.043615 0.024011],[1. 0. 1. 0. 0. 1. 1. 1. 1. 0. 0. 1. 1. 1. 1. 1. 1. 1. 1. 1. 1. 0. 0. 1. 1. 1. 0. 1. 1. 1. 1.],500,100,0.1,0.0015,1,23,best,34,best
278,0.2534059856936136,0.2534059856936136,0.0031654592599999996,[0.066561 0.       0.029707 0.       0.       0.044136 0.058248 0.049863 0.060877 0.       0.       0.02951  0.02293  0.038601 0.061893 0.070419 0.062938 0.030573 0.069482 0.019007 0.029193 0.       0.       0.0608   0.061969 0.015023 0.       0.001487 0.049158 0.043615 0.024011],[1. 0. 1. 0. 0. 1. 1. 1. 1. 0. 0. 1. 1. 1. 1. 1. 1. 1. 1. 1. 1. 0. 0. 1. 1. 1. 0. 1. 1. 1. 1.],500,100,0.1,0.0015,1,23,best,34,best
279,0.2534059856936136,0.2534059856936136,0.0031654592599999996,[0.066561 0.       0.029707 0.       0.       0.044136 0.058248 0.049863 0.060877 0.       0.       0.02951  0.02293  0.038601 0.061893 0.070419 0.062938 0.030573 0.069482 0.019007 0.029193 0.       0.       0.0608   0.061969 0.015023 0.       0.001487 0.049158 0.043615 0.024011],[1. 0. 1. 0. 0. 1. 1. 1. 1. 0. 0. 1. 1. 1. 1. 1. 1. 1. 1. 1. 1. 0. 0. 1. 1. 1. 0. 1. 1. 1. 1.],500,100,0.1,0.0015,1,23,best,34,best
280,0.2534059856936136,0.2534059856936136,0.0031654592599999996,[0.066561 0.       0.029707 0.       0.       0.044136 0.058248 0.049863 0.060877 0.       0.       0.02951  0.02293  0.038601 0.061893 0.070419 0.062938 0.030573 0.069482 0.019007 0.029193 0.       0.       0.0608   0.061969 0.015023 0.       0.001487 0.049158 0.043615 0.024011],[1. 0. 1. 0. 0. 1. 1. 1. 1. 0. 0. 1. 1. 1. 1. 1. 1. 1. 1. 1. 1. 0. 0. 1. 1. 1. 0. 1. 1. 1. 1.],500,100,0.1,0.0015,1,23,best,34,best
281,0.2534059856936136,0.2534059856936136,0.0031654592599999996,[0.066561 0.       0.029707 0.       0.       0.044136 0.058248 0.049863 0.060877 0.       0.       0.02951  0.02293  0.038601 0.061893 0.070419 0.062938 0.030573 0.069482 0.019007 0.029193 0.       0.       0.0608   0.061969 0.015023 0.       0.001487 0.049158 0.043615 0.024011],[1. 0. 1. 0. 0. 1. 1. 1. 1. 0. 0. 1. 1. 1. 1. 1. 1. 1. 1. 1. 1. 0. 0. 1. 1. 1. 0. 1. 1. 1. 1.],500,100,0.1,0.0015,1,23,best,34,best
282,0.2534059856936136,0.2534059856936136,0.0031654592599999996,[0.066561 0.       0.029707 0.       0.       0.044136 0.058248 0.049863 0.060877 0.       0.       0.02951  0.02293  0.038601 0.061893 0.070419 0.062938 0.030573 0.069482 0.019007 0.029193 0.       0.       0.0608   0.061969 0.015023 0.       0.001487 0.049158 0.043615 0.024011],[1. 0. 1. 0. 0. 1. 1. 1. 1. 0. 0. 1. 1. 1. 1. 1. 1. 1. 1. 1. 1. 0. 0. 1. 1. 1. 0. 1. 1. 1. 1.],500,100,0.1,0.0015,1,23,best,34,best
283,0.2534059856936136,0.2534059856936136,0.0031654592599999996,[0.066561 0.       0.029707 0.       0.       0.044136 0.058248 0.049863 0.060877 0.       0.       0.02951  0.02293  0.038601 0.061893 0.070419 0.062938 0.030573 0.069482 0.019007 0.029193 0.       0.       0.0608   0.061969 0.015023 0.       0.001487 0.049158 0.043615 0.024011],[1. 0. 1. 0. 0. 1. 1. 1. 1. 0. 0. 1. 1. 1. 1. 1. 1. 1. 1. 1. 1. 0. 0. 1. 1. 1. 0. 1. 1. 1. 1.],500,100,0.1,0.0015,1,23,best,34,best
284,0.2534059856936136,0.2534059856936136,0.0031654592599999996,[0.066561 0.       0.029707 0.       0.       0.044136 0.058248 0.049863 0.060877 0.       0.       0.02951  0.02293  0.038601 0.061893 0.070419 0.062938 0.030573 0.069482 0.019007 0.029193 0.       0.       0.0608   0.061969 0.015023 0.       0.001487 0.049158 0.043615 0.024011],[1. 0. 1. 0. 0. 1. 1. 1. 1. 0. 0. 1. 1. 1. 1. 1. 1. 1. 1. 1. 1. 0. 0. 1. 1. 1. 0. 1. 1. 1. 1.],500,100,0.1,0.0015,1,23,best,34,best
285,0.2534059856936136,0.2534059856936136,0.0031654592599999996,[0.066561 0.       0.029707 0.       0.       0.044136 0.058248 0.049863 0.060877 0.       0.       0.02951  0.02293  0.038601 0.061893 0.070419 0.062938 0.030573 0.069482 0.019007 0.029193 0.       0.       0.0608   0.061969 0.015023 0.       0.001487 0.049158 0.043615 0.024011],[1. 0. 1. 0. 0. 1. 1. 1. 1. 0. 0. 1. 1. 1. 1. 1. 1. 1. 1. 1. 1. 0. 0. 1. 1. 1. 0. 1. 1. 1. 1.],500,100,0.1,0.0015,1,23,best,34,best
286,0.2534059856936136,0.2534059856936136,0.0031654592599999996,[0.066561 0.       0.029707 0.       0.       0.044136 0.058248 0.049863 0.060877 0.       0.       0.02951  0.02293  0.038601 0.061893 0.070419 0.062938 0.030573 0.069482 0.019007 0.029193 0.       0.       0.0608   0.061969 0.015023 0.       0.001487 0.049158 0.043615 0.024011],[1. 0. 1. 0. 0. 1. 1. 1. 1. 0. 0. 1. 1. 1. 1. 1. 1. 1. 1. 1. 1. 0. 0. 1. 1. 1. 0. 1. 1. 1. 1.],500,100,0.1,0.0015,1,23,best,34,best
287,0.2534059856936136,0.2534059856936136,0.0031654592599999996,[0.066561 0.       0.029707 0.       0.       0.044136 0.058248 0.049863 0.060877 0.       0.       0.02951  0.02293  0.038601 0.061893 0.070419 0.062938 0.030573 0.069482 0.019007 0.029193 0.       0.       0.0608   0.061969 0.015023 0.       0.001487 0.049158 0.043615 0.024011],[1. 0. 1. 0. 0. 1. 1. 1. 1. 0. 0. 1. 1. 1. 1. 1. 1. 1. 1. 1. 1. 0. 0. 1. 1. 1. 0. 1. 1. 1. 1.],500,100,0.1,0.0015,1,23,best,34,best
288,0.2534059856936136,0.2534059856936136,0.0031654592599999996,[0.066561 0.       0.029707 0.       0.       0.044136 0.058248 0.049863 0.060877 0.       0.       0.02951  0.02293  0.038601 0.061893 0.070419 0.062938 0.030573 0.069482 0.019007 0.029193 0.       0.       0.0608   0.061969 0.015023 0.       0.001487 0.049158 0.043615 0.024011],[1. 0. 1. 0. 0. 1. 1. 1. 1. 0. 0. 1. 1. 1. 1. 1. 1. 1. 1. 1. 1. 0. 0. 1. 1. 1. 0. 1. 1. 1. 1.],500,100,0.1,0.0015,1,23,best,34,best
289,0.2534059856936136,0.2534059856936136,0.0031654592599999996,[0.066561 0.       0.029707 0.       0.       0.044136 0.058248 0.049863 0.060877 0.       0.       0.02951  0.02293  0.038601 0.061893 0.070419 0.062938 0.030573 0.069482 0.019007 0.029193 0.       0.       0.0608   0.061969 0.015023 0.       0.001487 0.049158 0.043615 0.024011],[1. 0. 1. 0. 0. 1. 1. 1. 1. 0. 0. 1. 1. 1. 1. 1. 1. 1. 1. 1. 1. 0. 0. 1. 1. 1. 0. 1. 1. 1. 1.],500,100,0.1,0.0015,1,23,best,34,best
290,0.2534059856936136,0.2534059856936136,0.0031654592599999996,[0.066561 0.       0.029707 0.       0.       0.044136 0.058248 0.049863 0.060877 0.       0.       0.02951  0.02293  0.038601 0.061893 0.070419 0.062938 0.030573 0.069482 0.019007 0.029193 0.       0.       0.0608   0.061969 0.015023 0.       0.001487 0.049158 0.043615 0.024011],[1. 0. 1. 0. 0. 1. 1. 1. 1. 0. 0. 1. 1. 1. 1. 1. 1. 1. 1. 1. 1. 0. 0. 1. 1. 1. 0. 1. 1. 1. 1.],500,100,0.1,0.0015,1,23,best,34,best
291,0.2534059856936136,0.2534059856936136,0.0031654592599999996,[0.066561 0.       0.029707 0.       0.       0.044136 0.058248 0.049863 0.060877 0.       0.       0.02951  0.02293  0.038601 0.061893 0.070419 0.062938 0.030573 0.069482 0.019007 0.029193 0.       0.       0.0608   0.061969 0.015023 0.       0.001487 0.049158 0.043615 0.024011],[1. 0. 1. 0. 0. 1. 1. 1. 1. 0. 0. 1. 1. 1. 1. 1. 1. 1. 1. 1. 1. 0. 0. 1. 1. 1. 0. 1. 1. 1. 1.],500,100,0.1,0.0015,1,23,best,34,best
292,0.2534059856936136,0.2534059856936136,0.0031654592599999996,[0.066561 0.       0.029707 0.       0.       0.044136 0.058248 0.049863 0.060877 0.       0.       0.02951  0.02293  0.038601 0.061893 0.070419 0.062938 0.030573 0.069482 0.019007 0.029193 0.       0.       0.0608   0.061969 0.015023 0.       0.001487 0.049158 0.043615 0.024011],[1. 0. 1. 0. 0. 1. 1. 1. 1. 0. 0. 1. 1. 1. 1. 1. 1. 1. 1. 1. 1. 0. 0. 1. 1. 1. 0. 1. 1. 1. 1.],500,100,0.1,0.0015,1,23,best,34,best
293,0.2534059856936136,0.2534059856936136,0.0031654592599999996,[0.066561 0.       0.029707 0.       0.       0.044136 0.058248 0.049863 0.060877 0.       0.       0.02951  0.02293  0.038601 0.061893 0.070419 0.062938 0.030573 0.069482 0.019007 0.029193 0.       0.       0.0608   0.061969 0.015023 0.       0.001487 0.049158 0.043615 0.024011],[1. 0. 1. 0. 0. 1. 1. 1. 1. 0. 0. 1. 1. 1. 1. 1. 1. 1. 1. 1. 1. 0. 0. 1. 1. 1. 0. 1. 1. 1. 1.],500,100,0.1,0.0015,1,23,best,34,best
294,0.2534059856936136,0.2534059856936136,0.0031654592599999996,[0.066561 0.       0.029707 0.       0.       0.044136 0.058248 0.049863 0.060877 0.       0.       0.02951  0.02293  0.038601 0.061893 0.070419 0.062938 0.030573 0.069482 0.019007 0.029193 0.       0.       0.0608   0.061969 0.015023 0.       0.001487 0.049158 0.043615 0.024011],[1. 0. 1. 0. 0. 1. 1. 1. 1. 0. 0. 1. 1. 1. 1. 1. 1. 1. 1. 1. 1. 0. 0. 1. 1. 1. 0. 1. 1. 1. 1.],500,100,0.1,0.0015,1,23,best,34,best
295,0.2534059856936136,0.2534059856936136,0.0031654592599999996,[0.066561 0.       0.029707 0.       0.       0.044136 0.058248 0.049863 0.060877 0.       0.       0.02951  0.02293  0.038601 0.061893 0.070419 0.062938 0.030573 0.069482 0.019007 0.029193 0.       0.       0.0608   0.061969 0.015023 0.       0.001487 0.049158 0.043615 0.024011],[1. 0. 1. 0. 0. 1. 1. 1. 1. 0. 0. 1. 1. 1. 1. 1. 1. 1. 1. 1. 1. 0. 0. 1. 1. 1. 0. 1. 1. 1. 1.],500,100,0.1,0.0015,1,23,best,34,best
296,0.2534059856936136,0.2534059856936136,0.0031654592599999996,[0.066561 0.       0.029707 0.       0.       0.044136 0.058248 0.049863 0.060877 0.       0.       0.02951  0.02293  0.038601 0.061893 0.070419 0.062938 0.030573 0.069482 0.019007 0.029193 0.       0.       0.0608   0.061969 0.015023 0.       0.001487 0.049158 0.043615 0.024011],[1. 0. 1. 0. 0. 1. 1. 1. 1. 0. 0. 1. 1. 1. 1. 1. 1. 1. 1. 1. 1. 0. 0. 1. 1. 1. 0. 1. 1. 1. 1.],500,100,0.1,0.0015,1,23,best,34,best
297,0.2534059856936136,0.2534059856936136,0.0031654592599999996,[0.066561 0.       0.029707 0.       0.       0.044136 0.058248 0.049863 0.060877 0.       0.       0.02951  0.02293  0.038601 0.061893 0.070419 0.062938 0.030573 0.069482 0.019007 0.029193 0.       0.       0.0608   0.061969 0.015023 0.       0.001487 0.049158 0.043615 0.024011],[1. 0. 1. 0. 0. 1. 1. 1. 1. 0. 0. 1. 1. 1. 1. 1. 1. 1. 1. 1. 1. 0. 0. 1. 1. 1. 0. 1. 1. 1. 1.],500,100,0.1,0.0015,1,23,best,34,best
298,0.2534059856936136,0.2534059856936136,0.0031654592599999996,[0.066561 0.       0.029707 0.       0.       0.044136 0.058248 0.049863 0.060877 0.       0.       0.02951  0.02293  0.038601 0.061893 0.070419 0.062938 0.030573 0.069482 0.019007 0.029193 0.       0.       0.0608   0.061969 0.015023 0.       0.001487 0.049158 0.043615 0.024011],[1. 0. 1. 0. 0. 1. 1. 1. 1. 0. 0. 1. 1. 1. 1. 1. 1. 1. 1. 1. 1. 0. 0. 1. 1. 1. 0. 1. 1. 1. 1.],500,100,0.1,0.0015,1,23,best,34,best
299,0.2534059856936136,0.2534059856936136,0.0031654592599999996,[0.066561 0.       0.029707 0.       0.       0.044136 0.058248 0.049863 0.060877 0.       0.       0.02951  0.02293  0.038601 0.061893 0.070419 0.062938 0.030573 0.069482 0.019007 0.029193 0.       0.       0.0608   0.061969 0.015023 0.       0.001487 0.049158 0.043615 0.024011],[1. 0. 1. 0. 0. 1. 1. 1. 1. 0. 0. 1. 1. 1. 1. 1. 1. 1. 1. 1. 1. 0. 0. 1. 1. 1. 0. 1. 1. 1. 1.],500,100,0.1,0.0015,1,23,best,34,best
300,0.2534059856936136,0.2534059856936136,0.0031654592599999996,[0.066561 0.       0.029707 0.       0.       0.044136 0.058248 0.049863 0.060877 0.       0.       0.02951  0.02293  0.038601 0.061893 0.070419 0.062938 0.030573 0.069482 0.019007 0.029193 0.       0.       0.0608   0.061969 0.015023 0.       0.001487 0.049158 0.043615 0.024011],[1. 0. 1. 0. 0. 1. 1. 1. 1. 0. 0. 1. 1. 1. 1. 1. 1. 1. 1. 1. 1. 0. 0. 1. 1. 1. 0. 1. 1. 1. 1.],500,100,0.1,0.0015,1,23,best,34,best
301,0.2534059856936136,0.2534059856936136,0.0031654592599999996,[0.066561 0.       0.029707 0.       0.       0.044136 0.058248 0.049863 0.060877 0.       0.       0.02951  0.02293  0.038601 0.061893 0.070419 0.062938 0.030573 0.069482 0.019007 0.029193 0.       0.       0.0608   0.061969 0.015023 0.       0.001487 0.049158 0.043615 0.024011],[1. 0. 1. 0. 0. 1. 1. 1. 1. 0. 0. 1. 1. 1. 1. 1. 1. 1. 1. 1. 1. 0. 0. 1. 1. 1. 0. 1. 1. 1. 1.],500,100,0.1,0.0015,1,23,best,34,best
302,0.2534059856936136,0.2534059856936136,0.0031654592599999996,[0.066561 0.       0.029707 0.       0.       0.044136 0.058248 0.049863 0.060877 0.       0.       0.02951  0.02293  0.038601 0.061893 0.070419 0.062938 0.030573 0.069482 0.019007 0.029193 0.       0.       0.0608   0.061969 0.015023 0.       0.001487 0.049158 0.043615 0.024011],[1. 0. 1. 0. 0. 1. 1. 1. 1. 0. 0. 1. 1. 1. 1. 1. 1. 1. 1. 1. 1. 0. 0. 1. 1. 1. 0. 1. 1. 1. 1.],500,100,0.1,0.0015,1,23,best,34,best
303,0.2534059856936136,0.2534059856936136,0.0031654592599999996,[0.066561 0.       0.029707 0.       0.       0.044136 0.058248 0.049863 0.060877 0.       0.       0.02951  0.02293  0.038601 0.061893 0.070419 0.062938 0.030573 0.069482 0.019007 0.029193 0.       0.       0.0608   0.061969 0.015023 0.       0.001487 0.049158 0.043615 0.024011],[1. 0. 1. 0. 0. 1. 1. 1. 1. 0. 0. 1. 1. 1. 1. 1. 1. 1. 1. 1. 1. 0. 0. 1. 1. 1. 0. 1. 1. 1. 1.],500,100,0.1,0.0015,1,23,best,34,best
304,0.2534059856936136,0.2534059856936136,0.0031654592599999996,[0.066561 0.       0.029707 0.       0.       0.044136 0.058248 0.049863 0.060877 0.       0.       0.02951  0.02293  0.038601 0.061893 0.070419 0.062938 0.030573 0.069482 0.019007 0.029193 0.       0.       0.0608   0.061969 0.015023 0.       0.001487 0.049158 0.043615 0.024011],[1. 0. 1. 0. 0. 1. 1. 1. 1. 0. 0. 1. 1. 1. 1. 1. 1. 1. 1. 1. 1. 0. 0. 1. 1. 1. 0. 1. 1. 1. 1.],500,100,0.1,0.0015,1,23,best,34,best
305,0.2534059856936136,0.2534059856936136,0.0031654592599999996,[0.066561 0.       0.029707 0.       0.       0.044136 0.058248 0.049863 0.060877 0.       0.       0.02951  0.02293  0.038601 0.061893 0.070419 0.062938 0.030573 0.069482 0.019007 0.029193 0.       0.       0.0608   0.061969 0.015023 0.       0.001487 0.049158 0.043615 0.024011],[1. 0. 1. 0. 0. 1. 1. 1. 1. 0. 0. 1. 1. 1. 1. 1. 1. 1. 1. 1. 1. 0. 0. 1. 1. 1. 0. 1. 1. 1. 1.],500,100,0.1,0.0015,1,23,best,34,best
306,0.2534059856936136,0.2534059856936136,0.0031654592599999996,[0.066561 0.       0.029707 0.       0.       0.044136 0.058248 0.049863 0.060877 0.       0.       0.02951  0.02293  0.038601 0.061893 0.070419 0.062938 0.030573 0.069482 0.019007 0.029193 0.       0.       0.0608   0.061969 0.015023 0.       0.001487 0.049158 0.043615 0.024011],[1. 0. 1. 0. 0. 1. 1. 1. 1. 0. 0. 1. 1. 1. 1. 1. 1. 1. 1. 1. 1. 0. 0. 1. 1. 1. 0. 1. 1. 1. 1.],500,100,0.1,0.0015,1,23,best,34,best
307,0.2534059856936136,0.2534059856936136,0.0031654592599999996,[0.066561 0.       0.029707 0.       0.       0.044136 0.058248 0.049863 0.060877 0.       0.       0.02951  0.02293  0.038601 0.061893 0.070419 0.062938 0.030573 0.069482 0.019007 0.029193 0.       0.       0.0608   0.061969 0.015023 0.       0.001487 0.049158 0.043615 0.024011],[1. 0. 1. 0. 0. 1. 1. 1. 1. 0. 0. 1. 1. 1. 1. 1. 1. 1. 1. 1. 1. 0. 0. 1. 1. 1. 0. 1. 1. 1. 1.],500,100,0.1,0.0015,1,23,best,34,best
308,0.2534059856936136,0.2534059856936136,0.0031654592599999996,[0.066561 0.       0.029707 0.       0.       0.044136 0.058248 0.049863 0.060877 0.       0.       0.02951  0.02293  0.038601 0.061893 0.070419 0.062938 0.030573 0.069482 0.019007 0.029193 0.       0.       0.0608   0.061969 0.015023 0.       0.001487 0.049158 0.043615 0.024011],[1. 0. 1. 0. 0. 1. 1. 1. 1. 0. 0. 1. 1. 1. 1. 1. 1. 1. 1. 1. 1. 0. 0. 1. 1. 1. 0. 1. 1. 1. 1.],500,100,0.1,0.0015,1,23,best,34,best
309,0.2534059856936136,0.2534059856936136,0.0031654592599999996,[0.066561 0.       0.029707 0.       0.       0.044136 0.058248 0.049863 0.060877 0.       0.       0.02951  0.02293  0.038601 0.061893 0.070419 0.062938 0.030573 0.069482 0.019007 0.029193 0.       0.       0.0608   0.061969 0.015023 0.       0.001487 0.049158 0.043615 0.024011],[1. 0. 1. 0. 0. 1. 1. 1. 1. 0. 0. 1. 1. 1. 1. 1. 1. 1. 1. 1. 1. 0. 0. 1. 1. 1. 0. 1. 1. 1. 1.],500,100,0.1,0.0015,1,23,best,34,best
310,0.2534059856936136,0.2534059856936136,0.0031654592599999996,[0.066561 0.       0.029707 0.       0.       0.044136 0.058248 0.049863 0.060877 0.       0.       0.02951  0.02293  0.038601 0.061893 0.070419 0.062938 0.030573 0.069482 0.019007 0.029193 0.       0.       0.0608   0.061969 0.015023 0.       0.001487 0.049158 0.043615 0.024011],[1. 0. 1. 0. 0. 1. 1. 1. 1. 0. 0. 1. 1. 1. 1. 1. 1. 1. 1. 1. 1. 0. 0. 1. 1. 1. 0. 1. 1. 1. 1.],500,100,0.1,0.0015,1,23,best,34,best
311,0.2534059856936136,0.2534059856936136,0.0031654592599999996,[0.066561 0.       0.029707 0.       0.       0.044136 0.058248 0.049863 0.060877 0.       0.       0.02951  0.02293  0.038601 0.061893 0.070419 0.062938 0.030573 0.069482 0.019007 0.029193 0.       0.       0.0608   0.061969 0.015023 0.       0.001487 0.049158 0.043615 0.024011],[1. 0. 1. 0. 0. 1. 1. 1. 1. 0. 0. 1. 1. 1. 1. 1. 1. 1. 1. 1. 1. 0. 0. 1. 1. 1. 0. 1. 1. 1. 1.],500,100,0.1,0.0015,1,23,best,34,best
312,0.2534059856936136,0.2534059856936136,0.0031654592599999996,[0.066561 0.       0.029707 0.       0.       0.044136 0.058248 0.049863 0.060877 0.       0.       0.02951  0.02293  0.038601 0.061893 0.070419 0.062938 0.030573 0.069482 0.019007 0.029193 0.       0.       0.0608   0.061969 0.015023 0.       0.001487 0.049158 0.043615 0.024011],[1. 0. 1. 0. 0. 1. 1. 1. 1. 0. 0. 1. 1. 1. 1. 1. 1. 1. 1. 1. 1. 0. 0. 1. 1. 1. 0. 1. 1. 1. 1.],500,100,0.1,0.0015,1,23,best,34,best
313,0.2534059856936136,0.2534059856936136,0.0031654592599999996,[0.066561 0.       0.029707 0.       0.       0.044136 0.058248 0.049863 0.060877 0.       0.       0.02951  0.02293  0.038601 0.061893 0.070419 0.062938 0.030573 0.069482 0.019007 0.029193 0.       0.       0.0608   0.061969 0.015023 0.       0.001487 0.049158 0.043615 0.024011],[1. 0. 1. 0. 0. 1. 1. 1. 1. 0. 0. 1. 1. 1. 1. 1. 1. 1. 1. 1. 1. 0. 0. 1. 1. 1. 0. 1. 1. 1. 1.],500,100,0.1,0.0015,1,23,best,34,best
314,0.2534059856936136,0.2534059856936136,0.0031654592599999996,[0.066561 0.       0.029707 0.       0.       0.044136 0.058248 0.049863 0.060877 0.       0.       0.02951  0.02293  0.038601 0.061893 0.070419 0.062938 0.030573 0.069482 0.019007 0.029193 0.       0.       0.0608   0.061969 0.015023 0.       0.001487 0.049158 0.043615 0.024011],[1. 0. 1. 0. 0. 1. 1. 1. 1. 0. 0. 1. 1. 1. 1. 1. 1. 1. 1. 1. 1. 0. 0. 1. 1. 1. 0. 1. 1. 1. 1.],500,100,0.1,0.0015,1,23,best,34,best
315,0.2534059856936136,0.2534059856936136,0.0031654592599999996,[0.066561 0.       0.029707 0.       0.       0.044136 0.058248 0.049863 0.060877 0.       0.       0.02951  0.02293  0.038601 0.061893 0.070419 0.062938 0.030573 0.069482 0.019007 0.029193 0.       0.       0.0608   0.061969 0.015023 0.       0.001487 0.049158 0.043615 0.024011],[1. 0. 1. 0. 0. 1. 1. 1. 1. 0. 0. 1. 1. 1. 1. 1. 1. 1. 1. 1. 1. 0. 0. 1. 1. 1. 0. 1. 1. 1. 1.],500,100,0.1,0.0015,1,23,best,34,best
316,0.2534059856936136,0.2534059856936136,0.0031654592599999996,[0.066561 0.       0.029707 0.       0.       0.044136 0.058248 0.049863 0.060877 0.       0.       0.02951  0.02293  0.038601 0.061893 0.070419 0.062938 0.030573 0.069482 0.019007 0.029193 0.       0.       0.0608   0.061969 0.015023 0.       0.001487 0.049158 0.043615 0.024011],[1. 0. 1. 0. 0. 1. 1. 1. 1. 0. 0. 1. 1. 1. 1. 1. 1. 1. 1. 1. 1. 0. 0. 1. 1. 1. 0. 1. 1. 1. 1.],500,100,0.1,0.0015,1,23,best,34,best
317,0.2534059856936136,0.2534059856936136,0.0031654592599999996,[0.066561 0.       0.029707 0.       0.       0.044136 0.058248 0.049863 0.060877 0.       0.       0.02951  0.02293  0.038601 0.061893 0.070419 0.062938 0.030573 0.069482 0.019007 0.029193 0.       0.       0.0608   0.061969 0.015023 0.       0.001487 0.049158 0.043615 0.024011],[1. 0. 1. 0. 0. 1. 1. 1. 1. 0. 0. 1. 1. 1. 1. 1. 1. 1. 1. 1. 1. 0. 0. 1. 1. 1. 0. 1. 1. 1. 1.],500,100,0.1,0.0015,1,23,best,34,best
318,0.2534059856936136,0.2534059856936136,0.0031654592599999996,[0.066561 0.       0.029707 0.       0.       0.044136 0.058248 0.049863 0.060877 0.       0.       0.02951  0.02293  0.038601 0.061893 0.070419 0.062938 0.030573 0.069482 0.019007 0.029193 0.       0.       0.0608   0.061969 0.015023 0.       0.001487 0.049158 0.043615 0.024011],[1. 0. 1. 0. 0. 1. 1. 1. 1. 0. 0. 1. 1. 1. 1. 1. 1. 1. 1. 1. 1. 0. 0. 1. 1. 1. 0. 1. 1. 1. 1.],500,100,0.1,0.0015,1,23,best,34,best
319,0.2534059856936136,0.2534059856936136,0.0031654592599999996,[0.066561 0.       0.029707 0.       0.       0.044136 0.058248 0.049863 0.060877 0.       0.       0.02951  0.02293  0.038601 0.061893 0.070419 0.062938 0.030573 0.069482 0.019007 0.029193 0.       0.       0.0608   0.061969 0.015023 0.       0.001487 0.049158 0.043615 0.024011],[1. 0. 1. 0. 0. 1. 1. 1. 1. 0. 0. 1. 1. 1. 1. 1. 1. 1. 1. 1. 1. 0. 0. 1. 1. 1. 0. 1. 1. 1. 1.],500,100,0.1,0.0015,1,23,best,34,best
320,0.2534059856936136,0.2534059856936136,0.0031654592599999996,[0.066561 0.       0.029707 0.       0.       0.044136 0.058248 0.049863 0.060877 0.       0.       0.02951  0.02293  0.038601 0.061893 0.070419 0.062938 0.030573 0.069482 0.019007 0.029193 0.       0.       0.0608   0.061969 0.015023 0.       0.001487 0.049158 0.043615 0.024011],[1. 0. 1. 0. 0. 1. 1. 1. 1. 0. 0. 1. 1. 1. 1. 1. 1. 1. 1. 1. 1. 0. 0. 1. 1. 1. 0. 1. 1. 1. 1.],500,100,0.1,0.0015,1,23,best,34,best
321,0.2534059856936136,0.2534059856936136,0.0031654592599999996,[0.066561 0.       0.029707 0.       0.       0.044136 0.058248 0.049863 0.060877 0.       0.       0.02951  0.02293  0.038601 0.061893 0.070419 0.062938 0.030573 0.069482 0.019007 0.029193 0.       0.       0.0608   0.061969 0.015023 0.       0.001487 0.049158 0.043615 0.024011],[1. 0. 1. 0. 0. 1. 1. 1. 1. 0. 0. 1. 1. 1. 1. 1. 1. 1. 1. 1. 1. 0. 0. 1. 1. 1. 0. 1. 1. 1. 1.],500,100,0.1,0.0015,1,23,best,34,best
322,0.2534059856936136,0.2534059856936136,0.0031654592599999996,[0.066561 0.       0.029707 0.       0.       0.044136 0.058248 0.049863 0.060877 0.       0.       0.02951  0.02293  0.038601 0.061893 0.070419 0.062938 0.030573 0.069482 0.019007 0.029193 0.       0.       0.0608   0.061969 0.015023 0.       0.001487 0.049158 0.043615 0.024011],[1. 0. 1. 0. 0. 1. 1. 1. 1. 0. 0. 1. 1. 1. 1. 1. 1. 1. 1. 1. 1. 0. 0. 1. 1. 1. 0. 1. 1. 1. 1.],500,100,0.1,0.0015,1,23,best,34,best
323,0.2534059856936136,0.2534059856936136,0.0031654592599999996,[0.066561 0.       0.029707 0.       0.       0.044136 0.058248 0.049863 0.060877 0.       0.       0.02951  0.02293  0.038601 0.061893 0.070419 0.062938 0.030573 0.069482 0.019007 0.029193 0.       0.       0.0608   0.061969 0.015023 0.       0.001487 0.049158 0.043615 0.024011],[1. 0. 1. 0. 0. 1. 1. 1. 1. 0. 0. 1. 1. 1. 1. 1. 1. 1. 1. 1. 1. 0. 0. 1. 1. 1. 0. 1. 1. 1. 1.],500,100,0.1,0.0015,1,23,best,34,best
324,0.2534059856936136,0.2534059856936136,0.0031654592599999996,[0.066561 0.       0.029707 0.       0.       0.044136 0.058248 0.049863 0.060877 0.       0.       0.02951  0.02293  0.038601 0.061893 0.070419 0.062938 0.030573 0.069482 0.019007 0.029193 0.       0.       0.0608   0.061969 0.015023 0.       0.001487 0.049158 0.043615 0.024011],[1. 0. 1. 0. 0. 1. 1. 1. 1. 0. 0. 1. 1. 1. 1. 1. 1. 1. 1. 1. 1. 0. 0. 1. 1. 1. 0. 1. 1. 1. 1.],500,100,0.1,0.0015,1,23,best,34,best
325,0.2534059856936136,0.2534059856936136,0.0031654592599999996,[0.066561 0.       0.029707 0.       0.       0.044136 0.058248 0.049863 0.060877 0.       0.       0.02951  0.02293  0.038601 0.061893 0.070419 0.062938 0.030573 0.069482 0.019007 0.029193 0.       0.       0.0608   0.061969 0.015023 0.       0.001487 0.049158 0.043615 0.024011],[1. 0. 1. 0. 0. 1. 1. 1. 1. 0. 0. 1. 1. 1. 1. 1. 1. 1. 1. 1. 1. 0. 0. 1. 1. 1. 0. 1. 1. 1. 1.],500,100,0.1,0.0015,1,23,best,34,best
326,0.2534059856936136,0.2534059856936136,0.0031654592599999996,[0.066561 0.       0.029707 0.       0.       0.044136 0.058248 0.049863 0.060877 0.       0.       0.02951  0.02293  0.038601 0.061893 0.070419 0.062938 0.030573 0.069482 0.019007 0.029193 0.       0.       0.0608   0.061969 0.015023 0.       0.001487 0.049158 0.043615 0.024011],[1. 0. 1. 0. 0. 1. 1. 1. 1. 0. 0. 1. 1. 1. 1. 1. 1. 1. 1. 1. 1. 0. 0. 1. 1. 1. 0. 1. 1. 1. 1.],500,100,0.1,0.0015,1,23,best,34,best
327,0.2534059856936136,0.2534059856936136,0.0031654592599999996,[0.066561 0.       0.029707 0.       0.       0.044136 0.058248 0.049863 0.060877 0.       0.       0.02951  0.02293  0.038601 0.061893 0.070419 0.062938 0.030573 0.069482 0.019007 0.029193 0.       0.       0.0608   0.061969 0.015023 0.       0.001487 0.049158 0.043615 0.024011],[1. 0. 1. 0. 0. 1. 1. 1. 1. 0. 0. 1. 1. 1. 1. 1. 1. 1. 1. 1. 1. 0. 0. 1. 1. 1. 0. 1. 1. 1. 1.],500,100,0.1,0.0015,1,23,best,34,best
328,0.2534059856936136,0.2534059856936136,0.0031654592599999996,[0.066561 0.       0.029707 0.       0.       0.044136 0.058248 0.049863 0.060877 0.       0.       0.02951  0.02293  0.038601 0.061893 0.070419 0.062938 0.030573 0.069482 0.019007 0.029193 0.       0.       0.0608   0.061969 0.015023 0.       0.001487 0.049158 0.043615 0.024011],[1. 0. 1. 0. 0. 1. 1. 1. 1. 0. 0. 1. 1. 1. 1. 1. 1. 1. 1. 1. 1. 0. 0. 1. 1. 1. 0. 1. 1. 1. 1.],500,100,0.1,0.0015,1,23,best,34,best
329,0.2534059856936136,0.2534059856936136,0.0031654592599999996,[0.066561 0.       0.029707 0.       0.       0.044136 0.058248 0.049863 0.060877 0.       0.       0.02951  0.02293  0.038601 0.061893 0.070419 0.062938 0.030573 0.069482 0.019007 0.029193 0.       0.       0.0608   0.061969 0.015023 0.       0.001487 0.049158 0.043615 0.024011],[1. 0. 1. 0. 0. 1. 1. 1. 1. 0. 0. 1. 1. 1. 1. 1. 1. 1. 1. 1. 1. 0. 0. 1. 1. 1. 0. 1. 1. 1. 1.],500,100,0.1,0.0015,1,23,best,34,best
330,0.2534059856936136,0.2534059856936136,0.0031654592599999996,[0.066561 0.       0.029707 0.       0.       0.044136 0.058248 0.049863 0.060877 0.       0.       0.02951  0.02293  0.038601 0.061893 0.070419 0.062938 0.030573 0.069482 0.019007 0.029193 0.       0.       0.0608   0.061969 0.015023 0.       0.001487 0.049158 0.043615 0.024011],[1. 0. 1. 0. 0. 1. 1. 1. 1. 0. 0. 1. 1. 1. 1. 1. 1. 1. 1. 1. 1. 0. 0. 1. 1. 1. 0. 1. 1. 1. 1.],500,100,0.1,0.0015,1,23,best,34,best
331,0.2534059856936136,0.2534059856936136,0.0031654592599999996,[0.066561 0.       0.029707 0.       0.       0.044136 0.058248 0.049863 0.060877 0.       0.       0.02951  0.02293  0.038601 0.061893 0.070419 0.062938 0.030573 0.069482 0.019007 0.029193 0.       0.       0.0608   0.061969 0.015023 0.       0.001487 0.049158 0.043615 0.024011],[1. 0. 1. 0. 0. 1. 1. 1. 1. 0. 0. 1. 1. 1. 1. 1. 1. 1. 1. 1. 1. 0. 0. 1. 1. 1. 0. 1. 1. 1. 1.],500,100,0.1,0.0015,1,23,best,34,best
332,0.2534059856936136,0.2534059856936136,0.0031654592599999996,[0.066561 0.       0.029707 0.       0.       0.044136 0.058248 0.049863 0.060877 0.       0.       0.02951  0.02293  0.038601 0.061893 0.070419 0.062938 0.030573 0.069482 0.019007 0.029193 0.       0.       0.0608   0.061969 0.015023 0.       0.001487 0.049158 0.043615 0.024011],[1. 0. 1. 0. 0. 1. 1. 1. 1. 0. 0. 1. 1. 1. 1. 1. 1. 1. 1. 1. 1. 0. 0. 1. 1. 1. 0. 1. 1. 1. 1.],500,100,0.1,0.0015,1,23,best,34,best
333,0.2534059856936136,0.2534059856936136,0.0031654592599999996,[0.066561 0.       0.029707 0.       0.       0.044136 0.058248 0.049863 0.060877 0.       0.       0.02951  0.02293  0.038601 0.061893 0.070419 0.062938 0.030573 0.069482 0.019007 0.029193 0.       0.       0.0608   0.061969 0.015023 0.       0.001487 0.049158 0.043615 0.024011],[1. 0. 1. 0. 0. 1. 1. 1. 1. 0. 0. 1. 1. 1. 1. 1. 1. 1. 1. 1. 1. 0. 0. 1. 1. 1. 0. 1. 1. 1. 1.],500,100,0.1,0.0015,1,23,best,34,best
334,0.2534059856936136,0.2534059856936136,0.0031654592599999996,[0.066561 0.       0.029707 0.       0.       0.044136 0.058248 0.049863 0.060877 0.       0.       0.02951  0.02293  0.038601 0.061893 0.070419 0.062938 0.030573 0.069482 0.019007 0.029193 0.       0.       0.0608   0.061969 0.015023 0.       0.001487 0.049158 0.043615 0.024011],[1. 0. 1. 0. 0. 1. 1. 1. 1. 0. 0. 1. 1. 1. 1. 1. 1. 1. 1. 1. 1. 0. 0. 1. 1. 1. 0. 1. 1. 1. 1.],500,100,0.1,0.0015,1,23,best,34,best
335,0.2534059856936136,0.2534059856936136,0.0031654592599999996,[0.066561 0.       0.029707 0.       0.       0.044136 0.058248 0.049863 0.060877 0.       0.       0.02951  0.02293  0.038601 0.061893 0.070419 0.062938 0.030573 0.069482 0.019007 0.029193 0.       0.       0.0608   0.061969 0.015023 0.       0.001487 0.049158 0.043615 0.024011],[1. 0. 1. 0. 0. 1. 1. 1. 1. 0. 0. 1. 1. 1. 1. 1. 1. 1. 1. 1. 1. 0. 0. 1. 1. 1. 0. 1. 1. 1. 1.],500,100,0.1,0.0015,1,23,best,34,best
336,0.2534059856936136,0.2534059856936136,0.0031654592599999996,[0.066561 0.       0.029707 0.       0.       0.044136 0.058248 0.049863 0.060877 0.       0.       0.02951  0.02293  0.038601 0.061893 0.070419 0.062938 0.030573 0.069482 0.019007 0.029193 0.       0.       0.0608   0.061969 0.015023 0.       0.001487 0.049158 0.043615 0.024011],[1. 0. 1. 0. 0. 1. 1. 1. 1. 0. 0. 1. 1. 1. 1. 1. 1. 1. 1. 1. 1. 0. 0. 1. 1. 1. 0. 1. 1. 1. 1.],500,100,0.1,0.0015,1,23,best,34,best
337,0.2534059856936136,0.2534059856936136,0.0031654592599999996,[0.066561 0.       0.029707 0.       0.       0.044136 0.058248 0.049863 0.060877 0.       0.       0.02951  0.02293  0.038601 0.061893 0.070419 0.062938 0.030573 0.069482 0.019007 0.029193 0.       0.       0.0608   0.061969 0.015023 0.       0.001487 0.049158 0.043615 0.024011],[1. 0. 1. 0. 0. 1. 1. 1. 1. 0. 0. 1. 1. 1. 1. 1. 1. 1. 1. 1. 1. 0. 0. 1. 1. 1. 0. 1. 1. 1. 1.],500,100,0.1,0.0015,1,23,best,34,best
338,0.2534059856936136,0.2534059856936136,0.0031654592599999996,[0.066561 0.       0.029707 0.       0.       0.044136 0.058248 0.049863 0.060877 0.       0.       0.02951  0.02293  0.038601 0.061893 0.070419 0.062938 0.030573 0.069482 0.019007 0.029193 0.       0.       0.0608   0.061969 0.015023 0.       0.001487 0.049158 0.043615 0.024011],[1. 0. 1. 0. 0. 1. 1. 1. 1. 0. 0. 1. 1. 1. 1. 1. 1. 1. 1. 1. 1. 0. 0. 1. 1. 1. 0. 1. 1. 1. 1.],500,100,0.1,0.0015,1,23,best,34,best
339,0.2534059856936136,0.2534059856936136,0.0031654592599999996,[0.066561 0.       0.029707 0.       0.       0.044136 0.058248 0.049863 0.060877 0.       0.       0.02951  0.02293  0.038601 0.061893 0.070419 0.062938 0.030573 0.069482 0.019007 0.029193 0.       0.       0.0608   0.061969 0.015023 0.       0.001487 0.049158 0.043615 0.024011],[1. 0. 1. 0. 0. 1. 1. 1. 1. 0. 0. 1. 1. 1. 1. 1. 1. 1. 1. 1. 1. 0. 0. 1. 1. 1. 0. 1. 1. 1. 1.],500,100,0.1,0.0015,1,23,best,34,best
340,0.2534059856936136,0.2534059856936136,0.0031654592599999996,[0.066561 0.       0.029707 0.       0.       0.044136 0.058248 0.049863 0.060877 0.       0.       0.02951  0.02293  0.038601 0.061893 0.070419 0.062938 0.030573 0.069482 0.019007 0.029193 0.       0.       0.0608   0.061969 0.015023 0.       0.001487 0.049158 0.043615 0.024011],[1. 0. 1. 0. 0. 1. 1. 1. 1. 0. 0. 1. 1. 1. 1. 1. 1. 1. 1. 1. 1. 0. 0. 1. 1. 1. 0. 1. 1. 1. 1.],500,100,0.1,0.0015,1,23,best,34,best
341,0.2534059856936136,0.2534059856936136,0.0031654592599999996,[0.066561 0.       0.029707 0.       0.       0.044136 0.058248 0.049863 0.060877 0.       0.       0.02951  0.02293  0.038601 0.061893 0.070419 0.062938 0.030573 0.069482 0.019007 0.029193 0.       0.       0.0608   0.061969 0.015023 0.       0.001487 0.049158 0.043615 0.024011],[1. 0. 1. 0. 0. 1. 1. 1. 1. 0. 0. 1. 1. 1. 1. 1. 1. 1. 1. 1. 1. 0. 0. 1. 1. 1. 0. 1. 1. 1. 1.],500,100,0.1,0.0015,1,23,best,34,best
342,0.2534059856936136,0.2534059856936136,0.0031654592599999996,[0.066561 0.       0.029707 0.       0.       0.044136 0.058248 0.049863 0.060877 0.       0.       0.02951  0.02293  0.038601 0.061893 0.070419 0.062938 0.030573 0.069482 0.019007 0.029193 0.       0.       0.0608   0.061969 0.015023 0.       0.001487 0.049158 0.043615 0.024011],[1. 0. 1. 0. 0. 1. 1. 1. 1. 0. 0. 1. 1. 1. 1. 1. 1. 1. 1. 1. 1. 0. 0. 1. 1. 1. 0. 1. 1. 1. 1.],500,100,0.1,0.0015,1,23,best,34,best
343,0.2534059856936136,0.2534059856936136,0.0031654592599999996,[0.066561 0.       0.029707 0.       0.       0.044136 0.058248 0.049863 0.060877 0.       0.       0.02951  0.02293  0.038601 0.061893 0.070419 0.062938 0.030573 0.069482 0.019007 0.029193 0.       0.       0.0608   0.061969 0.015023 0.       0.001487 0.049158 0.043615 0.024011],[1. 0. 1. 0. 0. 1. 1. 1. 1. 0. 0. 1. 1. 1. 1. 1. 1. 1. 1. 1. 1. 0. 0. 1. 1. 1. 0. 1. 1. 1. 1.],500,100,0.1,0.0015,1,23,best,34,best
344,0.2534059856936136,0.2534059856936136,0.0031654592599999996,[0.066561 0.       0.029707 0.       0.       0.044136 0.058248 0.049863 0.060877 0.       0.       0.02951  0.02293  0.038601 0.061893 0.070419 0.062938 0.030573 0.069482 0.019007 0.029193 0.       0.       0.0608   0.061969 0.015023 0.       0.001487 0.049158 0.043615 0.024011],[1. 0. 1. 0. 0. 1. 1. 1. 1. 0. 0. 1. 1. 1. 1. 1. 1. 1. 1. 1. 1. 0. 0. 1. 1. 1. 0. 1. 1. 1. 1.],500,100,0.1,0.0015,1,23,best,34,best
345,0.2534059856936136,0.2534059856936136,0.0031654592599999996,[0.066561 0.       0.029707 0.       0.       0.044136 0.058248 0.049863 0.060877 0.       0.       0.02951  0.02293  0.038601 0.061893 0.070419 0.062938 0.030573 0.069482 0.019007 0.029193 0.       0.       0.0608   0.061969 0.015023 0.       0.001487 0.049158 0.043615 0.024011],[1. 0. 1. 0. 0. 1. 1. 1. 1. 0. 0. 1. 1. 1. 1. 1. 1. 1. 1. 1. 1. 0. 0. 1. 1. 1. 0. 1. 1. 1. 1.],500,100,0.1,0.0015,1,23,best,34,best
346,0.2534059856936136,0.2534059856936136,0.0031654592599999996,[0.066561 0.       0.029707 0.       0.       0.044136 0.058248 0.049863 0.060877 0.       0.       0.02951  0.02293  0.038601 0.061893 0.070419 0.062938 0.030573 0.069482 0.019007 0.029193 0.       0.       0.0608   0.061969 0.015023 0.       0.001487 0.049158 0.043615 0.024011],[1. 0. 1. 0. 0. 1. 1. 1. 1. 0. 0. 1. 1. 1. 1. 1. 1. 1. 1. 1. 1. 0. 0. 1. 1. 1. 0. 1. 1. 1. 1.],500,100,0.1,0.0015,1,23,best,34,best
347,0.2534059856936136,0.2534059856936136,0.0031654592599999996,[0.066561 0.       0.029707 0.       0.       0.044136 0.058248 0.049863 0.060877 0.       0.       0.02951  0.02293  0.038601 0.061893 0.070419 0.062938 0.030573 0.069482 0.019007 0.029193 0.       0.       0.0608   0.061969 0.015023 0.       0.001487 0.049158 0.043615 0.024011],[1. 0. 1. 0. 0. 1. 1. 1. 1. 0. 0. 1. 1. 1. 1. 1. 1. 1. 1. 1. 1. 0. 0. 1. 1. 1. 0. 1. 1. 1. 1.],500,100,0.1,0.0015,1,23,best,34,best
348,0.2534059856936136,0.2534059856936136,0.0031654592599999996,[0.066561 0.       0.029707 0.       0.       0.044136 0.058248 0.049863 0.060877 0.       0.       0.02951  0.02293  0.038601 0.061893 0.070419 0.062938 0.030573 0.069482 0.019007 0.029193 0.       0.       0.0608   0.061969 0.015023 0.       0.001487 0.049158 0.043615 0.024011],[1. 0. 1. 0. 0. 1. 1. 1. 1. 0. 0. 1. 1. 1. 1. 1. 1. 1. 1. 1. 1. 0. 0. 1. 1. 1. 0. 1. 1. 1. 1.],500,100,0.1,0.0015,1,23,best,34,best
349,0.2534059856936136,0.2534059856936136,0.0031654592599999996,[0.066561 0.       0.029707 0.       0.       0.044136 0.058248 0.049863 0.060877 0.       0.       0.02951  0.02293  0.038601 0.061893 0.070419 0.062938 0.030573 0.069482 0.019007 0.029193 0.       0.       0.0608   0.061969 0.015023 0.       0.001487 0.049158 0.043615 0.024011],[1. 0. 1. 0. 0. 1. 1. 1. 1. 0. 0. 1. 1. 1. 1. 1. 1. 1. 1. 1. 1. 0. 0. 1. 1. 1. 0. 1. 1. 1. 1.],500,100,0.1,0.0015,1,23,best,34,best
350,0.2534059856936136,0.2534059856936136,0.0031654592599999996,[0.066561 0.       0.029707 0.       0.       0.044136 0.058248 0.049863 0.060877 0.       0.       0.02951  0.02293  0.038601 0.061893 0.070419 0.062938 0.030573 0.069482 0.019007 0.029193 0.       0.       0.0608   0.061969 0.015023 0.       0.001487 0.049158 0.043615 0.024011],[1. 0. 1. 0. 0. 1. 1. 1. 1. 0. 0. 1. 1. 1. 1. 1. 1. 1. 1. 1. 1. 0. 0. 1. 1. 1. 0. 1. 1. 1. 1.],500,100,0.1,0.0015,1,23,best,34,best
351,0.2534059856936136,0.2534059856936136,0.0031654592599999996,[0.066561 0.       0.029707 0.       0.       0.044136 0.058248 0.049863 0.060877 0.       0.       0.02951  0.02293  0.038601 0.061893 0.070419 0.062938 0.030573 0.069482 0.019007 0.029193 0.       0.       0.0608   0.061969 0.015023 0.       0.001487 0.049158 0.043615 0.024011],[1. 0. 1. 0. 0. 1. 1. 1. 1. 0. 0. 1. 1. 1. 1. 1. 1. 1. 1. 1. 1. 0. 0. 1. 1. 1. 0. 1. 1. 1. 1.],500,100,0.1,0.0015,1,23,best,34,best
352,0.2534059856936136,0.2534059856936136,0.0031654592599999996,[0.066561 0.       0.029707 0.       0.       0.044136 0.058248 0.049863 0.060877 0.       0.       0.02951  0.02293  0.038601 0.061893 0.070419 0.062938 0.030573 0.069482 0.019007 0.029193 0.       0.       0.0608   0.061969 0.015023 0.       0.001487 0.049158 0.043615 0.024011],[1. 0. 1. 0. 0. 1. 1. 1. 1. 0. 0. 1. 1. 1. 1. 1. 1. 1. 1. 1. 1. 0. 0. 1. 1. 1. 0. 1. 1. 1. 1.],500,100,0.1,0.0015,1,23,best,34,best
353,0.2534059856936136,0.2534059856936136,0.0031654592599999996,[0.066561 0.       0.029707 0.       0.       0.044136 0.058248 0.049863 0.060877 0.       0.       0.02951  0.02293  0.038601 0.061893 0.070419 0.062938 0.030573 0.069482 0.019007 0.029193 0.       0.       0.0608   0.061969 0.015023 0.       0.001487 0.049158 0.043615 0.024011],[1. 0. 1. 0. 0. 1. 1. 1. 1. 0. 0. 1. 1. 1. 1. 1. 1. 1. 1. 1. 1. 0. 0. 1. 1. 1. 0. 1. 1. 1. 1.],500,100,0.1,0.0015,1,23,best,34,best
354,0.2534059856936136,0.2534059856936136,0.0031654592599999996,[0.066561 0.       0.029707 0.       0.       0.044136 0.058248 0.049863 0.060877 0.       0.       0.02951  0.02293  0.038601 0.061893 0.070419 0.062938 0.030573 0.069482 0.019007 0.029193 0.       0.       0.0608   0.061969 0.015023 0.       0.001487 0.049158 0.043615 0.024011],[1. 0. 1. 0. 0. 1. 1. 1. 1. 0. 0. 1. 1. 1. 1. 1. 1. 1. 1. 1. 1. 0. 0. 1. 1. 1. 0. 1. 1. 1. 1.],500,100,0.1,0.0015,1,23,best,34,best
355,0.2534059856936136,0.2534059856936136,0.0031654592599999996,[0.066561 0.       0.029707 0.       0.       0.044136 0.058248 0.049863 0.060877 0.       0.       0.02951  0.02293  0.038601 0.061893 0.070419 0.062938 0.030573 0.069482 0.019007 0.029193 0.       0.       0.0608   0.061969 0.015023 0.       0.001487 0.049158 0.043615 0.024011],[1. 0. 1. 0. 0. 1. 1. 1. 1. 0. 0. 1. 1. 1. 1. 1. 1. 1. 1. 1. 1. 0. 0. 1. 1. 1. 0. 1. 1. 1. 1.],500,100,0.1,0.0015,1,23,best,34,best
356,0.2534059856936136,0.2534059856936136,0.0031654592599999996,[0.066561 0.       0.029707 0.       0.       0.044136 0.058248 0.049863 0.060877 0.       0.       0.02951  0.02293  0.038601 0.061893 0.070419 0.062938 0.030573 0.069482 0.019007 0.029193 0.       0.       0.0608   0.061969 0.015023 0.       0.001487 0.049158 0.043615 0.024011],[1. 0. 1. 0. 0. 1. 1. 1. 1. 0. 0. 1. 1. 1. 1. 1. 1. 1. 1. 1. 1. 0. 0. 1. 1. 1. 0. 1. 1. 1. 1.],500,100,0.1,0.0015,1,23,best,34,best
357,0.2534059856936136,0.2534059856936136,0.0031654592599999996,[0.066561 0.       0.029707 0.       0.       0.044136 0.058248 0.049863 0.060877 0.       0.       0.02951  0.02293  0.038601 0.061893 0.070419 0.062938 0.030573 0.069482 0.019007 0.029193 0.       0.       0.0608   0.061969 0.015023 0.       0.001487 0.049158 0.043615 0.024011],[1. 0. 1. 0. 0. 1. 1. 1. 1. 0. 0. 1. 1. 1. 1. 1. 1. 1. 1. 1. 1. 0. 0. 1. 1. 1. 0. 1. 1. 1. 1.],500,100,0.1,0.0015,1,23,best,34,best
358,0.2534059856936136,0.2534059856936136,0.0031654592599999996,[0.066561 0.       0.029707 0.       0.       0.044136 0.058248 0.049863 0.060877 0.       0.       0.02951  0.02293  0.038601 0.061893 0.070419 0.062938 0.030573 0.069482 0.019007 0.029193 0.       0.       0.0608   0.061969 0.015023 0.       0.001487 0.049158 0.043615 0.024011],[1. 0. 1. 0. 0. 1. 1. 1. 1. 0. 0. 1. 1. 1. 1. 1. 1. 1. 1. 1. 1. 0. 0. 1. 1. 1. 0. 1. 1. 1. 1.],500,100,0.1,0.0015,1,23,best,34,best
359,0.2534059856936136,0.2534059856936136,0.0031654592599999996,[0.066561 0.       0.029707 0.       0.       0.044136 0.058248 0.049863 0.060877 0.       0.       0.02951  0.02293  0.038601 0.061893 0.070419 0.062938 0.030573 0.069482 0.019007 0.029193 0.       0.       0.0608   0.061969 0.015023 0.       0.001487 0.049158 0.043615 0.024011],[1. 0. 1. 0. 0. 1. 1. 1. 1. 0. 0. 1. 1. 1. 1. 1. 1. 1. 1. 1. 1. 0. 0. 1. 1. 1. 0. 1. 1. 1. 1.],500,100,0.1,0.0015,1,23,best,34,best
360,0.2534059856936136,0.2534059856936136,0.0031654592599999996,[0.066561 0.       0.029707 0.       0.       0.044136 0.058248 0.049863 0.060877 0.       0.       0.02951  0.02293  0.038601 0.061893 0.070419 0.062938 0.030573 0.069482 0.019007 0.029193 0.       0.       0.0608   0.061969 0.015023 0.       0.001487 0.049158 0.043615 0.024011],[1. 0. 1. 0. 0. 1. 1. 1. 1. 0. 0. 1. 1. 1. 1. 1. 1. 1. 1. 1. 1. 0. 0. 1. 1. 1. 0. 1. 1. 1. 1.],500,100,0.1,0.0015,1,23,best,34,best
361,0.2534059856936136,0.2534059856936136,0.0031654592599999996,[0.066561 0.       0.029707 0.       0.       0.044136 0.058248 0.049863 0.060877 0.       0.       0.02951  0.02293  0.038601 0.061893 0.070419 0.062938 0.030573 0.069482 0.019007 0.029193 0.       0.       0.0608   0.061969 0.015023 0.       0.001487 0.049158 0.043615 0.024011],[1. 0. 1. 0. 0. 1. 1. 1. 1. 0. 0. 1. 1. 1. 1. 1. 1. 1. 1. 1. 1. 0. 0. 1. 1. 1. 0. 1. 1. 1. 1.],500,100,0.1,0.0015,1,23,best,34,best
362,0.2534059856936136,0.2534059856936136,0.0031654592599999996,[0.066561 0.       0.029707 0.       0.       0.044136 0.058248 0.049863 0.060877 0.       0.       0.02951  0.02293  0.038601 0.061893 0.070419 0.062938 0.030573 0.069482 0.019007 0.029193 0.       0.       0.0608   0.061969 0.015023 0.       0.001487 0.049158 0.043615 0.024011],[1. 0. 1. 0. 0. 1. 1. 1. 1. 0. 0. 1. 1. 1. 1. 1. 1. 1. 1. 1. 1. 0. 0. 1. 1. 1. 0. 1. 1. 1. 1.],500,100,0.1,0.0015,1,23,best,34,best
363,0.2534059856936136,0.2534059856936136,0.0031654592599999996,[0.066561 0.       0.029707 0.       0.       0.044136 0.058248 0.049863 0.060877 0.       0.       0.02951  0.02293  0.038601 0.061893 0.070419 0.062938 0.030573 0.069482 0.019007 0.029193 0.       0.       0.0608   0.061969 0.015023 0.       0.001487 0.049158 0.043615 0.024011],[1. 0. 1. 0. 0. 1. 1. 1. 1. 0. 0. 1. 1. 1. 1. 1. 1. 1. 1. 1. 1. 0. 0. 1. 1. 1. 0. 1. 1. 1. 1.],500,100,0.1,0.0015,1,23,best,34,best
364,0.2534059856936136,0.2534059856936136,0.0031654592599999996,[0.066561 0.       0.029707 0.       0.       0.044136 0.058248 0.049863 0.060877 0.       0.       0.02951  0.02293  0.038601 0.061893 0.070419 0.062938 0.030573 0.069482 0.019007 0.029193 0.       0.       0.0608   0.061969 0.015023 0.       0.001487 0.049158 0.043615 0.024011],[1. 0. 1. 0. 0. 1. 1. 1. 1. 0. 0. 1. 1. 1. 1. 1. 1. 1. 1. 1. 1. 0. 0. 1. 1. 1. 0. 1. 1. 1. 1.],500,100,0.1,0.0015,1,23,best,34,best
365,0.2534059856936136,0.2534059856936136,0.0031654592599999996,[0.066561 0.       0.029707 0.       0.       0.044136 0.058248 0.049863 0.060877 0.       0.       0.02951  0.02293  0.038601 0.061893 0.070419 0.062938 0.030573 0.069482 0.019007 0.029193 0.       0.       0.0608   0.061969 0.015023 0.       0.001487 0.049158 0.043615 0.024011],[1. 0. 1. 0. 0. 1. 1. 1. 1. 0. 0. 1. 1. 1. 1. 1. 1. 1. 1. 1. 1. 0. 0. 1. 1. 1. 0. 1. 1. 1. 1.],500,100,0.1,0.0015,1,23,best,34,best
366,0.2534059856936136,0.2534059856936136,0.0031654592599999996,[0.066561 0.       0.029707 0.       0.       0.044136 0.058248 0.049863 0.060877 0.       0.       0.02951  0.02293  0.038601 0.061893 0.070419 0.062938 0.030573 0.069482 0.019007 0.029193 0.       0.       0.0608   0.061969 0.015023 0.       0.001487 0.049158 0.043615 0.024011],[1. 0. 1. 0. 0. 1. 1. 1. 1. 0. 0. 1. 1. 1. 1. 1. 1. 1. 1. 1. 1. 0. 0. 1. 1. 1. 0. 1. 1. 1. 1.],500,100,0.1,0.0015,1,23,best,34,best
367,0.2534059856936136,0.2534059856936136,0.0031654592599999996,[0.066561 0.       0.029707 0.       0.       0.044136 0.058248 0.049863 0.060877 0.       0.       0.02951  0.02293  0.038601 0.061893 0.070419 0.062938 0.030573 0.069482 0.019007 0.029193 0.       0.       0.0608   0.061969 0.015023 0.       0.001487 0.049158 0.043615 0.024011],[1. 0. 1. 0. 0. 1. 1. 1. 1. 0. 0. 1. 1. 1. 1. 1. 1. 1. 1. 1. 1. 0. 0. 1. 1. 1. 0. 1. 1. 1. 1.],500,100,0.1,0.0015,1,23,best,34,best
368,0.2534059856936136,0.2534059856936136,0.0031654592599999996,[0.066561 0.       0.029707 0.       0.       0.044136 0.058248 0.049863 0.060877 0.       0.       0.02951  0.02293  0.038601 0.061893 0.070419 0.062938 0.030573 0.069482 0.019007 0.029193 0.       0.       0.0608   0.061969 0.015023 0.       0.001487 0.049158 0.043615 0.024011],[1. 0. 1. 0. 0. 1. 1. 1. 1. 0. 0. 1. 1. 1. 1. 1. 1. 1. 1. 1. 1. 0. 0. 1. 1. 1. 0. 1. 1. 1. 1.],500,100,0.1,0.0015,1,23,best,34,best
369,0.2534059856936136,0.2534059856936136,0.0031654592599999996,[0.066561 0.       0.029707 0.       0.       0.044136 0.058248 0.049863 0.060877 0.       0.       0.02951  0.02293  0.038601 0.061893 0.070419 0.062938 0.030573 0.069482 0.019007 0.029193 0.       0.       0.0608   0.061969 0.015023 0.       0.001487 0.049158 0.043615 0.024011],[1. 0. 1. 0. 0. 1. 1. 1. 1. 0. 0. 1. 1. 1. 1. 1. 1. 1. 1. 1. 1. 0. 0. 1. 1. 1. 0. 1. 1. 1. 1.],500,100,0.1,0.0015,1,23,best,34,best
370,0.2534059856936136,0.2534059856936136,0.0031654592599999996,[0.066561 0.       0.029707 0.       0.       0.044136 0.058248 0.049863 0.060877 0.       0.       0.02951  0.02293  0.038601 0.061893 0.070419 0.062938 0.030573 0.069482 0.019007 0.029193 0.       0.       0.0608   0.061969 0.015023 0.       0.001487 0.049158 0.043615 0.024011],[1. 0. 1. 0. 0. 1. 1. 1. 1. 0. 0. 1. 1. 1. 1. 1. 1. 1. 1. 1. 1. 0. 0. 1. 1. 1. 0. 1. 1. 1. 1.],500,100,0.1,0.0015,1,23,best,34,best
371,0.2534059856936136,0.2534059856936136,0.0031654592599999996,[0.066561 0.       0.029707 0.       0.       0.044136 0.058248 0.049863 0.060877 0.       0.       0.02951  0.02293  0.038601 0.061893 0.070419 0.062938 0.030573 0.069482 0.019007 0.029193 0.       0.       0.0608   0.061969 0.015023 0.       0.001487 0.049158 0.043615 0.024011],[1. 0. 1. 0. 0. 1. 1. 1. 1. 0. 0. 1. 1. 1. 1. 1. 1. 1. 1. 1. 1. 0. 0. 1. 1. 1. 0. 1. 1. 1. 1.],500,100,0.1,0.0015,1,23,best,34,best
372,0.2534059856936136,0.2534059856936136,0.0031654592599999996,[0.066561 0.       0.029707 0.       0.       0.044136 0.058248 0.049863 0.060877 0.       0.       0.02951  0.02293  0.038601 0.061893 0.070419 0.062938 0.030573 0.069482 0.019007 0.029193 0.       0.       0.0608   0.061969 0.015023 0.       0.001487 0.049158 0.043615 0.024011],[1. 0. 1. 0. 0. 1. 1. 1. 1. 0. 0. 1. 1. 1. 1. 1. 1. 1. 1. 1. 1. 0. 0. 1. 1. 1. 0. 1. 1. 1. 1.],500,100,0.1,0.0015,1,23,best,34,best
373,0.2534059856936136,0.2534059856936136,0.0031654592599999996,[0.066561 0.       0.029707 0.       0.       0.044136 0.058248 0.049863 0.060877 0.       0.       0.02951  0.02293  0.038601 0.061893 0.070419 0.062938 0.030573 0.069482 0.019007 0.029193 0.       0.       0.0608   0.061969 0.015023 0.       0.001487 0.049158 0.043615 0.024011],[1. 0. 1. 0. 0. 1. 1. 1. 1. 0. 0. 1. 1. 1. 1. 1. 1. 1. 1. 1. 1. 0. 0. 1. 1. 1. 0. 1. 1. 1. 1.],500,100,0.1,0.0015,1,23,best,34,best
374,0.2534059856936136,0.2534059856936136,0.0031654592599999996,[0.066561 0.       0.029707 0.       0.       0.044136 0.058248 0.049863 0.060877 0.       0.       0.02951  0.02293  0.038601 0.061893 0.070419 0.062938 0.030573 0.069482 0.019007 0.029193 0.       0.       0.0608   0.061969 0.015023 0.       0.001487 0.049158 0.043615 0.024011],[1. 0. 1. 0. 0. 1. 1. 1. 1. 0. 0. 1. 1. 1. 1. 1. 1. 1. 1. 1. 1. 0. 0. 1. 1. 1. 0. 1. 1. 1. 1.],500,100,0.1,0.0015,1,23,best,34,best
375,0.2534059856936136,0.2534059856936136,0.0031654592599999996,[0.066561 0.       0.029707 0.       0.       0.044136 0.058248 0.049863 0.060877 0.       0.       0.02951  0.02293  0.038601 0.061893 0.070419 0.062938 0.030573 0.069482 0.019007 0.029193 0.       0.       0.0608   0.061969 0.015023 0.       0.001487 0.049158 0.043615 0.024011],[1. 0. 1. 0. 0. 1. 1. 1. 1. 0. 0. 1. 1. 1. 1. 1. 1. 1. 1. 1. 1. 0. 0. 1. 1. 1. 0. 1. 1. 1. 1.],500,100,0.1,0.0015,1,23,best,34,best
376,0.2534059856936136,0.2534059856936136,0.0031654592599999996,[0.066561 0.       0.029707 0.       0.       0.044136 0.058248 0.049863 0.060877 0.       0.       0.02951  0.02293  0.038601 0.061893 0.070419 0.062938 0.030573 0.069482 0.019007 0.029193 0.       0.       0.0608   0.061969 0.015023 0.       0.001487 0.049158 0.043615 0.024011],[1. 0. 1. 0. 0. 1. 1. 1. 1. 0. 0. 1. 1. 1. 1. 1. 1. 1. 1. 1. 1. 0. 0. 1. 1. 1. 0. 1. 1. 1. 1.],500,100,0.1,0.0015,1,23,best,34,best
377,0.2534059856936136,0.2534059856936136,0.0031654592599999996,[0.066561 0.       0.029707 0.       0.       0.044136 0.058248 0.049863 0.060877 0.       0.       0.02951  0.02293  0.038601 0.061893 0.070419 0.062938 0.030573 0.069482 0.019007 0.029193 0.       0.       0.0608   0.061969 0.015023 0.       0.001487 0.049158 0.043615 0.024011],[1. 0. 1. 0. 0. 1. 1. 1. 1. 0. 0. 1. 1. 1. 1. 1. 1. 1. 1. 1. 1. 0. 0. 1. 1. 1. 0. 1. 1. 1. 1.],500,100,0.1,0.0015,1,23,best,34,best
378,0.2534059856936136,0.2534059856936136,0.0031654592599999996,[0.066561 0.       0.029707 0.       0.       0.044136 0.058248 0.049863 0.060877 0.       0.       0.02951  0.02293  0.038601 0.061893 0.070419 0.062938 0.030573 0.069482 0.019007 0.029193 0.       0.       0.0608   0.061969 0.015023 0.       0.001487 0.049158 0.043615 0.024011],[1. 0. 1. 0. 0. 1. 1. 1. 1. 0. 0. 1. 1. 1. 1. 1. 1. 1. 1. 1. 1. 0. 0. 1. 1. 1. 0. 1. 1. 1. 1.],500,100,0.1,0.0015,1,23,best,34,best
379,0.2534059856936136,0.2534059856936136,0.0031654592599999996,[0.066561 0.       0.029707 0.       0.       0.044136 0.058248 0.049863 0.060877 0.       0.       0.02951  0.02293  0.038601 0.061893 0.070419 0.062938 0.030573 0.069482 0.019007 0.029193 0.       0.       0.0608   0.061969 0.015023 0.       0.001487 0.049158 0.043615 0.024011],[1. 0. 1. 0. 0. 1. 1. 1. 1. 0. 0. 1. 1. 1. 1. 1. 1. 1. 1. 1. 1. 0. 0. 1. 1. 1. 0. 1. 1. 1. 1.],500,100,0.1,0.0015,1,23,best,34,best
380,0.2534059856936136,0.2534059856936136,0.0031654592599999996,[0.066561 0.       0.029707 0.       0.       0.044136 0.058248 0.049863 0.060877 0.       0.       0.02951  0.02293  0.038601 0.061893 0.070419 0.062938 0.030573 0.069482 0.019007 0.029193 0.       0.       0.0608   0.061969 0.015023 0.       0.001487 0.049158 0.043615 0.024011],[1. 0. 1. 0. 0. 1. 1. 1. 1. 0. 0. 1. 1. 1. 1. 1. 1. 1. 1. 1. 1. 0. 0. 1. 1. 1. 0. 1. 1. 1. 1.],500,100,0.1,0.0015,1,23,best,34,best
381,0.2534059856936136,0.2534059856936136,0.0031654592599999996,[0.066561 0.       0.029707 0.       0.       0.044136 0.058248 0.049863 0.060877 0.       0.       0.02951  0.02293  0.038601 0.061893 0.070419 0.062938 0.030573 0.069482 0.019007 0.029193 0.       0.       0.0608   0.061969 0.015023 0.       0.001487 0.049158 0.043615 0.024011],[1. 0. 1. 0. 0. 1. 1. 1. 1. 0. 0. 1. 1. 1. 1. 1. 1. 1. 1. 1. 1. 0. 0. 1. 1. 1. 0. 1. 1. 1. 1.],500,100,0.1,0.0015,1,23,best,34,best
382,0.2534059856936136,0.2534059856936136,0.0031654592599999996,[0.066561 0.       0.029707 0.       0.       0.044136 0.058248 0.049863 0.060877 0.       0.       0.02951  0.02293  0.038601 0.061893 0.070419 0.062938 0.030573 0.069482 0.019007 0.029193 0.       0.       0.0608   0.061969 0.015023 0.       0.001487 0.049158 0.043615 0.024011],[1. 0. 1. 0. 0. 1. 1. 1. 1. 0. 0. 1. 1. 1. 1. 1. 1. 1. 1. 1. 1. 0. 0. 1. 1. 1. 0. 1. 1. 1. 1.],500,100,0.1,0.0015,1,23,best,34,best
383,0.2534059856936136,0.2534059856936136,0.0031654592599999996,[0.066561 0.       0.029707 0.       0.       0.044136 0.058248 0.049863 0.060877 0.       0.       0.02951  0.02293  0.038601 0.061893 0.070419 0.062938 0.030573 0.069482 0.019007 0.029193 0.       0.       0.0608   0.061969 0.015023 0.       0.001487 0.049158 0.043615 0.024011],[1. 0. 1. 0. 0. 1. 1. 1. 1. 0. 0. 1. 1. 1. 1. 1. 1. 1. 1. 1. 1. 0. 0. 1. 1. 1. 0. 1. 1. 1. 1.],500,100,0.1,0.0015,1,23,best,34,best
384,0.2534059856936136,0.2534059856936136,0.0031654592599999996,[0.066561 0.       0.029707 0.       0.       0.044136 0.058248 0.049863 0.060877 0.       0.       0.02951  0.02293  0.038601 0.061893 0.070419 0.062938 0.030573 0.069482 0.019007 0.029193 0.       0.       0.0608   0.061969 0.015023 0.       0.001487 0.049158 0.043615 0.024011],[1. 0. 1. 0. 0. 1. 1. 1. 1. 0. 0. 1. 1. 1. 1. 1. 1. 1. 1. 1. 1. 0. 0. 1. 1. 1. 0. 1. 1. 1. 1.],500,100,0.1,0.0015,1,23,best,34,best
385,0.2534059856936136,0.2534059856936136,0.0031654592599999996,[0.066561 0.       0.029707 0.       0.       0.044136 0.058248 0.049863 0.060877 0.       0.       0.02951  0.02293  0.038601 0.061893 0.070419 0.062938 0.030573 0.069482 0.019007 0.029193 0.       0.       0.0608   0.061969 0.015023 0.       0.001487 0.049158 0.043615 0.024011],[1. 0. 1. 0. 0. 1. 1. 1. 1. 0. 0. 1. 1. 1. 1. 1. 1. 1. 1. 1. 1. 0. 0. 1. 1. 1. 0. 1. 1. 1. 1.],500,100,0.1,0.0015,1,23,best,34,best
386,0.2534059856936136,0.2534059856936136,0.0031654592599999996,[0.066561 0.       0.029707 0.       0.       0.044136 0.058248 0.049863 0.060877 0.       0.       0.02951  0.02293  0.038601 0.061893 0.070419 0.062938 0.030573 0.069482 0.019007 0.029193 0.       0.       0.0608   0.061969 0.015023 0.       0.001487 0.049158 0.043615 0.024011],[1. 0. 1. 0. 0. 1. 1. 1. 1. 0. 0. 1. 1. 1. 1. 1. 1. 1. 1. 1. 1. 0. 0. 1. 1. 1. 0. 1. 1. 1. 1.],500,100,0.1,0.0015,1,23,best,34,best
387,0.2534059856936136,0.2534059856936136,0.0031654592599999996,[0.066561 0.       0.029707 0.       0.       0.044136 0.058248 0.049863 0.060877 0.       0.       0.02951  0.02293  0.038601 0.061893 0.070419 0.062938 0.030573 0.069482 0.019007 0.029193 0.       0.       0.0608   0.061969 0.015023 0.       0.001487 0.049158 0.043615 0.024011],[1. 0. 1. 0. 0. 1. 1. 1. 1. 0. 0. 1. 1. 1. 1. 1. 1. 1. 1. 1. 1. 0. 0. 1. 1. 1. 0. 1. 1. 1. 1.],500,100,0.1,0.0015,1,23,best,34,best
388,0.2534059856936136,0.2534059856936136,0.0031654592599999996,[0.066561 0.       0.029707 0.       0.       0.044136 0.058248 0.049863 0.060877 0.       0.       0.02951  0.02293  0.038601 0.061893 0.070419 0.062938 0.030573 0.069482 0.019007 0.029193 0.       0.       0.0608   0.061969 0.015023 0.       0.001487 0.049158 0.043615 0.024011],[1. 0. 1. 0. 0. 1. 1. 1. 1. 0. 0. 1. 1. 1. 1. 1. 1. 1. 1. 1. 1. 0. 0. 1. 1. 1. 0. 1. 1. 1. 1.],500,100,0.1,0.0015,1,23,best,34,best
389,0.2534059856936136,0.2534059856936136,0.0031654592599999996,[0.066561 0.       0.029707 0.       0.       0.044136 0.058248 0.049863 0.060877 0.       0.       0.02951  0.02293  0.038601 0.061893 0.070419 0.062938 0.030573 0.069482 0.019007 0.029193 0.       0.       0.0608   0.061969 0.015023 0.       0.001487 0.049158 0.043615 0.024011],[1. 0. 1. 0. 0. 1. 1. 1. 1. 0. 0. 1. 1. 1. 1. 1. 1. 1. 1. 1. 1. 0. 0. 1. 1. 1. 0. 1. 1. 1. 1.],500,100,0.1,0.0015,1,23,best,34,best
390,0.2534059856936136,0.2534059856936136,0.0031654592599999996,[0.066561 0.       0.029707 0.       0.       0.044136 0.058248 0.049863 0.060877 0.       0.       0.02951  0.02293  0.038601 0.061893 0.070419 0.062938 0.030573 0.069482 0.019007 0.029193 0.       0.       0.0608   0.061969 0.015023 0.       0.001487 0.049158 0.043615 0.024011],[1. 0. 1. 0. 0. 1. 1. 1. 1. 0. 0. 1. 1. 1. 1. 1. 1. 1. 1. 1. 1. 0. 0. 1. 1. 1. 0. 1. 1. 1. 1.],500,100,0.1,0.0015,1,23,best,34,best
391,0.2534059856936136,0.2534059856936136,0.0031654592599999996,[0.066561 0.       0.029707 0.       0.       0.044136 0.058248 0.049863 0.060877 0.       0.       0.02951  0.02293  0.038601 0.061893 0.070419 0.062938 0.030573 0.069482 0.019007 0.029193 0.       0.       0.0608   0.061969 0.015023 0.       0.001487 0.049158 0.043615 0.024011],[1. 0. 1. 0. 0. 1. 1. 1. 1. 0. 0. 1. 1. 1. 1. 1. 1. 1. 1. 1. 1. 0. 0. 1. 1. 1. 0. 1. 1. 1. 1.],500,100,0.1,0.0015,1,23,best,34,best
392,0.2534059856936136,0.2534059856936136,0.0031654592599999996,[0.066561 0.       0.029707 0.       0.       0.044136 0.058248 0.049863 0.060877 0.       0.       0.02951  0.02293  0.038601 0.061893 0.070419 0.062938 0.030573 0.069482 0.019007 0.029193 0.       0.       0.0608   0.061969 0.015023 0.       0.001487 0.049158 0.043615 0.024011],[1. 0. 1. 0. 0. 1. 1. 1. 1. 0. 0. 1. 1. 1. 1. 1. 1. 1. 1. 1. 1. 0. 0. 1. 1. 1. 0. 1. 1. 1. 1.],500,100,0.1,0.0015,1,23,best,34,best
393,0.2534059856936136,0.2534059856936136,0.0031654592599999996,[0.066561 0.       0.029707 0.       0.       0.044136 0.058248 0.049863 0.060877 0.       0.       0.02951  0.02293  0.038601 0.061893 0.070419 0.062938 0.030573 0.069482 0.019007 0.029193 0.       0.       0.0608   0.061969 0.015023 0.       0.001487 0.049158 0.043615 0.024011],[1. 0. 1. 0. 0. 1. 1. 1. 1. 0. 0. 1. 1. 1. 1. 1. 1. 1. 1. 1. 1. 0. 0. 1. 1. 1. 0. 1. 1. 1. 1.],500,100,0.1,0.0015,1,23,best,34,best
394,0.2534059856936136,0.2534059856936136,0.0031654592599999996,[0.066561 0.       0.029707 0.       0.       0.044136 0.058248 0.049863 0.060877 0.       0.       0.02951  0.02293  0.038601 0.061893 0.070419 0.062938 0.030573 0.069482 0.019007 0.029193 0.       0.       0.0608   0.061969 0.015023 0.       0.001487 0.049158 0.043615 0.024011],[1. 0. 1. 0. 0. 1. 1. 1. 1. 0. 0. 1. 1. 1. 1. 1. 1. 1. 1. 1. 1. 0. 0. 1. 1. 1. 0. 1. 1. 1. 1.],500,100,0.1,0.0015,1,23,best,34,best
395,0.2534059856936136,0.2534059856936136,0.0031654592599999996,[0.066561 0.       0.029707 0.       0.       0.044136 0.058248 0.049863 0.060877 0.       0.       0.02951  0.02293  0.038601 0.061893 0.070419 0.062938 0.030573 0.069482 0.019007 0.029193 0.       0.       0.0608   0.061969 0.015023 0.       0.001487 0.049158 0.043615 0.024011],[1. 0. 1. 0. 0. 1. 1. 1. 1. 0. 0. 1. 1. 1. 1. 1. 1. 1. 1. 1. 1. 0. 0. 1. 1. 1. 0. 1. 1. 1. 1.],500,100,0.1,0.0015,1,23,best,34,best
396,0.2534059856936136,0.2534059856936136,0.0031654592599999996,[0.066561 0.       0.029707 0.       0.       0.044136 0.058248 0.049863 0.060877 0.       0.       0.02951  0.02293  0.038601 0.061893 0.070419 0.062938 0.030573 0.069482 0.019007 0.029193 0.       0.       0.0608   0.061969 0.015023 0.       0.001487 0.049158 0.043615 0.024011],[1. 0. 1. 0. 0. 1. 1. 1. 1. 0. 0. 1. 1. 1. 1. 1. 1. 1. 1. 1. 1. 0. 0. 1. 1. 1. 0. 1. 1. 1. 1.],500,100,0.1,0.0015,1,23,best,34,best
397,0.2534059856936136,0.2534059856936136,0.0031654592599999996,[0.066561 0.       0.029707 0.       0.       0.044136 0.058248 0.049863 0.060877 0.       0.       0.02951  0.02293  0.038601 0.061893 0.070419 0.062938 0.030573 0.069482 0.019007 0.029193 0.       0.       0.0608   0.061969 0.015023 0.       0.001487 0.049158 0.043615 0.024011],[1. 0. 1. 0. 0. 1. 1. 1. 1. 0. 0. 1. 1. 1. 1. 1. 1. 1. 1. 1. 1. 0. 0. 1. 1. 1. 0. 1. 1. 1. 1.],500,100,0.1,0.0015,1,23,best,34,best
398,0.2534059856936136,0.2534059856936136,0.0031654592599999996,[0.066561 0.       0.029707 0.       0.       0.044136 0.058248 0.049863 0.060877 0.       0.       0.02951  0.02293  0.038601 0.061893 0.070419 0.062938 0.030573 0.069482 0.019007 0.029193 0.       0.       0.0608   0.061969 0.015023 0.       0.001487 0.049158 0.043615 0.024011],[1. 0. 1. 0. 0. 1. 1. 1. 1. 0. 0. 1. 1. 1. 1. 1. 1. 1. 1. 1. 1. 0. 0. 1. 1. 1. 0. 1. 1. 1. 1.],500,100,0.1,0.0015,1,23,best,34,best
399,0.2534059856936136,0.2534059856936136,0.0031654592599999996,[0.066561 0.       0.029707 0.       0.       0.044136 0.058248 0.049863 0.060877 0.       0.       0.02951  0.02293  0.038601 0.061893 0.070419 0.062938 0.030573 0.069482 0.019007 0.029193 0.       0.       0.0608   0.061969 0.015023 0.       0.001487 0.049158 0.043615 0.024011],[1. 0. 1. 0. 0. 1. 1. 1. 1. 0. 0. 1. 1. 1. 1. 1. 1. 1. 1. 1. 1. 0. 0. 1. 1. 1. 0. 1. 1. 1. 1.],500,100,0.1,0.0015,1,23,best,34,best
400,0.2534059856936136,0.2534059856936136,0.0031654592599999996,[0.066561 0.       0.029707 0.       0.       0.044136 0.058248 0.049863 0.060877 0.       0.       0.02951  0.02293  0.038601 0.061893 0.070419 0.062938 0.030573 0.069482 0.019007 0.029193 0.       0.       0.0608   0.061969 0.015023 0.       0.001487 0.049158 0.043615 0.024011],[1. 0. 1. 0. 0. 1. 1. 1. 1. 0. 0. 1. 1. 1. 1. 1. 1. 1. 1. 1. 1. 0. 0. 1. 1. 1. 0. 1. 1. 1. 1.],500,100,0.1,0.0015,1,23,best,34,best
401,0.2534059856936136,0.2534059856936136,0.0031654592599999996,[0.066561 0.       0.029707 0.       0.       0.044136 0.058248 0.049863 0.060877 0.       0.       0.02951  0.02293  0.038601 0.061893 0.070419 0.062938 0.030573 0.069482 0.019007 0.029193 0.       0.       0.0608   0.061969 0.015023 0.       0.001487 0.049158 0.043615 0.024011],[1. 0. 1. 0. 0. 1. 1. 1. 1. 0. 0. 1. 1. 1. 1. 1. 1. 1. 1. 1. 1. 0. 0. 1. 1. 1. 0. 1. 1. 1. 1.],500,100,0.1,0.0015,1,23,best,34,best
402,0.2534059856936136,0.2534059856936136,0.0031654592599999996,[0.066561 0.       0.029707 0.       0.       0.044136 0.058248 0.049863 0.060877 0.       0.       0.02951  0.02293  0.038601 0.061893 0.070419 0.062938 0.030573 0.069482 0.019007 0.029193 0.       0.       0.0608   0.061969 0.015023 0.       0.001487 0.049158 0.043615 0.024011],[1. 0. 1. 0. 0. 1. 1. 1. 1. 0. 0. 1. 1. 1. 1. 1. 1. 1. 1. 1. 1. 0. 0. 1. 1. 1. 0. 1. 1. 1. 1.],500,100,0.1,0.0015,1,23,best,34,best
403,0.2534059856936136,0.2534059856936136,0.0031654592599999996,[0.066561 0.       0.029707 0.       0.       0.044136 0.058248 0.049863 0.060877 0.       0.       0.02951  0.02293  0.038601 0.061893 0.070419 0.062938 0.030573 0.069482 0.019007 0.029193 0.       0.       0.0608   0.061969 0.015023 0.       0.001487 0.049158 0.043615 0.024011],[1. 0. 1. 0. 0. 1. 1. 1. 1. 0. 0. 1. 1. 1. 1. 1. 1. 1. 1. 1. 1. 0. 0. 1. 1. 1. 0. 1. 1. 1. 1.],500,100,0.1,0.0015,1,23,best,34,best
404,0.2534059856936136,0.2534059856936136,0.0031654592599999996,[0.066561 0.       0.029707 0.       0.       0.044136 0.058248 0.049863 0.060877 0.       0.       0.02951  0.02293  0.038601 0.061893 0.070419 0.062938 0.030573 0.069482 0.019007 0.029193 0.       0.       0.0608   0.061969 0.015023 0.       0.001487 0.049158 0.043615 0.024011],[1. 0. 1. 0. 0. 1. 1. 1. 1. 0. 0. 1. 1. 1. 1. 1. 1. 1. 1. 1. 1. 0. 0. 1. 1. 1. 0. 1. 1. 1. 1.],500,100,0.1,0.0015,1,23,best,34,best
405,0.2534059856936136,0.2534059856936136,0.0031654592599999996,[0.066561 0.       0.029707 0.       0.       0.044136 0.058248 0.049863 0.060877 0.       0.       0.02951  0.02293  0.038601 0.061893 0.070419 0.062938 0.030573 0.069482 0.019007 0.029193 0.       0.       0.0608   0.061969 0.015023 0.       0.001487 0.049158 0.043615 0.024011],[1. 0. 1. 0. 0. 1. 1. 1. 1. 0. 0. 1. 1. 1. 1. 1. 1. 1. 1. 1. 1. 0. 0. 1. 1. 1. 0. 1. 1. 1. 1.],500,100,0.1,0.0015,1,23,best,34,best
406,0.2534059856936136,0.2534059856936136,0.0031654592599999996,[0.066561 0.       0.029707 0.       0.       0.044136 0.058248 0.049863 0.060877 0.       0.       0.02951  0.02293  0.038601 0.061893 0.070419 0.062938 0.030573 0.069482 0.019007 0.029193 0.       0.       0.0608   0.061969 0.015023 0.       0.001487 0.049158 0.043615 0.024011],[1. 0. 1. 0. 0. 1. 1. 1. 1. 0. 0. 1. 1. 1. 1. 1. 1. 1. 1. 1. 1. 0. 0. 1. 1. 1. 0. 1. 1. 1. 1.],500,100,0.1,0.0015,1,23,best,34,best
407,0.2534059856936136,0.2534059856936136,0.0031654592599999996,[0.066561 0.       0.029707 0.       0.       0.044136 0.058248 0.049863 0.060877 0.       0.       0.02951  0.02293  0.038601 0.061893 0.070419 0.062938 0.030573 0.069482 0.019007 0.029193 0.       0.       0.0608   0.061969 0.015023 0.       0.001487 0.049158 0.043615 0.024011],[1. 0. 1. 0. 0. 1. 1. 1. 1. 0. 0. 1. 1. 1. 1. 1. 1. 1. 1. 1. 1. 0. 0. 1. 1. 1. 0. 1. 1. 1. 1.],500,100,0.1,0.0015,1,23,best,34,best
408,0.2534059856936136,0.2534059856936136,0.0031654592599999996,[0.066561 0.       0.029707 0.       0.       0.044136 0.058248 0.049863 0.060877 0.       0.       0.02951  0.02293  0.038601 0.061893 0.070419 0.062938 0.030573 0.069482 0.019007 0.029193 0.       0.       0.0608   0.061969 0.015023 0.       0.001487 0.049158 0.043615 0.024011],[1. 0. 1. 0. 0. 1. 1. 1. 1. 0. 0. 1. 1. 1. 1. 1. 1. 1. 1. 1. 1. 0. 0. 1. 1. 1. 0. 1. 1. 1. 1.],500,100,0.1,0.0015,1,23,best,34,best
409,0.2534059856936136,0.2534059856936136,0.0031654592599999996,[0.066561 0.       0.029707 0.       0.       0.044136 0.058248 0.049863 0.060877 0.       0.       0.02951  0.02293  0.038601 0.061893 0.070419 0.062938 0.030573 0.069482 0.019007 0.029193 0.       0.       0.0608   0.061969 0.015023 0.       0.001487 0.049158 0.043615 0.024011],[1. 0. 1. 0. 0. 1. 1. 1. 1. 0. 0. 1. 1. 1. 1. 1. 1. 1. 1. 1. 1. 0. 0. 1. 1. 1. 0. 1. 1. 1. 1.],500,100,0.1,0.0015,1,23,best,34,best
410,0.2534059856936136,0.2534059856936136,0.0031654592599999996,[0.066561 0.       0.029707 0.       0.       0.044136 0.058248 0.049863 0.060877 0.       0.       0.02951  0.02293  0.038601 0.061893 0.070419 0.062938 0.030573 0.069482 0.019007 0.029193 0.       0.       0.0608   0.061969 0.015023 0.       0.001487 0.049158 0.043615 0.024011],[1. 0. 1. 0. 0. 1. 1. 1. 1. 0. 0. 1. 1. 1. 1. 1. 1. 1. 1. 1. 1. 0. 0. 1. 1. 1. 0. 1. 1. 1. 1.],500,100,0.1,0.0015,1,23,best,34,best
411,0.2534059856936136,0.2534059856936136,0.0031654592599999996,[0.066561 0.       0.029707 0.       0.       0.044136 0.058248 0.049863 0.060877 0.       0.       0.02951  0.02293  0.038601 0.061893 0.070419 0.062938 0.030573 0.069482 0.019007 0.029193 0.       0.       0.0608   0.061969 0.015023 0.       0.001487 0.049158 0.043615 0.024011],[1. 0. 1. 0. 0. 1. 1. 1. 1. 0. 0. 1. 1. 1. 1. 1. 1. 1. 1. 1. 1. 0. 0. 1. 1. 1. 0. 1. 1. 1. 1.],500,100,0.1,0.0015,1,23,best,34,best
412,0.2534059856936136,0.2534059856936136,0.0031654592599999996,[0.066561 0.       0.029707 0.       0.       0.044136 0.058248 0.049863 0.060877 0.       0.       0.02951  0.02293  0.038601 0.061893 0.070419 0.062938 0.030573 0.069482 0.019007 0.029193 0.       0.       0.0608   0.061969 0.015023 0.       0.001487 0.049158 0.043615 0.024011],[1. 0. 1. 0. 0. 1. 1. 1. 1. 0. 0. 1. 1. 1. 1. 1. 1. 1. 1. 1. 1. 0. 0. 1. 1. 1. 0. 1. 1. 1. 1.],500,100,0.1,0.0015,1,23,best,34,best
413,0.2534059856936136,0.2534059856936136,0.0031654592599999996,[0.066561 0.       0.029707 0.       0.       0.044136 0.058248 0.049863 0.060877 0.       0.       0.02951  0.02293  0.038601 0.061893 0.070419 0.062938 0.030573 0.069482 0.019007 0.029193 0.       0.       0.0608   0.061969 0.015023 0.       0.001487 0.049158 0.043615 0.024011],[1. 0. 1. 0. 0. 1. 1. 1. 1. 0. 0. 1. 1. 1. 1. 1. 1. 1. 1. 1. 1. 0. 0. 1. 1. 1. 0. 1. 1. 1. 1.],500,100,0.1,0.0015,1,23,best,34,best
414,0.2534059856936136,0.2534059856936136,0.0031654592599999996,[0.066561 0.       0.029707 0.       0.       0.044136 0.058248 0.049863 0.060877 0.       0.       0.02951  0.02293  0.038601 0.061893 0.070419 0.062938 0.030573 0.069482 0.019007 0.029193 0.       0.       0.0608   0.061969 0.015023 0.       0.001487 0.049158 0.043615 0.024011],[1. 0. 1. 0. 0. 1. 1. 1. 1. 0. 0. 1. 1. 1. 1. 1. 1. 1. 1. 1. 1. 0. 0. 1. 1. 1. 0. 1. 1. 1. 1.],500,100,0.1,0.0015,1,23,best,34,best
415,0.2534059856936136,0.2534059856936136,0.0031654592599999996,[0.066561 0.       0.029707 0.       0.       0.044136 0.058248 0.049863 0.060877 0.       0.       0.02951  0.02293  0.038601 0.061893 0.070419 0.062938 0.030573 0.069482 0.019007 0.029193 0.       0.       0.0608   0.061969 0.015023 0.       0.001487 0.049158 0.043615 0.024011],[1. 0. 1. 0. 0. 1. 1. 1. 1. 0. 0. 1. 1. 1. 1. 1. 1. 1. 1. 1. 1. 0. 0. 1. 1. 1. 0. 1. 1. 1. 1.],500,100,0.1,0.0015,1,23,best,34,best
416,0.2534059856936136,0.2534059856936136,0.0031654592599999996,[0.066561 0.       0.029707 0.       0.       0.044136 0.058248 0.049863 0.060877 0.       0.       0.02951  0.02293  0.038601 0.061893 0.070419 0.062938 0.030573 0.069482 0.019007 0.029193 0.       0.       0.0608   0.061969 0.015023 0.       0.001487 0.049158 0.043615 0.024011],[1. 0. 1. 0. 0. 1. 1. 1. 1. 0. 0. 1. 1. 1. 1. 1. 1. 1. 1. 1. 1. 0. 0. 1. 1. 1. 0. 1. 1. 1. 1.],500,100,0.1,0.0015,1,23,best,34,best
417,0.2534059856936136,0.2534059856936136,0.0031654592599999996,[0.066561 0.       0.029707 0.       0.       0.044136 0.058248 0.049863 0.060877 0.       0.       0.02951  0.02293  0.038601 0.061893 0.070419 0.062938 0.030573 0.069482 0.019007 0.029193 0.       0.       0.0608   0.061969 0.015023 0.       0.001487 0.049158 0.043615 0.024011],[1. 0. 1. 0. 0. 1. 1. 1. 1. 0. 0. 1. 1. 1. 1. 1. 1. 1. 1. 1. 1. 0. 0. 1. 1. 1. 0. 1. 1. 1. 1.],500,100,0.1,0.0015,1,23,best,34,best
418,0.2534059856936136,0.2534059856936136,0.0031654592599999996,[0.066561 0.       0.029707 0.       0.       0.044136 0.058248 0.049863 0.060877 0.       0.       0.02951  0.02293  0.038601 0.061893 0.070419 0.062938 0.030573 0.069482 0.019007 0.029193 0.       0.       0.0608   0.061969 0.015023 0.       0.001487 0.049158 0.043615 0.024011],[1. 0. 1. 0. 0. 1. 1. 1. 1. 0. 0. 1. 1. 1. 1. 1. 1. 1. 1. 1. 1. 0. 0. 1. 1. 1. 0. 1. 1. 1. 1.],500,100,0.1,0.0015,1,23,best,34,best
419,0.2534059856936136,0.2534059856936136,0.0031654592599999996,[0.066561 0.       0.029707 0.       0.       0.044136 0.058248 0.049863 0.060877 0.       0.       0.02951  0.02293  0.038601 0.061893 0.070419 0.062938 0.030573 0.069482 0.019007 0.029193 0.       0.       0.0608   0.061969 0.015023 0.       0.001487 0.049158 0.043615 0.024011],[1. 0. 1. 0. 0. 1. 1. 1. 1. 0. 0. 1. 1. 1. 1. 1. 1. 1. 1. 1. 1. 0. 0. 1. 1. 1. 0. 1. 1. 1. 1.],500,100,0.1,0.0015,1,23,best,34,best
420,0.2534059856936136,0.2534059856936136,0.0031654592599999996,[0.066561 0.       0.029707 0.       0.       0.044136 0.058248 0.049863 0.060877 0.       0.       0.02951  0.02293  0.038601 0.061893 0.070419 0.062938 0.030573 0.069482 0.019007 0.029193 0.       0.       0.0608   0.061969 0.015023 0.       0.001487 0.049158 0.043615 0.024011],[1. 0. 1. 0. 0. 1. 1. 1. 1. 0. 0. 1. 1. 1. 1. 1. 1. 1. 1. 1. 1. 0. 0. 1. 1. 1. 0. 1. 1. 1. 1.],500,100,0.1,0.0015,1,23,best,34,best
421,0.2534059856936136,0.2534059856936136,0.0031654592599999996,[0.066561 0.       0.029707 0.       0.       0.044136 0.058248 0.049863 0.060877 0.       0.       0.02951  0.02293  0.038601 0.061893 0.070419 0.062938 0.030573 0.069482 0.019007 0.029193 0.       0.       0.0608   0.061969 0.015023 0.       0.001487 0.049158 0.043615 0.024011],[1. 0. 1. 0. 0. 1. 1. 1. 1. 0. 0. 1. 1. 1. 1. 1. 1. 1. 1. 1. 1. 0. 0. 1. 1. 1. 0. 1. 1. 1. 1.],500,100,0.1,0.0015,1,23,best,34,best
422,0.2534059856936136,0.2534059856936136,0.0031654592599999996,[0.066561 0.       0.029707 0.       0.       0.044136 0.058248 0.049863 0.060877 0.       0.       0.02951  0.02293  0.038601 0.061893 0.070419 0.062938 0.030573 0.069482 0.019007 0.029193 0.       0.       0.0608   0.061969 0.015023 0.       0.001487 0.049158 0.043615 0.024011],[1. 0. 1. 0. 0. 1. 1. 1. 1. 0. 0. 1. 1. 1. 1. 1. 1. 1. 1. 1. 1. 0. 0. 1. 1. 1. 0. 1. 1. 1. 1.],500,100,0.1,0.0015,1,23,best,34,best
423,0.2534059856936136,0.2534059856936136,0.0031654592599999996,[0.066561 0.       0.029707 0.       0.       0.044136 0.058248 0.049863 0.060877 0.       0.       0.02951  0.02293  0.038601 0.061893 0.070419 0.062938 0.030573 0.069482 0.019007 0.029193 0.       0.       0.0608   0.061969 0.015023 0.       0.001487 0.049158 0.043615 0.024011],[1. 0. 1. 0. 0. 1. 1. 1. 1. 0. 0. 1. 1. 1. 1. 1. 1. 1. 1. 1. 1. 0. 0. 1. 1. 1. 0. 1. 1. 1. 1.],500,100,0.1,0.0015,1,23,best,34,best
424,0.2534059856936136,0.2534059856936136,0.0031654592599999996,[0.066561 0.       0.029707 0.       0.       0.044136 0.058248 0.049863 0.060877 0.       0.       0.02951  0.02293  0.038601 0.061893 0.070419 0.062938 0.030573 0.069482 0.019007 0.029193 0.       0.       0.0608   0.061969 0.015023 0.       0.001487 0.049158 0.043615 0.024011],[1. 0. 1. 0. 0. 1. 1. 1. 1. 0. 0. 1. 1. 1. 1. 1. 1. 1. 1. 1. 1. 0. 0. 1. 1. 1. 0. 1. 1. 1. 1.],500,100,0.1,0.0015,1,23,best,34,best
425,0.2534059856936136,0.2534059856936136,0.0031654592599999996,[0.066561 0.       0.029707 0.       0.       0.044136 0.058248 0.049863 0.060877 0.       0.       0.02951  0.02293  0.038601 0.061893 0.070419 0.062938 0.030573 0.069482 0.019007 0.029193 0.       0.       0.0608   0.061969 0.015023 0.       0.001487 0.049158 0.043615 0.024011],[1. 0. 1. 0. 0. 1. 1. 1. 1. 0. 0. 1. 1. 1. 1. 1. 1. 1. 1. 1. 1. 0. 0. 1. 1. 1. 0. 1. 1. 1. 1.],500,100,0.1,0.0015,1,23,best,34,best
426,0.2534059856936136,0.2534059856936136,0.0031654592599999996,[0.066561 0.       0.029707 0.       0.       0.044136 0.058248 0.049863 0.060877 0.       0.       0.02951  0.02293  0.038601 0.061893 0.070419 0.062938 0.030573 0.069482 0.019007 0.029193 0.       0.       0.0608   0.061969 0.015023 0.       0.001487 0.049158 0.043615 0.024011],[1. 0. 1. 0. 0. 1. 1. 1. 1. 0. 0. 1. 1. 1. 1. 1. 1. 1. 1. 1. 1. 0. 0. 1. 1. 1. 0. 1. 1. 1. 1.],500,100,0.1,0.0015,1,23,best,34,best
427,0.2534059856936136,0.2534059856936136,0.0031654592599999996,[0.066561 0.       0.029707 0.       0.       0.044136 0.058248 0.049863 0.060877 0.       0.       0.02951  0.02293  0.038601 0.061893 0.070419 0.062938 0.030573 0.069482 0.019007 0.029193 0.       0.       0.0608   0.061969 0.015023 0.       0.001487 0.049158 0.043615 0.024011],[1. 0. 1. 0. 0. 1. 1. 1. 1. 0. 0. 1. 1. 1. 1. 1. 1. 1. 1. 1. 1. 0. 0. 1. 1. 1. 0. 1. 1. 1. 1.],500,100,0.1,0.0015,1,23,best,34,best
428,0.2534059856936136,0.2534059856936136,0.0031654592599999996,[0.066561 0.       0.029707 0.       0.       0.044136 0.058248 0.049863 0.060877 0.       0.       0.02951  0.02293  0.038601 0.061893 0.070419 0.062938 0.030573 0.069482 0.019007 0.029193 0.       0.       0.0608   0.061969 0.015023 0.       0.001487 0.049158 0.043615 0.024011],[1. 0. 1. 0. 0. 1. 1. 1. 1. 0. 0. 1. 1. 1. 1. 1. 1. 1. 1. 1. 1. 0. 0. 1. 1. 1. 0. 1. 1. 1. 1.],500,100,0.1,0.0015,1,23,best,34,best
429,0.2534059856936136,0.2534059856936136,0.0031654592599999996,[0.066561 0.       0.029707 0.       0.       0.044136 0.058248 0.049863 0.060877 0.       0.       0.02951  0.02293  0.038601 0.061893 0.070419 0.062938 0.030573 0.069482 0.019007 0.029193 0.       0.       0.0608   0.061969 0.015023 0.       0.001487 0.049158 0.043615 0.024011],[1. 0. 1. 0. 0. 1. 1. 1. 1. 0. 0. 1. 1. 1. 1. 1. 1. 1. 1. 1. 1. 0. 0. 1. 1. 1. 0. 1. 1. 1. 1.],500,100,0.1,0.0015,1,23,best,34,best
430,0.2534059856936136,0.2534059856936136,0.0031654592599999996,[0.066561 0.       0.029707 0.       0.       0.044136 0.058248 0.049863 0.060877 0.       0.       0.02951  0.02293  0.038601 0.061893 0.070419 0.062938 0.030573 0.069482 0.019007 0.029193 0.       0.       0.0608   0.061969 0.015023 0.       0.001487 0.049158 0.043615 0.024011],[1. 0. 1. 0. 0. 1. 1. 1. 1. 0. 0. 1. 1. 1. 1. 1. 1. 1. 1. 1. 1. 0. 0. 1. 1. 1. 0. 1. 1. 1. 1.],500,100,0.1,0.0015,1,23,best,34,best
431,0.2534059856936136,0.2534059856936136,0.0031654592599999996,[0.066561 0.       0.029707 0.       0.       0.044136 0.058248 0.049863 0.060877 0.       0.       0.02951  0.02293  0.038601 0.061893 0.070419 0.062938 0.030573 0.069482 0.019007 0.029193 0.       0.       0.0608   0.061969 0.015023 0.       0.001487 0.049158 0.043615 0.024011],[1. 0. 1. 0. 0. 1. 1. 1. 1. 0. 0. 1. 1. 1. 1. 1. 1. 1. 1. 1. 1. 0. 0. 1. 1. 1. 0. 1. 1. 1. 1.],500,100,0.1,0.0015,1,23,best,34,best
432,0.2534059856936136,0.2534059856936136,0.0031654592599999996,[0.066561 0.       0.029707 0.       0.       0.044136 0.058248 0.049863 0.060877 0.       0.       0.02951  0.02293  0.038601 0.061893 0.070419 0.062938 0.030573 0.069482 0.019007 0.029193 0.       0.       0.0608   0.061969 0.015023 0.       0.001487 0.049158 0.043615 0.024011],[1. 0. 1. 0. 0. 1. 1. 1. 1. 0. 0. 1. 1. 1. 1. 1. 1. 1. 1. 1. 1. 0. 0. 1. 1. 1. 0. 1. 1. 1. 1.],500,100,0.1,0.0015,1,23,best,34,best
433,0.2534059856936136,0.2534059856936136,0.0031654592599999996,[0.066561 0.       0.029707 0.       0.       0.044136 0.058248 0.049863 0.060877 0.       0.       0.02951  0.02293  0.038601 0.061893 0.070419 0.062938 0.030573 0.069482 0.019007 0.029193 0.       0.       0.0608   0.061969 0.015023 0.       0.001487 0.049158 0.043615 0.024011],[1. 0. 1. 0. 0. 1. 1. 1. 1. 0. 0. 1. 1. 1. 1. 1. 1. 1. 1. 1. 1. 0. 0. 1. 1. 1. 0. 1. 1. 1. 1.],500,100,0.1,0.0015,1,23,best,34,best
434,0.2534059856936136,0.2534059856936136,0.0031654592599999996,[0.066561 0.       0.029707 0.       0.       0.044136 0.058248 0.049863 0.060877 0.       0.       0.02951  0.02293  0.038601 0.061893 0.070419 0.062938 0.030573 0.069482 0.019007 0.029193 0.       0.       0.0608   0.061969 0.015023 0.       0.001487 0.049158 0.043615 0.024011],[1. 0. 1. 0. 0. 1. 1. 1. 1. 0. 0. 1. 1. 1. 1. 1. 1. 1. 1. 1. 1. 0. 0. 1. 1. 1. 0. 1. 1. 1. 1.],500,100,0.1,0.0015,1,23,best,34,best
435,0.2534059856936136,0.2534059856936136,0.0031654592599999996,[0.066561 0.       0.029707 0.       0.       0.044136 0.058248 0.049863 0.060877 0.       0.       0.02951  0.02293  0.038601 0.061893 0.070419 0.062938 0.030573 0.069482 0.019007 0.029193 0.       0.       0.0608   0.061969 0.015023 0.       0.001487 0.049158 0.043615 0.024011],[1. 0. 1. 0. 0. 1. 1. 1. 1. 0. 0. 1. 1. 1. 1. 1. 1. 1. 1. 1. 1. 0. 0. 1. 1. 1. 0. 1. 1. 1. 1.],500,100,0.1,0.0015,1,23,best,34,best
436,0.2534059856936136,0.2534059856936136,0.0031654592599999996,[0.066561 0.       0.029707 0.       0.       0.044136 0.058248 0.049863 0.060877 0.       0.       0.02951  0.02293  0.038601 0.061893 0.070419 0.062938 0.030573 0.069482 0.019007 0.029193 0.       0.       0.0608   0.061969 0.015023 0.       0.001487 0.049158 0.043615 0.024011],[1. 0. 1. 0. 0. 1. 1. 1. 1. 0. 0. 1. 1. 1. 1. 1. 1. 1. 1. 1. 1. 0. 0. 1. 1. 1. 0. 1. 1. 1. 1.],500,100,0.1,0.0015,1,23,best,34,best
437,0.2534059856936136,0.2534059856936136,0.0031654592599999996,[0.066561 0.       0.029707 0.       0.       0.044136 0.058248 0.049863 0.060877 0.       0.       0.02951  0.02293  0.038601 0.061893 0.070419 0.062938 0.030573 0.069482 0.019007 0.029193 0.       0.       0.0608   0.061969 0.015023 0.       0.001487 0.049158 0.043615 0.024011],[1. 0. 1. 0. 0. 1. 1. 1. 1. 0. 0. 1. 1. 1. 1. 1. 1. 1. 1. 1. 1. 0. 0. 1. 1. 1. 0. 1. 1. 1. 1.],500,100,0.1,0.0015,1,23,best,34,best
438,0.2534059856936136,0.2534059856936136,0.0031654592599999996,[0.066561 0.       0.029707 0.       0.       0.044136 0.058248 0.049863 0.060877 0.       0.       0.02951  0.02293  0.038601 0.061893 0.070419 0.062938 0.030573 0.069482 0.019007 0.029193 0.       0.       0.0608   0.061969 0.015023 0.       0.001487 0.049158 0.043615 0.024011],[1. 0. 1. 0. 0. 1. 1. 1. 1. 0. 0. 1. 1. 1. 1. 1. 1. 1. 1. 1. 1. 0. 0. 1. 1. 1. 0. 1. 1. 1. 1.],500,100,0.1,0.0015,1,23,best,34,best
439,0.2534059856936136,0.2534059856936136,0.0031654592599999996,[0.066561 0.       0.029707 0.       0.       0.044136 0.058248 0.049863 0.060877 0.       0.       0.02951  0.02293  0.038601 0.061893 0.070419 0.062938 0.030573 0.069482 0.019007 0.029193 0.       0.       0.0608   0.061969 0.015023 0.       0.001487 0.049158 0.043615 0.024011],[1. 0. 1. 0. 0. 1. 1. 1. 1. 0. 0. 1. 1. 1. 1. 1. 1. 1. 1. 1. 1. 0. 0. 1. 1. 1. 0. 1. 1. 1. 1.],500,100,0.1,0.0015,1,23,best,34,best
440,0.2534059856936136,0.2534059856936136,0.0031654592599999996,[0.066561 0.       0.029707 0.       0.       0.044136 0.058248 0.049863 0.060877 0.       0.       0.02951  0.02293  0.038601 0.061893 0.070419 0.062938 0.030573 0.069482 0.019007 0.029193 0.       0.       0.0608   0.061969 0.015023 0.       0.001487 0.049158 0.043615 0.024011],[1. 0. 1. 0. 0. 1. 1. 1. 1. 0. 0. 1. 1. 1. 1. 1. 1. 1. 1. 1. 1. 0. 0. 1. 1. 1. 0. 1. 1. 1. 1.],500,100,0.1,0.0015,1,23,best,34,best
441,0.2534059856936136,0.2534059856936136,0.0031654592599999996,[0.066561 0.       0.029707 0.       0.       0.044136 0.058248 0.049863 0.060877 0.       0.       0.02951  0.02293  0.038601 0.061893 0.070419 0.062938 0.030573 0.069482 0.019007 0.029193 0.       0.       0.0608   0.061969 0.015023 0.       0.001487 0.049158 0.043615 0.024011],[1. 0. 1. 0. 0. 1. 1. 1. 1. 0. 0. 1. 1. 1. 1. 1. 1. 1. 1. 1. 1. 0. 0. 1. 1. 1. 0. 1. 1. 1. 1.],500,100,0.1,0.0015,1,23,best,34,best
442,0.2534059856936136,0.2534059856936136,0.0031654592599999996,[0.066561 0.       0.029707 0.       0.       0.044136 0.058248 0.049863 0.060877 0.       0.       0.02951  0.02293  0.038601 0.061893 0.070419 0.062938 0.030573 0.069482 0.019007 0.029193 0.       0.       0.0608   0.061969 0.015023 0.       0.001487 0.049158 0.043615 0.024011],[1. 0. 1. 0. 0. 1. 1. 1. 1. 0. 0. 1. 1. 1. 1. 1. 1. 1. 1. 1. 1. 0. 0. 1. 1. 1. 0. 1. 1. 1. 1.],500,100,0.1,0.0015,1,23,best,34,best
443,0.2534059856936136,0.2534059856936136,0.0031654592599999996,[0.066561 0.       0.029707 0.       0.       0.044136 0.058248 0.049863 0.060877 0.       0.       0.02951  0.02293  0.038601 0.061893 0.070419 0.062938 0.030573 0.069482 0.019007 0.029193 0.       0.       0.0608   0.061969 0.015023 0.       0.001487 0.049158 0.043615 0.024011],[1. 0. 1. 0. 0. 1. 1. 1. 1. 0. 0. 1. 1. 1. 1. 1. 1. 1. 1. 1. 1. 0. 0. 1. 1. 1. 0. 1. 1. 1. 1.],500,100,0.1,0.0015,1,23,best,34,best
444,0.2534059856936136,0.2534059856936136,0.0031654592599999996,[0.066561 0.       0.029707 0.       0.       0.044136 0.058248 0.049863 0.060877 0.       0.       0.02951  0.02293  0.038601 0.061893 0.070419 0.062938 0.030573 0.069482 0.019007 0.029193 0.       0.       0.0608   0.061969 0.015023 0.       0.001487 0.049158 0.043615 0.024011],[1. 0. 1. 0. 0. 1. 1. 1. 1. 0. 0. 1. 1. 1. 1. 1. 1. 1. 1. 1. 1. 0. 0. 1. 1. 1. 0. 1. 1. 1. 1.],500,100,0.1,0.0015,1,23,best,34,best
445,0.2534059856936136,0.2534059856936136,0.0031654592599999996,[0.066561 0.       0.029707 0.       0.       0.044136 0.058248 0.049863 0.060877 0.       0.       0.02951  0.02293  0.038601 0.061893 0.070419 0.062938 0.030573 0.069482 0.019007 0.029193 0.       0.       0.0608   0.061969 0.015023 0.       0.001487 0.049158 0.043615 0.024011],[1. 0. 1. 0. 0. 1. 1. 1. 1. 0. 0. 1. 1. 1. 1. 1. 1. 1. 1. 1. 1. 0. 0. 1. 1. 1. 0. 1. 1. 1. 1.],500,100,0.1,0.0015,1,23,best,34,best
446,0.2534059856936136,0.2534059856936136,0.0031654592599999996,[0.066561 0.       0.029707 0.       0.       0.044136 0.058248 0.049863 0.060877 0.       0.       0.02951  0.02293  0.038601 0.061893 0.070419 0.062938 0.030573 0.069482 0.019007 0.029193 0.       0.       0.0608   0.061969 0.015023 0.       0.001487 0.049158 0.043615 0.024011],[1. 0. 1. 0. 0. 1. 1. 1. 1. 0. 0. 1. 1. 1. 1. 1. 1. 1. 1. 1. 1. 0. 0. 1. 1. 1. 0. 1. 1. 1. 1.],500,100,0.1,0.0015,1,23,best,34,best
447,0.2534059856936136,0.2534059856936136,0.0031654592599999996,[0.066561 0.       0.029707 0.       0.       0.044136 0.058248 0.049863 0.060877 0.       0.       0.02951  0.02293  0.038601 0.061893 0.070419 0.062938 0.030573 0.069482 0.019007 0.029193 0.       0.       0.0608   0.061969 0.015023 0.       0.001487 0.049158 0.043615 0.024011],[1. 0. 1. 0. 0. 1. 1. 1. 1. 0. 0. 1. 1. 1. 1. 1. 1. 1. 1. 1. 1. 0. 0. 1. 1. 1. 0. 1. 1. 1. 1.],500,100,0.1,0.0015,1,23,best,34,best
448,0.2534059856936136,0.2534059856936136,0.0031654592599999996,[0.066561 0.       0.029707 0.       0.       0.044136 0.058248 0.049863 0.060877 0.       0.       0.02951  0.02293  0.038601 0.061893 0.070419 0.062938 0.030573 0.069482 0.019007 0.029193 0.       0.       0.0608   0.061969 0.015023 0.       0.001487 0.049158 0.043615 0.024011],[1. 0. 1. 0. 0. 1. 1. 1. 1. 0. 0. 1. 1. 1. 1. 1. 1. 1. 1. 1. 1. 0. 0. 1. 1. 1. 0. 1. 1. 1. 1.],500,100,0.1,0.0015,1,23,best,34,best
449,0.2534059856936136,0.2534059856936136,0.0031654592599999996,[0.066561 0.       0.029707 0.       0.       0.044136 0.058248 0.049863 0.060877 0.       0.       0.02951  0.02293  0.038601 0.061893 0.070419 0.062938 0.030573 0.069482 0.019007 0.029193 0.       0.       0.0608   0.061969 0.015023 0.       0.001487 0.049158 0.043615 0.024011],[1. 0. 1. 0. 0. 1. 1. 1. 1. 0. 0. 1. 1. 1. 1. 1. 1. 1. 1. 1. 1. 0. 0. 1. 1. 1. 0. 1. 1. 1. 1.],500,100,0.1,0.0015,1,23,best,34,best
450,0.2534059856936136,0.2534059856936136,0.0031654592599999996,[0.066561 0.       0.029707 0.       0.       0.044136 0.058248 0.049863 0.060877 0.       0.       0.02951  0.02293  0.038601 0.061893 0.070419 0.062938 0.030573 0.069482 0.019007 0.029193 0.       0.       0.0608   0.061969 0.015023 0.       0.001487 0.049158 0.043615 0.024011],[1. 0. 1. 0. 0. 1. 1. 1. 1. 0. 0. 1. 1. 1. 1. 1. 1. 1. 1. 1. 1. 0. 0. 1. 1. 1. 0. 1. 1. 1. 1.],500,100,0.1,0.0015,1,23,best,34,best
451,0.2534059856936136,0.2534059856936136,0.0031654592599999996,[0.066561 0.       0.029707 0.       0.       0.044136 0.058248 0.049863 0.060877 0.       0.       0.02951  0.02293  0.038601 0.061893 0.070419 0.062938 0.030573 0.069482 0.019007 0.029193 0.       0.       0.0608   0.061969 0.015023 0.       0.001487 0.049158 0.043615 0.024011],[1. 0. 1. 0. 0. 1. 1. 1. 1. 0. 0. 1. 1. 1. 1. 1. 1. 1. 1. 1. 1. 0. 0. 1. 1. 1. 0. 1. 1. 1. 1.],500,100,0.1,0.0015,1,23,best,34,best
452,0.2534059856936136,0.2534059856936136,0.0031654592599999996,[0.066561 0.       0.029707 0.       0.       0.044136 0.058248 0.049863 0.060877 0.       0.       0.02951  0.02293  0.038601 0.061893 0.070419 0.062938 0.030573 0.069482 0.019007 0.029193 0.       0.       0.0608   0.061969 0.015023 0.       0.001487 0.049158 0.043615 0.024011],[1. 0. 1. 0. 0. 1. 1. 1. 1. 0. 0. 1. 1. 1. 1. 1. 1. 1. 1. 1. 1. 0. 0. 1. 1. 1. 0. 1. 1. 1. 1.],500,100,0.1,0.0015,1,23,best,34,best
453,0.2534059856936136,0.2534059856936136,0.0031654592599999996,[0.066561 0.       0.029707 0.       0.       0.044136 0.058248 0.049863 0.060877 0.       0.       0.02951  0.02293  0.038601 0.061893 0.070419 0.062938 0.030573 0.069482 0.019007 0.029193 0.       0.       0.0608   0.061969 0.015023 0.       0.001487 0.049158 0.043615 0.024011],[1. 0. 1. 0. 0. 1. 1. 1. 1. 0. 0. 1. 1. 1. 1. 1. 1. 1. 1. 1. 1. 0. 0. 1. 1. 1. 0. 1. 1. 1. 1.],500,100,0.1,0.0015,1,23,best,34,best
454,0.2534059856936136,0.2534059856936136,0.0031654592599999996,[0.066561 0.       0.029707 0.       0.       0.044136 0.058248 0.049863 0.060877 0.       0.       0.02951  0.02293  0.038601 0.061893 0.070419 0.062938 0.030573 0.069482 0.019007 0.029193 0.       0.       0.0608   0.061969 0.015023 0.       0.001487 0.049158 0.043615 0.024011],[1. 0. 1. 0. 0. 1. 1. 1. 1. 0. 0. 1. 1. 1. 1. 1. 1. 1. 1. 1. 1. 0. 0. 1. 1. 1. 0. 1. 1. 1. 1.],500,100,0.1,0.0015,1,23,best,34,best
455,0.2534059856936136,0.2534059856936136,0.0031654592599999996,[0.066561 0.       0.029707 0.       0.       0.044136 0.058248 0.049863 0.060877 0.       0.       0.02951  0.02293  0.038601 0.061893 0.070419 0.062938 0.030573 0.069482 0.019007 0.029193 0.       0.       0.0608   0.061969 0.015023 0.       0.001487 0.049158 0.043615 0.024011],[1. 0. 1. 0. 0. 1. 1. 1. 1. 0. 0. 1. 1. 1. 1. 1. 1. 1. 1. 1. 1. 0. 0. 1. 1. 1. 0. 1. 1. 1. 1.],500,100,0.1,0.0015,1,23,best,34,best
456,0.2534059856936136,0.2534059856936136,0.0031654592599999996,[0.066561 0.       0.029707 0.       0.       0.044136 0.058248 0.049863 0.060877 0.       0.       0.02951  0.02293  0.038601 0.061893 0.070419 0.062938 0.030573 0.069482 0.019007 0.029193 0.       0.       0.0608   0.061969 0.015023 0.       0.001487 0.049158 0.043615 0.024011],[1. 0. 1. 0. 0. 1. 1. 1. 1. 0. 0. 1. 1. 1. 1. 1. 1. 1. 1. 1. 1. 0. 0. 1. 1. 1. 0. 1. 1. 1. 1.],500,100,0.1,0.0015,1,23,best,34,best
457,0.2534059856936136,0.2534059856936136,0.0031654592599999996,[0.066561 0.       0.029707 0.       0.       0.044136 0.058248 0.049863 0.060877 0.       0.       0.02951  0.02293  0.038601 0.061893 0.070419 0.062938 0.030573 0.069482 0.019007 0.029193 0.       0.       0.0608   0.061969 0.015023 0.       0.001487 0.049158 0.043615 0.024011],[1. 0. 1. 0. 0. 1. 1. 1. 1. 0. 0. 1. 1. 1. 1. 1. 1. 1. 1. 1. 1. 0. 0. 1. 1. 1. 0. 1. 1. 1. 1.],500,100,0.1,0.0015,1,23,best,34,best
458,0.2534059856936136,0.2534059856936136,0.0031654592599999996,[0.066561 0.       0.029707 0.       0.       0.044136 0.058248 0.049863 0.060877 0.       0.       0.02951  0.02293  0.038601 0.061893 0.070419 0.062938 0.030573 0.069482 0.019007 0.029193 0.       0.       0.0608   0.061969 0.015023 0.       0.001487 0.049158 0.043615 0.024011],[1. 0. 1. 0. 0. 1. 1. 1. 1. 0. 0. 1. 1. 1. 1. 1. 1. 1. 1. 1. 1. 0. 0. 1. 1. 1. 0. 1. 1. 1. 1.],500,100,0.1,0.0015,1,23,best,34,best
459,0.2534059856936136,0.2534059856936136,0.0031654592599999996,[0.066561 0.       0.029707 0.       0.       0.044136 0.058248 0.049863 0.060877 0.       0.       0.02951  0.02293  0.038601 0.061893 0.070419 0.062938 0.030573 0.069482 0.019007 0.029193 0.       0.       0.0608   0.061969 0.015023 0.       0.001487 0.049158 0.043615 0.024011],[1. 0. 1. 0. 0. 1. 1. 1. 1. 0. 0. 1. 1. 1. 1. 1. 1. 1. 1. 1. 1. 0. 0. 1. 1. 1. 0. 1. 1. 1. 1.],500,100,0.1,0.0015,1,23,best,34,best
460,0.2534059856936136,0.2534059856936136,0.0031654592599999996,[0.066561 0.       0.029707 0.       0.       0.044136 0.058248 0.049863 0.060877 0.       0.       0.02951  0.02293  0.038601 0.061893 0.070419 0.062938 0.030573 0.069482 0.019007 0.029193 0.       0.       0.0608   0.061969 0.015023 0.       0.001487 0.049158 0.043615 0.024011],[1. 0. 1. 0. 0. 1. 1. 1. 1. 0. 0. 1. 1. 1. 1. 1. 1. 1. 1. 1. 1. 0. 0. 1. 1. 1. 0. 1. 1. 1. 1.],500,100,0.1,0.0015,1,23,best,34,best
461,0.2534059856936136,0.2534059856936136,0.0031654592599999996,[0.066561 0.       0.029707 0.       0.       0.044136 0.058248 0.049863 0.060877 0.       0.       0.02951  0.02293  0.038601 0.061893 0.070419 0.062938 0.030573 0.069482 0.019007 0.029193 0.       0.       0.0608   0.061969 0.015023 0.       0.001487 0.049158 0.043615 0.024011],[1. 0. 1. 0. 0. 1. 1. 1. 1. 0. 0. 1. 1. 1. 1. 1. 1. 1. 1. 1. 1. 0. 0. 1. 1. 1. 0. 1. 1. 1. 1.],500,100,0.1,0.0015,1,23,best,34,best
462,0.2534059856936136,0.2534059856936136,0.0031654592599999996,[0.066561 0.       0.029707 0.       0.       0.044136 0.058248 0.049863 0.060877 0.       0.       0.02951  0.02293  0.038601 0.061893 0.070419 0.062938 0.030573 0.069482 0.019007 0.029193 0.       0.       0.0608   0.061969 0.015023 0.       0.001487 0.049158 0.043615 0.024011],[1. 0. 1. 0. 0. 1. 1. 1. 1. 0. 0. 1. 1. 1. 1. 1. 1. 1. 1. 1. 1. 0. 0. 1. 1. 1. 0. 1. 1. 1. 1.],500,100,0.1,0.0015,1,23,best,34,best
463,0.2534059856936136,0.2534059856936136,0.0031654592599999996,[0.066561 0.       0.029707 0.       0.       0.044136 0.058248 0.049863 0.060877 0.       0.       0.02951  0.02293  0.038601 0.061893 0.070419 0.062938 0.030573 0.069482 0.019007 0.029193 0.       0.       0.0608   0.061969 0.015023 0.       0.001487 0.049158 0.043615 0.024011],[1. 0. 1. 0. 0. 1. 1. 1. 1. 0. 0. 1. 1. 1. 1. 1. 1. 1. 1. 1. 1. 0. 0. 1. 1. 1. 0. 1. 1. 1. 1.],500,100,0.1,0.0015,1,23,best,34,best
464,0.2534059856936136,0.2534059856936136,0.0031654592599999996,[0.066561 0.       0.029707 0.       0.       0.044136 0.058248 0.049863 0.060877 0.       0.       0.02951  0.02293  0.038601 0.061893 0.070419 0.062938 0.030573 0.069482 0.019007 0.029193 0.       0.       0.0608   0.061969 0.015023 0.       0.001487 0.049158 0.043615 0.024011],[1. 0. 1. 0. 0. 1. 1. 1. 1. 0. 0. 1. 1. 1. 1. 1. 1. 1. 1. 1. 1. 0. 0. 1. 1. 1. 0. 1. 1. 1. 1.],500,100,0.1,0.0015,1,23,best,34,best
465,0.2534059856936136,0.2534059856936136,0.0031654592599999996,[0.066561 0.       0.029707 0.       0.       0.044136 0.058248 0.049863 0.060877 0.       0.       0.02951  0.02293  0.038601 0.061893 0.070419 0.062938 0.030573 0.069482 0.019007 0.029193 0.       0.       0.0608   0.061969 0.015023 0.       0.001487 0.049158 0.043615 0.024011],[1. 0. 1. 0. 0. 1. 1. 1. 1. 0. 0. 1. 1. 1. 1. 1. 1. 1. 1. 1. 1. 0. 0. 1. 1. 1. 0. 1. 1. 1. 1.],500,100,0.1,0.0015,1,23,best,34,best
466,0.2534059856936136,0.2534059856936136,0.0031654592599999996,[0.066561 0.       0.029707 0.       0.       0.044136 0.058248 0.049863 0.060877 0.       0.       0.02951  0.02293  0.038601 0.061893 0.070419 0.062938 0.030573 0.069482 0.019007 0.029193 0.       0.       0.0608   0.061969 0.015023 0.       0.001487 0.049158 0.043615 0.024011],[1. 0. 1. 0. 0. 1. 1. 1. 1. 0. 0. 1. 1. 1. 1. 1. 1. 1. 1. 1. 1. 0. 0. 1. 1. 1. 0. 1. 1. 1. 1.],500,100,0.1,0.0015,1,23,best,34,best
467,0.2534059856936136,0.2534059856936136,0.0031654592599999996,[0.066561 0.       0.029707 0.       0.       0.044136 0.058248 0.049863 0.060877 0.       0.       0.02951  0.02293  0.038601 0.061893 0.070419 0.062938 0.030573 0.069482 0.019007 0.029193 0.       0.       0.0608   0.061969 0.015023 0.       0.001487 0.049158 0.043615 0.024011],[1. 0. 1. 0. 0. 1. 1. 1. 1. 0. 0. 1. 1. 1. 1. 1. 1. 1. 1. 1. 1. 0. 0. 1. 1. 1. 0. 1. 1. 1. 1.],500,100,0.1,0.0015,1,23,best,34,best
468,0.2534059856936136,0.2534059856936136,0.0031654592599999996,[0.066561 0.       0.029707 0.       0.       0.044136 0.058248 0.049863 0.060877 0.       0.       0.02951  0.02293  0.038601 0.061893 0.070419 0.062938 0.030573 0.069482 0.019007 0.029193 0.       0.       0.0608   0.061969 0.015023 0.       0.001487 0.049158 0.043615 0.024011],[1. 0. 1. 0. 0. 1. 1. 1. 1. 0. 0. 1. 1. 1. 1. 1. 1. 1. 1. 1. 1. 0. 0. 1. 1. 1. 0. 1. 1. 1. 1.],500,100,0.1,0.0015,1,23,best,34,best
469,0.2534059856936136,0.2534059856936136,0.0031654592599999996,[0.066561 0.       0.029707 0.       0.       0.044136 0.058248 0.049863 0.060877 0.       0.       0.02951  0.02293  0.038601 0.061893 0.070419 0.062938 0.030573 0.069482 0.019007 0.029193 0.       0.       0.0608   0.061969 0.015023 0.       0.001487 0.049158 0.043615 0.024011],[1. 0. 1. 0. 0. 1. 1. 1. 1. 0. 0. 1. 1. 1. 1. 1. 1. 1. 1. 1. 1. 0. 0. 1. 1. 1. 0. 1. 1. 1. 1.],500,100,0.1,0.0015,1,23,best,34,best
470,0.2534059856936136,0.2534059856936136,0.0031654592599999996,[0.066561 0.       0.029707 0.       0.       0.044136 0.058248 0.049863 0.060877 0.       0.       0.02951  0.02293  0.038601 0.061893 0.070419 0.062938 0.030573 0.069482 0.019007 0.029193 0.       0.       0.0608   0.061969 0.015023 0.       0.001487 0.049158 0.043615 0.024011],[1. 0. 1. 0. 0. 1. 1. 1. 1. 0. 0. 1. 1. 1. 1. 1. 1. 1. 1. 1. 1. 0. 0. 1. 1. 1. 0. 1. 1. 1. 1.],500,100,0.1,0.0015,1,23,best,34,best
471,0.2534059856936136,0.2534059856936136,0.0031654592599999996,[0.066561 0.       0.029707 0.       0.       0.044136 0.058248 0.049863 0.060877 0.       0.       0.02951  0.02293  0.038601 0.061893 0.070419 0.062938 0.030573 0.069482 0.019007 0.029193 0.       0.       0.0608   0.061969 0.015023 0.       0.001487 0.049158 0.043615 0.024011],[1. 0. 1. 0. 0. 1. 1. 1. 1. 0. 0. 1. 1. 1. 1. 1. 1. 1. 1. 1. 1. 0. 0. 1. 1. 1. 0. 1. 1. 1. 1.],500,100,0.1,0.0015,1,23,best,34,best
472,0.2534059856936136,0.2534059856936136,0.0031654592599999996,[0.066561 0.       0.029707 0.       0.       0.044136 0.058248 0.049863 0.060877 0.       0.       0.02951  0.02293  0.038601 0.061893 0.070419 0.062938 0.030573 0.069482 0.019007 0.029193 0.       0.       0.0608   0.061969 0.015023 0.       0.001487 0.049158 0.043615 0.024011],[1. 0. 1. 0. 0. 1. 1. 1. 1. 0. 0. 1. 1. 1. 1. 1. 1. 1. 1. 1. 1. 0. 0. 1. 1. 1. 0. 1. 1. 1. 1.],500,100,0.1,0.0015,1,23,best,34,best
473,0.2534059856936136,0.2534059856936136,0.0031654592599999996,[0.066561 0.       0.029707 0.       0.       0.044136 0.058248 0.049863 0.060877 0.       0.       0.02951  0.02293  0.038601 0.061893 0.070419 0.062938 0.030573 0.069482 0.019007 0.029193 0.       0.       0.0608   0.061969 0.015023 0.       0.001487 0.049158 0.043615 0.024011],[1. 0. 1. 0. 0. 1. 1. 1. 1. 0. 0. 1. 1. 1. 1. 1. 1. 1. 1. 1. 1. 0. 0. 1. 1. 1. 0. 1. 1. 1. 1.],500,100,0.1,0.0015,1,23,best,34,best
474,0.2534059856936136,0.2534059856936136,0.0031654592599999996,[0.066561 0.       0.029707 0.       0.       0.044136 0.058248 0.049863 0.060877 0.       0.       0.02951  0.02293  0.038601 0.061893 0.070419 0.062938 0.030573 0.069482 0.019007 0.029193 0.       0.       0.0608   0.061969 0.015023 0.       0.001487 0.049158 0.043615 0.024011],[1. 0. 1. 0. 0. 1. 1. 1. 1. 0. 0. 1. 1. 1. 1. 1. 1. 1. 1. 1. 1. 0. 0. 1. 1. 1. 0. 1. 1. 1. 1.],500,100,0.1,0.0015,1,23,best,34,best
475,0.2534059856936136,0.2534059856936136,0.0031654592599999996,[0.066561 0.       0.029707 0.       0.       0.044136 0.058248 0.049863 0.060877 0.       0.       0.02951  0.02293  0.038601 0.061893 0.070419 0.062938 0.030573 0.069482 0.019007 0.029193 0.       0.       0.0608   0.061969 0.015023 0.       0.001487 0.049158 0.043615 0.024011],[1. 0. 1. 0. 0. 1. 1. 1. 1. 0. 0. 1. 1. 1. 1. 1. 1. 1. 1. 1. 1. 0. 0. 1. 1. 1. 0. 1. 1. 1. 1.],500,100,0.1,0.0015,1,23,best,34,best
476,0.2534059856936136,0.2534059856936136,0.0031654592599999996,[0.066561 0.       0.029707 0.       0.       0.044136 0.058248 0.049863 0.060877 0.       0.       0.02951  0.02293  0.038601 0.061893 0.070419 0.062938 0.030573 0.069482 0.019007 0.029193 0.       0.       0.0608   0.061969 0.015023 0.       0.001487 0.049158 0.043615 0.024011],[1. 0. 1. 0. 0. 1. 1. 1. 1. 0. 0. 1. 1. 1. 1. 1. 1. 1. 1. 1. 1. 0. 0. 1. 1. 1. 0. 1. 1. 1. 1.],500,100,0.1,0.0015,1,23,best,34,best
477,0.2534059856936136,0.2534059856936136,0.0031654592599999996,[0.066561 0.       0.029707 0.       0.       0.044136 0.058248 0.049863 0.060877 0.       0.       0.02951  0.02293  0.038601 0.061893 0.070419 0.062938 0.030573 0.069482 0.019007 0.029193 0.       0.       0.0608   0.061969 0.015023 0.       0.001487 0.049158 0.043615 0.024011],[1. 0. 1. 0. 0. 1. 1. 1. 1. 0. 0. 1. 1. 1. 1. 1. 1. 1. 1. 1. 1. 0. 0. 1. 1. 1. 0. 1. 1. 1. 1.],500,100,0.1,0.0015,1,23,best,34,best
478,0.2534059856936136,0.2534059856936136,0.0031654592599999996,[0.066561 0.       0.029707 0.       0.       0.044136 0.058248 0.049863 0.060877 0.       0.       0.02951  0.02293  0.038601 0.061893 0.070419 0.062938 0.030573 0.069482 0.019007 0.029193 0.       0.       0.0608   0.061969 0.015023 0.       0.001487 0.049158 0.043615 0.024011],[1. 0. 1. 0. 0. 1. 1. 1. 1. 0. 0. 1. 1. 1. 1. 1. 1. 1. 1. 1. 1. 0. 0. 1. 1. 1. 0. 1. 1. 1. 1.],500,100,0.1,0.0015,1,23,best,34,best
479,0.2534059856936136,0.2534059856936136,0.0031654592599999996,[0.066561 0.       0.029707 0.       0.       0.044136 0.058248 0.049863 0.060877 0.       0.       0.02951  0.02293  0.038601 0.061893 0.070419 0.062938 0.030573 0.069482 0.019007 0.029193 0.       0.       0.0608   0.061969 0.015023 0.       0.001487 0.049158 0.043615 0.024011],[1. 0. 1. 0. 0. 1. 1. 1. 1. 0. 0. 1. 1. 1. 1. 1. 1. 1. 1. 1. 1. 0. 0. 1. 1. 1. 0. 1. 1. 1. 1.],500,100,0.1,0.0015,1,23,best,34,best
480,0.2534059856936136,0.2534059856936136,0.0031654592599999996,[0.066561 0.       0.029707 0.       0.       0.044136 0.058248 0.049863 0.060877 0.       0.       0.02951  0.02293  0.038601 0.061893 0.070419 0.062938 0.030573 0.069482 0.019007 0.029193 0.       0.       0.0608   0.061969 0.015023 0.       0.001487 0.049158 0.043615 0.024011],[1. 0. 1. 0. 0. 1. 1. 1. 1. 0. 0. 1. 1. 1. 1. 1. 1. 1. 1. 1. 1. 0. 0. 1. 1. 1. 0. 1. 1. 1. 1.],500,100,0.1,0.0015,1,23,best,34,best
481,0.2534059856936136,0.2534059856936136,0.0031654592599999996,[0.066561 0.       0.029707 0.       0.       0.044136 0.058248 0.049863 0.060877 0.       0.       0.02951  0.02293  0.038601 0.061893 0.070419 0.062938 0.030573 0.069482 0.019007 0.029193 0.       0.       0.0608   0.061969 0.015023 0.       0.001487 0.049158 0.043615 0.024011],[1. 0. 1. 0. 0. 1. 1. 1. 1. 0. 0. 1. 1. 1. 1. 1. 1. 1. 1. 1. 1. 0. 0. 1. 1. 1. 0. 1. 1. 1. 1.],500,100,0.1,0.0015,1,23,best,34,best
482,0.2534059856936136,0.2534059856936136,0.0031654592599999996,[0.066561 0.       0.029707 0.       0.       0.044136 0.058248 0.049863 0.060877 0.       0.       0.02951  0.02293  0.038601 0.061893 0.070419 0.062938 0.030573 0.069482 0.019007 0.029193 0.       0.       0.0608   0.061969 0.015023 0.       0.001487 0.049158 0.043615 0.024011],[1. 0. 1. 0. 0. 1. 1. 1. 1. 0. 0. 1. 1. 1. 1. 1. 1. 1. 1. 1. 1. 0. 0. 1. 1. 1. 0. 1. 1. 1. 1.],500,100,0.1,0.0015,1,23,best,34,best
483,0.2534059856936136,0.2534059856936136,0.0031654592599999996,[0.066561 0.       0.029707 0.       0.       0.044136 0.058248 0.049863 0.060877 0.       0.       0.02951  0.02293  0.038601 0.061893 0.070419 0.062938 0.030573 0.069482 0.019007 0.029193 0.       0.       0.0608   0.061969 0.015023 0.       0.001487 0.049158 0.043615 0.024011],[1. 0. 1. 0. 0. 1. 1. 1. 1. 0. 0. 1. 1. 1. 1. 1. 1. 1. 1. 1. 1. 0. 0. 1. 1. 1. 0. 1. 1. 1. 1.],500,100,0.1,0.0015,1,23,best,34,best
484,0.2534059856936136,0.2534059856936136,0.0031654592599999996,[0.066561 0.       0.029707 0.       0.       0.044136 0.058248 0.049863 0.060877 0.       0.       0.02951  0.02293  0.038601 0.061893 0.070419 0.062938 0.030573 0.069482 0.019007 0.029193 0.       0.       0.0608   0.061969 0.015023 0.       0.001487 0.049158 0.043615 0.024011],[1. 0. 1. 0. 0. 1. 1. 1. 1. 0. 0. 1. 1. 1. 1. 1. 1. 1. 1. 1. 1. 0. 0. 1. 1. 1. 0. 1. 1. 1. 1.],500,100,0.1,0.0015,1,23,best,34,best
485,0.2534059856936136,0.2534059856936136,0.0031654592599999996,[0.066561 0.       0.029707 0.       0.       0.044136 0.058248 0.049863 0.060877 0.       0.       0.02951  0.02293  0.038601 0.061893 0.070419 0.062938 0.030573 0.069482 0.019007 0.029193 0.       0.       0.0608   0.061969 0.015023 0.       0.001487 0.049158 0.043615 0.024011],[1. 0. 1. 0. 0. 1. 1. 1. 1. 0. 0. 1. 1. 1. 1. 1. 1. 1. 1. 1. 1. 0. 0. 1. 1. 1. 0. 1. 1. 1. 1.],500,100,0.1,0.0015,1,23,best,34,best
486,0.2534059856936136,0.2534059856936136,0.0031654592599999996,[0.066561 0.       0.029707 0.       0.       0.044136 0.058248 0.049863 0.060877 0.       0.       0.02951  0.02293  0.038601 0.061893 0.070419 0.062938 0.030573 0.069482 0.019007 0.029193 0.       0.       0.0608   0.061969 0.015023 0.       0.001487 0.049158 0.043615 0.024011],[1. 0. 1. 0. 0. 1. 1. 1. 1. 0. 0. 1. 1. 1. 1. 1. 1. 1. 1. 1. 1. 0. 0. 1. 1. 1. 0. 1. 1. 1. 1.],500,100,0.1,0.0015,1,23,best,34,best
487,0.2534059856936136,0.2534059856936136,0.0031654592599999996,[0.066561 0.       0.029707 0.       0.       0.044136 0.058248 0.049863 0.060877 0.       0.       0.02951  0.02293  0.038601 0.061893 0.070419 0.062938 0.030573 0.069482 0.019007 0.029193 0.       0.       0.0608   0.061969 0.015023 0.       0.001487 0.049158 0.043615 0.024011],[1. 0. 1. 0. 0. 1. 1. 1. 1. 0. 0. 1. 1. 1. 1. 1. 1. 1. 1. 1. 1. 0. 0. 1. 1. 1. 0. 1. 1. 1. 1.],500,100,0.1,0.0015,1,23,best,34,best
488,0.2534059856936136,0.2534059856936136,0.0031654592599999996,[0.066561 0.       0.029707 0.       0.       0.044136 0.058248 0.049863 0.060877 0.       0.       0.02951  0.02293  0.038601 0.061893 0.070419 0.062938 0.030573 0.069482 0.019007 0.029193 0.       0.       0.0608   0.061969 0.015023 0.       0.001487 0.049158 0.043615 0.024011],[1. 0. 1. 0. 0. 1. 1. 1. 1. 0. 0. 1. 1. 1. 1. 1. 1. 1. 1. 1. 1. 0. 0. 1. 1. 1. 0. 1. 1. 1. 1.],500,100,0.1,0.0015,1,23,best,34,best
489,0.2534059856936136,0.2534059856936136,0.0031654592599999996,[0.066561 0.       0.029707 0.       0.       0.044136 0.058248 0.049863 0.060877 0.       0.       0.02951  0.02293  0.038601 0.061893 0.070419 0.062938 0.030573 0.069482 0.019007 0.029193 0.       0.       0.0608   0.061969 0.015023 0.       0.001487 0.049158 0.043615 0.024011],[1. 0. 1. 0. 0. 1. 1. 1. 1. 0. 0. 1. 1. 1. 1. 1. 1. 1. 1. 1. 1. 0. 0. 1. 1. 1. 0. 1. 1. 1. 1.],500,100,0.1,0.0015,1,23,best,34,best
490,0.2534059856936136,0.2534059856936136,0.0031654592599999996,[0.066561 0.       0.029707 0.       0.       0.044136 0.058248 0.049863 0.060877 0.       0.       0.02951  0.02293  0.038601 0.061893 0.070419 0.062938 0.030573 0.069482 0.019007 0.029193 0.       0.       0.0608   0.061969 0.015023 0.       0.001487 0.049158 0.043615 0.024011],[1. 0. 1. 0. 0. 1. 1. 1. 1. 0. 0. 1. 1. 1. 1. 1. 1. 1. 1. 1. 1. 0. 0. 1. 1. 1. 0. 1. 1. 1. 1.],500,100,0.1,0.0015,1,23,best,34,best
491,0.2534059856936136,0.2534059856936136,0.0031654592599999996,[0.066561 0.       0.029707 0.       0.       0.044136 0.058248 0.049863 0.060877 0.       0.       0.02951  0.02293  0.038601 0.061893 0.070419 0.062938 0.030573 0.069482 0.019007 0.029193 0.       0.       0.0608   0.061969 0.015023 0.       0.001487 0.049158 0.043615 0.024011],[1. 0. 1. 0. 0. 1. 1. 1. 1. 0. 0. 1. 1. 1. 1. 1. 1. 1. 1. 1. 1. 0. 0. 1. 1. 1. 0. 1. 1. 1. 1.],500,100,0.1,0.0015,1,23,best,34,best
492,0.2534059856936136,0.2534059856936136,0.0031654592599999996,[0.066561 0.       0.029707 0.       0.       0.044136 0.058248 0.049863 0.060877 0.       0.       0.02951  0.02293  0.038601 0.061893 0.070419 0.062938 0.030573 0.069482 0.019007 0.029193 0.       0.       0.0608   0.061969 0.015023 0.       0.001487 0.049158 0.043615 0.024011],[1. 0. 1. 0. 0. 1. 1. 1. 1. 0. 0. 1. 1. 1. 1. 1. 1. 1. 1. 1. 1. 0. 0. 1. 1. 1. 0. 1. 1. 1. 1.],500,100,0.1,0.0015,1,23,best,34,best
493,0.2534059856936136,0.2534059856936136,0.0031654592599999996,[0.066561 0.       0.029707 0.       0.       0.044136 0.058248 0.049863 0.060877 0.       0.       0.02951  0.02293  0.038601 0.061893 0.070419 0.062938 0.030573 0.069482 0.019007 0.029193 0.       0.       0.0608   0.061969 0.015023 0.       0.001487 0.049158 0.043615 0.024011],[1. 0. 1. 0. 0. 1. 1. 1. 1. 0. 0. 1. 1. 1. 1. 1. 1. 1. 1. 1. 1. 0. 0. 1. 1. 1. 0. 1. 1. 1. 1.],500,100,0.1,0.0015,1,23,best,34,best
494,0.2534059856936136,0.2534059856936136,0.0031654592599999996,[0.066561 0.       0.029707 0.       0.       0.044136 0.058248 0.049863 0.060877 0.       0.       0.02951  0.02293  0.038601 0.061893 0.070419 0.062938 0.030573 0.069482 0.019007 0.029193 0.       0.       0.0608   0.061969 0.015023 0.       0.001487 0.049158 0.043615 0.024011],[1. 0. 1. 0. 0. 1. 1. 1. 1. 0. 0. 1. 1. 1. 1. 1. 1. 1. 1. 1. 1. 0. 0. 1. 1. 1. 0. 1. 1. 1. 1.],500,100,0.1,0.0015,1,23,best,34,best
495,0.2534059856936136,0.2534059856936136,0.0031654592599999996,[0.066561 0.       0.029707 0.       0.       0.044136 0.058248 0.049863 0.060877 0.       0.       0.02951  0.02293  0.038601 0.061893 0.070419 0.062938 0.030573 0.069482 0.019007 0.029193 0.       0.       0.0608   0.061969 0.015023 0.       0.001487 0.049158 0.043615 0.024011],[1. 0. 1. 0. 0. 1. 1. 1. 1. 0. 0. 1. 1. 1. 1. 1. 1. 1. 1. 1. 1. 0. 0. 1. 1. 1. 0. 1. 1. 1. 1.],500,100,0.1,0.0015,1,23,best,34,best
496,0.2534059856936136,0.2534059856936136,0.0031654592599999996,[0.066561 0.       0.029707 0.       0.       0.044136 0.058248 0.049863 0.060877 0.       0.       0.02951  0.02293  0.038601 0.061893 0.070419 0.062938 0.030573 0.069482 0.019007 0.029193 0.       0.       0.0608   0.061969 0.015023 0.       0.001487 0.049158 0.043615 0.024011],[1. 0. 1. 0. 0. 1. 1. 1. 1. 0. 0. 1. 1. 1. 1. 1. 1. 1. 1. 1. 1. 0. 0. 1. 1. 1. 0. 1. 1. 1. 1.],500,100,0.1,0.0015,1,23,best,34,best
497,0.2534059856936136,0.2534059856936136,0.0031654592599999996,[0.066561 0.       0.029707 0.       0.       0.044136 0.058248 0.049863 0.060877 0.       0.       0.02951  0.02293  0.038601 0.061893 0.070419 0.062938 0.030573 0.069482 0.019007 0.029193 0.       0.       0.0608   0.061969 0.015023 0.       0.001487 0.049158 0.043615 0.024011],[1. 0. 1. 0. 0. 1. 1. 1. 1. 0. 0. 1. 1. 1. 1. 1. 1. 1. 1. 1. 1. 0. 0. 1. 1. 1. 0. 1. 1. 1. 1.],500,100,0.1,0.0015,1,23,best,34,best
498,0.2534059856936136,0.2534059856936136,0.0031654592599999996,[0.066561 0.       0.029707 0.       0.       0.044136 0.058248 0.049863 0.060877 0.       0.       0.02951  0.02293  0.038601 0.061893 0.070419 0.062938 0.030573 0.069482 0.019007 0.029193 0.       0.       0.0608   0.061969 0.015023 0.       0.001487 0.049158 0.043615 0.024011],[1. 0. 1. 0. 0. 1. 1. 1. 1. 0. 0. 1. 1. 1. 1. 1. 1. 1. 1. 1. 1. 0. 0. 1. 1. 1. 0. 1. 1. 1. 1.],500,100,0.1,0.0015,1,23,best,34,best
499,0.2534059856936136,0.2534059856936136,0.0031654592599999996,[0.066561 0.       0.029707 0.       0.       0.044136 0.058248 0.049863 0.060877 0.       0.       0.02951  0.02293  0.038601 0.061893 0.070419 0.062938 0.030573 0.069482 0.019007 0.029193 0.       0.       0.0608   0.061969 0.015023 0.       0.001487 0.049158 0.043615 0.024011],[1. 0. 1. 0. 0. 1. 1. 1. 1. 0. 0. 1. 1. 1. 1. 1. 1. 1. 1. 1. 1. 0. 0. 1. 1. 1. 0. 1. 1. 1. 1.],500,100,0.1,0.0015,1,23,best,34,best
