iter,obj,aug_obj,return,X,Z,max_iter,neighbours,alpha,exp_return,n_port,k,move_strategy,seed,selection_strategy
0,0.21857876473251908,0.21857876473251908,0.0036325218717,[0.        0.        0.        0.064602  0.        0.        0.        0.        0.0180653 0.        0.177365  0.        0.        0.        0.        0.        0.        0.        0.035929  0.140261  0.        0.018999  0.1625877 0.177015  0.        0.01      0.        0.195361  0.        0.        0.       ],[0. 0. 0. 1. 0. 0. 0. 0. 1. 0. 1. 0. 0. 0. 0. 0. 0. 0. 1. 1. 0. 1. 1. 1. 0. 1. 0. 1. 0. 0. 0.],300,100,0.1,0.002,1,9,best,1,best
1,0.14582924003151607,0.14582924003151607,0.0032342969267,[0.        0.        0.        0.064602  0.        0.        0.        0.        0.0180653 0.        0.01      0.        0.        0.        0.        0.        0.        0.        0.035929  0.140261  0.        0.018999  0.1625877 0.177015  0.        0.        0.        0.195361  0.        0.        0.       ],[0. 0. 0. 1. 0. 0. 0. 0. 1. 0. 1. 0. 0. 0. 0. 0. 0. 0. 1. 1. 0. 1. 1. 1. 0. 0. 0. 1. 0. 0. 0.],300,100,0.1,0.002,1,9,best,1,best
2,0.14462469065825853,0.14462469065825853,0.0032667533221,[0.        0.        0.        0.064602  0.        0.        0.        0.        0.0320914 0.        0.01      0.        0.        0.        0.        0.        0.        0.        0.035929  0.1262349 0.        0.018999  0.1625877 0.177015  0.        0.        0.        0.195361  0.        0.        0.       ],[0. 0. 0. 1. 0. 0. 0. 0. 1. 0. 1. 0. 0. 0. 0. 0. 0. 0. 1. 1. 0. 1. 1. 1. 0. 0. 0. 1. 0. 0. 0.],300,100,0.1,0.002,1,9,best,1,best
3,0.08101268784509127,0.08101268784509127,0.0025353749909,[0.        0.        0.        0.064602  0.        0.        0.        0.        0.0320914 0.        0.        0.        0.        0.        0.        0.        0.        0.        0.035929  0.1262349 0.        0.018999  0.01      0.177015  0.        0.        0.        0.195361  0.        0.        0.       ],[0. 0. 0. 1. 0. 0. 0. 0. 1. 0. 0. 0. 0. 0. 0. 0. 0. 0. 1. 1. 0. 1. 1. 1. 0. 0. 0. 1. 0. 0. 0.],300,100,0.1,0.002,1,9,best,1,best
4,0.07860678989077348,0.07860678989077348,0.0025087519349,[0.        0.        0.        0.064602  0.        0.        0.        0.        0.0320914 0.        0.        0.        0.        0.        0.        0.        0.        0.        0.035929  0.1262349 0.        0.018999  0.01      0.1593135 0.        0.        0.        0.2130625 0.        0.        0.       ],[0. 0. 0. 1. 0. 0. 0. 0. 1. 0. 0. 0. 0. 0. 0. 0. 0. 0. 1. 1. 0. 1. 1. 1. 0. 0. 0. 1. 0. 0. 0.],300,100,0.1,0.002,1,9,best,1,best
5,0.07731488871957236,0.07731488871957236,0.0025853007782600003,[0.         0.         0.         0.064602   0.01262349 0.         0.         0.         0.0320914  0.         0.         0.         0.         0.         0.         0.         0.         0.         0.035929   0.11361141 0.         0.018999   0.01       0.1593135  0.         0.         0.         0.2130625  0.         0.         0.        ],[0. 0. 0. 1. 1. 0. 0. 0. 1. 0. 0. 0. 0. 0. 0. 0. 0. 0. 1. 1. 0. 1. 1. 1. 0. 0. 0. 1. 0. 0. 0.],300,100,0.1,0.002,1,9,best,1,best
6,0.07626400565812307,0.07626400565812307,0.00254015077826,[0.         0.         0.         0.064602   0.01262349 0.         0.         0.         0.0320914  0.         0.         0.         0.         0.         0.         0.01       0.         0.         0.035929   0.11361141 0.         0.018999   0.         0.1593135  0.         0.         0.         0.2130625  0.         0.         0.        ],[0. 0. 0. 1. 1. 0. 0. 0. 1. 0. 0. 0. 0. 0. 0. 1. 0. 0. 1. 1. 0. 1. 0. 1. 0. 0. 0. 1. 0. 0. 0.],300,100,0.1,0.002,1,9,best,1,best
7,0.06838228080589782,0.06838228080589782,0.00238156046726,[0.         0.         0.         0.064602   0.01262349 0.         0.         0.         0.01       0.         0.         0.         0.         0.         0.         0.         0.         0.         0.035929   0.11361141 0.         0.018999   0.         0.1593135  0.         0.         0.         0.2130625  0.         0.         0.        ],[0. 0. 0. 1. 1. 0. 0. 0. 1. 0. 0. 0. 0. 0. 0. 0. 0. 0. 1. 1. 0. 1. 0. 1. 0. 0. 0. 1. 0. 0. 0.],300,100,0.1,0.002,1,9,best,1,best
8,0.06787441759591588,0.06787441759591588,0.00237721275266,[0.         0.         0.         0.0581418  0.01262349 0.         0.         0.         0.01       0.         0.         0.         0.         0.         0.         0.         0.         0.         0.035929   0.11361141 0.         0.018999   0.         0.1657737  0.         0.         0.         0.2130625  0.         0.         0.        ],[0. 0. 0. 1. 1. 0. 0. 0. 1. 0. 0. 0. 0. 0. 0. 0. 0. 0. 1. 1. 0. 1. 0. 1. 0. 0. 0. 1. 0. 0. 0.],300,100,0.1,0.002,1,9,best,1,best
9,0.06665109260296377,0.06665109260296377,0.0024936356221699997,[0.         0.         0.         0.0581418  0.02920086 0.         0.         0.         0.01       0.         0.         0.         0.         0.         0.         0.         0.         0.         0.035929   0.11361141 0.         0.018999   0.         0.14919633 0.         0.         0.         0.2130625  0.         0.         0.        ],[0. 0. 0. 1. 1. 0. 0. 0. 1. 0. 0. 0. 0. 0. 0. 0. 0. 0. 1. 1. 0. 1. 0. 1. 0. 0. 0. 1. 0. 0. 0.],300,100,0.1,0.002,1,9,best,1,best
10,0.0652153093629245,0.0652153093629245,0.0024935447330420002,[0.         0.         0.         0.0581418  0.02920086 0.         0.         0.         0.01       0.         0.         0.         0.         0.         0.         0.         0.         0.         0.035929   0.10225027 0.         0.018999   0.         0.14919633 0.         0.01136114 0.         0.2130625  0.         0.         0.        ],[0. 0. 0. 1. 1. 0. 0. 0. 1. 0. 0. 0. 0. 0. 0. 0. 0. 0. 1. 1. 0. 1. 0. 1. 0. 1. 0. 1. 0. 0. 0.],300,100,0.1,0.002,1,9,best,1,best
11,0.04794551425666855,0.04794551425666855,0.002205034506042,[0.         0.         0.         0.01       0.02920086 0.         0.         0.         0.         0.         0.         0.         0.         0.         0.         0.         0.         0.         0.035929   0.10225027 0.         0.018999   0.         0.14919633 0.         0.01136114 0.         0.2130625  0.         0.         0.        ],[0. 0. 0. 1. 1. 0. 0. 0. 0. 0. 0. 0. 0. 0. 0. 0. 0. 0. 1. 1. 0. 1. 0. 1. 0. 1. 0. 1. 0. 0. 0.],300,100,0.1,0.002,1,9,best,1,best
12,0.04685535532057934,0.04685535532057934,0.0022049527058267994,[0.         0.         0.         0.01       0.02920086 0.         0.         0.         0.         0.         0.         0.         0.         0.         0.         0.         0.         0.         0.035929   0.09202524 0.         0.018999   0.         0.14919633 0.         0.02158617 0.         0.2130625  0.         0.         0.        ],[0. 0. 0. 1. 1. 0. 0. 0. 0. 0. 0. 0. 0. 0. 0. 0. 0. 0. 1. 1. 0. 1. 0. 1. 0. 1. 0. 1. 0. 0. 0.],300,100,0.1,0.002,1,9,best,1,best
13,0.045745329853050756,0.045745329853050756,0.0022309527058268,[0.         0.         0.         0.         0.02920086 0.         0.         0.         0.01       0.         0.         0.         0.         0.         0.         0.         0.         0.         0.035929   0.09202524 0.         0.018999   0.         0.14919633 0.         0.02158617 0.         0.2130625  0.         0.         0.        ],[0. 0. 0. 0. 1. 0. 0. 0. 1. 0. 0. 0. 0. 0. 0. 0. 0. 0. 1. 1. 0. 1. 0. 1. 0. 1. 0. 1. 0. 0. 0.],300,100,0.1,0.002,1,9,best,1,best
14,0.04548232962422,0.04548232962422,0.0022318247599267997,[0.         0.         0.         0.         0.02920086 0.         0.         0.         0.01       0.         0.         0.         0.         0.         0.         0.         0.         0.         0.035929   0.09202524 0.         0.0170991  0.         0.14919633 0.         0.02158617 0.         0.2149624  0.         0.         0.        ],[0. 0. 0. 0. 1. 0. 0. 0. 1. 0. 0. 0. 0. 0. 0. 0. 0. 0. 1. 1. 0. 1. 0. 1. 0. 1. 0. 1. 0. 0. 0.],300,100,0.1,0.002,1,9,best,1,best
15,0.04471491926756545,0.04471491926756545,0.0023366053424858,[0.         0.         0.         0.         0.04412049 0.         0.         0.         0.01       0.         0.         0.         0.         0.         0.         0.         0.         0.         0.035929   0.09202524 0.         0.0170991  0.         0.1342767  0.         0.02158617 0.         0.2149624  0.         0.         0.        ],[0. 0. 0. 0. 1. 0. 0. 0. 1. 0. 0. 0. 0. 0. 0. 0. 0. 0. 1. 1. 0. 1. 0. 1. 0. 1. 0. 1. 0. 0. 0.],300,100,0.1,0.002,1,9,best,1,best
16,0.03763963467579719,0.03763963467579719,0.0021281872164858,[0.         0.         0.         0.         0.04412049 0.         0.         0.         0.         0.         0.         0.         0.         0.         0.         0.         0.         0.         0.01       0.09202524 0.         0.0170991  0.         0.1342767  0.         0.02158617 0.         0.2149624  0.         0.         0.        ],[0. 0. 0. 0. 1. 0. 0. 0. 0. 0. 0. 0. 0. 0. 0. 0. 0. 0. 1. 1. 0. 1. 0. 1. 0. 1. 0. 1. 0. 0. 0.],300,100,0.1,0.002,1,9,best,1,best
17,0.03763963467579719,0.03763963467579719,0.0021281872164858,[0.         0.         0.         0.         0.04412049 0.         0.         0.         0.         0.         0.         0.         0.         0.         0.         0.         0.         0.         0.01       0.09202524 0.         0.0170991  0.         0.1342767  0.         0.02158617 0.         0.2149624  0.         0.         0.        ],[0. 0. 0. 0. 1. 0. 0. 0. 0. 0. 0. 0. 0. 0. 0. 0. 0. 0. 1. 1. 0. 1. 0. 1. 0. 1. 0. 1. 0. 0. 0.],300,100,0.1,0.002,1,9,best,1,best
18,0.036343910770100914,0.036343910770100914,0.002107992001257,[0.         0.         0.         0.         0.04412049 0.         0.         0.         0.         0.         0.         0.         0.         0.         0.         0.         0.         0.         0.01       0.09202524 0.         0.0170991  0.         0.12084903 0.         0.02158617 0.         0.22839007 0.         0.         0.        ],[0. 0. 0. 0. 1. 0. 0. 0. 0. 0. 0. 0. 0. 0. 0. 0. 0. 0. 1. 1. 0. 1. 0. 1. 0. 1. 0. 1. 0. 0. 0.],300,100,0.1,0.002,1,9,best,1,best
19,0.03507625206348171,0.03507625206348171,0.00208981630755108,[0.         0.         0.         0.         0.04412049 0.         0.         0.         0.         0.         0.         0.         0.         0.         0.         0.         0.         0.         0.01       0.09202524 0.         0.0170991  0.         0.10876412 0.         0.02158617 0.         0.24047497 0.         0.         0.        ],[0. 0. 0. 0. 1. 0. 0. 0. 0. 0. 0. 0. 0. 0. 0. 0. 0. 0. 1. 1. 0. 1. 0. 1. 0. 1. 0. 1. 0. 0. 0.],300,100,0.1,0.002,1,9,best,1,best
20,0.03174457317724283,0.03174457317724283,0.0020235370986510797,[0.         0.         0.         0.         0.04412049 0.         0.         0.         0.         0.         0.         0.         0.         0.         0.         0.         0.         0.         0.         0.09202524 0.         0.01       0.         0.10876412 0.         0.02158617 0.         0.24047497 0.         0.         0.        ],[0. 0. 0. 0. 1. 0. 0. 0. 0. 0. 0. 0. 0. 0. 0. 0. 0. 0. 0. 1. 0. 1. 0. 1. 0. 1. 0. 1. 0. 0. 0.],300,100,0.1,0.002,1,9,best,1,best
21,0.03074160152525459,0.03074160152525459,0.0020008712815218497,[0.         0.         0.         0.         0.04412049 0.         0.         0.         0.         0.         0.         0.         0.         0.         0.         0.         0.         0.         0.         0.08282272 0.         0.01       0.         0.10876412 0.         0.02158617 0.         0.2496775  0.         0.         0.        ],[0. 0. 0. 0. 1. 0. 0. 0. 0. 0. 0. 0. 0. 0. 0. 0. 0. 0. 0. 1. 0. 1. 0. 1. 0. 1. 0. 1. 0. 0. 0.],300,100,0.1,0.002,1,9,best,1,best
22,0.029911121723938543,0.029911121723938543,0.002011214749768457,[0.         0.         0.         0.         0.04412049 0.         0.         0.         0.         0.         0.         0.         0.         0.         0.         0.         0.         0.         0.         0.08282272 0.         0.01       0.         0.09788771 0.         0.03246258 0.         0.2496775  0.         0.         0.        ],[0. 0. 0. 0. 1. 0. 0. 0. 0. 0. 0. 0. 0. 0. 0. 0. 0. 0. 0. 1. 0. 1. 0. 1. 0. 1. 0. 1. 0. 0. 0.],300,100,0.1,0.002,1,9,best,1,best
23,0.029911121723938543,0.029911121723938543,0.002011214749768457,[0.         0.         0.         0.         0.04412049 0.         0.         0.         0.         0.         0.         0.         0.         0.         0.         0.         0.         0.         0.         0.08282272 0.         0.01       0.         0.09788771 0.         0.03246258 0.         0.2496775  0.         0.         0.        ],[0. 0. 0. 0. 1. 0. 0. 0. 0. 0. 0. 0. 0. 0. 0. 0. 0. 0. 0. 1. 0. 1. 0. 1. 0. 1. 0. 1. 0. 0. 0.],300,100,0.1,0.002,1,9,best,1,best
24,0.02982075158877823,0.02982075158877823,0.0020032451862908134,[0.         0.         0.         0.         0.04412049 0.         0.         0.         0.         0.         0.         0.         0.         0.         0.         0.         0.         0.         0.         0.08282272 0.         0.01       0.         0.09788771 0.         0.02921632 0.         0.25292375 0.         0.         0.        ],[0. 0. 0. 0. 1. 0. 0. 0. 0. 0. 0. 0. 0. 0. 0. 0. 0. 0. 0. 1. 0. 1. 0. 1. 0. 1. 0. 1. 0. 0. 0.],300,100,0.1,0.002,1,9,best,1,best
25,0.029133423458469053,0.029133423458469053,0.0020031789281165016,[0.         0.         0.         0.         0.04412049 0.         0.         0.         0.         0.         0.         0.         0.         0.         0.         0.         0.         0.         0.         0.07454045 0.         0.01       0.         0.09788771 0.         0.03749859 0.         0.25292375 0.         0.         0.        ],[0. 0. 0. 0. 1. 0. 0. 0. 0. 0. 0. 0. 0. 0. 0. 0. 0. 0. 0. 1. 0. 1. 0. 1. 0. 1. 0. 1. 0. 0. 0.],300,100,0.1,0.002,1,9,best,1,best
26,0.028347869310144297,0.028347869310144297,0.0020124880495384478,[0.         0.         0.         0.         0.04412049 0.         0.         0.         0.         0.         0.         0.         0.         0.         0.         0.         0.         0.         0.         0.07454045 0.         0.01       0.         0.08809894 0.         0.04728737 0.         0.25292375 0.         0.         0.        ],[0. 0. 0. 0. 1. 0. 0. 0. 0. 0. 0. 0. 0. 0. 0. 0. 0. 0. 0. 1. 0. 1. 0. 1. 0. 1. 0. 1. 0. 0. 0.],300,100,0.1,0.002,1,9,best,1,best
27,0.027803442105240883,0.027803442105240883,0.0020576893760540942,[0.         0.         0.         0.         0.05157454 0.         0.         0.         0.         0.         0.         0.         0.         0.         0.         0.         0.         0.         0.         0.0670864  0.         0.01       0.         0.08809894 0.         0.04728737 0.         0.25292375 0.         0.         0.        ],[0. 0. 0. 0. 1. 0. 0. 0. 0. 0. 0. 0. 0. 0. 0. 0. 0. 0. 0. 1. 0. 1. 0. 1. 0. 1. 0. 1. 0. 0. 0.],300,100,0.1,0.002,1,9,best,1,best
28,0.02765863081393162,0.02765863081393162,0.0020918393760540944,[0.         0.         0.         0.         0.05157454 0.         0.         0.         0.         0.         0.         0.         0.         0.         0.         0.         0.         0.         0.01       0.0670864  0.         0.         0.         0.08809894 0.         0.04728737 0.         0.25292375 0.         0.         0.        ],[0. 0. 0. 0. 1. 0. 0. 0. 0. 0. 0. 0. 0. 0. 0. 0. 0. 0. 1. 1. 0. 0. 0. 1. 0. 1. 0. 1. 0. 0. 0.],300,100,0.1,0.002,1,9,best,1,best
29,0.026894550692835535,0.026894550692835535,0.0020753159953668856,[0.         0.         0.         0.         0.05157454 0.         0.         0.         0.         0.         0.         0.         0.         0.         0.         0.         0.         0.         0.01       0.06037776 0.         0.         0.         0.08809894 0.         0.04728737 0.         0.25963239 0.         0.         0.        ],[0. 0. 0. 0. 1. 0. 0. 0. 0. 0. 0. 0. 0. 0. 0. 0. 0. 0. 1. 1. 0. 0. 0. 1. 0. 1. 0. 1. 0. 0. 0.],300,100,0.1,0.002,1,9,best,1,best
30,0.026762111784312308,0.026762111784312308,0.0020935259953668854,[0.         0.         0.         0.         0.05157454 0.         0.         0.         0.01       0.         0.         0.         0.         0.         0.         0.         0.         0.         0.         0.06037776 0.         0.         0.         0.08809894 0.         0.04728737 0.         0.25963239 0.         0.         0.        ],[0. 0. 0. 0. 1. 0. 0. 0. 1. 0. 0. 0. 0. 0. 0. 0. 0. 0. 0. 1. 0. 0. 0. 1. 0. 1. 0. 1. 0. 0. 0.],300,100,0.1,0.002,1,9,best,1,best
31,0.025819996266118302,0.025819996266118302,0.00208027591465527,[0.         0.         0.         0.         0.05157454 0.         0.         0.         0.01       0.         0.         0.         0.         0.         0.         0.         0.         0.         0.         0.06037776 0.         0.         0.         0.07928905 0.         0.04728737 0.         0.26844229 0.         0.         0.        ],[0. 0. 0. 0. 1. 0. 0. 0. 1. 0. 0. 0. 0. 0. 0. 0. 0. 0. 0. 1. 0. 0. 0. 1. 0. 1. 0. 1. 0. 0. 0.],300,100,0.1,0.002,1,9,best,1,best
32,0.025122623254355266,0.025122623254355266,0.002065404872036782,[0.         0.         0.         0.         0.05157454 0.         0.         0.         0.01       0.         0.         0.         0.         0.         0.         0.         0.         0.         0.         0.05433999 0.         0.         0.         0.07928905 0.         0.04728737 0.         0.27448007 0.         0.         0.        ],[0. 0. 0. 0. 1. 0. 0. 0. 1. 0. 0. 0. 0. 0. 0. 0. 0. 0. 0. 1. 0. 0. 0. 1. 0. 1. 0. 1. 0. 0. 0.],300,100,0.1,0.002,1,9,best,1,best
33,0.02446500751112852,0.02446500751112852,0.0020729452603885585,[0.         0.         0.         0.         0.05157454 0.         0.         0.         0.01       0.         0.         0.         0.         0.         0.         0.         0.         0.         0.         0.05433999 0.         0.         0.         0.07136014 0.         0.05521627 0.         0.27448007 0.         0.         0.        ],[0. 0. 0. 0. 1. 0. 0. 0. 1. 0. 0. 0. 0. 0. 0. 0. 0. 0. 0. 1. 0. 0. 0. 1. 0. 1. 0. 1. 0. 0. 0.],300,100,0.1,0.002,1,9,best,1,best
34,0.024056830969182617,0.024056830969182617,0.002105897027418465,[0.         0.         0.         0.         0.05700854 0.         0.         0.         0.01       0.         0.         0.         0.         0.         0.         0.         0.         0.         0.         0.04890599 0.         0.         0.         0.07136014 0.         0.05521627 0.         0.27448007 0.         0.         0.        ],[0. 0. 0. 0. 1. 0. 0. 0. 1. 0. 0. 0. 0. 0. 0. 0. 0. 0. 0. 1. 0. 0. 0. 1. 0. 1. 0. 1. 0. 0. 0.],300,100,0.1,0.002,1,9,best,1,best
35,0.023977036973869277,0.023977036973869277,0.002071281444279805,[0.         0.         0.         0.         0.05130768 0.         0.         0.         0.01       0.         0.         0.         0.         0.         0.         0.         0.         0.         0.         0.04890599 0.         0.         0.         0.07136014 0.         0.06091712 0.         0.27448007 0.         0.         0.        ],[0. 0. 0. 0. 1. 0. 0. 0. 1. 0. 0. 0. 0. 0. 0. 0. 0. 0. 0. 1. 0. 0. 0. 1. 0. 1. 0. 1. 0. 0. 0.],300,100,0.1,0.002,1,9,best,1,best
36,0.023362180479783536,0.023362180479783536,0.002078067793796404,[0.         0.         0.         0.         0.05130768 0.         0.         0.         0.01       0.         0.         0.         0.         0.         0.         0.         0.         0.         0.         0.04890599 0.         0.         0.         0.06422413 0.         0.06805314 0.         0.27448007 0.         0.         0.        ],[0. 0. 0. 0. 1. 0. 0. 0. 1. 0. 0. 0. 0. 0. 0. 0. 0. 0. 0. 1. 0. 0. 0. 1. 0. 1. 0. 1. 0. 0. 0.],300,100,0.1,0.002,1,9,best,1,best
37,0.022615727846247716,0.022615727846247716,0.002068408484957636,[0.         0.         0.         0.         0.05130768 0.         0.         0.         0.01       0.         0.         0.         0.         0.         0.         0.         0.         0.         0.         0.04890599 0.         0.         0.         0.05780172 0.         0.06805314 0.         0.28090248 0.         0.         0.        ],[0. 0. 0. 0. 1. 0. 0. 0. 1. 0. 0. 0. 0. 0. 0. 0. 0. 0. 0. 1. 0. 0. 0. 1. 0. 1. 0. 1. 0. 0. 0.],300,100,0.1,0.002,1,9,best,1,best
38,0.021920698886540878,0.021920698886540878,0.002059715107002745,[0.         0.         0.         0.         0.05130768 0.         0.         0.         0.01       0.         0.         0.         0.         0.         0.         0.         0.         0.         0.         0.04890599 0.         0.         0.         0.05202154 0.         0.06805314 0.         0.28668265 0.         0.         0.        ],[0. 0. 0. 0. 1. 0. 0. 0. 1. 0. 0. 0. 0. 0. 0. 0. 0. 0. 0. 1. 0. 0. 0. 1. 0. 1. 0. 1. 0. 0. 0.],300,100,0.1,0.002,1,9,best,1,best
39,0.021497946944962112,0.021497946944962112,0.002059675982213395,[0.         0.         0.         0.         0.05130768 0.         0.         0.         0.01       0.         0.         0.         0.         0.         0.         0.         0.         0.         0.         0.04401539 0.         0.         0.         0.05202154 0.         0.07294374 0.         0.28668265 0.         0.         0.        ],[0. 0. 0. 0. 1. 0. 0. 0. 1. 0. 0. 0. 0. 0. 0. 0. 0. 0. 0. 1. 0. 0. 0. 1. 0. 1. 0. 1. 0. 0. 0.],300,100,0.1,0.002,1,9,best,1,best
40,0.021105417218480794,0.021105417218480794,0.002059640769902981,[0.         0.         0.         0.         0.05130768 0.         0.         0.         0.01       0.         0.         0.         0.         0.         0.         0.         0.         0.         0.         0.03961385 0.         0.         0.         0.05202154 0.         0.07734528 0.         0.28668265 0.         0.         0.        ],[0. 0. 0. 0. 1. 0. 0. 0. 1. 0. 0. 0. 0. 0. 0. 0. 0. 0. 0. 1. 0. 0. 0. 1. 0. 1. 0. 1. 0. 0. 0.],300,100,0.1,0.002,1,9,best,1,best
41,0.02074237755160866,0.02074237755160866,0.002059609078823608,[0.         0.         0.         0.         0.05130768 0.         0.         0.         0.01       0.         0.         0.         0.         0.         0.         0.         0.         0.         0.         0.03565246 0.         0.         0.         0.05202154 0.         0.08130666 0.         0.28668265 0.         0.         0.        ],[0. 0. 0. 0. 1. 0. 0. 0. 1. 0. 0. 0. 0. 0. 0. 0. 0. 0. 0. 1. 0. 0. 0. 1. 0. 1. 0. 1. 0. 0. 0.],300,100,0.1,0.002,1,9,best,1,best
42,0.02025976930512579,0.02025976930512579,0.0020645563276212083,[0.         0.         0.         0.         0.05130768 0.         0.         0.         0.01       0.         0.         0.         0.         0.         0.         0.         0.         0.         0.         0.03565246 0.         0.         0.         0.04681939 0.         0.08650881 0.         0.28668265 0.         0.         0.        ],[0. 0. 0. 0. 1. 0. 0. 0. 1. 0. 0. 0. 0. 0. 0. 0. 0. 0. 0. 1. 0. 0. 0. 1. 0. 1. 0. 1. 0. 0. 0.],300,100,0.1,0.002,1,9,best,1,best
43,0.01981219183149649,0.01981219183149649,0.002069008851539049,[0.         0.         0.         0.         0.05130768 0.         0.         0.         0.01       0.         0.         0.         0.         0.         0.         0.         0.         0.         0.         0.03565246 0.         0.         0.         0.04213745 0.         0.09119075 0.         0.28668265 0.         0.         0.        ],[0. 0. 0. 0. 1. 0. 0. 0. 1. 0. 0. 0. 0. 0. 0. 0. 0. 0. 0. 1. 0. 0. 0. 1. 0. 1. 0. 1. 0. 0. 0.],300,100,0.1,0.002,1,9,best,1,best
44,0.0193986557632764,0.0193986557632764,0.0020730161230651054,[0.         0.         0.         0.         0.05130768 0.         0.         0.         0.01       0.         0.         0.         0.         0.         0.         0.         0.         0.         0.         0.03565246 0.         0.         0.         0.03792371 0.         0.0954045  0.         0.28668265 0.         0.         0.        ],[0. 0. 0. 0. 1. 0. 0. 0. 1. 0. 0. 0. 0. 0. 0. 0. 0. 0. 0. 1. 0. 0. 0. 1. 0. 1. 0. 1. 0. 0. 0.],300,100,0.1,0.002,1,9,best,1,best
45,0.018922747582937344,0.018922747582937344,0.002067312397788901,[0.         0.         0.         0.         0.05130768 0.         0.         0.         0.01       0.         0.         0.         0.         0.         0.         0.         0.         0.         0.         0.03565246 0.         0.         0.         0.03413133 0.         0.0954045  0.         0.29047502 0.         0.         0.        ],[0. 0. 0. 0. 1. 0. 0. 0. 1. 0. 0. 0. 0. 0. 0. 0. 0. 0. 0. 1. 0. 0. 0. 1. 0. 1. 0. 1. 0. 0. 0.],300,100,0.1,0.002,1,9,best,1,best
46,0.018687909095070922,0.018687909095070922,0.002023562336905993,[0.         0.         0.         0.         0.04617691 0.         0.         0.         0.01       0.         0.         0.         0.         0.         0.         0.         0.         0.         0.         0.03565246 0.         0.         0.         0.03413133 0.         0.0954045  0.         0.29560579 0.         0.         0.        ],[0. 0. 0. 0. 1. 0. 0. 0. 1. 0. 0. 0. 0. 0. 0. 0. 0. 0. 0. 1. 0. 0. 0. 1. 0. 1. 0. 1. 0. 0. 0.],300,100,0.1,0.002,1,9,best,1,best
47,0.018561795045843443,0.018561795045843443,0.00203473352277442,[0.         0.         0.         0.         0.04617691 0.         0.         0.         0.01341313 0.         0.         0.         0.         0.         0.         0.         0.         0.         0.         0.03565246 0.         0.         0.         0.0307182  0.         0.0954045  0.         0.29560579 0.         0.         0.        ],[0. 0. 0. 0. 1. 0. 0. 0. 1. 0. 0. 0. 0. 0. 0. 0. 0. 0. 0. 1. 0. 0. 0. 1. 0. 1. 0. 1. 0. 0. 0.],300,100,0.1,0.002,1,9,best,1,best
48,0.018151178305024163,0.018151178305024163,0.002025952320818629,[0.         0.         0.         0.         0.04617691 0.         0.         0.         0.01341313 0.         0.         0.         0.         0.         0.         0.         0.         0.         0.         0.03208722 0.         0.         0.         0.0307182  0.         0.0954045  0.         0.29917103 0.         0.         0.        ],[0. 0. 0. 0. 1. 0. 0. 0. 1. 0. 0. 0. 0. 0. 0. 0. 0. 0. 0. 1. 0. 0. 0. 1. 0. 1. 0. 1. 0. 0. 0.],300,100,0.1,0.002,1,9,best,1,best
49,0.017834914064411643,0.017834914064411643,0.0020288736217611244,[0.         0.         0.         0.         0.04617691 0.         0.         0.         0.01341313 0.         0.         0.         0.         0.         0.         0.         0.         0.         0.         0.03208722 0.         0.         0.         0.02764638 0.         0.09847632 0.         0.29917103 0.         0.         0.        ],[0. 0. 0. 0. 1. 0. 0. 0. 1. 0. 0. 0. 0. 0. 0. 0. 0. 0. 0. 1. 0. 0. 0. 1. 0. 1. 0. 1. 0. 0. 0.],300,100,0.1,0.002,1,9,best,1,best
50,0.017561424922983147,0.017561424922983147,0.0020046976855278946,[0.         0.         0.         0.         0.04617691 0.         0.         0.         0.01341313 0.         0.         0.         0.         0.         0.         0.         0.         0.         0.         0.03208722 0.         0.         0.         0.02764638 0.         0.08862869 0.         0.30901867 0.         0.         0.        ],[0. 0. 0. 0. 1. 0. 0. 0. 1. 0. 0. 0. 0. 0. 0. 0. 0. 0. 0. 1. 0. 0. 0. 1. 0. 1. 0. 1. 0. 0. 0.],300,100,0.1,0.002,1,9,best,1,best
51,0.017274793103699643,0.017274793103699643,0.0020073268563761404,[0.         0.         0.         0.         0.04617691 0.         0.         0.         0.01341313 0.         0.         0.         0.         0.         0.         0.         0.         0.         0.         0.03208722 0.         0.         0.         0.02488174 0.         0.09139332 0.         0.30901867 0.         0.         0.        ],[0. 0. 0. 0. 1. 0. 0. 0. 1. 0. 0. 0. 0. 0. 0. 0. 0. 0. 0. 1. 0. 0. 0. 1. 0. 1. 0. 1. 0. 0. 0.],300,100,0.1,0.002,1,9,best,1,best
52,0.017195982316718584,0.017195982316718584,0.00201475183859016,[0.         0.         0.         0.         0.04617691 0.         0.         0.         0.01662186 0.         0.         0.         0.         0.         0.         0.         0.         0.         0.         0.0288785  0.         0.         0.         0.02488174 0.         0.09139332 0.         0.30901867 0.         0.         0.        ],[0. 0. 0. 0. 1. 0. 0. 0. 1. 0. 0. 0. 0. 0. 0. 0. 0. 0. 0. 1. 0. 0. 0. 1. 0. 1. 0. 1. 0. 0. 0.],300,100,0.1,0.002,1,9,best,1,best
53,0.017116919578187107,0.017116919578187107,0.0020214343225827772,[0.         0.         0.         0.         0.04617691 0.         0.         0.         0.0195097  0.         0.         0.         0.         0.         0.         0.         0.         0.         0.         0.02599065 0.         0.         0.         0.02488174 0.         0.09139332 0.         0.30901867 0.         0.         0.        ],[0. 0. 0. 0. 1. 0. 0. 0. 1. 0. 0. 0. 0. 0. 0. 0. 0. 0. 0. 1. 0. 0. 0. 1. 0. 1. 0. 1. 0. 0. 0.],300,100,0.1,0.002,1,9,best,1,best
54,0.01690975600236257,0.01690975600236257,0.002038908770722111,[0.         0.         0.         0.         0.04866509 0.         0.         0.         0.0195097  0.         0.         0.         0.         0.         0.         0.         0.         0.         0.         0.02599065 0.         0.         0.         0.02239357 0.         0.09139332 0.         0.30901867 0.         0.         0.        ],[0. 0. 0. 0. 1. 0. 0. 0. 1. 0. 0. 0. 0. 0. 0. 0. 0. 0. 0. 1. 0. 0. 0. 1. 0. 1. 0. 1. 0. 0. 0.],300,100,0.1,0.002,1,9,best,1,best
55,0.016636623959182254,0.016636623959182254,0.0020164717094547447,[0.         0.         0.         0.         0.04866509 0.         0.         0.         0.0195097  0.         0.         0.         0.         0.         0.         0.         0.         0.         0.         0.02599065 0.         0.         0.         0.02239357 0.         0.08225399 0.         0.318158   0.         0.         0.        ],[0. 0. 0. 0. 1. 0. 0. 0. 1. 0. 0. 0. 0. 0. 0. 0. 0. 0. 0. 1. 0. 0. 0. 1. 0. 1. 0. 1. 0. 0. 0.],300,100,0.1,0.002,1,9,best,1,best
56,0.01632445240606375,0.01632445240606375,0.002010070213228973,[0.         0.         0.         0.         0.04866509 0.         0.         0.         0.0195097  0.         0.         0.         0.         0.         0.         0.         0.         0.         0.         0.02339158 0.         0.         0.         0.02239357 0.         0.08225399 0.         0.32075706 0.         0.         0.        ],[0. 0. 0. 0. 1. 0. 0. 0. 1. 0. 0. 0. 0. 0. 0. 0. 0. 0. 0. 1. 0. 0. 0. 1. 0. 1. 0. 1. 0. 0. 0.],300,100,0.1,0.002,1,9,best,1,best
57,0.01611383188189808,0.01611383188189808,0.0020100514999635143,[0.         0.         0.         0.         0.04866509 0.         0.         0.         0.0195097  0.         0.         0.         0.         0.         0.         0.         0.         0.         0.         0.02105242 0.         0.         0.         0.02239357 0.         0.08459315 0.         0.32075706 0.         0.         0.        ],[0. 0. 0. 0. 1. 0. 0. 0. 1. 0. 0. 0. 0. 0. 0. 0. 0. 0. 0. 1. 0. 0. 0. 1. 0. 1. 0. 1. 0. 0. 0.],300,100,0.1,0.002,1,9,best,1,best
58,0.01592151607514469,0.01592151607514469,0.002010034658024601,[0.         0.         0.         0.         0.04866509 0.         0.         0.         0.0195097  0.         0.         0.         0.         0.         0.         0.         0.         0.         0.         0.01894718 0.         0.         0.         0.02239357 0.         0.08669839 0.         0.32075706 0.         0.         0.        ],[0. 0. 0. 0. 1. 0. 0. 0. 1. 0. 0. 0. 0. 0. 0. 0. 0. 0. 0. 1. 0. 0. 0. 1. 0. 1. 0. 1. 0. 0. 0.],300,100,0.1,0.002,1,9,best,1,best
59,0.015687693299280978,0.015687693299280978,0.0020053679672760137,[0.         0.         0.         0.         0.04866509 0.         0.         0.         0.0195097  0.         0.         0.         0.         0.         0.         0.         0.         0.         0.         0.01705246 0.         0.         0.         0.02239357 0.         0.08669839 0.         0.32265178 0.         0.         0.        ],[0. 0. 0. 0. 1. 0. 0. 0. 1. 0. 0. 0. 0. 0. 0. 0. 0. 0. 0. 1. 0. 0. 0. 1. 0. 1. 0. 1. 0. 0. 0.],300,100,0.1,0.002,1,9,best,1,best
60,0.015459986691255718,0.015459986691255718,0.002007497595663092,[0.         0.         0.         0.         0.04866509 0.         0.         0.         0.0195097  0.         0.         0.         0.         0.         0.         0.         0.         0.         0.         0.01705246 0.         0.         0.         0.02015421 0.         0.08893775 0.         0.32265178 0.         0.         0.        ],[0. 0. 0. 0. 1. 0. 0. 0. 1. 0. 0. 0. 0. 0. 0. 0. 0. 0. 0. 1. 0. 0. 0. 1. 0. 1. 0. 1. 0. 0. 0.],300,100,0.1,0.002,1,9,best,1,best
61,0.01519009228595548,0.01519009228595548,0.002004466402198581,[0.         0.         0.         0.         0.04866509 0.         0.         0.         0.0195097  0.         0.         0.         0.         0.         0.         0.         0.         0.         0.         0.01705246 0.         0.         0.         0.01813879 0.         0.08893775 0.         0.3246672  0.         0.         0.        ],[0. 0. 0. 0. 1. 0. 0. 0. 1. 0. 0. 0. 0. 0. 0. 0. 0. 0. 0. 1. 0. 0. 0. 1. 0. 1. 0. 1. 0. 0. 0.],300,100,0.1,0.002,1,9,best,1,best
62,0.015037454823489175,0.015037454823489175,0.0020172052748921553,[0.         0.         0.         0.         0.05047897 0.         0.         0.         0.0195097  0.         0.         0.         0.         0.         0.         0.         0.         0.         0.         0.01705246 0.         0.         0.         0.01632491 0.         0.08893775 0.         0.3246672  0.         0.         0.        ],[0. 0. 0. 0. 1. 0. 0. 0. 1. 0. 0. 0. 0. 0. 0. 0. 0. 0. 0. 1. 0. 0. 0. 1. 0. 1. 0. 1. 0. 0. 0.],300,100,0.1,0.002,1,9,best,1,best
63,0.014815399126403795,0.014815399126403795,0.0020147500081859017,[0.         0.         0.         0.         0.05047897 0.         0.         0.         0.0195097  0.         0.         0.         0.         0.         0.         0.         0.         0.         0.         0.01705246 0.         0.         0.         0.01469242 0.         0.08893775 0.         0.32629969 0.         0.         0.        ],[0. 0. 0. 0. 1. 0. 0. 0. 1. 0. 0. 0. 0. 0. 0. 0. 0. 0. 0. 1. 0. 0. 0. 1. 0. 1. 0. 1. 0. 0. 0.],300,100,0.1,0.002,1,9,best,1,best
64,0.014660342339391959,0.014660342339391959,0.0020147363662153814,[0.         0.         0.         0.         0.05047897 0.         0.         0.         0.0195097  0.         0.         0.         0.         0.         0.         0.         0.         0.         0.         0.01534722 0.         0.         0.         0.01469242 0.         0.090643   0.         0.32629969 0.         0.         0.        ],[0. 0. 0. 0. 1. 0. 0. 0. 1. 0. 0. 0. 0. 0. 0. 0. 0. 0. 0. 1. 0. 0. 0. 1. 0. 1. 0. 1. 0. 0. 0.],300,100,0.1,0.002,1,9,best,1,best
65,0.014660342339391959,0.014660342339391959,0.0020147363662153814,[0.         0.         0.         0.         0.05047897 0.         0.         0.         0.0195097  0.         0.         0.         0.         0.         0.         0.         0.         0.         0.         0.01534722 0.         0.         0.         0.01469242 0.         0.090643   0.         0.32629969 0.         0.         0.        ],[0. 0. 0. 0. 1. 0. 0. 0. 1. 0. 0. 0. 0. 0. 0. 0. 0. 0. 0. 1. 0. 0. 0. 1. 0. 1. 0. 1. 0. 0. 0.],300,100,0.1,0.002,1,9,best,1,best
66,0.014660342339391959,0.014660342339391959,0.0020147363662153814,[0.         0.         0.         0.         0.05047897 0.         0.         0.         0.0195097  0.         0.         0.         0.         0.         0.         0.         0.         0.         0.         0.01534722 0.         0.         0.         0.01469242 0.         0.090643   0.         0.32629969 0.         0.         0.        ],[0. 0. 0. 0. 1. 0. 0. 0. 1. 0. 0. 0. 0. 0. 0. 0. 0. 0. 0. 1. 0. 0. 0. 1. 0. 1. 0. 1. 0. 0. 0.],300,100,0.1,0.002,1,9,best,1,best
67,0.014459863110770764,0.014459863110770764,0.002012526626179753,[0.         0.         0.         0.         0.05047897 0.         0.         0.         0.0195097  0.         0.         0.         0.         0.         0.         0.         0.         0.         0.         0.01534722 0.         0.         0.         0.01322318 0.         0.090643   0.         0.32776894 0.         0.         0.        ],[0. 0. 0. 0. 1. 0. 0. 0. 1. 0. 0. 0. 0. 0. 0. 0. 0. 0. 0. 1. 0. 0. 0. 1. 0. 1. 0. 1. 0. 0. 0.],300,100,0.1,0.002,1,9,best,1,best
68,0.01427898139029872,0.01427898139029872,0.002003206840162948,[0.         0.         0.         0.         0.05047897 0.         0.         0.         0.01755873 0.         0.         0.         0.         0.         0.         0.         0.         0.         0.         0.01534722 0.         0.         0.         0.01322318 0.         0.090643   0.         0.32971991 0.         0.         0.        ],[0. 0. 0. 0. 1. 0. 0. 0. 1. 0. 0. 0. 0. 0. 0. 0. 0. 0. 0. 1. 0. 0. 0. 1. 0. 1. 0. 1. 0. 0. 0.],300,100,0.1,0.002,1,9,best,1,best
69,0.014220030463635357,0.014220030463635357,0.0020075347864548037,[0.         0.         0.         0.         0.05047897 0.         0.         0.         0.01888105 0.         0.         0.         0.         0.         0.         0.         0.         0.         0.         0.01534722 0.         0.         0.         0.01190086 0.         0.090643   0.         0.32971991 0.         0.         0.        ],[0. 0. 0. 0. 1. 0. 0. 0. 1. 0. 0. 0. 0. 0. 0. 0. 0. 0. 0. 1. 0. 0. 0. 1. 0. 1. 0. 1. 0. 0. 0.],300,100,0.1,0.002,1,9,best,1,best
70,0.014200562771848842,0.014200562771848842,0.002008676078982913,[0.         0.         0.         0.         0.05047897 0.         0.         0.         0.01888105 0.         0.         0.         0.         0.         0.         0.         0.         0.         0.         0.0165373  0.         0.         0.         0.01071077 0.         0.090643   0.         0.32971991 0.         0.         0.        ],[0. 0. 0. 0. 1. 0. 0. 0. 1. 0. 0. 0. 0. 0. 0. 0. 0. 0. 0. 1. 0. 0. 0. 1. 0. 1. 0. 1. 0. 0. 0.],300,100,0.1,0.002,1,9,best,1,best
71,0.01393621089052759,0.01393621089052759,0.0020124152833239416,[0.         0.         0.         0.         0.05047897 0.         0.         0.         0.01888105 0.         0.         0.         0.01       0.         0.         0.         0.         0.         0.         0.0165373  0.         0.         0.         0.         0.         0.090643   0.         0.32971991 0.         0.         0.        ],[0. 0. 0. 0. 1. 0. 0. 0. 1. 0. 0. 0. 1. 0. 0. 0. 0. 0. 0. 1. 0. 0. 0. 0. 0. 1. 0. 1. 0. 0. 0.],300,100,0.1,0.002,1,9,best,1,best
72,0.01393621089052759,0.01393621089052759,0.0020124152833239416,[0.         0.         0.         0.         0.05047897 0.         0.         0.         0.01888105 0.         0.         0.         0.01       0.         0.         0.         0.         0.         0.         0.0165373  0.         0.         0.         0.         0.         0.090643   0.         0.32971991 0.         0.         0.        ],[0. 0. 0. 0. 1. 0. 0. 0. 1. 0. 0. 0. 1. 0. 0. 0. 0. 0. 0. 1. 0. 0. 0. 0. 0. 1. 0. 1. 0. 0. 0.],300,100,0.1,0.002,1,9,best,1,best
73,0.013738422045400885,0.013738422045400885,0.002008342145621889,[0.         0.         0.         0.         0.05047897 0.         0.         0.         0.01888105 0.         0.         0.         0.01       0.         0.         0.         0.         0.         0.         0.01488357 0.         0.         0.         0.         0.         0.090643   0.         0.33137364 0.         0.         0.        ],[0. 0. 0. 0. 1. 0. 0. 0. 1. 0. 0. 0. 1. 0. 0. 0. 0. 0. 0. 1. 0. 0. 0. 0. 0. 1. 0. 1. 0. 0. 0.],300,100,0.1,0.002,1,9,best,1,best
74,0.013559047075012199,0.013559047075012199,0.0020046763216900417,[0.         0.         0.         0.         0.05047897 0.         0.         0.         0.01888105 0.         0.         0.         0.01       0.         0.         0.         0.         0.         0.         0.01339522 0.         0.         0.         0.         0.         0.090643   0.         0.33286199 0.         0.         0.        ],[0. 0. 0. 0. 1. 0. 0. 0. 1. 0. 0. 0. 1. 0. 0. 0. 0. 0. 0. 1. 0. 0. 0. 0. 0. 1. 0. 1. 0. 0. 0.],300,100,0.1,0.002,1,9,best,1,best
75,0.013559047075012199,0.013559047075012199,0.0020046763216900417,[0.         0.         0.         0.         0.05047897 0.         0.         0.         0.01888105 0.         0.         0.         0.01       0.         0.         0.         0.         0.         0.         0.01339522 0.         0.         0.         0.         0.         0.090643   0.         0.33286199 0.         0.         0.        ],[0. 0. 0. 0. 1. 0. 0. 0. 1. 0. 0. 0. 1. 0. 0. 0. 0. 0. 0. 1. 0. 0. 0. 0. 0. 1. 0. 1. 0. 0. 0.],300,100,0.1,0.002,1,9,best,1,best
76,0.013444833642914341,0.013444833642914341,0.0020002921413635744,[0.         0.         0.         0.         0.05047897 0.         0.         0.         0.01699295 0.         0.         0.         0.01       0.         0.         0.         0.         0.         0.         0.01339522 0.         0.         0.         0.         0.         0.0925311  0.         0.33286199 0.         0.         0.        ],[0. 0. 0. 0. 1. 0. 0. 0. 1. 0. 0. 0. 1. 0. 0. 0. 0. 0. 0. 1. 0. 0. 0. 0. 0. 1. 0. 1. 0. 0. 0.],300,100,0.1,0.002,1,9,best,1,best
77,0.013200575807022205,0.013200575807022205,0.0020083421413635743,[0.         0.         0.         0.         0.05047897 0.         0.         0.         0.01699295 0.         0.         0.         0.         0.         0.         0.         0.         0.         0.01       0.01339522 0.         0.         0.         0.         0.         0.0925311  0.         0.33286199 0.         0.         0.        ],[0. 0. 0. 0. 1. 0. 0. 0. 1. 0. 0. 0. 0. 0. 0. 0. 0. 0. 1. 1. 0. 0. 0. 0. 0. 1. 0. 1. 0. 0. 0.],300,100,0.1,0.002,1,9,best,1,best
78,0.013096784054314692,0.013096784054314692,0.002004396379069754,[0.         0.         0.         0.         0.05047897 0.         0.         0.         0.01529365 0.         0.         0.         0.         0.         0.         0.         0.         0.         0.01       0.01339522 0.         0.         0.         0.         0.         0.0942304  0.         0.33286199 0.         0.         0.        ],[0. 0. 0. 0. 1. 0. 0. 0. 1. 0. 0. 0. 0. 0. 0. 0. 0. 0. 1. 1. 0. 0. 0. 0. 0. 1. 0. 1. 0. 0. 0.],300,100,0.1,0.002,1,9,best,1,best
79,0.013096784054314692,0.013096784054314692,0.002004396379069754,[0.         0.         0.         0.         0.05047897 0.         0.         0.         0.01529365 0.         0.         0.         0.         0.         0.         0.         0.         0.         0.01       0.01339522 0.         0.         0.         0.         0.         0.0942304  0.         0.33286199 0.         0.         0.        ],[0. 0. 0. 0. 1. 0. 0. 0. 1. 0. 0. 0. 0. 0. 0. 0. 0. 0. 1. 1. 0. 0. 0. 0. 0. 1. 0. 1. 0. 0. 0.],300,100,0.1,0.002,1,9,best,1,best
80,0.013096784054314692,0.013096784054314692,0.002004396379069754,[0.         0.         0.         0.         0.05047897 0.         0.         0.         0.01529365 0.         0.         0.         0.         0.         0.         0.         0.         0.         0.01       0.01339522 0.         0.         0.         0.         0.         0.0942304  0.         0.33286199 0.         0.         0.        ],[0. 0. 0. 0. 1. 0. 0. 0. 1. 0. 0. 0. 0. 0. 0. 0. 0. 0. 1. 1. 0. 0. 0. 0. 0. 1. 0. 1. 0. 0. 0.],300,100,0.1,0.002,1,9,best,1,best
81,0.013002455406302276,0.013002455406302276,0.0020008451930053155,[0.         0.         0.         0.         0.05047897 0.         0.         0.         0.01376429 0.         0.         0.         0.         0.         0.         0.         0.         0.         0.01       0.01339522 0.         0.         0.         0.         0.         0.09575976 0.         0.33286199 0.         0.         0.        ],[0. 0. 0. 0. 1. 0. 0. 0. 1. 0. 0. 0. 0. 0. 0. 0. 0. 0. 1. 1. 0. 0. 0. 0. 0. 1. 0. 1. 0. 0. 0.],300,100,0.1,0.002,1,9,best,1,best
82,0.012975729520705453,0.012975729520705453,0.002001505577121662,[0.         0.         0.         0.         0.05047897 0.         0.         0.         0.01376429 0.         0.         0.         0.         0.         0.         0.         0.         0.         0.01133952 0.01205569 0.         0.         0.         0.         0.         0.09575976 0.         0.33286199 0.         0.         0.        ],[0. 0. 0. 0. 1. 0. 0. 0. 1. 0. 0. 0. 0. 0. 0. 0. 0. 0. 1. 1. 0. 0. 0. 0. 0. 1. 0. 1. 0. 0. 0.],300,100,0.1,0.002,1,9,best,1,best
83,0.01294264050469238,0.01294264050469238,0.002004295264668726,[0.         0.         0.         0.         0.05047897 0.         0.         0.         0.01496986 0.         0.         0.         0.         0.         0.         0.         0.         0.         0.01133952 0.01085012 0.         0.         0.         0.         0.         0.09575976 0.         0.33286199 0.         0.         0.        ],[0. 0. 0. 0. 1. 0. 0. 0. 1. 0. 0. 0. 0. 0. 0. 0. 0. 0. 1. 1. 0. 0. 0. 0. 0. 1. 0. 1. 0. 0. 0.],300,100,0.1,0.002,1,9,best,1,best
84,0.012865004862059028,0.012865004862059028,0.0020037271546398637,[0.         0.         0.         0.         0.05047897 0.         0.         0.         0.01496986 0.         0.         0.         0.         0.         0.         0.         0.         0.         0.01020557 0.01085012 0.         0.         0.         0.         0.         0.09689371 0.         0.33286199 0.         0.         0.        ],[0. 0. 0. 0. 1. 0. 0. 0. 1. 0. 0. 0. 0. 0. 0. 0. 0. 0. 1. 1. 0. 0. 0. 0. 0. 1. 0. 1. 0. 0. 0.],300,100,0.1,0.002,1,9,best,1,best
85,0.012806027831610261,0.012806027831610261,0.0020093408508094464,[0.         0.         0.         0.         0.05197595 0.         0.         0.         0.01347287 0.         0.         0.         0.         0.         0.         0.         0.         0.         0.01020557 0.01085012 0.         0.         0.         0.         0.         0.09689371 0.         0.33286199 0.         0.         0.        ],[0. 0. 0. 0. 1. 0. 0. 0. 1. 0. 0. 0. 0. 0. 0. 0. 0. 0. 1. 1. 0. 0. 0. 0. 0. 1. 0. 1. 0. 0. 0.],300,100,0.1,0.002,1,9,best,1,best
86,0.012806027831610261,0.012806027831610261,0.0020093408508094464,[0.         0.         0.         0.         0.05197595 0.         0.         0.         0.01347287 0.         0.         0.         0.         0.         0.         0.         0.         0.         0.01020557 0.01085012 0.         0.         0.         0.         0.         0.09689371 0.         0.33286199 0.         0.         0.        ],[0. 0. 0. 0. 1. 0. 0. 0. 1. 0. 0. 0. 0. 0. 0. 0. 0. 0. 1. 1. 0. 0. 0. 0. 0. 1. 0. 1. 0. 0. 0.],300,100,0.1,0.002,1,9,best,1,best
87,0.012677790448497595,0.012677790448497595,0.0020029048604249438,[0.         0.         0.         0.         0.05197595 0.         0.         0.         0.01212558 0.         0.         0.         0.         0.         0.         0.         0.         0.         0.01020557 0.01085012 0.         0.         0.         0.         0.         0.09689371 0.         0.33420928 0.         0.         0.        ],[0. 0. 0. 0. 1. 0. 0. 0. 1. 0. 0. 0. 0. 0. 0. 0. 0. 0. 1. 1. 0. 0. 0. 0. 0. 1. 0. 1. 0. 0. 0.],300,100,0.1,0.002,1,9,best,1,best
88,0.012677790448497595,0.012677790448497595,0.0020029048604249438,[0.         0.         0.         0.         0.05197595 0.         0.         0.         0.01212558 0.         0.         0.         0.         0.         0.         0.         0.         0.         0.01020557 0.01085012 0.         0.         0.         0.         0.         0.09689371 0.         0.33420928 0.         0.         0.        ],[0. 0. 0. 0. 1. 0. 0. 0. 1. 0. 0. 0. 0. 0. 0. 0. 0. 0. 1. 1. 0. 0. 0. 0. 0. 1. 0. 1. 0. 0. 0.],300,100,0.1,0.002,1,9,best,1,best
89,0.012628330962482868,0.012628330962482868,0.0020074519543223056,[0.         0.         0.         0.         0.05318851 0.         0.         0.         0.01091303 0.         0.         0.         0.         0.         0.         0.         0.         0.         0.01020557 0.01085012 0.         0.         0.         0.         0.         0.09689371 0.         0.33420928 0.         0.         0.        ],[0. 0. 0. 0. 1. 0. 0. 0. 1. 0. 0. 0. 0. 0. 0. 0. 0. 0. 1. 1. 0. 0. 0. 0. 0. 1. 0. 1. 0. 0. 0.],300,100,0.1,0.002,1,9,best,1,best
90,0.012533532077023516,0.012533532077023516,0.0020002505069493183,[0.         0.         0.         0.         0.05318851 0.         0.         0.         0.01091303 0.         0.         0.         0.01       0.         0.         0.         0.         0.         0.01020557 0.         0.         0.         0.         0.         0.         0.09689371 0.         0.33420928 0.         0.         0.        ],[0. 0. 0. 0. 1. 0. 0. 0. 1. 0. 0. 0. 1. 0. 0. 0. 0. 0. 1. 0. 0. 0. 0. 0. 0. 1. 0. 1. 0. 0. 0.],300,100,0.1,0.002,1,9,best,1,best
91,0.012533532077023516,0.012533532077023516,0.0020002505069493183,[0.         0.         0.         0.         0.05318851 0.         0.         0.         0.01091303 0.         0.         0.         0.01       0.         0.         0.         0.         0.         0.01020557 0.         0.         0.         0.         0.         0.         0.09689371 0.         0.33420928 0.         0.         0.        ],[0. 0. 0. 0. 1. 0. 0. 0. 1. 0. 0. 0. 1. 0. 0. 0. 0. 0. 1. 0. 0. 0. 0. 0. 0. 1. 0. 1. 0. 0. 0.],300,100,0.1,0.002,1,9,best,1,best
92,0.01249860984030919,0.01249860984030919,0.0020033705069493184,[0.         0.         0.         0.         0.05318851 0.         0.         0.         0.01091303 0.         0.         0.         0.         0.         0.         0.         0.         0.         0.01020557 0.01       0.         0.         0.         0.         0.         0.09689371 0.         0.33420928 0.         0.         0.        ],[0. 0. 0. 0. 1. 0. 0. 0. 1. 0. 0. 0. 0. 0. 0. 0. 0. 0. 1. 1. 0. 0. 0. 0. 0. 1. 0. 1. 0. 0. 0.],300,100,0.1,0.002,1,9,best,1,best
93,0.01249860984030919,0.01249860984030919,0.0020033705069493184,[0.         0.         0.         0.         0.05318851 0.         0.         0.         0.01091303 0.         0.         0.         0.         0.         0.         0.         0.         0.         0.01020557 0.01       0.         0.         0.         0.         0.         0.09689371 0.         0.33420928 0.         0.         0.        ],[0. 0. 0. 0. 1. 0. 0. 0. 1. 0. 0. 0. 0. 0. 0. 0. 0. 0. 1. 1. 0. 0. 0. 0. 0. 1. 0. 1. 0. 0. 0.],300,100,0.1,0.002,1,9,best,1,best
94,0.01249860984030919,0.01249860984030919,0.0020033705069493184,[0.         0.         0.         0.         0.05318851 0.         0.         0.         0.01091303 0.         0.         0.         0.         0.         0.         0.         0.         0.         0.01020557 0.01       0.         0.         0.         0.         0.         0.09689371 0.         0.33420928 0.         0.         0.        ],[0. 0. 0. 0. 1. 0. 0. 0. 1. 0. 0. 0. 0. 0. 0. 0. 0. 0. 1. 1. 0. 0. 0. 0. 0. 1. 0. 1. 0. 0. 0.],300,100,0.1,0.002,1,9,best,1,best
95,0.01249860984030919,0.01249860984030919,0.0020033705069493184,[0.         0.         0.         0.         0.05318851 0.         0.         0.         0.01091303 0.         0.         0.         0.         0.         0.         0.         0.         0.         0.01020557 0.01       0.         0.         0.         0.         0.         0.09689371 0.         0.33420928 0.         0.         0.        ],[0. 0. 0. 0. 1. 0. 0. 0. 1. 0. 0. 0. 0. 0. 0. 0. 0. 0. 1. 1. 0. 0. 0. 0. 0. 1. 0. 1. 0. 0. 0.],300,100,0.1,0.002,1,9,best,1,best
96,0.01249860984030919,0.01249860984030919,0.0020033705069493184,[0.         0.         0.         0.         0.05318851 0.         0.         0.         0.01091303 0.         0.         0.         0.         0.         0.         0.         0.         0.         0.01020557 0.01       0.         0.         0.         0.         0.         0.09689371 0.         0.33420928 0.         0.         0.        ],[0. 0. 0. 0. 1. 0. 0. 0. 1. 0. 0. 0. 0. 0. 0. 0. 0. 0. 1. 1. 0. 0. 0. 0. 0. 1. 0. 1. 0. 0. 0.],300,100,0.1,0.002,1,9,best,1,best
97,0.01249860984030919,0.01249860984030919,0.0020033705069493184,[0.         0.         0.         0.         0.05318851 0.         0.         0.         0.01091303 0.         0.         0.         0.         0.         0.         0.         0.         0.         0.01020557 0.01       0.         0.         0.         0.         0.         0.09689371 0.         0.33420928 0.         0.         0.        ],[0. 0. 0. 0. 1. 0. 0. 0. 1. 0. 0. 0. 0. 0. 0. 0. 0. 0. 1. 1. 0. 0. 0. 0. 0. 1. 0. 1. 0. 0. 0.],300,100,0.1,0.002,1,9,best,1,best
98,0.01249860984030919,0.01249860984030919,0.0020033705069493184,[0.         0.         0.         0.         0.05318851 0.         0.         0.         0.01091303 0.         0.         0.         0.         0.         0.         0.         0.         0.         0.01020557 0.01       0.         0.         0.         0.         0.         0.09689371 0.         0.33420928 0.         0.         0.        ],[0. 0. 0. 0. 1. 0. 0. 0. 1. 0. 0. 0. 0. 0. 0. 0. 0. 0. 1. 1. 0. 0. 0. 0. 0. 1. 0. 1. 0. 0. 0.],300,100,0.1,0.002,1,9,best,1,best
99,0.01249860984030919,0.01249860984030919,0.0020033705069493184,[0.         0.         0.         0.         0.05318851 0.         0.         0.         0.01091303 0.         0.         0.         0.         0.         0.         0.         0.         0.         0.01020557 0.01       0.         0.         0.         0.         0.         0.09689371 0.         0.33420928 0.         0.         0.        ],[0. 0. 0. 0. 1. 0. 0. 0. 1. 0. 0. 0. 0. 0. 0. 0. 0. 0. 1. 1. 0. 0. 0. 0. 0. 1. 0. 1. 0. 0. 0.],300,100,0.1,0.002,1,9,best,1,best
100,0.01249860984030919,0.01249860984030919,0.0020033705069493184,[0.         0.         0.         0.         0.05318851 0.         0.         0.         0.01091303 0.         0.         0.         0.         0.         0.         0.         0.         0.         0.01020557 0.01       0.         0.         0.         0.         0.         0.09689371 0.         0.33420928 0.         0.         0.        ],[0. 0. 0. 0. 1. 0. 0. 0. 1. 0. 0. 0. 0. 0. 0. 0. 0. 0. 1. 1. 0. 0. 0. 0. 0. 1. 0. 1. 0. 0. 0.],300,100,0.1,0.002,1,9,best,1,best
101,0.01249860984030919,0.01249860984030919,0.0020033705069493184,[0.         0.         0.         0.         0.05318851 0.         0.         0.         0.01091303 0.         0.         0.         0.         0.         0.         0.         0.         0.         0.01020557 0.01       0.         0.         0.         0.         0.         0.09689371 0.         0.33420928 0.         0.         0.        ],[0. 0. 0. 0. 1. 0. 0. 0. 1. 0. 0. 0. 0. 0. 0. 0. 0. 0. 1. 1. 0. 0. 0. 0. 0. 1. 0. 1. 0. 0. 0.],300,100,0.1,0.002,1,9,best,1,best
102,0.01249860984030919,0.01249860984030919,0.0020033705069493184,[0.         0.         0.         0.         0.05318851 0.         0.         0.         0.01091303 0.         0.         0.         0.         0.         0.         0.         0.         0.         0.01020557 0.01       0.         0.         0.         0.         0.         0.09689371 0.         0.33420928 0.         0.         0.        ],[0. 0. 0. 0. 1. 0. 0. 0. 1. 0. 0. 0. 0. 0. 0. 0. 0. 0. 1. 1. 0. 0. 0. 0. 0. 1. 0. 1. 0. 0. 0.],300,100,0.1,0.002,1,9,best,1,best
103,0.01249860984030919,0.01249860984030919,0.0020033705069493184,[0.         0.         0.         0.         0.05318851 0.         0.         0.         0.01091303 0.         0.         0.         0.         0.         0.         0.         0.         0.         0.01020557 0.01       0.         0.         0.         0.         0.         0.09689371 0.         0.33420928 0.         0.         0.        ],[0. 0. 0. 0. 1. 0. 0. 0. 1. 0. 0. 0. 0. 0. 0. 0. 0. 0. 1. 1. 0. 0. 0. 0. 0. 1. 0. 1. 0. 0. 0.],300,100,0.1,0.002,1,9,best,1,best
104,0.01249860984030919,0.01249860984030919,0.0020033705069493184,[0.         0.         0.         0.         0.05318851 0.         0.         0.         0.01091303 0.         0.         0.         0.         0.         0.         0.         0.         0.         0.01020557 0.01       0.         0.         0.         0.         0.         0.09689371 0.         0.33420928 0.         0.         0.        ],[0. 0. 0. 0. 1. 0. 0. 0. 1. 0. 0. 0. 0. 0. 0. 0. 0. 0. 1. 1. 0. 0. 0. 0. 0. 1. 0. 1. 0. 0. 0.],300,100,0.1,0.002,1,9,best,1,best
105,0.01249860984030919,0.01249860984030919,0.0020033705069493184,[0.         0.         0.         0.         0.05318851 0.         0.         0.         0.01091303 0.         0.         0.         0.         0.         0.         0.         0.         0.         0.01020557 0.01       0.         0.         0.         0.         0.         0.09689371 0.         0.33420928 0.         0.         0.        ],[0. 0. 0. 0. 1. 0. 0. 0. 1. 0. 0. 0. 0. 0. 0. 0. 0. 0. 1. 1. 0. 0. 0. 0. 0. 1. 0. 1. 0. 0. 0.],300,100,0.1,0.002,1,9,best,1,best
106,0.01249860984030919,0.01249860984030919,0.0020033705069493184,[0.         0.         0.         0.         0.05318851 0.         0.         0.         0.01091303 0.         0.         0.         0.         0.         0.         0.         0.         0.         0.01020557 0.01       0.         0.         0.         0.         0.         0.09689371 0.         0.33420928 0.         0.         0.        ],[0. 0. 0. 0. 1. 0. 0. 0. 1. 0. 0. 0. 0. 0. 0. 0. 0. 0. 1. 1. 0. 0. 0. 0. 0. 1. 0. 1. 0. 0. 0.],300,100,0.1,0.002,1,9,best,1,best
107,0.01249860984030919,0.01249860984030919,0.0020033705069493184,[0.         0.         0.         0.         0.05318851 0.         0.         0.         0.01091303 0.         0.         0.         0.         0.         0.         0.         0.         0.         0.01020557 0.01       0.         0.         0.         0.         0.         0.09689371 0.         0.33420928 0.         0.         0.        ],[0. 0. 0. 0. 1. 0. 0. 0. 1. 0. 0. 0. 0. 0. 0. 0. 0. 0. 1. 1. 0. 0. 0. 0. 0. 1. 0. 1. 0. 0. 0.],300,100,0.1,0.002,1,9,best,1,best
108,0.01249860984030919,0.01249860984030919,0.0020033705069493184,[0.         0.         0.         0.         0.05318851 0.         0.         0.         0.01091303 0.         0.         0.         0.         0.         0.         0.         0.         0.         0.01020557 0.01       0.         0.         0.         0.         0.         0.09689371 0.         0.33420928 0.         0.         0.        ],[0. 0. 0. 0. 1. 0. 0. 0. 1. 0. 0. 0. 0. 0. 0. 0. 0. 0. 1. 1. 0. 0. 0. 0. 0. 1. 0. 1. 0. 0. 0.],300,100,0.1,0.002,1,9,best,1,best
109,0.01249860984030919,0.01249860984030919,0.0020033705069493184,[0.         0.         0.         0.         0.05318851 0.         0.         0.         0.01091303 0.         0.         0.         0.         0.         0.         0.         0.         0.         0.01020557 0.01       0.         0.         0.         0.         0.         0.09689371 0.         0.33420928 0.         0.         0.        ],[0. 0. 0. 0. 1. 0. 0. 0. 1. 0. 0. 0. 0. 0. 0. 0. 0. 0. 1. 1. 0. 0. 0. 0. 0. 1. 0. 1. 0. 0. 0.],300,100,0.1,0.002,1,9,best,1,best
110,0.01249860984030919,0.01249860984030919,0.0020033705069493184,[0.         0.         0.         0.         0.05318851 0.         0.         0.         0.01091303 0.         0.         0.         0.         0.         0.         0.         0.         0.         0.01020557 0.01       0.         0.         0.         0.         0.         0.09689371 0.         0.33420928 0.         0.         0.        ],[0. 0. 0. 0. 1. 0. 0. 0. 1. 0. 0. 0. 0. 0. 0. 0. 0. 0. 1. 1. 0. 0. 0. 0. 0. 1. 0. 1. 0. 0. 0.],300,100,0.1,0.002,1,9,best,1,best
111,0.01249860984030919,0.01249860984030919,0.0020033705069493184,[0.         0.         0.         0.         0.05318851 0.         0.         0.         0.01091303 0.         0.         0.         0.         0.         0.         0.         0.         0.         0.01020557 0.01       0.         0.         0.         0.         0.         0.09689371 0.         0.33420928 0.         0.         0.        ],[0. 0. 0. 0. 1. 0. 0. 0. 1. 0. 0. 0. 0. 0. 0. 0. 0. 0. 1. 1. 0. 0. 0. 0. 0. 1. 0. 1. 0. 0. 0.],300,100,0.1,0.002,1,9,best,1,best
112,0.01249860984030919,0.01249860984030919,0.0020033705069493184,[0.         0.         0.         0.         0.05318851 0.         0.         0.         0.01091303 0.         0.         0.         0.         0.         0.         0.         0.         0.         0.01020557 0.01       0.         0.         0.         0.         0.         0.09689371 0.         0.33420928 0.         0.         0.        ],[0. 0. 0. 0. 1. 0. 0. 0. 1. 0. 0. 0. 0. 0. 0. 0. 0. 0. 1. 1. 0. 0. 0. 0. 0. 1. 0. 1. 0. 0. 0.],300,100,0.1,0.002,1,9,best,1,best
113,0.01249860984030919,0.01249860984030919,0.0020033705069493184,[0.         0.         0.         0.         0.05318851 0.         0.         0.         0.01091303 0.         0.         0.         0.         0.         0.         0.         0.         0.         0.01020557 0.01       0.         0.         0.         0.         0.         0.09689371 0.         0.33420928 0.         0.         0.        ],[0. 0. 0. 0. 1. 0. 0. 0. 1. 0. 0. 0. 0. 0. 0. 0. 0. 0. 1. 1. 0. 0. 0. 0. 0. 1. 0. 1. 0. 0. 0.],300,100,0.1,0.002,1,9,best,1,best
114,0.01249860984030919,0.01249860984030919,0.0020033705069493184,[0.         0.         0.         0.         0.05318851 0.         0.         0.         0.01091303 0.         0.         0.         0.         0.         0.         0.         0.         0.         0.01020557 0.01       0.         0.         0.         0.         0.         0.09689371 0.         0.33420928 0.         0.         0.        ],[0. 0. 0. 0. 1. 0. 0. 0. 1. 0. 0. 0. 0. 0. 0. 0. 0. 0. 1. 1. 0. 0. 0. 0. 0. 1. 0. 1. 0. 0. 0.],300,100,0.1,0.002,1,9,best,1,best
115,0.01249860984030919,0.01249860984030919,0.0020033705069493184,[0.         0.         0.         0.         0.05318851 0.         0.         0.         0.01091303 0.         0.         0.         0.         0.         0.         0.         0.         0.         0.01020557 0.01       0.         0.         0.         0.         0.         0.09689371 0.         0.33420928 0.         0.         0.        ],[0. 0. 0. 0. 1. 0. 0. 0. 1. 0. 0. 0. 0. 0. 0. 0. 0. 0. 1. 1. 0. 0. 0. 0. 0. 1. 0. 1. 0. 0. 0.],300,100,0.1,0.002,1,9,best,1,best
116,0.01249860984030919,0.01249860984030919,0.0020033705069493184,[0.         0.         0.         0.         0.05318851 0.         0.         0.         0.01091303 0.         0.         0.         0.         0.         0.         0.         0.         0.         0.01020557 0.01       0.         0.         0.         0.         0.         0.09689371 0.         0.33420928 0.         0.         0.        ],[0. 0. 0. 0. 1. 0. 0. 0. 1. 0. 0. 0. 0. 0. 0. 0. 0. 0. 1. 1. 0. 0. 0. 0. 0. 1. 0. 1. 0. 0. 0.],300,100,0.1,0.002,1,9,best,1,best
117,0.01249860984030919,0.01249860984030919,0.0020033705069493184,[0.         0.         0.         0.         0.05318851 0.         0.         0.         0.01091303 0.         0.         0.         0.         0.         0.         0.         0.         0.         0.01020557 0.01       0.         0.         0.         0.         0.         0.09689371 0.         0.33420928 0.         0.         0.        ],[0. 0. 0. 0. 1. 0. 0. 0. 1. 0. 0. 0. 0. 0. 0. 0. 0. 0. 1. 1. 0. 0. 0. 0. 0. 1. 0. 1. 0. 0. 0.],300,100,0.1,0.002,1,9,best,1,best
118,0.01249860984030919,0.01249860984030919,0.0020033705069493184,[0.         0.         0.         0.         0.05318851 0.         0.         0.         0.01091303 0.         0.         0.         0.         0.         0.         0.         0.         0.         0.01020557 0.01       0.         0.         0.         0.         0.         0.09689371 0.         0.33420928 0.         0.         0.        ],[0. 0. 0. 0. 1. 0. 0. 0. 1. 0. 0. 0. 0. 0. 0. 0. 0. 0. 1. 1. 0. 0. 0. 0. 0. 1. 0. 1. 0. 0. 0.],300,100,0.1,0.002,1,9,best,1,best
119,0.01249860984030919,0.01249860984030919,0.0020033705069493184,[0.         0.         0.         0.         0.05318851 0.         0.         0.         0.01091303 0.         0.         0.         0.         0.         0.         0.         0.         0.         0.01020557 0.01       0.         0.         0.         0.         0.         0.09689371 0.         0.33420928 0.         0.         0.        ],[0. 0. 0. 0. 1. 0. 0. 0. 1. 0. 0. 0. 0. 0. 0. 0. 0. 0. 1. 1. 0. 0. 0. 0. 0. 1. 0. 1. 0. 0. 0.],300,100,0.1,0.002,1,9,best,1,best
120,0.01249860984030919,0.01249860984030919,0.0020033705069493184,[0.         0.         0.         0.         0.05318851 0.         0.         0.         0.01091303 0.         0.         0.         0.         0.         0.         0.         0.         0.         0.01020557 0.01       0.         0.         0.         0.         0.         0.09689371 0.         0.33420928 0.         0.         0.        ],[0. 0. 0. 0. 1. 0. 0. 0. 1. 0. 0. 0. 0. 0. 0. 0. 0. 0. 1. 1. 0. 0. 0. 0. 0. 1. 0. 1. 0. 0. 0.],300,100,0.1,0.002,1,9,best,1,best
121,0.01249860984030919,0.01249860984030919,0.0020033705069493184,[0.         0.         0.         0.         0.05318851 0.         0.         0.         0.01091303 0.         0.         0.         0.         0.         0.         0.         0.         0.         0.01020557 0.01       0.         0.         0.         0.         0.         0.09689371 0.         0.33420928 0.         0.         0.        ],[0. 0. 0. 0. 1. 0. 0. 0. 1. 0. 0. 0. 0. 0. 0. 0. 0. 0. 1. 1. 0. 0. 0. 0. 0. 1. 0. 1. 0. 0. 0.],300,100,0.1,0.002,1,9,best,1,best
122,0.01249860984030919,0.01249860984030919,0.0020033705069493184,[0.         0.         0.         0.         0.05318851 0.         0.         0.         0.01091303 0.         0.         0.         0.         0.         0.         0.         0.         0.         0.01020557 0.01       0.         0.         0.         0.         0.         0.09689371 0.         0.33420928 0.         0.         0.        ],[0. 0. 0. 0. 1. 0. 0. 0. 1. 0. 0. 0. 0. 0. 0. 0. 0. 0. 1. 1. 0. 0. 0. 0. 0. 1. 0. 1. 0. 0. 0.],300,100,0.1,0.002,1,9,best,1,best
123,0.01249860984030919,0.01249860984030919,0.0020033705069493184,[0.         0.         0.         0.         0.05318851 0.         0.         0.         0.01091303 0.         0.         0.         0.         0.         0.         0.         0.         0.         0.01020557 0.01       0.         0.         0.         0.         0.         0.09689371 0.         0.33420928 0.         0.         0.        ],[0. 0. 0. 0. 1. 0. 0. 0. 1. 0. 0. 0. 0. 0. 0. 0. 0. 0. 1. 1. 0. 0. 0. 0. 0. 1. 0. 1. 0. 0. 0.],300,100,0.1,0.002,1,9,best,1,best
124,0.01249860984030919,0.01249860984030919,0.0020033705069493184,[0.         0.         0.         0.         0.05318851 0.         0.         0.         0.01091303 0.         0.         0.         0.         0.         0.         0.         0.         0.         0.01020557 0.01       0.         0.         0.         0.         0.         0.09689371 0.         0.33420928 0.         0.         0.        ],[0. 0. 0. 0. 1. 0. 0. 0. 1. 0. 0. 0. 0. 0. 0. 0. 0. 0. 1. 1. 0. 0. 0. 0. 0. 1. 0. 1. 0. 0. 0.],300,100,0.1,0.002,1,9,best,1,best
125,0.01249860984030919,0.01249860984030919,0.0020033705069493184,[0.         0.         0.         0.         0.05318851 0.         0.         0.         0.01091303 0.         0.         0.         0.         0.         0.         0.         0.         0.         0.01020557 0.01       0.         0.         0.         0.         0.         0.09689371 0.         0.33420928 0.         0.         0.        ],[0. 0. 0. 0. 1. 0. 0. 0. 1. 0. 0. 0. 0. 0. 0. 0. 0. 0. 1. 1. 0. 0. 0. 0. 0. 1. 0. 1. 0. 0. 0.],300,100,0.1,0.002,1,9,best,1,best
126,0.01249860984030919,0.01249860984030919,0.0020033705069493184,[0.         0.         0.         0.         0.05318851 0.         0.         0.         0.01091303 0.         0.         0.         0.         0.         0.         0.         0.         0.         0.01020557 0.01       0.         0.         0.         0.         0.         0.09689371 0.         0.33420928 0.         0.         0.        ],[0. 0. 0. 0. 1. 0. 0. 0. 1. 0. 0. 0. 0. 0. 0. 0. 0. 0. 1. 1. 0. 0. 0. 0. 0. 1. 0. 1. 0. 0. 0.],300,100,0.1,0.002,1,9,best,1,best
127,0.01249860984030919,0.01249860984030919,0.0020033705069493184,[0.         0.         0.         0.         0.05318851 0.         0.         0.         0.01091303 0.         0.         0.         0.         0.         0.         0.         0.         0.         0.01020557 0.01       0.         0.         0.         0.         0.         0.09689371 0.         0.33420928 0.         0.         0.        ],[0. 0. 0. 0. 1. 0. 0. 0. 1. 0. 0. 0. 0. 0. 0. 0. 0. 0. 1. 1. 0. 0. 0. 0. 0. 1. 0. 1. 0. 0. 0.],300,100,0.1,0.002,1,9,best,1,best
128,0.01249860984030919,0.01249860984030919,0.0020033705069493184,[0.         0.         0.         0.         0.05318851 0.         0.         0.         0.01091303 0.         0.         0.         0.         0.         0.         0.         0.         0.         0.01020557 0.01       0.         0.         0.         0.         0.         0.09689371 0.         0.33420928 0.         0.         0.        ],[0. 0. 0. 0. 1. 0. 0. 0. 1. 0. 0. 0. 0. 0. 0. 0. 0. 0. 1. 1. 0. 0. 0. 0. 0. 1. 0. 1. 0. 0. 0.],300,100,0.1,0.002,1,9,best,1,best
129,0.01249860984030919,0.01249860984030919,0.0020033705069493184,[0.         0.         0.         0.         0.05318851 0.         0.         0.         0.01091303 0.         0.         0.         0.         0.         0.         0.         0.         0.         0.01020557 0.01       0.         0.         0.         0.         0.         0.09689371 0.         0.33420928 0.         0.         0.        ],[0. 0. 0. 0. 1. 0. 0. 0. 1. 0. 0. 0. 0. 0. 0. 0. 0. 0. 1. 1. 0. 0. 0. 0. 0. 1. 0. 1. 0. 0. 0.],300,100,0.1,0.002,1,9,best,1,best
130,0.01249860984030919,0.01249860984030919,0.0020033705069493184,[0.         0.         0.         0.         0.05318851 0.         0.         0.         0.01091303 0.         0.         0.         0.         0.         0.         0.         0.         0.         0.01020557 0.01       0.         0.         0.         0.         0.         0.09689371 0.         0.33420928 0.         0.         0.        ],[0. 0. 0. 0. 1. 0. 0. 0. 1. 0. 0. 0. 0. 0. 0. 0. 0. 0. 1. 1. 0. 0. 0. 0. 0. 1. 0. 1. 0. 0. 0.],300,100,0.1,0.002,1,9,best,1,best
131,0.01249860984030919,0.01249860984030919,0.0020033705069493184,[0.         0.         0.         0.         0.05318851 0.         0.         0.         0.01091303 0.         0.         0.         0.         0.         0.         0.         0.         0.         0.01020557 0.01       0.         0.         0.         0.         0.         0.09689371 0.         0.33420928 0.         0.         0.        ],[0. 0. 0. 0. 1. 0. 0. 0. 1. 0. 0. 0. 0. 0. 0. 0. 0. 0. 1. 1. 0. 0. 0. 0. 0. 1. 0. 1. 0. 0. 0.],300,100,0.1,0.002,1,9,best,1,best
132,0.01249860984030919,0.01249860984030919,0.0020033705069493184,[0.         0.         0.         0.         0.05318851 0.         0.         0.         0.01091303 0.         0.         0.         0.         0.         0.         0.         0.         0.         0.01020557 0.01       0.         0.         0.         0.         0.         0.09689371 0.         0.33420928 0.         0.         0.        ],[0. 0. 0. 0. 1. 0. 0. 0. 1. 0. 0. 0. 0. 0. 0. 0. 0. 0. 1. 1. 0. 0. 0. 0. 0. 1. 0. 1. 0. 0. 0.],300,100,0.1,0.002,1,9,best,1,best
133,0.01249860984030919,0.01249860984030919,0.0020033705069493184,[0.         0.         0.         0.         0.05318851 0.         0.         0.         0.01091303 0.         0.         0.         0.         0.         0.         0.         0.         0.         0.01020557 0.01       0.         0.         0.         0.         0.         0.09689371 0.         0.33420928 0.         0.         0.        ],[0. 0. 0. 0. 1. 0. 0. 0. 1. 0. 0. 0. 0. 0. 0. 0. 0. 0. 1. 1. 0. 0. 0. 0. 0. 1. 0. 1. 0. 0. 0.],300,100,0.1,0.002,1,9,best,1,best
134,0.01249860984030919,0.01249860984030919,0.0020033705069493184,[0.         0.         0.         0.         0.05318851 0.         0.         0.         0.01091303 0.         0.         0.         0.         0.         0.         0.         0.         0.         0.01020557 0.01       0.         0.         0.         0.         0.         0.09689371 0.         0.33420928 0.         0.         0.        ],[0. 0. 0. 0. 1. 0. 0. 0. 1. 0. 0. 0. 0. 0. 0. 0. 0. 0. 1. 1. 0. 0. 0. 0. 0. 1. 0. 1. 0. 0. 0.],300,100,0.1,0.002,1,9,best,1,best
135,0.01249860984030919,0.01249860984030919,0.0020033705069493184,[0.         0.         0.         0.         0.05318851 0.         0.         0.         0.01091303 0.         0.         0.         0.         0.         0.         0.         0.         0.         0.01020557 0.01       0.         0.         0.         0.         0.         0.09689371 0.         0.33420928 0.         0.         0.        ],[0. 0. 0. 0. 1. 0. 0. 0. 1. 0. 0. 0. 0. 0. 0. 0. 0. 0. 1. 1. 0. 0. 0. 0. 0. 1. 0. 1. 0. 0. 0.],300,100,0.1,0.002,1,9,best,1,best
136,0.01249860984030919,0.01249860984030919,0.0020033705069493184,[0.         0.         0.         0.         0.05318851 0.         0.         0.         0.01091303 0.         0.         0.         0.         0.         0.         0.         0.         0.         0.01020557 0.01       0.         0.         0.         0.         0.         0.09689371 0.         0.33420928 0.         0.         0.        ],[0. 0. 0. 0. 1. 0. 0. 0. 1. 0. 0. 0. 0. 0. 0. 0. 0. 0. 1. 1. 0. 0. 0. 0. 0. 1. 0. 1. 0. 0. 0.],300,100,0.1,0.002,1,9,best,1,best
137,0.01249860984030919,0.01249860984030919,0.0020033705069493184,[0.         0.         0.         0.         0.05318851 0.         0.         0.         0.01091303 0.         0.         0.         0.         0.         0.         0.         0.         0.         0.01020557 0.01       0.         0.         0.         0.         0.         0.09689371 0.         0.33420928 0.         0.         0.        ],[0. 0. 0. 0. 1. 0. 0. 0. 1. 0. 0. 0. 0. 0. 0. 0. 0. 0. 1. 1. 0. 0. 0. 0. 0. 1. 0. 1. 0. 0. 0.],300,100,0.1,0.002,1,9,best,1,best
138,0.01249860984030919,0.01249860984030919,0.0020033705069493184,[0.         0.         0.         0.         0.05318851 0.         0.         0.         0.01091303 0.         0.         0.         0.         0.         0.         0.         0.         0.         0.01020557 0.01       0.         0.         0.         0.         0.         0.09689371 0.         0.33420928 0.         0.         0.        ],[0. 0. 0. 0. 1. 0. 0. 0. 1. 0. 0. 0. 0. 0. 0. 0. 0. 0. 1. 1. 0. 0. 0. 0. 0. 1. 0. 1. 0. 0. 0.],300,100,0.1,0.002,1,9,best,1,best
139,0.01249860984030919,0.01249860984030919,0.0020033705069493184,[0.         0.         0.         0.         0.05318851 0.         0.         0.         0.01091303 0.         0.         0.         0.         0.         0.         0.         0.         0.         0.01020557 0.01       0.         0.         0.         0.         0.         0.09689371 0.         0.33420928 0.         0.         0.        ],[0. 0. 0. 0. 1. 0. 0. 0. 1. 0. 0. 0. 0. 0. 0. 0. 0. 0. 1. 1. 0. 0. 0. 0. 0. 1. 0. 1. 0. 0. 0.],300,100,0.1,0.002,1,9,best,1,best
140,0.01249860984030919,0.01249860984030919,0.0020033705069493184,[0.         0.         0.         0.         0.05318851 0.         0.         0.         0.01091303 0.         0.         0.         0.         0.         0.         0.         0.         0.         0.01020557 0.01       0.         0.         0.         0.         0.         0.09689371 0.         0.33420928 0.         0.         0.        ],[0. 0. 0. 0. 1. 0. 0. 0. 1. 0. 0. 0. 0. 0. 0. 0. 0. 0. 1. 1. 0. 0. 0. 0. 0. 1. 0. 1. 0. 0. 0.],300,100,0.1,0.002,1,9,best,1,best
141,0.01249860984030919,0.01249860984030919,0.0020033705069493184,[0.         0.         0.         0.         0.05318851 0.         0.         0.         0.01091303 0.         0.         0.         0.         0.         0.         0.         0.         0.         0.01020557 0.01       0.         0.         0.         0.         0.         0.09689371 0.         0.33420928 0.         0.         0.        ],[0. 0. 0. 0. 1. 0. 0. 0. 1. 0. 0. 0. 0. 0. 0. 0. 0. 0. 1. 1. 0. 0. 0. 0. 0. 1. 0. 1. 0. 0. 0.],300,100,0.1,0.002,1,9,best,1,best
142,0.01249860984030919,0.01249860984030919,0.0020033705069493184,[0.         0.         0.         0.         0.05318851 0.         0.         0.         0.01091303 0.         0.         0.         0.         0.         0.         0.         0.         0.         0.01020557 0.01       0.         0.         0.         0.         0.         0.09689371 0.         0.33420928 0.         0.         0.        ],[0. 0. 0. 0. 1. 0. 0. 0. 1. 0. 0. 0. 0. 0. 0. 0. 0. 0. 1. 1. 0. 0. 0. 0. 0. 1. 0. 1. 0. 0. 0.],300,100,0.1,0.002,1,9,best,1,best
143,0.01249860984030919,0.01249860984030919,0.0020033705069493184,[0.         0.         0.         0.         0.05318851 0.         0.         0.         0.01091303 0.         0.         0.         0.         0.         0.         0.         0.         0.         0.01020557 0.01       0.         0.         0.         0.         0.         0.09689371 0.         0.33420928 0.         0.         0.        ],[0. 0. 0. 0. 1. 0. 0. 0. 1. 0. 0. 0. 0. 0. 0. 0. 0. 0. 1. 1. 0. 0. 0. 0. 0. 1. 0. 1. 0. 0. 0.],300,100,0.1,0.002,1,9,best,1,best
144,0.01249860984030919,0.01249860984030919,0.0020033705069493184,[0.         0.         0.         0.         0.05318851 0.         0.         0.         0.01091303 0.         0.         0.         0.         0.         0.         0.         0.         0.         0.01020557 0.01       0.         0.         0.         0.         0.         0.09689371 0.         0.33420928 0.         0.         0.        ],[0. 0. 0. 0. 1. 0. 0. 0. 1. 0. 0. 0. 0. 0. 0. 0. 0. 0. 1. 1. 0. 0. 0. 0. 0. 1. 0. 1. 0. 0. 0.],300,100,0.1,0.002,1,9,best,1,best
145,0.01249860984030919,0.01249860984030919,0.0020033705069493184,[0.         0.         0.         0.         0.05318851 0.         0.         0.         0.01091303 0.         0.         0.         0.         0.         0.         0.         0.         0.         0.01020557 0.01       0.         0.         0.         0.         0.         0.09689371 0.         0.33420928 0.         0.         0.        ],[0. 0. 0. 0. 1. 0. 0. 0. 1. 0. 0. 0. 0. 0. 0. 0. 0. 0. 1. 1. 0. 0. 0. 0. 0. 1. 0. 1. 0. 0. 0.],300,100,0.1,0.002,1,9,best,1,best
146,0.01249860984030919,0.01249860984030919,0.0020033705069493184,[0.         0.         0.         0.         0.05318851 0.         0.         0.         0.01091303 0.         0.         0.         0.         0.         0.         0.         0.         0.         0.01020557 0.01       0.         0.         0.         0.         0.         0.09689371 0.         0.33420928 0.         0.         0.        ],[0. 0. 0. 0. 1. 0. 0. 0. 1. 0. 0. 0. 0. 0. 0. 0. 0. 0. 1. 1. 0. 0. 0. 0. 0. 1. 0. 1. 0. 0. 0.],300,100,0.1,0.002,1,9,best,1,best
147,0.01249860984030919,0.01249860984030919,0.0020033705069493184,[0.         0.         0.         0.         0.05318851 0.         0.         0.         0.01091303 0.         0.         0.         0.         0.         0.         0.         0.         0.         0.01020557 0.01       0.         0.         0.         0.         0.         0.09689371 0.         0.33420928 0.         0.         0.        ],[0. 0. 0. 0. 1. 0. 0. 0. 1. 0. 0. 0. 0. 0. 0. 0. 0. 0. 1. 1. 0. 0. 0. 0. 0. 1. 0. 1. 0. 0. 0.],300,100,0.1,0.002,1,9,best,1,best
148,0.01249860984030919,0.01249860984030919,0.0020033705069493184,[0.         0.         0.         0.         0.05318851 0.         0.         0.         0.01091303 0.         0.         0.         0.         0.         0.         0.         0.         0.         0.01020557 0.01       0.         0.         0.         0.         0.         0.09689371 0.         0.33420928 0.         0.         0.        ],[0. 0. 0. 0. 1. 0. 0. 0. 1. 0. 0. 0. 0. 0. 0. 0. 0. 0. 1. 1. 0. 0. 0. 0. 0. 1. 0. 1. 0. 0. 0.],300,100,0.1,0.002,1,9,best,1,best
149,0.01249860984030919,0.01249860984030919,0.0020033705069493184,[0.         0.         0.         0.         0.05318851 0.         0.         0.         0.01091303 0.         0.         0.         0.         0.         0.         0.         0.         0.         0.01020557 0.01       0.         0.         0.         0.         0.         0.09689371 0.         0.33420928 0.         0.         0.        ],[0. 0. 0. 0. 1. 0. 0. 0. 1. 0. 0. 0. 0. 0. 0. 0. 0. 0. 1. 1. 0. 0. 0. 0. 0. 1. 0. 1. 0. 0. 0.],300,100,0.1,0.002,1,9,best,1,best
150,0.01249860984030919,0.01249860984030919,0.0020033705069493184,[0.         0.         0.         0.         0.05318851 0.         0.         0.         0.01091303 0.         0.         0.         0.         0.         0.         0.         0.         0.         0.01020557 0.01       0.         0.         0.         0.         0.         0.09689371 0.         0.33420928 0.         0.         0.        ],[0. 0. 0. 0. 1. 0. 0. 0. 1. 0. 0. 0. 0. 0. 0. 0. 0. 0. 1. 1. 0. 0. 0. 0. 0. 1. 0. 1. 0. 0. 0.],300,100,0.1,0.002,1,9,best,1,best
151,0.01249860984030919,0.01249860984030919,0.0020033705069493184,[0.         0.         0.         0.         0.05318851 0.         0.         0.         0.01091303 0.         0.         0.         0.         0.         0.         0.         0.         0.         0.01020557 0.01       0.         0.         0.         0.         0.         0.09689371 0.         0.33420928 0.         0.         0.        ],[0. 0. 0. 0. 1. 0. 0. 0. 1. 0. 0. 0. 0. 0. 0. 0. 0. 0. 1. 1. 0. 0. 0. 0. 0. 1. 0. 1. 0. 0. 0.],300,100,0.1,0.002,1,9,best,1,best
152,0.01249860984030919,0.01249860984030919,0.0020033705069493184,[0.         0.         0.         0.         0.05318851 0.         0.         0.         0.01091303 0.         0.         0.         0.         0.         0.         0.         0.         0.         0.01020557 0.01       0.         0.         0.         0.         0.         0.09689371 0.         0.33420928 0.         0.         0.        ],[0. 0. 0. 0. 1. 0. 0. 0. 1. 0. 0. 0. 0. 0. 0. 0. 0. 0. 1. 1. 0. 0. 0. 0. 0. 1. 0. 1. 0. 0. 0.],300,100,0.1,0.002,1,9,best,1,best
153,0.01249860984030919,0.01249860984030919,0.0020033705069493184,[0.         0.         0.         0.         0.05318851 0.         0.         0.         0.01091303 0.         0.         0.         0.         0.         0.         0.         0.         0.         0.01020557 0.01       0.         0.         0.         0.         0.         0.09689371 0.         0.33420928 0.         0.         0.        ],[0. 0. 0. 0. 1. 0. 0. 0. 1. 0. 0. 0. 0. 0. 0. 0. 0. 0. 1. 1. 0. 0. 0. 0. 0. 1. 0. 1. 0. 0. 0.],300,100,0.1,0.002,1,9,best,1,best
154,0.01249860984030919,0.01249860984030919,0.0020033705069493184,[0.         0.         0.         0.         0.05318851 0.         0.         0.         0.01091303 0.         0.         0.         0.         0.         0.         0.         0.         0.         0.01020557 0.01       0.         0.         0.         0.         0.         0.09689371 0.         0.33420928 0.         0.         0.        ],[0. 0. 0. 0. 1. 0. 0. 0. 1. 0. 0. 0. 0. 0. 0. 0. 0. 0. 1. 1. 0. 0. 0. 0. 0. 1. 0. 1. 0. 0. 0.],300,100,0.1,0.002,1,9,best,1,best
155,0.01249860984030919,0.01249860984030919,0.0020033705069493184,[0.         0.         0.         0.         0.05318851 0.         0.         0.         0.01091303 0.         0.         0.         0.         0.         0.         0.         0.         0.         0.01020557 0.01       0.         0.         0.         0.         0.         0.09689371 0.         0.33420928 0.         0.         0.        ],[0. 0. 0. 0. 1. 0. 0. 0. 1. 0. 0. 0. 0. 0. 0. 0. 0. 0. 1. 1. 0. 0. 0. 0. 0. 1. 0. 1. 0. 0. 0.],300,100,0.1,0.002,1,9,best,1,best
156,0.01249860984030919,0.01249860984030919,0.0020033705069493184,[0.         0.         0.         0.         0.05318851 0.         0.         0.         0.01091303 0.         0.         0.         0.         0.         0.         0.         0.         0.         0.01020557 0.01       0.         0.         0.         0.         0.         0.09689371 0.         0.33420928 0.         0.         0.        ],[0. 0. 0. 0. 1. 0. 0. 0. 1. 0. 0. 0. 0. 0. 0. 0. 0. 0. 1. 1. 0. 0. 0. 0. 0. 1. 0. 1. 0. 0. 0.],300,100,0.1,0.002,1,9,best,1,best
157,0.01249860984030919,0.01249860984030919,0.0020033705069493184,[0.         0.         0.         0.         0.05318851 0.         0.         0.         0.01091303 0.         0.         0.         0.         0.         0.         0.         0.         0.         0.01020557 0.01       0.         0.         0.         0.         0.         0.09689371 0.         0.33420928 0.         0.         0.        ],[0. 0. 0. 0. 1. 0. 0. 0. 1. 0. 0. 0. 0. 0. 0. 0. 0. 0. 1. 1. 0. 0. 0. 0. 0. 1. 0. 1. 0. 0. 0.],300,100,0.1,0.002,1,9,best,1,best
158,0.01249860984030919,0.01249860984030919,0.0020033705069493184,[0.         0.         0.         0.         0.05318851 0.         0.         0.         0.01091303 0.         0.         0.         0.         0.         0.         0.         0.         0.         0.01020557 0.01       0.         0.         0.         0.         0.         0.09689371 0.         0.33420928 0.         0.         0.        ],[0. 0. 0. 0. 1. 0. 0. 0. 1. 0. 0. 0. 0. 0. 0. 0. 0. 0. 1. 1. 0. 0. 0. 0. 0. 1. 0. 1. 0. 0. 0.],300,100,0.1,0.002,1,9,best,1,best
159,0.01249860984030919,0.01249860984030919,0.0020033705069493184,[0.         0.         0.         0.         0.05318851 0.         0.         0.         0.01091303 0.         0.         0.         0.         0.         0.         0.         0.         0.         0.01020557 0.01       0.         0.         0.         0.         0.         0.09689371 0.         0.33420928 0.         0.         0.        ],[0. 0. 0. 0. 1. 0. 0. 0. 1. 0. 0. 0. 0. 0. 0. 0. 0. 0. 1. 1. 0. 0. 0. 0. 0. 1. 0. 1. 0. 0. 0.],300,100,0.1,0.002,1,9,best,1,best
160,0.01249860984030919,0.01249860984030919,0.0020033705069493184,[0.         0.         0.         0.         0.05318851 0.         0.         0.         0.01091303 0.         0.         0.         0.         0.         0.         0.         0.         0.         0.01020557 0.01       0.         0.         0.         0.         0.         0.09689371 0.         0.33420928 0.         0.         0.        ],[0. 0. 0. 0. 1. 0. 0. 0. 1. 0. 0. 0. 0. 0. 0. 0. 0. 0. 1. 1. 0. 0. 0. 0. 0. 1. 0. 1. 0. 0. 0.],300,100,0.1,0.002,1,9,best,1,best
161,0.01249860984030919,0.01249860984030919,0.0020033705069493184,[0.         0.         0.         0.         0.05318851 0.         0.         0.         0.01091303 0.         0.         0.         0.         0.         0.         0.         0.         0.         0.01020557 0.01       0.         0.         0.         0.         0.         0.09689371 0.         0.33420928 0.         0.         0.        ],[0. 0. 0. 0. 1. 0. 0. 0. 1. 0. 0. 0. 0. 0. 0. 0. 0. 0. 1. 1. 0. 0. 0. 0. 0. 1. 0. 1. 0. 0. 0.],300,100,0.1,0.002,1,9,best,1,best
162,0.01249860984030919,0.01249860984030919,0.0020033705069493184,[0.         0.         0.         0.         0.05318851 0.         0.         0.         0.01091303 0.         0.         0.         0.         0.         0.         0.         0.         0.         0.01020557 0.01       0.         0.         0.         0.         0.         0.09689371 0.         0.33420928 0.         0.         0.        ],[0. 0. 0. 0. 1. 0. 0. 0. 1. 0. 0. 0. 0. 0. 0. 0. 0. 0. 1. 1. 0. 0. 0. 0. 0. 1. 0. 1. 0. 0. 0.],300,100,0.1,0.002,1,9,best,1,best
163,0.01249860984030919,0.01249860984030919,0.0020033705069493184,[0.         0.         0.         0.         0.05318851 0.         0.         0.         0.01091303 0.         0.         0.         0.         0.         0.         0.         0.         0.         0.01020557 0.01       0.         0.         0.         0.         0.         0.09689371 0.         0.33420928 0.         0.         0.        ],[0. 0. 0. 0. 1. 0. 0. 0. 1. 0. 0. 0. 0. 0. 0. 0. 0. 0. 1. 1. 0. 0. 0. 0. 0. 1. 0. 1. 0. 0. 0.],300,100,0.1,0.002,1,9,best,1,best
164,0.01249860984030919,0.01249860984030919,0.0020033705069493184,[0.         0.         0.         0.         0.05318851 0.         0.         0.         0.01091303 0.         0.         0.         0.         0.         0.         0.         0.         0.         0.01020557 0.01       0.         0.         0.         0.         0.         0.09689371 0.         0.33420928 0.         0.         0.        ],[0. 0. 0. 0. 1. 0. 0. 0. 1. 0. 0. 0. 0. 0. 0. 0. 0. 0. 1. 1. 0. 0. 0. 0. 0. 1. 0. 1. 0. 0. 0.],300,100,0.1,0.002,1,9,best,1,best
165,0.01249860984030919,0.01249860984030919,0.0020033705069493184,[0.         0.         0.         0.         0.05318851 0.         0.         0.         0.01091303 0.         0.         0.         0.         0.         0.         0.         0.         0.         0.01020557 0.01       0.         0.         0.         0.         0.         0.09689371 0.         0.33420928 0.         0.         0.        ],[0. 0. 0. 0. 1. 0. 0. 0. 1. 0. 0. 0. 0. 0. 0. 0. 0. 0. 1. 1. 0. 0. 0. 0. 0. 1. 0. 1. 0. 0. 0.],300,100,0.1,0.002,1,9,best,1,best
166,0.01249860984030919,0.01249860984030919,0.0020033705069493184,[0.         0.         0.         0.         0.05318851 0.         0.         0.         0.01091303 0.         0.         0.         0.         0.         0.         0.         0.         0.         0.01020557 0.01       0.         0.         0.         0.         0.         0.09689371 0.         0.33420928 0.         0.         0.        ],[0. 0. 0. 0. 1. 0. 0. 0. 1. 0. 0. 0. 0. 0. 0. 0. 0. 0. 1. 1. 0. 0. 0. 0. 0. 1. 0. 1. 0. 0. 0.],300,100,0.1,0.002,1,9,best,1,best
167,0.01249860984030919,0.01249860984030919,0.0020033705069493184,[0.         0.         0.         0.         0.05318851 0.         0.         0.         0.01091303 0.         0.         0.         0.         0.         0.         0.         0.         0.         0.01020557 0.01       0.         0.         0.         0.         0.         0.09689371 0.         0.33420928 0.         0.         0.        ],[0. 0. 0. 0. 1. 0. 0. 0. 1. 0. 0. 0. 0. 0. 0. 0. 0. 0. 1. 1. 0. 0. 0. 0. 0. 1. 0. 1. 0. 0. 0.],300,100,0.1,0.002,1,9,best,1,best
168,0.01249860984030919,0.01249860984030919,0.0020033705069493184,[0.         0.         0.         0.         0.05318851 0.         0.         0.         0.01091303 0.         0.         0.         0.         0.         0.         0.         0.         0.         0.01020557 0.01       0.         0.         0.         0.         0.         0.09689371 0.         0.33420928 0.         0.         0.        ],[0. 0. 0. 0. 1. 0. 0. 0. 1. 0. 0. 0. 0. 0. 0. 0. 0. 0. 1. 1. 0. 0. 0. 0. 0. 1. 0. 1. 0. 0. 0.],300,100,0.1,0.002,1,9,best,1,best
169,0.01249860984030919,0.01249860984030919,0.0020033705069493184,[0.         0.         0.         0.         0.05318851 0.         0.         0.         0.01091303 0.         0.         0.         0.         0.         0.         0.         0.         0.         0.01020557 0.01       0.         0.         0.         0.         0.         0.09689371 0.         0.33420928 0.         0.         0.        ],[0. 0. 0. 0. 1. 0. 0. 0. 1. 0. 0. 0. 0. 0. 0. 0. 0. 0. 1. 1. 0. 0. 0. 0. 0. 1. 0. 1. 0. 0. 0.],300,100,0.1,0.002,1,9,best,1,best
170,0.01249860984030919,0.01249860984030919,0.0020033705069493184,[0.         0.         0.         0.         0.05318851 0.         0.         0.         0.01091303 0.         0.         0.         0.         0.         0.         0.         0.         0.         0.01020557 0.01       0.         0.         0.         0.         0.         0.09689371 0.         0.33420928 0.         0.         0.        ],[0. 0. 0. 0. 1. 0. 0. 0. 1. 0. 0. 0. 0. 0. 0. 0. 0. 0. 1. 1. 0. 0. 0. 0. 0. 1. 0. 1. 0. 0. 0.],300,100,0.1,0.002,1,9,best,1,best
171,0.01249860984030919,0.01249860984030919,0.0020033705069493184,[0.         0.         0.         0.         0.05318851 0.         0.         0.         0.01091303 0.         0.         0.         0.         0.         0.         0.         0.         0.         0.01020557 0.01       0.         0.         0.         0.         0.         0.09689371 0.         0.33420928 0.         0.         0.        ],[0. 0. 0. 0. 1. 0. 0. 0. 1. 0. 0. 0. 0. 0. 0. 0. 0. 0. 1. 1. 0. 0. 0. 0. 0. 1. 0. 1. 0. 0. 0.],300,100,0.1,0.002,1,9,best,1,best
172,0.01249860984030919,0.01249860984030919,0.0020033705069493184,[0.         0.         0.         0.         0.05318851 0.         0.         0.         0.01091303 0.         0.         0.         0.         0.         0.         0.         0.         0.         0.01020557 0.01       0.         0.         0.         0.         0.         0.09689371 0.         0.33420928 0.         0.         0.        ],[0. 0. 0. 0. 1. 0. 0. 0. 1. 0. 0. 0. 0. 0. 0. 0. 0. 0. 1. 1. 0. 0. 0. 0. 0. 1. 0. 1. 0. 0. 0.],300,100,0.1,0.002,1,9,best,1,best
173,0.01249860984030919,0.01249860984030919,0.0020033705069493184,[0.         0.         0.         0.         0.05318851 0.         0.         0.         0.01091303 0.         0.         0.         0.         0.         0.         0.         0.         0.         0.01020557 0.01       0.         0.         0.         0.         0.         0.09689371 0.         0.33420928 0.         0.         0.        ],[0. 0. 0. 0. 1. 0. 0. 0. 1. 0. 0. 0. 0. 0. 0. 0. 0. 0. 1. 1. 0. 0. 0. 0. 0. 1. 0. 1. 0. 0. 0.],300,100,0.1,0.002,1,9,best,1,best
174,0.01249860984030919,0.01249860984030919,0.0020033705069493184,[0.         0.         0.         0.         0.05318851 0.         0.         0.         0.01091303 0.         0.         0.         0.         0.         0.         0.         0.         0.         0.01020557 0.01       0.         0.         0.         0.         0.         0.09689371 0.         0.33420928 0.         0.         0.        ],[0. 0. 0. 0. 1. 0. 0. 0. 1. 0. 0. 0. 0. 0. 0. 0. 0. 0. 1. 1. 0. 0. 0. 0. 0. 1. 0. 1. 0. 0. 0.],300,100,0.1,0.002,1,9,best,1,best
175,0.01249860984030919,0.01249860984030919,0.0020033705069493184,[0.         0.         0.         0.         0.05318851 0.         0.         0.         0.01091303 0.         0.         0.         0.         0.         0.         0.         0.         0.         0.01020557 0.01       0.         0.         0.         0.         0.         0.09689371 0.         0.33420928 0.         0.         0.        ],[0. 0. 0. 0. 1. 0. 0. 0. 1. 0. 0. 0. 0. 0. 0. 0. 0. 0. 1. 1. 0. 0. 0. 0. 0. 1. 0. 1. 0. 0. 0.],300,100,0.1,0.002,1,9,best,1,best
176,0.01249860984030919,0.01249860984030919,0.0020033705069493184,[0.         0.         0.         0.         0.05318851 0.         0.         0.         0.01091303 0.         0.         0.         0.         0.         0.         0.         0.         0.         0.01020557 0.01       0.         0.         0.         0.         0.         0.09689371 0.         0.33420928 0.         0.         0.        ],[0. 0. 0. 0. 1. 0. 0. 0. 1. 0. 0. 0. 0. 0. 0. 0. 0. 0. 1. 1. 0. 0. 0. 0. 0. 1. 0. 1. 0. 0. 0.],300,100,0.1,0.002,1,9,best,1,best
177,0.01249860984030919,0.01249860984030919,0.0020033705069493184,[0.         0.         0.         0.         0.05318851 0.         0.         0.         0.01091303 0.         0.         0.         0.         0.         0.         0.         0.         0.         0.01020557 0.01       0.         0.         0.         0.         0.         0.09689371 0.         0.33420928 0.         0.         0.        ],[0. 0. 0. 0. 1. 0. 0. 0. 1. 0. 0. 0. 0. 0. 0. 0. 0. 0. 1. 1. 0. 0. 0. 0. 0. 1. 0. 1. 0. 0. 0.],300,100,0.1,0.002,1,9,best,1,best
178,0.01249860984030919,0.01249860984030919,0.0020033705069493184,[0.         0.         0.         0.         0.05318851 0.         0.         0.         0.01091303 0.         0.         0.         0.         0.         0.         0.         0.         0.         0.01020557 0.01       0.         0.         0.         0.         0.         0.09689371 0.         0.33420928 0.         0.         0.        ],[0. 0. 0. 0. 1. 0. 0. 0. 1. 0. 0. 0. 0. 0. 0. 0. 0. 0. 1. 1. 0. 0. 0. 0. 0. 1. 0. 1. 0. 0. 0.],300,100,0.1,0.002,1,9,best,1,best
179,0.01249860984030919,0.01249860984030919,0.0020033705069493184,[0.         0.         0.         0.         0.05318851 0.         0.         0.         0.01091303 0.         0.         0.         0.         0.         0.         0.         0.         0.         0.01020557 0.01       0.         0.         0.         0.         0.         0.09689371 0.         0.33420928 0.         0.         0.        ],[0. 0. 0. 0. 1. 0. 0. 0. 1. 0. 0. 0. 0. 0. 0. 0. 0. 0. 1. 1. 0. 0. 0. 0. 0. 1. 0. 1. 0. 0. 0.],300,100,0.1,0.002,1,9,best,1,best
180,0.01249860984030919,0.01249860984030919,0.0020033705069493184,[0.         0.         0.         0.         0.05318851 0.         0.         0.         0.01091303 0.         0.         0.         0.         0.         0.         0.         0.         0.         0.01020557 0.01       0.         0.         0.         0.         0.         0.09689371 0.         0.33420928 0.         0.         0.        ],[0. 0. 0. 0. 1. 0. 0. 0. 1. 0. 0. 0. 0. 0. 0. 0. 0. 0. 1. 1. 0. 0. 0. 0. 0. 1. 0. 1. 0. 0. 0.],300,100,0.1,0.002,1,9,best,1,best
181,0.01249860984030919,0.01249860984030919,0.0020033705069493184,[0.         0.         0.         0.         0.05318851 0.         0.         0.         0.01091303 0.         0.         0.         0.         0.         0.         0.         0.         0.         0.01020557 0.01       0.         0.         0.         0.         0.         0.09689371 0.         0.33420928 0.         0.         0.        ],[0. 0. 0. 0. 1. 0. 0. 0. 1. 0. 0. 0. 0. 0. 0. 0. 0. 0. 1. 1. 0. 0. 0. 0. 0. 1. 0. 1. 0. 0. 0.],300,100,0.1,0.002,1,9,best,1,best
182,0.01249860984030919,0.01249860984030919,0.0020033705069493184,[0.         0.         0.         0.         0.05318851 0.         0.         0.         0.01091303 0.         0.         0.         0.         0.         0.         0.         0.         0.         0.01020557 0.01       0.         0.         0.         0.         0.         0.09689371 0.         0.33420928 0.         0.         0.        ],[0. 0. 0. 0. 1. 0. 0. 0. 1. 0. 0. 0. 0. 0. 0. 0. 0. 0. 1. 1. 0. 0. 0. 0. 0. 1. 0. 1. 0. 0. 0.],300,100,0.1,0.002,1,9,best,1,best
183,0.01249860984030919,0.01249860984030919,0.0020033705069493184,[0.         0.         0.         0.         0.05318851 0.         0.         0.         0.01091303 0.         0.         0.         0.         0.         0.         0.         0.         0.         0.01020557 0.01       0.         0.         0.         0.         0.         0.09689371 0.         0.33420928 0.         0.         0.        ],[0. 0. 0. 0. 1. 0. 0. 0. 1. 0. 0. 0. 0. 0. 0. 0. 0. 0. 1. 1. 0. 0. 0. 0. 0. 1. 0. 1. 0. 0. 0.],300,100,0.1,0.002,1,9,best,1,best
184,0.01249860984030919,0.01249860984030919,0.0020033705069493184,[0.         0.         0.         0.         0.05318851 0.         0.         0.         0.01091303 0.         0.         0.         0.         0.         0.         0.         0.         0.         0.01020557 0.01       0.         0.         0.         0.         0.         0.09689371 0.         0.33420928 0.         0.         0.        ],[0. 0. 0. 0. 1. 0. 0. 0. 1. 0. 0. 0. 0. 0. 0. 0. 0. 0. 1. 1. 0. 0. 0. 0. 0. 1. 0. 1. 0. 0. 0.],300,100,0.1,0.002,1,9,best,1,best
185,0.01249860984030919,0.01249860984030919,0.0020033705069493184,[0.         0.         0.         0.         0.05318851 0.         0.         0.         0.01091303 0.         0.         0.         0.         0.         0.         0.         0.         0.         0.01020557 0.01       0.         0.         0.         0.         0.         0.09689371 0.         0.33420928 0.         0.         0.        ],[0. 0. 0. 0. 1. 0. 0. 0. 1. 0. 0. 0. 0. 0. 0. 0. 0. 0. 1. 1. 0. 0. 0. 0. 0. 1. 0. 1. 0. 0. 0.],300,100,0.1,0.002,1,9,best,1,best
186,0.01249860984030919,0.01249860984030919,0.0020033705069493184,[0.         0.         0.         0.         0.05318851 0.         0.         0.         0.01091303 0.         0.         0.         0.         0.         0.         0.         0.         0.         0.01020557 0.01       0.         0.         0.         0.         0.         0.09689371 0.         0.33420928 0.         0.         0.        ],[0. 0. 0. 0. 1. 0. 0. 0. 1. 0. 0. 0. 0. 0. 0. 0. 0. 0. 1. 1. 0. 0. 0. 0. 0. 1. 0. 1. 0. 0. 0.],300,100,0.1,0.002,1,9,best,1,best
187,0.01249860984030919,0.01249860984030919,0.0020033705069493184,[0.         0.         0.         0.         0.05318851 0.         0.         0.         0.01091303 0.         0.         0.         0.         0.         0.         0.         0.         0.         0.01020557 0.01       0.         0.         0.         0.         0.         0.09689371 0.         0.33420928 0.         0.         0.        ],[0. 0. 0. 0. 1. 0. 0. 0. 1. 0. 0. 0. 0. 0. 0. 0. 0. 0. 1. 1. 0. 0. 0. 0. 0. 1. 0. 1. 0. 0. 0.],300,100,0.1,0.002,1,9,best,1,best
188,0.01249860984030919,0.01249860984030919,0.0020033705069493184,[0.         0.         0.         0.         0.05318851 0.         0.         0.         0.01091303 0.         0.         0.         0.         0.         0.         0.         0.         0.         0.01020557 0.01       0.         0.         0.         0.         0.         0.09689371 0.         0.33420928 0.         0.         0.        ],[0. 0. 0. 0. 1. 0. 0. 0. 1. 0. 0. 0. 0. 0. 0. 0. 0. 0. 1. 1. 0. 0. 0. 0. 0. 1. 0. 1. 0. 0. 0.],300,100,0.1,0.002,1,9,best,1,best
189,0.01249860984030919,0.01249860984030919,0.0020033705069493184,[0.         0.         0.         0.         0.05318851 0.         0.         0.         0.01091303 0.         0.         0.         0.         0.         0.         0.         0.         0.         0.01020557 0.01       0.         0.         0.         0.         0.         0.09689371 0.         0.33420928 0.         0.         0.        ],[0. 0. 0. 0. 1. 0. 0. 0. 1. 0. 0. 0. 0. 0. 0. 0. 0. 0. 1. 1. 0. 0. 0. 0. 0. 1. 0. 1. 0. 0. 0.],300,100,0.1,0.002,1,9,best,1,best
190,0.01249860984030919,0.01249860984030919,0.0020033705069493184,[0.         0.         0.         0.         0.05318851 0.         0.         0.         0.01091303 0.         0.         0.         0.         0.         0.         0.         0.         0.         0.01020557 0.01       0.         0.         0.         0.         0.         0.09689371 0.         0.33420928 0.         0.         0.        ],[0. 0. 0. 0. 1. 0. 0. 0. 1. 0. 0. 0. 0. 0. 0. 0. 0. 0. 1. 1. 0. 0. 0. 0. 0. 1. 0. 1. 0. 0. 0.],300,100,0.1,0.002,1,9,best,1,best
191,0.01249860984030919,0.01249860984030919,0.0020033705069493184,[0.         0.         0.         0.         0.05318851 0.         0.         0.         0.01091303 0.         0.         0.         0.         0.         0.         0.         0.         0.         0.01020557 0.01       0.         0.         0.         0.         0.         0.09689371 0.         0.33420928 0.         0.         0.        ],[0. 0. 0. 0. 1. 0. 0. 0. 1. 0. 0. 0. 0. 0. 0. 0. 0. 0. 1. 1. 0. 0. 0. 0. 0. 1. 0. 1. 0. 0. 0.],300,100,0.1,0.002,1,9,best,1,best
192,0.01249860984030919,0.01249860984030919,0.0020033705069493184,[0.         0.         0.         0.         0.05318851 0.         0.         0.         0.01091303 0.         0.         0.         0.         0.         0.         0.         0.         0.         0.01020557 0.01       0.         0.         0.         0.         0.         0.09689371 0.         0.33420928 0.         0.         0.        ],[0. 0. 0. 0. 1. 0. 0. 0. 1. 0. 0. 0. 0. 0. 0. 0. 0. 0. 1. 1. 0. 0. 0. 0. 0. 1. 0. 1. 0. 0. 0.],300,100,0.1,0.002,1,9,best,1,best
193,0.01249860984030919,0.01249860984030919,0.0020033705069493184,[0.         0.         0.         0.         0.05318851 0.         0.         0.         0.01091303 0.         0.         0.         0.         0.         0.         0.         0.         0.         0.01020557 0.01       0.         0.         0.         0.         0.         0.09689371 0.         0.33420928 0.         0.         0.        ],[0. 0. 0. 0. 1. 0. 0. 0. 1. 0. 0. 0. 0. 0. 0. 0. 0. 0. 1. 1. 0. 0. 0. 0. 0. 1. 0. 1. 0. 0. 0.],300,100,0.1,0.002,1,9,best,1,best
194,0.01249860984030919,0.01249860984030919,0.0020033705069493184,[0.         0.         0.         0.         0.05318851 0.         0.         0.         0.01091303 0.         0.         0.         0.         0.         0.         0.         0.         0.         0.01020557 0.01       0.         0.         0.         0.         0.         0.09689371 0.         0.33420928 0.         0.         0.        ],[0. 0. 0. 0. 1. 0. 0. 0. 1. 0. 0. 0. 0. 0. 0. 0. 0. 0. 1. 1. 0. 0. 0. 0. 0. 1. 0. 1. 0. 0. 0.],300,100,0.1,0.002,1,9,best,1,best
195,0.01249860984030919,0.01249860984030919,0.0020033705069493184,[0.         0.         0.         0.         0.05318851 0.         0.         0.         0.01091303 0.         0.         0.         0.         0.         0.         0.         0.         0.         0.01020557 0.01       0.         0.         0.         0.         0.         0.09689371 0.         0.33420928 0.         0.         0.        ],[0. 0. 0. 0. 1. 0. 0. 0. 1. 0. 0. 0. 0. 0. 0. 0. 0. 0. 1. 1. 0. 0. 0. 0. 0. 1. 0. 1. 0. 0. 0.],300,100,0.1,0.002,1,9,best,1,best
196,0.01249860984030919,0.01249860984030919,0.0020033705069493184,[0.         0.         0.         0.         0.05318851 0.         0.         0.         0.01091303 0.         0.         0.         0.         0.         0.         0.         0.         0.         0.01020557 0.01       0.         0.         0.         0.         0.         0.09689371 0.         0.33420928 0.         0.         0.        ],[0. 0. 0. 0. 1. 0. 0. 0. 1. 0. 0. 0. 0. 0. 0. 0. 0. 0. 1. 1. 0. 0. 0. 0. 0. 1. 0. 1. 0. 0. 0.],300,100,0.1,0.002,1,9,best,1,best
197,0.01249860984030919,0.01249860984030919,0.0020033705069493184,[0.         0.         0.         0.         0.05318851 0.         0.         0.         0.01091303 0.         0.         0.         0.         0.         0.         0.         0.         0.         0.01020557 0.01       0.         0.         0.         0.         0.         0.09689371 0.         0.33420928 0.         0.         0.        ],[0. 0. 0. 0. 1. 0. 0. 0. 1. 0. 0. 0. 0. 0. 0. 0. 0. 0. 1. 1. 0. 0. 0. 0. 0. 1. 0. 1. 0. 0. 0.],300,100,0.1,0.002,1,9,best,1,best
198,0.01249860984030919,0.01249860984030919,0.0020033705069493184,[0.         0.         0.         0.         0.05318851 0.         0.         0.         0.01091303 0.         0.         0.         0.         0.         0.         0.         0.         0.         0.01020557 0.01       0.         0.         0.         0.         0.         0.09689371 0.         0.33420928 0.         0.         0.        ],[0. 0. 0. 0. 1. 0. 0. 0. 1. 0. 0. 0. 0. 0. 0. 0. 0. 0. 1. 1. 0. 0. 0. 0. 0. 1. 0. 1. 0. 0. 0.],300,100,0.1,0.002,1,9,best,1,best
199,0.01249860984030919,0.01249860984030919,0.0020033705069493184,[0.         0.         0.         0.         0.05318851 0.         0.         0.         0.01091303 0.         0.         0.         0.         0.         0.         0.         0.         0.         0.01020557 0.01       0.         0.         0.         0.         0.         0.09689371 0.         0.33420928 0.         0.         0.        ],[0. 0. 0. 0. 1. 0. 0. 0. 1. 0. 0. 0. 0. 0. 0. 0. 0. 0. 1. 1. 0. 0. 0. 0. 0. 1. 0. 1. 0. 0. 0.],300,100,0.1,0.002,1,9,best,1,best
200,0.01249860984030919,0.01249860984030919,0.0020033705069493184,[0.         0.         0.         0.         0.05318851 0.         0.         0.         0.01091303 0.         0.         0.         0.         0.         0.         0.         0.         0.         0.01020557 0.01       0.         0.         0.         0.         0.         0.09689371 0.         0.33420928 0.         0.         0.        ],[0. 0. 0. 0. 1. 0. 0. 0. 1. 0. 0. 0. 0. 0. 0. 0. 0. 0. 1. 1. 0. 0. 0. 0. 0. 1. 0. 1. 0. 0. 0.],300,100,0.1,0.002,1,9,best,1,best
201,0.01249860984030919,0.01249860984030919,0.0020033705069493184,[0.         0.         0.         0.         0.05318851 0.         0.         0.         0.01091303 0.         0.         0.         0.         0.         0.         0.         0.         0.         0.01020557 0.01       0.         0.         0.         0.         0.         0.09689371 0.         0.33420928 0.         0.         0.        ],[0. 0. 0. 0. 1. 0. 0. 0. 1. 0. 0. 0. 0. 0. 0. 0. 0. 0. 1. 1. 0. 0. 0. 0. 0. 1. 0. 1. 0. 0. 0.],300,100,0.1,0.002,1,9,best,1,best
202,0.01249860984030919,0.01249860984030919,0.0020033705069493184,[0.         0.         0.         0.         0.05318851 0.         0.         0.         0.01091303 0.         0.         0.         0.         0.         0.         0.         0.         0.         0.01020557 0.01       0.         0.         0.         0.         0.         0.09689371 0.         0.33420928 0.         0.         0.        ],[0. 0. 0. 0. 1. 0. 0. 0. 1. 0. 0. 0. 0. 0. 0. 0. 0. 0. 1. 1. 0. 0. 0. 0. 0. 1. 0. 1. 0. 0. 0.],300,100,0.1,0.002,1,9,best,1,best
203,0.01249860984030919,0.01249860984030919,0.0020033705069493184,[0.         0.         0.         0.         0.05318851 0.         0.         0.         0.01091303 0.         0.         0.         0.         0.         0.         0.         0.         0.         0.01020557 0.01       0.         0.         0.         0.         0.         0.09689371 0.         0.33420928 0.         0.         0.        ],[0. 0. 0. 0. 1. 0. 0. 0. 1. 0. 0. 0. 0. 0. 0. 0. 0. 0. 1. 1. 0. 0. 0. 0. 0. 1. 0. 1. 0. 0. 0.],300,100,0.1,0.002,1,9,best,1,best
204,0.01249860984030919,0.01249860984030919,0.0020033705069493184,[0.         0.         0.         0.         0.05318851 0.         0.         0.         0.01091303 0.         0.         0.         0.         0.         0.         0.         0.         0.         0.01020557 0.01       0.         0.         0.         0.         0.         0.09689371 0.         0.33420928 0.         0.         0.        ],[0. 0. 0. 0. 1. 0. 0. 0. 1. 0. 0. 0. 0. 0. 0. 0. 0. 0. 1. 1. 0. 0. 0. 0. 0. 1. 0. 1. 0. 0. 0.],300,100,0.1,0.002,1,9,best,1,best
205,0.01249860984030919,0.01249860984030919,0.0020033705069493184,[0.         0.         0.         0.         0.05318851 0.         0.         0.         0.01091303 0.         0.         0.         0.         0.         0.         0.         0.         0.         0.01020557 0.01       0.         0.         0.         0.         0.         0.09689371 0.         0.33420928 0.         0.         0.        ],[0. 0. 0. 0. 1. 0. 0. 0. 1. 0. 0. 0. 0. 0. 0. 0. 0. 0. 1. 1. 0. 0. 0. 0. 0. 1. 0. 1. 0. 0. 0.],300,100,0.1,0.002,1,9,best,1,best
206,0.01249860984030919,0.01249860984030919,0.0020033705069493184,[0.         0.         0.         0.         0.05318851 0.         0.         0.         0.01091303 0.         0.         0.         0.         0.         0.         0.         0.         0.         0.01020557 0.01       0.         0.         0.         0.         0.         0.09689371 0.         0.33420928 0.         0.         0.        ],[0. 0. 0. 0. 1. 0. 0. 0. 1. 0. 0. 0. 0. 0. 0. 0. 0. 0. 1. 1. 0. 0. 0. 0. 0. 1. 0. 1. 0. 0. 0.],300,100,0.1,0.002,1,9,best,1,best
207,0.01249860984030919,0.01249860984030919,0.0020033705069493184,[0.         0.         0.         0.         0.05318851 0.         0.         0.         0.01091303 0.         0.         0.         0.         0.         0.         0.         0.         0.         0.01020557 0.01       0.         0.         0.         0.         0.         0.09689371 0.         0.33420928 0.         0.         0.        ],[0. 0. 0. 0. 1. 0. 0. 0. 1. 0. 0. 0. 0. 0. 0. 0. 0. 0. 1. 1. 0. 0. 0. 0. 0. 1. 0. 1. 0. 0. 0.],300,100,0.1,0.002,1,9,best,1,best
208,0.01249860984030919,0.01249860984030919,0.0020033705069493184,[0.         0.         0.         0.         0.05318851 0.         0.         0.         0.01091303 0.         0.         0.         0.         0.         0.         0.         0.         0.         0.01020557 0.01       0.         0.         0.         0.         0.         0.09689371 0.         0.33420928 0.         0.         0.        ],[0. 0. 0. 0. 1. 0. 0. 0. 1. 0. 0. 0. 0. 0. 0. 0. 0. 0. 1. 1. 0. 0. 0. 0. 0. 1. 0. 1. 0. 0. 0.],300,100,0.1,0.002,1,9,best,1,best
209,0.01249860984030919,0.01249860984030919,0.0020033705069493184,[0.         0.         0.         0.         0.05318851 0.         0.         0.         0.01091303 0.         0.         0.         0.         0.         0.         0.         0.         0.         0.01020557 0.01       0.         0.         0.         0.         0.         0.09689371 0.         0.33420928 0.         0.         0.        ],[0. 0. 0. 0. 1. 0. 0. 0. 1. 0. 0. 0. 0. 0. 0. 0. 0. 0. 1. 1. 0. 0. 0. 0. 0. 1. 0. 1. 0. 0. 0.],300,100,0.1,0.002,1,9,best,1,best
210,0.01249860984030919,0.01249860984030919,0.0020033705069493184,[0.         0.         0.         0.         0.05318851 0.         0.         0.         0.01091303 0.         0.         0.         0.         0.         0.         0.         0.         0.         0.01020557 0.01       0.         0.         0.         0.         0.         0.09689371 0.         0.33420928 0.         0.         0.        ],[0. 0. 0. 0. 1. 0. 0. 0. 1. 0. 0. 0. 0. 0. 0. 0. 0. 0. 1. 1. 0. 0. 0. 0. 0. 1. 0. 1. 0. 0. 0.],300,100,0.1,0.002,1,9,best,1,best
211,0.01249860984030919,0.01249860984030919,0.0020033705069493184,[0.         0.         0.         0.         0.05318851 0.         0.         0.         0.01091303 0.         0.         0.         0.         0.         0.         0.         0.         0.         0.01020557 0.01       0.         0.         0.         0.         0.         0.09689371 0.         0.33420928 0.         0.         0.        ],[0. 0. 0. 0. 1. 0. 0. 0. 1. 0. 0. 0. 0. 0. 0. 0. 0. 0. 1. 1. 0. 0. 0. 0. 0. 1. 0. 1. 0. 0. 0.],300,100,0.1,0.002,1,9,best,1,best
212,0.01249860984030919,0.01249860984030919,0.0020033705069493184,[0.         0.         0.         0.         0.05318851 0.         0.         0.         0.01091303 0.         0.         0.         0.         0.         0.         0.         0.         0.         0.01020557 0.01       0.         0.         0.         0.         0.         0.09689371 0.         0.33420928 0.         0.         0.        ],[0. 0. 0. 0. 1. 0. 0. 0. 1. 0. 0. 0. 0. 0. 0. 0. 0. 0. 1. 1. 0. 0. 0. 0. 0. 1. 0. 1. 0. 0. 0.],300,100,0.1,0.002,1,9,best,1,best
213,0.01249860984030919,0.01249860984030919,0.0020033705069493184,[0.         0.         0.         0.         0.05318851 0.         0.         0.         0.01091303 0.         0.         0.         0.         0.         0.         0.         0.         0.         0.01020557 0.01       0.         0.         0.         0.         0.         0.09689371 0.         0.33420928 0.         0.         0.        ],[0. 0. 0. 0. 1. 0. 0. 0. 1. 0. 0. 0. 0. 0. 0. 0. 0. 0. 1. 1. 0. 0. 0. 0. 0. 1. 0. 1. 0. 0. 0.],300,100,0.1,0.002,1,9,best,1,best
214,0.01249860984030919,0.01249860984030919,0.0020033705069493184,[0.         0.         0.         0.         0.05318851 0.         0.         0.         0.01091303 0.         0.         0.         0.         0.         0.         0.         0.         0.         0.01020557 0.01       0.         0.         0.         0.         0.         0.09689371 0.         0.33420928 0.         0.         0.        ],[0. 0. 0. 0. 1. 0. 0. 0. 1. 0. 0. 0. 0. 0. 0. 0. 0. 0. 1. 1. 0. 0. 0. 0. 0. 1. 0. 1. 0. 0. 0.],300,100,0.1,0.002,1,9,best,1,best
215,0.01249860984030919,0.01249860984030919,0.0020033705069493184,[0.         0.         0.         0.         0.05318851 0.         0.         0.         0.01091303 0.         0.         0.         0.         0.         0.         0.         0.         0.         0.01020557 0.01       0.         0.         0.         0.         0.         0.09689371 0.         0.33420928 0.         0.         0.        ],[0. 0. 0. 0. 1. 0. 0. 0. 1. 0. 0. 0. 0. 0. 0. 0. 0. 0. 1. 1. 0. 0. 0. 0. 0. 1. 0. 1. 0. 0. 0.],300,100,0.1,0.002,1,9,best,1,best
216,0.01249860984030919,0.01249860984030919,0.0020033705069493184,[0.         0.         0.         0.         0.05318851 0.         0.         0.         0.01091303 0.         0.         0.         0.         0.         0.         0.         0.         0.         0.01020557 0.01       0.         0.         0.         0.         0.         0.09689371 0.         0.33420928 0.         0.         0.        ],[0. 0. 0. 0. 1. 0. 0. 0. 1. 0. 0. 0. 0. 0. 0. 0. 0. 0. 1. 1. 0. 0. 0. 0. 0. 1. 0. 1. 0. 0. 0.],300,100,0.1,0.002,1,9,best,1,best
217,0.01249860984030919,0.01249860984030919,0.0020033705069493184,[0.         0.         0.         0.         0.05318851 0.         0.         0.         0.01091303 0.         0.         0.         0.         0.         0.         0.         0.         0.         0.01020557 0.01       0.         0.         0.         0.         0.         0.09689371 0.         0.33420928 0.         0.         0.        ],[0. 0. 0. 0. 1. 0. 0. 0. 1. 0. 0. 0. 0. 0. 0. 0. 0. 0. 1. 1. 0. 0. 0. 0. 0. 1. 0. 1. 0. 0. 0.],300,100,0.1,0.002,1,9,best,1,best
218,0.01249860984030919,0.01249860984030919,0.0020033705069493184,[0.         0.         0.         0.         0.05318851 0.         0.         0.         0.01091303 0.         0.         0.         0.         0.         0.         0.         0.         0.         0.01020557 0.01       0.         0.         0.         0.         0.         0.09689371 0.         0.33420928 0.         0.         0.        ],[0. 0. 0. 0. 1. 0. 0. 0. 1. 0. 0. 0. 0. 0. 0. 0. 0. 0. 1. 1. 0. 0. 0. 0. 0. 1. 0. 1. 0. 0. 0.],300,100,0.1,0.002,1,9,best,1,best
219,0.01249860984030919,0.01249860984030919,0.0020033705069493184,[0.         0.         0.         0.         0.05318851 0.         0.         0.         0.01091303 0.         0.         0.         0.         0.         0.         0.         0.         0.         0.01020557 0.01       0.         0.         0.         0.         0.         0.09689371 0.         0.33420928 0.         0.         0.        ],[0. 0. 0. 0. 1. 0. 0. 0. 1. 0. 0. 0. 0. 0. 0. 0. 0. 0. 1. 1. 0. 0. 0. 0. 0. 1. 0. 1. 0. 0. 0.],300,100,0.1,0.002,1,9,best,1,best
220,0.01249860984030919,0.01249860984030919,0.0020033705069493184,[0.         0.         0.         0.         0.05318851 0.         0.         0.         0.01091303 0.         0.         0.         0.         0.         0.         0.         0.         0.         0.01020557 0.01       0.         0.         0.         0.         0.         0.09689371 0.         0.33420928 0.         0.         0.        ],[0. 0. 0. 0. 1. 0. 0. 0. 1. 0. 0. 0. 0. 0. 0. 0. 0. 0. 1. 1. 0. 0. 0. 0. 0. 1. 0. 1. 0. 0. 0.],300,100,0.1,0.002,1,9,best,1,best
221,0.01249860984030919,0.01249860984030919,0.0020033705069493184,[0.         0.         0.         0.         0.05318851 0.         0.         0.         0.01091303 0.         0.         0.         0.         0.         0.         0.         0.         0.         0.01020557 0.01       0.         0.         0.         0.         0.         0.09689371 0.         0.33420928 0.         0.         0.        ],[0. 0. 0. 0. 1. 0. 0. 0. 1. 0. 0. 0. 0. 0. 0. 0. 0. 0. 1. 1. 0. 0. 0. 0. 0. 1. 0. 1. 0. 0. 0.],300,100,0.1,0.002,1,9,best,1,best
222,0.01249860984030919,0.01249860984030919,0.0020033705069493184,[0.         0.         0.         0.         0.05318851 0.         0.         0.         0.01091303 0.         0.         0.         0.         0.         0.         0.         0.         0.         0.01020557 0.01       0.         0.         0.         0.         0.         0.09689371 0.         0.33420928 0.         0.         0.        ],[0. 0. 0. 0. 1. 0. 0. 0. 1. 0. 0. 0. 0. 0. 0. 0. 0. 0. 1. 1. 0. 0. 0. 0. 0. 1. 0. 1. 0. 0. 0.],300,100,0.1,0.002,1,9,best,1,best
223,0.01249860984030919,0.01249860984030919,0.0020033705069493184,[0.         0.         0.         0.         0.05318851 0.         0.         0.         0.01091303 0.         0.         0.         0.         0.         0.         0.         0.         0.         0.01020557 0.01       0.         0.         0.         0.         0.         0.09689371 0.         0.33420928 0.         0.         0.        ],[0. 0. 0. 0. 1. 0. 0. 0. 1. 0. 0. 0. 0. 0. 0. 0. 0. 0. 1. 1. 0. 0. 0. 0. 0. 1. 0. 1. 0. 0. 0.],300,100,0.1,0.002,1,9,best,1,best
224,0.01249860984030919,0.01249860984030919,0.0020033705069493184,[0.         0.         0.         0.         0.05318851 0.         0.         0.         0.01091303 0.         0.         0.         0.         0.         0.         0.         0.         0.         0.01020557 0.01       0.         0.         0.         0.         0.         0.09689371 0.         0.33420928 0.         0.         0.        ],[0. 0. 0. 0. 1. 0. 0. 0. 1. 0. 0. 0. 0. 0. 0. 0. 0. 0. 1. 1. 0. 0. 0. 0. 0. 1. 0. 1. 0. 0. 0.],300,100,0.1,0.002,1,9,best,1,best
225,0.01249860984030919,0.01249860984030919,0.0020033705069493184,[0.         0.         0.         0.         0.05318851 0.         0.         0.         0.01091303 0.         0.         0.         0.         0.         0.         0.         0.         0.         0.01020557 0.01       0.         0.         0.         0.         0.         0.09689371 0.         0.33420928 0.         0.         0.        ],[0. 0. 0. 0. 1. 0. 0. 0. 1. 0. 0. 0. 0. 0. 0. 0. 0. 0. 1. 1. 0. 0. 0. 0. 0. 1. 0. 1. 0. 0. 0.],300,100,0.1,0.002,1,9,best,1,best
226,0.01249860984030919,0.01249860984030919,0.0020033705069493184,[0.         0.         0.         0.         0.05318851 0.         0.         0.         0.01091303 0.         0.         0.         0.         0.         0.         0.         0.         0.         0.01020557 0.01       0.         0.         0.         0.         0.         0.09689371 0.         0.33420928 0.         0.         0.        ],[0. 0. 0. 0. 1. 0. 0. 0. 1. 0. 0. 0. 0. 0. 0. 0. 0. 0. 1. 1. 0. 0. 0. 0. 0. 1. 0. 1. 0. 0. 0.],300,100,0.1,0.002,1,9,best,1,best
227,0.01249860984030919,0.01249860984030919,0.0020033705069493184,[0.         0.         0.         0.         0.05318851 0.         0.         0.         0.01091303 0.         0.         0.         0.         0.         0.         0.         0.         0.         0.01020557 0.01       0.         0.         0.         0.         0.         0.09689371 0.         0.33420928 0.         0.         0.        ],[0. 0. 0. 0. 1. 0. 0. 0. 1. 0. 0. 0. 0. 0. 0. 0. 0. 0. 1. 1. 0. 0. 0. 0. 0. 1. 0. 1. 0. 0. 0.],300,100,0.1,0.002,1,9,best,1,best
228,0.01249860984030919,0.01249860984030919,0.0020033705069493184,[0.         0.         0.         0.         0.05318851 0.         0.         0.         0.01091303 0.         0.         0.         0.         0.         0.         0.         0.         0.         0.01020557 0.01       0.         0.         0.         0.         0.         0.09689371 0.         0.33420928 0.         0.         0.        ],[0. 0. 0. 0. 1. 0. 0. 0. 1. 0. 0. 0. 0. 0. 0. 0. 0. 0. 1. 1. 0. 0. 0. 0. 0. 1. 0. 1. 0. 0. 0.],300,100,0.1,0.002,1,9,best,1,best
229,0.01249860984030919,0.01249860984030919,0.0020033705069493184,[0.         0.         0.         0.         0.05318851 0.         0.         0.         0.01091303 0.         0.         0.         0.         0.         0.         0.         0.         0.         0.01020557 0.01       0.         0.         0.         0.         0.         0.09689371 0.         0.33420928 0.         0.         0.        ],[0. 0. 0. 0. 1. 0. 0. 0. 1. 0. 0. 0. 0. 0. 0. 0. 0. 0. 1. 1. 0. 0. 0. 0. 0. 1. 0. 1. 0. 0. 0.],300,100,0.1,0.002,1,9,best,1,best
230,0.01249860984030919,0.01249860984030919,0.0020033705069493184,[0.         0.         0.         0.         0.05318851 0.         0.         0.         0.01091303 0.         0.         0.         0.         0.         0.         0.         0.         0.         0.01020557 0.01       0.         0.         0.         0.         0.         0.09689371 0.         0.33420928 0.         0.         0.        ],[0. 0. 0. 0. 1. 0. 0. 0. 1. 0. 0. 0. 0. 0. 0. 0. 0. 0. 1. 1. 0. 0. 0. 0. 0. 1. 0. 1. 0. 0. 0.],300,100,0.1,0.002,1,9,best,1,best
231,0.01249860984030919,0.01249860984030919,0.0020033705069493184,[0.         0.         0.         0.         0.05318851 0.         0.         0.         0.01091303 0.         0.         0.         0.         0.         0.         0.         0.         0.         0.01020557 0.01       0.         0.         0.         0.         0.         0.09689371 0.         0.33420928 0.         0.         0.        ],[0. 0. 0. 0. 1. 0. 0. 0. 1. 0. 0. 0. 0. 0. 0. 0. 0. 0. 1. 1. 0. 0. 0. 0. 0. 1. 0. 1. 0. 0. 0.],300,100,0.1,0.002,1,9,best,1,best
232,0.01249860984030919,0.01249860984030919,0.0020033705069493184,[0.         0.         0.         0.         0.05318851 0.         0.         0.         0.01091303 0.         0.         0.         0.         0.         0.         0.         0.         0.         0.01020557 0.01       0.         0.         0.         0.         0.         0.09689371 0.         0.33420928 0.         0.         0.        ],[0. 0. 0. 0. 1. 0. 0. 0. 1. 0. 0. 0. 0. 0. 0. 0. 0. 0. 1. 1. 0. 0. 0. 0. 0. 1. 0. 1. 0. 0. 0.],300,100,0.1,0.002,1,9,best,1,best
233,0.01249860984030919,0.01249860984030919,0.0020033705069493184,[0.         0.         0.         0.         0.05318851 0.         0.         0.         0.01091303 0.         0.         0.         0.         0.         0.         0.         0.         0.         0.01020557 0.01       0.         0.         0.         0.         0.         0.09689371 0.         0.33420928 0.         0.         0.        ],[0. 0. 0. 0. 1. 0. 0. 0. 1. 0. 0. 0. 0. 0. 0. 0. 0. 0. 1. 1. 0. 0. 0. 0. 0. 1. 0. 1. 0. 0. 0.],300,100,0.1,0.002,1,9,best,1,best
234,0.01249860984030919,0.01249860984030919,0.0020033705069493184,[0.         0.         0.         0.         0.05318851 0.         0.         0.         0.01091303 0.         0.         0.         0.         0.         0.         0.         0.         0.         0.01020557 0.01       0.         0.         0.         0.         0.         0.09689371 0.         0.33420928 0.         0.         0.        ],[0. 0. 0. 0. 1. 0. 0. 0. 1. 0. 0. 0. 0. 0. 0. 0. 0. 0. 1. 1. 0. 0. 0. 0. 0. 1. 0. 1. 0. 0. 0.],300,100,0.1,0.002,1,9,best,1,best
235,0.01249860984030919,0.01249860984030919,0.0020033705069493184,[0.         0.         0.         0.         0.05318851 0.         0.         0.         0.01091303 0.         0.         0.         0.         0.         0.         0.         0.         0.         0.01020557 0.01       0.         0.         0.         0.         0.         0.09689371 0.         0.33420928 0.         0.         0.        ],[0. 0. 0. 0. 1. 0. 0. 0. 1. 0. 0. 0. 0. 0. 0. 0. 0. 0. 1. 1. 0. 0. 0. 0. 0. 1. 0. 1. 0. 0. 0.],300,100,0.1,0.002,1,9,best,1,best
236,0.01249860984030919,0.01249860984030919,0.0020033705069493184,[0.         0.         0.         0.         0.05318851 0.         0.         0.         0.01091303 0.         0.         0.         0.         0.         0.         0.         0.         0.         0.01020557 0.01       0.         0.         0.         0.         0.         0.09689371 0.         0.33420928 0.         0.         0.        ],[0. 0. 0. 0. 1. 0. 0. 0. 1. 0. 0. 0. 0. 0. 0. 0. 0. 0. 1. 1. 0. 0. 0. 0. 0. 1. 0. 1. 0. 0. 0.],300,100,0.1,0.002,1,9,best,1,best
237,0.01249860984030919,0.01249860984030919,0.0020033705069493184,[0.         0.         0.         0.         0.05318851 0.         0.         0.         0.01091303 0.         0.         0.         0.         0.         0.         0.         0.         0.         0.01020557 0.01       0.         0.         0.         0.         0.         0.09689371 0.         0.33420928 0.         0.         0.        ],[0. 0. 0. 0. 1. 0. 0. 0. 1. 0. 0. 0. 0. 0. 0. 0. 0. 0. 1. 1. 0. 0. 0. 0. 0. 1. 0. 1. 0. 0. 0.],300,100,0.1,0.002,1,9,best,1,best
238,0.01249860984030919,0.01249860984030919,0.0020033705069493184,[0.         0.         0.         0.         0.05318851 0.         0.         0.         0.01091303 0.         0.         0.         0.         0.         0.         0.         0.         0.         0.01020557 0.01       0.         0.         0.         0.         0.         0.09689371 0.         0.33420928 0.         0.         0.        ],[0. 0. 0. 0. 1. 0. 0. 0. 1. 0. 0. 0. 0. 0. 0. 0. 0. 0. 1. 1. 0. 0. 0. 0. 0. 1. 0. 1. 0. 0. 0.],300,100,0.1,0.002,1,9,best,1,best
239,0.01249860984030919,0.01249860984030919,0.0020033705069493184,[0.         0.         0.         0.         0.05318851 0.         0.         0.         0.01091303 0.         0.         0.         0.         0.         0.         0.         0.         0.         0.01020557 0.01       0.         0.         0.         0.         0.         0.09689371 0.         0.33420928 0.         0.         0.        ],[0. 0. 0. 0. 1. 0. 0. 0. 1. 0. 0. 0. 0. 0. 0. 0. 0. 0. 1. 1. 0. 0. 0. 0. 0. 1. 0. 1. 0. 0. 0.],300,100,0.1,0.002,1,9,best,1,best
240,0.01249860984030919,0.01249860984030919,0.0020033705069493184,[0.         0.         0.         0.         0.05318851 0.         0.         0.         0.01091303 0.         0.         0.         0.         0.         0.         0.         0.         0.         0.01020557 0.01       0.         0.         0.         0.         0.         0.09689371 0.         0.33420928 0.         0.         0.        ],[0. 0. 0. 0. 1. 0. 0. 0. 1. 0. 0. 0. 0. 0. 0. 0. 0. 0. 1. 1. 0. 0. 0. 0. 0. 1. 0. 1. 0. 0. 0.],300,100,0.1,0.002,1,9,best,1,best
241,0.01249860984030919,0.01249860984030919,0.0020033705069493184,[0.         0.         0.         0.         0.05318851 0.         0.         0.         0.01091303 0.         0.         0.         0.         0.         0.         0.         0.         0.         0.01020557 0.01       0.         0.         0.         0.         0.         0.09689371 0.         0.33420928 0.         0.         0.        ],[0. 0. 0. 0. 1. 0. 0. 0. 1. 0. 0. 0. 0. 0. 0. 0. 0. 0. 1. 1. 0. 0. 0. 0. 0. 1. 0. 1. 0. 0. 0.],300,100,0.1,0.002,1,9,best,1,best
242,0.01249860984030919,0.01249860984030919,0.0020033705069493184,[0.         0.         0.         0.         0.05318851 0.         0.         0.         0.01091303 0.         0.         0.         0.         0.         0.         0.         0.         0.         0.01020557 0.01       0.         0.         0.         0.         0.         0.09689371 0.         0.33420928 0.         0.         0.        ],[0. 0. 0. 0. 1. 0. 0. 0. 1. 0. 0. 0. 0. 0. 0. 0. 0. 0. 1. 1. 0. 0. 0. 0. 0. 1. 0. 1. 0. 0. 0.],300,100,0.1,0.002,1,9,best,1,best
243,0.01249860984030919,0.01249860984030919,0.0020033705069493184,[0.         0.         0.         0.         0.05318851 0.         0.         0.         0.01091303 0.         0.         0.         0.         0.         0.         0.         0.         0.         0.01020557 0.01       0.         0.         0.         0.         0.         0.09689371 0.         0.33420928 0.         0.         0.        ],[0. 0. 0. 0. 1. 0. 0. 0. 1. 0. 0. 0. 0. 0. 0. 0. 0. 0. 1. 1. 0. 0. 0. 0. 0. 1. 0. 1. 0. 0. 0.],300,100,0.1,0.002,1,9,best,1,best
244,0.01249860984030919,0.01249860984030919,0.0020033705069493184,[0.         0.         0.         0.         0.05318851 0.         0.         0.         0.01091303 0.         0.         0.         0.         0.         0.         0.         0.         0.         0.01020557 0.01       0.         0.         0.         0.         0.         0.09689371 0.         0.33420928 0.         0.         0.        ],[0. 0. 0. 0. 1. 0. 0. 0. 1. 0. 0. 0. 0. 0. 0. 0. 0. 0. 1. 1. 0. 0. 0. 0. 0. 1. 0. 1. 0. 0. 0.],300,100,0.1,0.002,1,9,best,1,best
245,0.01249860984030919,0.01249860984030919,0.0020033705069493184,[0.         0.         0.         0.         0.05318851 0.         0.         0.         0.01091303 0.         0.         0.         0.         0.         0.         0.         0.         0.         0.01020557 0.01       0.         0.         0.         0.         0.         0.09689371 0.         0.33420928 0.         0.         0.        ],[0. 0. 0. 0. 1. 0. 0. 0. 1. 0. 0. 0. 0. 0. 0. 0. 0. 0. 1. 1. 0. 0. 0. 0. 0. 1. 0. 1. 0. 0. 0.],300,100,0.1,0.002,1,9,best,1,best
246,0.01249860984030919,0.01249860984030919,0.0020033705069493184,[0.         0.         0.         0.         0.05318851 0.         0.         0.         0.01091303 0.         0.         0.         0.         0.         0.         0.         0.         0.         0.01020557 0.01       0.         0.         0.         0.         0.         0.09689371 0.         0.33420928 0.         0.         0.        ],[0. 0. 0. 0. 1. 0. 0. 0. 1. 0. 0. 0. 0. 0. 0. 0. 0. 0. 1. 1. 0. 0. 0. 0. 0. 1. 0. 1. 0. 0. 0.],300,100,0.1,0.002,1,9,best,1,best
247,0.01249860984030919,0.01249860984030919,0.0020033705069493184,[0.         0.         0.         0.         0.05318851 0.         0.         0.         0.01091303 0.         0.         0.         0.         0.         0.         0.         0.         0.         0.01020557 0.01       0.         0.         0.         0.         0.         0.09689371 0.         0.33420928 0.         0.         0.        ],[0. 0. 0. 0. 1. 0. 0. 0. 1. 0. 0. 0. 0. 0. 0. 0. 0. 0. 1. 1. 0. 0. 0. 0. 0. 1. 0. 1. 0. 0. 0.],300,100,0.1,0.002,1,9,best,1,best
248,0.01249860984030919,0.01249860984030919,0.0020033705069493184,[0.         0.         0.         0.         0.05318851 0.         0.         0.         0.01091303 0.         0.         0.         0.         0.         0.         0.         0.         0.         0.01020557 0.01       0.         0.         0.         0.         0.         0.09689371 0.         0.33420928 0.         0.         0.        ],[0. 0. 0. 0. 1. 0. 0. 0. 1. 0. 0. 0. 0. 0. 0. 0. 0. 0. 1. 1. 0. 0. 0. 0. 0. 1. 0. 1. 0. 0. 0.],300,100,0.1,0.002,1,9,best,1,best
249,0.01249860984030919,0.01249860984030919,0.0020033705069493184,[0.         0.         0.         0.         0.05318851 0.         0.         0.         0.01091303 0.         0.         0.         0.         0.         0.         0.         0.         0.         0.01020557 0.01       0.         0.         0.         0.         0.         0.09689371 0.         0.33420928 0.         0.         0.        ],[0. 0. 0. 0. 1. 0. 0. 0. 1. 0. 0. 0. 0. 0. 0. 0. 0. 0. 1. 1. 0. 0. 0. 0. 0. 1. 0. 1. 0. 0. 0.],300,100,0.1,0.002,1,9,best,1,best
250,0.01249860984030919,0.01249860984030919,0.0020033705069493184,[0.         0.         0.         0.         0.05318851 0.         0.         0.         0.01091303 0.         0.         0.         0.         0.         0.         0.         0.         0.         0.01020557 0.01       0.         0.         0.         0.         0.         0.09689371 0.         0.33420928 0.         0.         0.        ],[0. 0. 0. 0. 1. 0. 0. 0. 1. 0. 0. 0. 0. 0. 0. 0. 0. 0. 1. 1. 0. 0. 0. 0. 0. 1. 0. 1. 0. 0. 0.],300,100,0.1,0.002,1,9,best,1,best
251,0.01249860984030919,0.01249860984030919,0.0020033705069493184,[0.         0.         0.         0.         0.05318851 0.         0.         0.         0.01091303 0.         0.         0.         0.         0.         0.         0.         0.         0.         0.01020557 0.01       0.         0.         0.         0.         0.         0.09689371 0.         0.33420928 0.         0.         0.        ],[0. 0. 0. 0. 1. 0. 0. 0. 1. 0. 0. 0. 0. 0. 0. 0. 0. 0. 1. 1. 0. 0. 0. 0. 0. 1. 0. 1. 0. 0. 0.],300,100,0.1,0.002,1,9,best,1,best
252,0.01249860984030919,0.01249860984030919,0.0020033705069493184,[0.         0.         0.         0.         0.05318851 0.         0.         0.         0.01091303 0.         0.         0.         0.         0.         0.         0.         0.         0.         0.01020557 0.01       0.         0.         0.         0.         0.         0.09689371 0.         0.33420928 0.         0.         0.        ],[0. 0. 0. 0. 1. 0. 0. 0. 1. 0. 0. 0. 0. 0. 0. 0. 0. 0. 1. 1. 0. 0. 0. 0. 0. 1. 0. 1. 0. 0. 0.],300,100,0.1,0.002,1,9,best,1,best
253,0.01249860984030919,0.01249860984030919,0.0020033705069493184,[0.         0.         0.         0.         0.05318851 0.         0.         0.         0.01091303 0.         0.         0.         0.         0.         0.         0.         0.         0.         0.01020557 0.01       0.         0.         0.         0.         0.         0.09689371 0.         0.33420928 0.         0.         0.        ],[0. 0. 0. 0. 1. 0. 0. 0. 1. 0. 0. 0. 0. 0. 0. 0. 0. 0. 1. 1. 0. 0. 0. 0. 0. 1. 0. 1. 0. 0. 0.],300,100,0.1,0.002,1,9,best,1,best
254,0.01249860984030919,0.01249860984030919,0.0020033705069493184,[0.         0.         0.         0.         0.05318851 0.         0.         0.         0.01091303 0.         0.         0.         0.         0.         0.         0.         0.         0.         0.01020557 0.01       0.         0.         0.         0.         0.         0.09689371 0.         0.33420928 0.         0.         0.        ],[0. 0. 0. 0. 1. 0. 0. 0. 1. 0. 0. 0. 0. 0. 0. 0. 0. 0. 1. 1. 0. 0. 0. 0. 0. 1. 0. 1. 0. 0. 0.],300,100,0.1,0.002,1,9,best,1,best
255,0.01249860984030919,0.01249860984030919,0.0020033705069493184,[0.         0.         0.         0.         0.05318851 0.         0.         0.         0.01091303 0.         0.         0.         0.         0.         0.         0.         0.         0.         0.01020557 0.01       0.         0.         0.         0.         0.         0.09689371 0.         0.33420928 0.         0.         0.        ],[0. 0. 0. 0. 1. 0. 0. 0. 1. 0. 0. 0. 0. 0. 0. 0. 0. 0. 1. 1. 0. 0. 0. 0. 0. 1. 0. 1. 0. 0. 0.],300,100,0.1,0.002,1,9,best,1,best
256,0.01249860984030919,0.01249860984030919,0.0020033705069493184,[0.         0.         0.         0.         0.05318851 0.         0.         0.         0.01091303 0.         0.         0.         0.         0.         0.         0.         0.         0.         0.01020557 0.01       0.         0.         0.         0.         0.         0.09689371 0.         0.33420928 0.         0.         0.        ],[0. 0. 0. 0. 1. 0. 0. 0. 1. 0. 0. 0. 0. 0. 0. 0. 0. 0. 1. 1. 0. 0. 0. 0. 0. 1. 0. 1. 0. 0. 0.],300,100,0.1,0.002,1,9,best,1,best
257,0.01249860984030919,0.01249860984030919,0.0020033705069493184,[0.         0.         0.         0.         0.05318851 0.         0.         0.         0.01091303 0.         0.         0.         0.         0.         0.         0.         0.         0.         0.01020557 0.01       0.         0.         0.         0.         0.         0.09689371 0.         0.33420928 0.         0.         0.        ],[0. 0. 0. 0. 1. 0. 0. 0. 1. 0. 0. 0. 0. 0. 0. 0. 0. 0. 1. 1. 0. 0. 0. 0. 0. 1. 0. 1. 0. 0. 0.],300,100,0.1,0.002,1,9,best,1,best
258,0.01249860984030919,0.01249860984030919,0.0020033705069493184,[0.         0.         0.         0.         0.05318851 0.         0.         0.         0.01091303 0.         0.         0.         0.         0.         0.         0.         0.         0.         0.01020557 0.01       0.         0.         0.         0.         0.         0.09689371 0.         0.33420928 0.         0.         0.        ],[0. 0. 0. 0. 1. 0. 0. 0. 1. 0. 0. 0. 0. 0. 0. 0. 0. 0. 1. 1. 0. 0. 0. 0. 0. 1. 0. 1. 0. 0. 0.],300,100,0.1,0.002,1,9,best,1,best
259,0.01249860984030919,0.01249860984030919,0.0020033705069493184,[0.         0.         0.         0.         0.05318851 0.         0.         0.         0.01091303 0.         0.         0.         0.         0.         0.         0.         0.         0.         0.01020557 0.01       0.         0.         0.         0.         0.         0.09689371 0.         0.33420928 0.         0.         0.        ],[0. 0. 0. 0. 1. 0. 0. 0. 1. 0. 0. 0. 0. 0. 0. 0. 0. 0. 1. 1. 0. 0. 0. 0. 0. 1. 0. 1. 0. 0. 0.],300,100,0.1,0.002,1,9,best,1,best
260,0.01249860984030919,0.01249860984030919,0.0020033705069493184,[0.         0.         0.         0.         0.05318851 0.         0.         0.         0.01091303 0.         0.         0.         0.         0.         0.         0.         0.         0.         0.01020557 0.01       0.         0.         0.         0.         0.         0.09689371 0.         0.33420928 0.         0.         0.        ],[0. 0. 0. 0. 1. 0. 0. 0. 1. 0. 0. 0. 0. 0. 0. 0. 0. 0. 1. 1. 0. 0. 0. 0. 0. 1. 0. 1. 0. 0. 0.],300,100,0.1,0.002,1,9,best,1,best
261,0.01249860984030919,0.01249860984030919,0.0020033705069493184,[0.         0.         0.         0.         0.05318851 0.         0.         0.         0.01091303 0.         0.         0.         0.         0.         0.         0.         0.         0.         0.01020557 0.01       0.         0.         0.         0.         0.         0.09689371 0.         0.33420928 0.         0.         0.        ],[0. 0. 0. 0. 1. 0. 0. 0. 1. 0. 0. 0. 0. 0. 0. 0. 0. 0. 1. 1. 0. 0. 0. 0. 0. 1. 0. 1. 0. 0. 0.],300,100,0.1,0.002,1,9,best,1,best
262,0.01249860984030919,0.01249860984030919,0.0020033705069493184,[0.         0.         0.         0.         0.05318851 0.         0.         0.         0.01091303 0.         0.         0.         0.         0.         0.         0.         0.         0.         0.01020557 0.01       0.         0.         0.         0.         0.         0.09689371 0.         0.33420928 0.         0.         0.        ],[0. 0. 0. 0. 1. 0. 0. 0. 1. 0. 0. 0. 0. 0. 0. 0. 0. 0. 1. 1. 0. 0. 0. 0. 0. 1. 0. 1. 0. 0. 0.],300,100,0.1,0.002,1,9,best,1,best
263,0.01249860984030919,0.01249860984030919,0.0020033705069493184,[0.         0.         0.         0.         0.05318851 0.         0.         0.         0.01091303 0.         0.         0.         0.         0.         0.         0.         0.         0.         0.01020557 0.01       0.         0.         0.         0.         0.         0.09689371 0.         0.33420928 0.         0.         0.        ],[0. 0. 0. 0. 1. 0. 0. 0. 1. 0. 0. 0. 0. 0. 0. 0. 0. 0. 1. 1. 0. 0. 0. 0. 0. 1. 0. 1. 0. 0. 0.],300,100,0.1,0.002,1,9,best,1,best
264,0.01249860984030919,0.01249860984030919,0.0020033705069493184,[0.         0.         0.         0.         0.05318851 0.         0.         0.         0.01091303 0.         0.         0.         0.         0.         0.         0.         0.         0.         0.01020557 0.01       0.         0.         0.         0.         0.         0.09689371 0.         0.33420928 0.         0.         0.        ],[0. 0. 0. 0. 1. 0. 0. 0. 1. 0. 0. 0. 0. 0. 0. 0. 0. 0. 1. 1. 0. 0. 0. 0. 0. 1. 0. 1. 0. 0. 0.],300,100,0.1,0.002,1,9,best,1,best
265,0.01249860984030919,0.01249860984030919,0.0020033705069493184,[0.         0.         0.         0.         0.05318851 0.         0.         0.         0.01091303 0.         0.         0.         0.         0.         0.         0.         0.         0.         0.01020557 0.01       0.         0.         0.         0.         0.         0.09689371 0.         0.33420928 0.         0.         0.        ],[0. 0. 0. 0. 1. 0. 0. 0. 1. 0. 0. 0. 0. 0. 0. 0. 0. 0. 1. 1. 0. 0. 0. 0. 0. 1. 0. 1. 0. 0. 0.],300,100,0.1,0.002,1,9,best,1,best
266,0.01249860984030919,0.01249860984030919,0.0020033705069493184,[0.         0.         0.         0.         0.05318851 0.         0.         0.         0.01091303 0.         0.         0.         0.         0.         0.         0.         0.         0.         0.01020557 0.01       0.         0.         0.         0.         0.         0.09689371 0.         0.33420928 0.         0.         0.        ],[0. 0. 0. 0. 1. 0. 0. 0. 1. 0. 0. 0. 0. 0. 0. 0. 0. 0. 1. 1. 0. 0. 0. 0. 0. 1. 0. 1. 0. 0. 0.],300,100,0.1,0.002,1,9,best,1,best
267,0.01249860984030919,0.01249860984030919,0.0020033705069493184,[0.         0.         0.         0.         0.05318851 0.         0.         0.         0.01091303 0.         0.         0.         0.         0.         0.         0.         0.         0.         0.01020557 0.01       0.         0.         0.         0.         0.         0.09689371 0.         0.33420928 0.         0.         0.        ],[0. 0. 0. 0. 1. 0. 0. 0. 1. 0. 0. 0. 0. 0. 0. 0. 0. 0. 1. 1. 0. 0. 0. 0. 0. 1. 0. 1. 0. 0. 0.],300,100,0.1,0.002,1,9,best,1,best
268,0.01249860984030919,0.01249860984030919,0.0020033705069493184,[0.         0.         0.         0.         0.05318851 0.         0.         0.         0.01091303 0.         0.         0.         0.         0.         0.         0.         0.         0.         0.01020557 0.01       0.         0.         0.         0.         0.         0.09689371 0.         0.33420928 0.         0.         0.        ],[0. 0. 0. 0. 1. 0. 0. 0. 1. 0. 0. 0. 0. 0. 0. 0. 0. 0. 1. 1. 0. 0. 0. 0. 0. 1. 0. 1. 0. 0. 0.],300,100,0.1,0.002,1,9,best,1,best
269,0.01249860984030919,0.01249860984030919,0.0020033705069493184,[0.         0.         0.         0.         0.05318851 0.         0.         0.         0.01091303 0.         0.         0.         0.         0.         0.         0.         0.         0.         0.01020557 0.01       0.         0.         0.         0.         0.         0.09689371 0.         0.33420928 0.         0.         0.        ],[0. 0. 0. 0. 1. 0. 0. 0. 1. 0. 0. 0. 0. 0. 0. 0. 0. 0. 1. 1. 0. 0. 0. 0. 0. 1. 0. 1. 0. 0. 0.],300,100,0.1,0.002,1,9,best,1,best
270,0.01249860984030919,0.01249860984030919,0.0020033705069493184,[0.         0.         0.         0.         0.05318851 0.         0.         0.         0.01091303 0.         0.         0.         0.         0.         0.         0.         0.         0.         0.01020557 0.01       0.         0.         0.         0.         0.         0.09689371 0.         0.33420928 0.         0.         0.        ],[0. 0. 0. 0. 1. 0. 0. 0. 1. 0. 0. 0. 0. 0. 0. 0. 0. 0. 1. 1. 0. 0. 0. 0. 0. 1. 0. 1. 0. 0. 0.],300,100,0.1,0.002,1,9,best,1,best
271,0.01249860984030919,0.01249860984030919,0.0020033705069493184,[0.         0.         0.         0.         0.05318851 0.         0.         0.         0.01091303 0.         0.         0.         0.         0.         0.         0.         0.         0.         0.01020557 0.01       0.         0.         0.         0.         0.         0.09689371 0.         0.33420928 0.         0.         0.        ],[0. 0. 0. 0. 1. 0. 0. 0. 1. 0. 0. 0. 0. 0. 0. 0. 0. 0. 1. 1. 0. 0. 0. 0. 0. 1. 0. 1. 0. 0. 0.],300,100,0.1,0.002,1,9,best,1,best
272,0.01249860984030919,0.01249860984030919,0.0020033705069493184,[0.         0.         0.         0.         0.05318851 0.         0.         0.         0.01091303 0.         0.         0.         0.         0.         0.         0.         0.         0.         0.01020557 0.01       0.         0.         0.         0.         0.         0.09689371 0.         0.33420928 0.         0.         0.        ],[0. 0. 0. 0. 1. 0. 0. 0. 1. 0. 0. 0. 0. 0. 0. 0. 0. 0. 1. 1. 0. 0. 0. 0. 0. 1. 0. 1. 0. 0. 0.],300,100,0.1,0.002,1,9,best,1,best
273,0.01249860984030919,0.01249860984030919,0.0020033705069493184,[0.         0.         0.         0.         0.05318851 0.         0.         0.         0.01091303 0.         0.         0.         0.         0.         0.         0.         0.         0.         0.01020557 0.01       0.         0.         0.         0.         0.         0.09689371 0.         0.33420928 0.         0.         0.        ],[0. 0. 0. 0. 1. 0. 0. 0. 1. 0. 0. 0. 0. 0. 0. 0. 0. 0. 1. 1. 0. 0. 0. 0. 0. 1. 0. 1. 0. 0. 0.],300,100,0.1,0.002,1,9,best,1,best
274,0.01249860984030919,0.01249860984030919,0.0020033705069493184,[0.         0.         0.         0.         0.05318851 0.         0.         0.         0.01091303 0.         0.         0.         0.         0.         0.         0.         0.         0.         0.01020557 0.01       0.         0.         0.         0.         0.         0.09689371 0.         0.33420928 0.         0.         0.        ],[0. 0. 0. 0. 1. 0. 0. 0. 1. 0. 0. 0. 0. 0. 0. 0. 0. 0. 1. 1. 0. 0. 0. 0. 0. 1. 0. 1. 0. 0. 0.],300,100,0.1,0.002,1,9,best,1,best
275,0.01249860984030919,0.01249860984030919,0.0020033705069493184,[0.         0.         0.         0.         0.05318851 0.         0.         0.         0.01091303 0.         0.         0.         0.         0.         0.         0.         0.         0.         0.01020557 0.01       0.         0.         0.         0.         0.         0.09689371 0.         0.33420928 0.         0.         0.        ],[0. 0. 0. 0. 1. 0. 0. 0. 1. 0. 0. 0. 0. 0. 0. 0. 0. 0. 1. 1. 0. 0. 0. 0. 0. 1. 0. 1. 0. 0. 0.],300,100,0.1,0.002,1,9,best,1,best
276,0.01249860984030919,0.01249860984030919,0.0020033705069493184,[0.         0.         0.         0.         0.05318851 0.         0.         0.         0.01091303 0.         0.         0.         0.         0.         0.         0.         0.         0.         0.01020557 0.01       0.         0.         0.         0.         0.         0.09689371 0.         0.33420928 0.         0.         0.        ],[0. 0. 0. 0. 1. 0. 0. 0. 1. 0. 0. 0. 0. 0. 0. 0. 0. 0. 1. 1. 0. 0. 0. 0. 0. 1. 0. 1. 0. 0. 0.],300,100,0.1,0.002,1,9,best,1,best
277,0.01249860984030919,0.01249860984030919,0.0020033705069493184,[0.         0.         0.         0.         0.05318851 0.         0.         0.         0.01091303 0.         0.         0.         0.         0.         0.         0.         0.         0.         0.01020557 0.01       0.         0.         0.         0.         0.         0.09689371 0.         0.33420928 0.         0.         0.        ],[0. 0. 0. 0. 1. 0. 0. 0. 1. 0. 0. 0. 0. 0. 0. 0. 0. 0. 1. 1. 0. 0. 0. 0. 0. 1. 0. 1. 0. 0. 0.],300,100,0.1,0.002,1,9,best,1,best
278,0.01249860984030919,0.01249860984030919,0.0020033705069493184,[0.         0.         0.         0.         0.05318851 0.         0.         0.         0.01091303 0.         0.         0.         0.         0.         0.         0.         0.         0.         0.01020557 0.01       0.         0.         0.         0.         0.         0.09689371 0.         0.33420928 0.         0.         0.        ],[0. 0. 0. 0. 1. 0. 0. 0. 1. 0. 0. 0. 0. 0. 0. 0. 0. 0. 1. 1. 0. 0. 0. 0. 0. 1. 0. 1. 0. 0. 0.],300,100,0.1,0.002,1,9,best,1,best
279,0.01249860984030919,0.01249860984030919,0.0020033705069493184,[0.         0.         0.         0.         0.05318851 0.         0.         0.         0.01091303 0.         0.         0.         0.         0.         0.         0.         0.         0.         0.01020557 0.01       0.         0.         0.         0.         0.         0.09689371 0.         0.33420928 0.         0.         0.        ],[0. 0. 0. 0. 1. 0. 0. 0. 1. 0. 0. 0. 0. 0. 0. 0. 0. 0. 1. 1. 0. 0. 0. 0. 0. 1. 0. 1. 0. 0. 0.],300,100,0.1,0.002,1,9,best,1,best
280,0.01249860984030919,0.01249860984030919,0.0020033705069493184,[0.         0.         0.         0.         0.05318851 0.         0.         0.         0.01091303 0.         0.         0.         0.         0.         0.         0.         0.         0.         0.01020557 0.01       0.         0.         0.         0.         0.         0.09689371 0.         0.33420928 0.         0.         0.        ],[0. 0. 0. 0. 1. 0. 0. 0. 1. 0. 0. 0. 0. 0. 0. 0. 0. 0. 1. 1. 0. 0. 0. 0. 0. 1. 0. 1. 0. 0. 0.],300,100,0.1,0.002,1,9,best,1,best
281,0.01249860984030919,0.01249860984030919,0.0020033705069493184,[0.         0.         0.         0.         0.05318851 0.         0.         0.         0.01091303 0.         0.         0.         0.         0.         0.         0.         0.         0.         0.01020557 0.01       0.         0.         0.         0.         0.         0.09689371 0.         0.33420928 0.         0.         0.        ],[0. 0. 0. 0. 1. 0. 0. 0. 1. 0. 0. 0. 0. 0. 0. 0. 0. 0. 1. 1. 0. 0. 0. 0. 0. 1. 0. 1. 0. 0. 0.],300,100,0.1,0.002,1,9,best,1,best
282,0.01249860984030919,0.01249860984030919,0.0020033705069493184,[0.         0.         0.         0.         0.05318851 0.         0.         0.         0.01091303 0.         0.         0.         0.         0.         0.         0.         0.         0.         0.01020557 0.01       0.         0.         0.         0.         0.         0.09689371 0.         0.33420928 0.         0.         0.        ],[0. 0. 0. 0. 1. 0. 0. 0. 1. 0. 0. 0. 0. 0. 0. 0. 0. 0. 1. 1. 0. 0. 0. 0. 0. 1. 0. 1. 0. 0. 0.],300,100,0.1,0.002,1,9,best,1,best
283,0.01249860984030919,0.01249860984030919,0.0020033705069493184,[0.         0.         0.         0.         0.05318851 0.         0.         0.         0.01091303 0.         0.         0.         0.         0.         0.         0.         0.         0.         0.01020557 0.01       0.         0.         0.         0.         0.         0.09689371 0.         0.33420928 0.         0.         0.        ],[0. 0. 0. 0. 1. 0. 0. 0. 1. 0. 0. 0. 0. 0. 0. 0. 0. 0. 1. 1. 0. 0. 0. 0. 0. 1. 0. 1. 0. 0. 0.],300,100,0.1,0.002,1,9,best,1,best
284,0.01249860984030919,0.01249860984030919,0.0020033705069493184,[0.         0.         0.         0.         0.05318851 0.         0.         0.         0.01091303 0.         0.         0.         0.         0.         0.         0.         0.         0.         0.01020557 0.01       0.         0.         0.         0.         0.         0.09689371 0.         0.33420928 0.         0.         0.        ],[0. 0. 0. 0. 1. 0. 0. 0. 1. 0. 0. 0. 0. 0. 0. 0. 0. 0. 1. 1. 0. 0. 0. 0. 0. 1. 0. 1. 0. 0. 0.],300,100,0.1,0.002,1,9,best,1,best
285,0.01249860984030919,0.01249860984030919,0.0020033705069493184,[0.         0.         0.         0.         0.05318851 0.         0.         0.         0.01091303 0.         0.         0.         0.         0.         0.         0.         0.         0.         0.01020557 0.01       0.         0.         0.         0.         0.         0.09689371 0.         0.33420928 0.         0.         0.        ],[0. 0. 0. 0. 1. 0. 0. 0. 1. 0. 0. 0. 0. 0. 0. 0. 0. 0. 1. 1. 0. 0. 0. 0. 0. 1. 0. 1. 0. 0. 0.],300,100,0.1,0.002,1,9,best,1,best
286,0.01249860984030919,0.01249860984030919,0.0020033705069493184,[0.         0.         0.         0.         0.05318851 0.         0.         0.         0.01091303 0.         0.         0.         0.         0.         0.         0.         0.         0.         0.01020557 0.01       0.         0.         0.         0.         0.         0.09689371 0.         0.33420928 0.         0.         0.        ],[0. 0. 0. 0. 1. 0. 0. 0. 1. 0. 0. 0. 0. 0. 0. 0. 0. 0. 1. 1. 0. 0. 0. 0. 0. 1. 0. 1. 0. 0. 0.],300,100,0.1,0.002,1,9,best,1,best
287,0.01249860984030919,0.01249860984030919,0.0020033705069493184,[0.         0.         0.         0.         0.05318851 0.         0.         0.         0.01091303 0.         0.         0.         0.         0.         0.         0.         0.         0.         0.01020557 0.01       0.         0.         0.         0.         0.         0.09689371 0.         0.33420928 0.         0.         0.        ],[0. 0. 0. 0. 1. 0. 0. 0. 1. 0. 0. 0. 0. 0. 0. 0. 0. 0. 1. 1. 0. 0. 0. 0. 0. 1. 0. 1. 0. 0. 0.],300,100,0.1,0.002,1,9,best,1,best
288,0.01249860984030919,0.01249860984030919,0.0020033705069493184,[0.         0.         0.         0.         0.05318851 0.         0.         0.         0.01091303 0.         0.         0.         0.         0.         0.         0.         0.         0.         0.01020557 0.01       0.         0.         0.         0.         0.         0.09689371 0.         0.33420928 0.         0.         0.        ],[0. 0. 0. 0. 1. 0. 0. 0. 1. 0. 0. 0. 0. 0. 0. 0. 0. 0. 1. 1. 0. 0. 0. 0. 0. 1. 0. 1. 0. 0. 0.],300,100,0.1,0.002,1,9,best,1,best
289,0.01249860984030919,0.01249860984030919,0.0020033705069493184,[0.         0.         0.         0.         0.05318851 0.         0.         0.         0.01091303 0.         0.         0.         0.         0.         0.         0.         0.         0.         0.01020557 0.01       0.         0.         0.         0.         0.         0.09689371 0.         0.33420928 0.         0.         0.        ],[0. 0. 0. 0. 1. 0. 0. 0. 1. 0. 0. 0. 0. 0. 0. 0. 0. 0. 1. 1. 0. 0. 0. 0. 0. 1. 0. 1. 0. 0. 0.],300,100,0.1,0.002,1,9,best,1,best
290,0.01249860984030919,0.01249860984030919,0.0020033705069493184,[0.         0.         0.         0.         0.05318851 0.         0.         0.         0.01091303 0.         0.         0.         0.         0.         0.         0.         0.         0.         0.01020557 0.01       0.         0.         0.         0.         0.         0.09689371 0.         0.33420928 0.         0.         0.        ],[0. 0. 0. 0. 1. 0. 0. 0. 1. 0. 0. 0. 0. 0. 0. 0. 0. 0. 1. 1. 0. 0. 0. 0. 0. 1. 0. 1. 0. 0. 0.],300,100,0.1,0.002,1,9,best,1,best
291,0.01249860984030919,0.01249860984030919,0.0020033705069493184,[0.         0.         0.         0.         0.05318851 0.         0.         0.         0.01091303 0.         0.         0.         0.         0.         0.         0.         0.         0.         0.01020557 0.01       0.         0.         0.         0.         0.         0.09689371 0.         0.33420928 0.         0.         0.        ],[0. 0. 0. 0. 1. 0. 0. 0. 1. 0. 0. 0. 0. 0. 0. 0. 0. 0. 1. 1. 0. 0. 0. 0. 0. 1. 0. 1. 0. 0. 0.],300,100,0.1,0.002,1,9,best,1,best
292,0.01249860984030919,0.01249860984030919,0.0020033705069493184,[0.         0.         0.         0.         0.05318851 0.         0.         0.         0.01091303 0.         0.         0.         0.         0.         0.         0.         0.         0.         0.01020557 0.01       0.         0.         0.         0.         0.         0.09689371 0.         0.33420928 0.         0.         0.        ],[0. 0. 0. 0. 1. 0. 0. 0. 1. 0. 0. 0. 0. 0. 0. 0. 0. 0. 1. 1. 0. 0. 0. 0. 0. 1. 0. 1. 0. 0. 0.],300,100,0.1,0.002,1,9,best,1,best
293,0.01249860984030919,0.01249860984030919,0.0020033705069493184,[0.         0.         0.         0.         0.05318851 0.         0.         0.         0.01091303 0.         0.         0.         0.         0.         0.         0.         0.         0.         0.01020557 0.01       0.         0.         0.         0.         0.         0.09689371 0.         0.33420928 0.         0.         0.        ],[0. 0. 0. 0. 1. 0. 0. 0. 1. 0. 0. 0. 0. 0. 0. 0. 0. 0. 1. 1. 0. 0. 0. 0. 0. 1. 0. 1. 0. 0. 0.],300,100,0.1,0.002,1,9,best,1,best
294,0.01249860984030919,0.01249860984030919,0.0020033705069493184,[0.         0.         0.         0.         0.05318851 0.         0.         0.         0.01091303 0.         0.         0.         0.         0.         0.         0.         0.         0.         0.01020557 0.01       0.         0.         0.         0.         0.         0.09689371 0.         0.33420928 0.         0.         0.        ],[0. 0. 0. 0. 1. 0. 0. 0. 1. 0. 0. 0. 0. 0. 0. 0. 0. 0. 1. 1. 0. 0. 0. 0. 0. 1. 0. 1. 0. 0. 0.],300,100,0.1,0.002,1,9,best,1,best
295,0.01249860984030919,0.01249860984030919,0.0020033705069493184,[0.         0.         0.         0.         0.05318851 0.         0.         0.         0.01091303 0.         0.         0.         0.         0.         0.         0.         0.         0.         0.01020557 0.01       0.         0.         0.         0.         0.         0.09689371 0.         0.33420928 0.         0.         0.        ],[0. 0. 0. 0. 1. 0. 0. 0. 1. 0. 0. 0. 0. 0. 0. 0. 0. 0. 1. 1. 0. 0. 0. 0. 0. 1. 0. 1. 0. 0. 0.],300,100,0.1,0.002,1,9,best,1,best
296,0.01249860984030919,0.01249860984030919,0.0020033705069493184,[0.         0.         0.         0.         0.05318851 0.         0.         0.         0.01091303 0.         0.         0.         0.         0.         0.         0.         0.         0.         0.01020557 0.01       0.         0.         0.         0.         0.         0.09689371 0.         0.33420928 0.         0.         0.        ],[0. 0. 0. 0. 1. 0. 0. 0. 1. 0. 0. 0. 0. 0. 0. 0. 0. 0. 1. 1. 0. 0. 0. 0. 0. 1. 0. 1. 0. 0. 0.],300,100,0.1,0.002,1,9,best,1,best
297,0.01249860984030919,0.01249860984030919,0.0020033705069493184,[0.         0.         0.         0.         0.05318851 0.         0.         0.         0.01091303 0.         0.         0.         0.         0.         0.         0.         0.         0.         0.01020557 0.01       0.         0.         0.         0.         0.         0.09689371 0.         0.33420928 0.         0.         0.        ],[0. 0. 0. 0. 1. 0. 0. 0. 1. 0. 0. 0. 0. 0. 0. 0. 0. 0. 1. 1. 0. 0. 0. 0. 0. 1. 0. 1. 0. 0. 0.],300,100,0.1,0.002,1,9,best,1,best
298,0.01249860984030919,0.01249860984030919,0.0020033705069493184,[0.         0.         0.         0.         0.05318851 0.         0.         0.         0.01091303 0.         0.         0.         0.         0.         0.         0.         0.         0.         0.01020557 0.01       0.         0.         0.         0.         0.         0.09689371 0.         0.33420928 0.         0.         0.        ],[0. 0. 0. 0. 1. 0. 0. 0. 1. 0. 0. 0. 0. 0. 0. 0. 0. 0. 1. 1. 0. 0. 0. 0. 0. 1. 0. 1. 0. 0. 0.],300,100,0.1,0.002,1,9,best,1,best
299,0.01249860984030919,0.01249860984030919,0.0020033705069493184,[0.         0.         0.         0.         0.05318851 0.         0.         0.         0.01091303 0.         0.         0.         0.         0.         0.         0.         0.         0.         0.01020557 0.01       0.         0.         0.         0.         0.         0.09689371 0.         0.33420928 0.         0.         0.        ],[0. 0. 0. 0. 1. 0. 0. 0. 1. 0. 0. 0. 0. 0. 0. 0. 0. 0. 1. 1. 0. 0. 0. 0. 0. 1. 0. 1. 0. 0. 0.],300,100,0.1,0.002,1,9,best,1,best
