iter,obj,aug_obj,return,X,Z,Q,max_iter,neighbours,alpha,exp_return,n_port,k,move_strategy,seed,selection_strategy,tag
0,0.11161035300502115,0.11161035300502115,0.004154007806000001,[0.       0.       0.       0.       0.481188 0.       0.       0.       0.       0.       0.282466 0.       0.       0.       0.       0.       0.       0.       0.       0.       0.       0.       0.       0.236346 0.       0.       0.       0.       0.       0.       0.      ],[0. 0. 0. 0. 1. 0. 0. 0. 0. 0. 1. 0. 0. 0. 0. 0. 0. 0. 0. 0. 0. 0. 0. 1. 0. 0. 0. 0. 0. 0. 0.],3.0,1000,100,0.01,0.003,1,2,idID,,first,single_objective
1,0.09908228585858228,0.09908228585858228,0.004154007806000001,[0.       0.       0.       0.       0.560887 0.       0.       0.       0.       0.       0.230185 0.       0.       0.       0.       0.       0.       0.       0.       0.       0.       0.       0.       0.208929 0.       0.       0.       0.       0.       0.       0.      ],[0. 0. 0. 0. 1. 0. 0. 0. 0. 0. 1. 0. 0. 0. 0. 0. 0. 0. 0. 0. 0. 0. 0. 1. 0. 0. 0. 0. 0. 0. 0.],3.0,1000,100,0.01,0.003,1,2,idID,,first,single_objective
2,0.09488844183248345,0.09488844183248345,0.004154007806000001,[0.       0.       0.       0.       0.58641  0.       0.       0.       0.       0.       0.211964 0.       0.       0.       0.       0.       0.       0.       0.       0.       0.       0.       0.       0.201625 0.       0.       0.       0.       0.       0.       0.      ],[0. 0. 0. 0. 1. 0. 0. 0. 0. 0. 1. 0. 0. 0. 0. 0. 0. 0. 0. 0. 0. 0. 0. 1. 0. 0. 0. 0. 0. 0. 0.],3.0,1000,100,0.01,0.003,1,2,idID,,first,single_objective
3,0.0934654864280313,0.0934654864280313,0.004154007806000001,[0.       0.       0.       0.       0.595193 0.       0.       0.       0.       0.       0.204963 0.       0.       0.       0.       0.       0.       0.       0.       0.       0.       0.       0.       0.199843 0.       0.       0.       0.       0.       0.       0.      ],[0. 0. 0. 0. 1. 0. 0. 0. 0. 0. 1. 0. 0. 0. 0. 0. 0. 0. 0. 0. 0. 0. 0. 1. 0. 0. 0. 0. 0. 0. 0.],3.0,1000,100,0.01,0.003,1,2,idID,,first,single_objective
4,0.0929863340854218,0.0929863340854218,0.004154007806000001,[0.       0.       0.       0.       0.598289 0.       0.       0.       0.       0.       0.202131 0.       0.       0.       0.       0.       0.       0.       0.       0.       0.       0.       0.       0.19958  0.       0.       0.       0.       0.       0.       0.      ],[0. 0. 0. 0. 1. 0. 0. 0. 0. 0. 1. 0. 0. 0. 0. 0. 0. 0. 0. 0. 0. 0. 0. 1. 0. 0. 0. 0. 0. 0. 0.],3.0,1000,100,0.01,0.003,1,2,idID,,first,single_objective
5,0.0928283851347346,0.0928283851347346,0.004154007806000001,[0.       0.       0.       0.       0.59939  0.       0.       0.       0.       0.       0.200942 0.       0.       0.       0.       0.       0.       0.       0.       0.       0.       0.       0.       0.199668 0.       0.       0.       0.       0.       0.       0.      ],[0. 0. 0. 0. 1. 0. 0. 0. 0. 0. 1. 0. 0. 0. 0. 0. 0. 0. 0. 0. 0. 0. 0. 1. 0. 0. 0. 0. 0. 0. 0.],3.0,1000,100,0.01,0.003,1,2,idID,,first,single_objective
6,0.0927786989346573,0.0927786989346573,0.004154007806000001,[0.       0.       0.       0.       0.599782 0.       0.       0.       0.       0.       0.200427 0.       0.       0.       0.       0.       0.       0.       0.       0.       0.       0.       0.       0.199791 0.       0.       0.       0.       0.       0.       0.      ],[0. 0. 0. 0. 1. 0. 0. 0. 0. 0. 1. 0. 0. 0. 0. 0. 0. 0. 0. 0. 0. 0. 0. 1. 0. 0. 0. 0. 0. 0. 0.],3.0,1000,100,0.01,0.003,1,2,idID,,first,single_objective
7,0.09276420678528602,0.09276420678528602,0.004154007806000001,[0.       0.       0.       0.       0.599922 0.       0.       0.       0.       0.       0.200198 0.       0.       0.       0.       0.       0.       0.       0.       0.       0.       0.       0.       0.19988  0.       0.       0.       0.       0.       0.       0.      ],[0. 0. 0. 0. 1. 0. 0. 0. 0. 0. 1. 0. 0. 0. 0. 0. 0. 0. 0. 0. 0. 0. 0. 1. 0. 0. 0. 0. 0. 0. 0.],3.0,1000,100,0.01,0.003,1,2,idID,,first,single_objective
8,0.09276037948707895,0.09276037948707895,0.004154007806000001,[0.       0.       0.       0.       0.599972 0.       0.       0.       0.       0.       0.200093 0.       0.       0.       0.       0.       0.       0.       0.       0.       0.       0.       0.       0.199934 0.       0.       0.       0.       0.       0.       0.      ],[0. 0. 0. 0. 1. 0. 0. 0. 0. 0. 1. 0. 0. 0. 0. 0. 0. 0. 0. 0. 0. 0. 0. 1. 0. 0. 0. 0. 0. 0. 0.],3.0,1000,100,0.01,0.003,1,2,idID,,first,single_objective
9,0.0927601956046874,0.0927601956046874,0.004154007806000001,[0.       0.       0.       0.       0.59999  0.       0.       0.       0.       0.       0.200045 0.       0.       0.       0.       0.       0.       0.       0.       0.       0.       0.       0.       0.199965 0.       0.       0.       0.       0.       0.       0.      ],[0. 0. 0. 0. 1. 0. 0. 0. 0. 0. 1. 0. 0. 0. 0. 0. 0. 0. 0. 0. 0. 0. 0. 1. 0. 0. 0. 0. 0. 0. 0.],3.0,1000,100,0.01,0.003,1,2,idID,,first,single_objective
10,0.0927601956046874,0.0927601956046874,0.004154007806000001,[0.       0.       0.       0.       0.59999  0.       0.       0.       0.       0.       0.200045 0.       0.       0.       0.       0.       0.       0.       0.       0.       0.       0.       0.       0.199965 0.       0.       0.       0.       0.       0.       0.      ],[0. 0. 0. 0. 1. 0. 0. 0. 0. 0. 1. 0. 0. 0. 0. 0. 0. 0. 0. 0. 0. 0. 0. 1. 0. 0. 0. 0. 0. 0. 0.],3.0,1000,100,0.01,0.003,1,2,idID,,first,single_objective
11,0.0927601956046874,0.09585220212484365,0.004154007806000001,[0.       0.       0.       0.       0.59999  0.       0.       0.       0.       0.       0.200045 0.       0.       0.       0.       0.       0.       0.       0.       0.       0.       0.       0.       0.199965 0.       0.       0.       0.       0.       0.       0.      ],[0. 0. 0. 0. 1. 0. 0. 0. 0. 0. 1. 0. 0. 0. 0. 0. 0. 0. 0. 0. 0. 0. 0. 1. 0. 0. 0. 0. 0. 0. 0.],3.0,1000,100,0.01,0.003,1,2,idID,,first,single_objective
12,0.0927601956046874,0.09894420864499989,0.004154007806000001,[0.       0.       0.       0.       0.59999  0.       0.       0.       0.       0.       0.200045 0.       0.       0.       0.       0.       0.       0.       0.       0.       0.       0.       0.       0.199965 0.       0.       0.       0.       0.       0.       0.      ],[0. 0. 0. 0. 1. 0. 0. 0. 0. 0. 1. 0. 0. 0. 0. 0. 0. 0. 0. 0. 0. 0. 0. 1. 0. 0. 0. 0. 0. 0. 0.],3.0,1000,100,0.01,0.003,1,2,idID,,first,single_objective
13,0.0927601956046874,0.10203621516515614,0.004154007806000001,[0.       0.       0.       0.       0.59999  0.       0.       0.       0.       0.       0.200045 0.       0.       0.       0.       0.       0.       0.       0.       0.       0.       0.       0.       0.199965 0.       0.       0.       0.       0.       0.       0.      ],[0. 0. 0. 0. 1. 0. 0. 0. 0. 0. 1. 0. 0. 0. 0. 0. 0. 0. 0. 0. 0. 0. 0. 1. 0. 0. 0. 0. 0. 0. 0.],3.0,1000,100,0.01,0.003,1,2,idID,,first,single_objective
14,0.0927601956046874,0.10512822168531238,0.004154007806000001,[0.       0.       0.       0.       0.59999  0.       0.       0.       0.       0.       0.200045 0.       0.       0.       0.       0.       0.       0.       0.       0.       0.       0.       0.       0.199965 0.       0.       0.       0.       0.       0.       0.      ],[0. 0. 0. 0. 1. 0. 0. 0. 0. 0. 1. 0. 0. 0. 0. 0. 0. 0. 0. 0. 0. 0. 0. 1. 0. 0. 0. 0. 0. 0. 0.],3.0,1000,100,0.01,0.003,1,2,idID,,first,single_objective
15,0.0927601956046874,0.10822022820546864,0.004154007806000001,[0.       0.       0.       0.       0.59999  0.       0.       0.       0.       0.       0.200045 0.       0.       0.       0.       0.       0.       0.       0.       0.       0.       0.       0.       0.199965 0.       0.       0.       0.       0.       0.       0.      ],[0. 0. 0. 0. 1. 0. 0. 0. 0. 0. 1. 0. 0. 0. 0. 0. 0. 0. 0. 0. 0. 0. 0. 1. 0. 0. 0. 0. 0. 0. 0.],3.0,1000,100,0.01,0.003,1,2,idID,,first,single_objective
16,0.0927601956046874,0.11131223472562488,0.004154007806000001,[0.       0.       0.       0.       0.59999  0.       0.       0.       0.       0.       0.200045 0.       0.       0.       0.       0.       0.       0.       0.       0.       0.       0.       0.       0.199965 0.       0.       0.       0.       0.       0.       0.      ],[0. 0. 0. 0. 1. 0. 0. 0. 0. 0. 1. 0. 0. 0. 0. 0. 0. 0. 0. 0. 0. 0. 0. 1. 0. 0. 0. 0. 0. 0. 0.],3.0,1000,100,0.01,0.003,1,2,idID,,first,single_objective
17,0.0927601956046874,0.11440424124578114,0.004154007806000001,[0.       0.       0.       0.       0.59999  0.       0.       0.       0.       0.       0.200045 0.       0.       0.       0.       0.       0.       0.       0.       0.       0.       0.       0.       0.199965 0.       0.       0.       0.       0.       0.       0.      ],[0. 0. 0. 0. 1. 0. 0. 0. 0. 0. 1. 0. 0. 0. 0. 0. 0. 0. 0. 0. 0. 0. 0. 1. 0. 0. 0. 0. 0. 0. 0.],3.0,1000,100,0.01,0.003,1,2,idID,,first,single_objective
18,0.0927601956046874,0.11749624776593738,0.004154007806000001,[0.       0.       0.       0.       0.59999  0.       0.       0.       0.       0.       0.200045 0.       0.       0.       0.       0.       0.       0.       0.       0.       0.       0.       0.       0.199965 0.       0.       0.       0.       0.       0.       0.      ],[0. 0. 0. 0. 1. 0. 0. 0. 0. 0. 1. 0. 0. 0. 0. 0. 0. 0. 0. 0. 0. 0. 0. 1. 0. 0. 0. 0. 0. 0. 0.],3.0,1000,100,0.01,0.003,1,2,idID,,first,single_objective
19,0.0927601956046874,0.12058825428609363,0.004154007806000001,[0.       0.       0.       0.       0.59999  0.       0.       0.       0.       0.       0.200045 0.       0.       0.       0.       0.       0.       0.       0.       0.       0.       0.       0.       0.199965 0.       0.       0.       0.       0.       0.       0.      ],[0. 0. 0. 0. 1. 0. 0. 0. 0. 0. 1. 0. 0. 0. 0. 0. 0. 0. 0. 0. 0. 0. 0. 1. 0. 0. 0. 0. 0. 0. 0.],3.0,1000,100,0.01,0.003,1,2,idID,,first,single_objective
20,0.0927601956046874,0.12368026080624987,0.004154007806000001,[0.       0.       0.       0.       0.59999  0.       0.       0.       0.       0.       0.200045 0.       0.       0.       0.       0.       0.       0.       0.       0.       0.       0.       0.       0.199965 0.       0.       0.       0.       0.       0.       0.      ],[0. 0. 0. 0. 1. 0. 0. 0. 0. 0. 1. 0. 0. 0. 0. 0. 0. 0. 0. 0. 0. 0. 0. 1. 0. 0. 0. 0. 0. 0. 0.],3.0,1000,100,0.01,0.003,1,2,idID,,first,single_objective
21,0.0927601956046874,0.12677226732640612,0.004154007806000001,[0.       0.       0.       0.       0.59999  0.       0.       0.       0.       0.       0.200045 0.       0.       0.       0.       0.       0.       0.       0.       0.       0.       0.       0.       0.199965 0.       0.       0.       0.       0.       0.       0.      ],[0. 0. 0. 0. 1. 0. 0. 0. 0. 0. 1. 0. 0. 0. 0. 0. 0. 0. 0. 0. 0. 0. 0. 1. 0. 0. 0. 0. 0. 0. 0.],3.0,1000,100,0.01,0.003,1,2,idID,,first,single_objective
22,0.0927601956046874,0.12986427384656235,0.004154007806000001,[0.       0.       0.       0.       0.59999  0.       0.       0.       0.       0.       0.200045 0.       0.       0.       0.       0.       0.       0.       0.       0.       0.       0.       0.       0.199965 0.       0.       0.       0.       0.       0.       0.      ],[0. 0. 0. 0. 1. 0. 0. 0. 0. 0. 1. 0. 0. 0. 0. 0. 0. 0. 0. 0. 0. 0. 0. 1. 0. 0. 0. 0. 0. 0. 0.],3.0,1000,100,0.01,0.003,1,2,idID,,first,single_objective
23,0.0927601956046874,0.1329562803667186,0.004154007806000001,[0.       0.       0.       0.       0.59999  0.       0.       0.       0.       0.       0.200045 0.       0.       0.       0.       0.       0.       0.       0.       0.       0.       0.       0.       0.199965 0.       0.       0.       0.       0.       0.       0.      ],[0. 0. 0. 0. 1. 0. 0. 0. 0. 0. 1. 0. 0. 0. 0. 0. 0. 0. 0. 0. 0. 0. 0. 1. 0. 0. 0. 0. 0. 0. 0.],3.0,1000,100,0.01,0.003,1,2,idID,,first,single_objective
24,0.0927601956046874,0.13604828688687487,0.004154007806000001,[0.       0.       0.       0.       0.59999  0.       0.       0.       0.       0.       0.200045 0.       0.       0.       0.       0.       0.       0.       0.       0.       0.       0.       0.       0.199965 0.       0.       0.       0.       0.       0.       0.      ],[0. 0. 0. 0. 1. 0. 0. 0. 0. 0. 1. 0. 0. 0. 0. 0. 0. 0. 0. 0. 0. 0. 0. 1. 0. 0. 0. 0. 0. 0. 0.],3.0,1000,100,0.01,0.003,1,2,idID,,first,single_objective
25,0.0927601956046874,0.1391402934070311,0.004154007806000001,[0.       0.       0.       0.       0.59999  0.       0.       0.       0.       0.       0.200045 0.       0.       0.       0.       0.       0.       0.       0.       0.       0.       0.       0.       0.199965 0.       0.       0.       0.       0.       0.       0.      ],[0. 0. 0. 0. 1. 0. 0. 0. 0. 0. 1. 0. 0. 0. 0. 0. 0. 0. 0. 0. 0. 0. 0. 1. 0. 0. 0. 0. 0. 0. 0.],3.0,1000,100,0.01,0.003,1,2,idID,,first,single_objective
26,0.0927601956046874,0.14223229992718736,0.004154007806000001,[0.       0.       0.       0.       0.59999  0.       0.       0.       0.       0.       0.200045 0.       0.       0.       0.       0.       0.       0.       0.       0.       0.       0.       0.       0.199965 0.       0.       0.       0.       0.       0.       0.      ],[0. 0. 0. 0. 1. 0. 0. 0. 0. 0. 1. 0. 0. 0. 0. 0. 0. 0. 0. 0. 0. 0. 0. 1. 0. 0. 0. 0. 0. 0. 0.],3.0,1000,100,0.01,0.003,1,2,idID,,first,single_objective
27,0.0927601956046874,0.1453243064473436,0.004154007806000001,[0.       0.       0.       0.       0.59999  0.       0.       0.       0.       0.       0.200045 0.       0.       0.       0.       0.       0.       0.       0.       0.       0.       0.       0.       0.199965 0.       0.       0.       0.       0.       0.       0.      ],[0. 0. 0. 0. 1. 0. 0. 0. 0. 0. 1. 0. 0. 0. 0. 0. 0. 0. 0. 0. 0. 0. 0. 1. 0. 0. 0. 0. 0. 0. 0.],3.0,1000,100,0.01,0.003,1,2,idID,,first,single_objective
28,0.0927601956046874,0.14841631296749985,0.004154007806000001,[0.       0.       0.       0.       0.59999  0.       0.       0.       0.       0.       0.200045 0.       0.       0.       0.       0.       0.       0.       0.       0.       0.       0.       0.       0.199965 0.       0.       0.       0.       0.       0.       0.      ],[0. 0. 0. 0. 1. 0. 0. 0. 0. 0. 1. 0. 0. 0. 0. 0. 0. 0. 0. 0. 0. 0. 0. 1. 0. 0. 0. 0. 0. 0. 0.],3.0,1000,100,0.01,0.003,1,2,idID,,first,single_objective
29,0.0927601956046874,0.15150831948765608,0.004154007806000001,[0.       0.       0.       0.       0.59999  0.       0.       0.       0.       0.       0.200045 0.       0.       0.       0.       0.       0.       0.       0.       0.       0.       0.       0.       0.199965 0.       0.       0.       0.       0.       0.       0.      ],[0. 0. 0. 0. 1. 0. 0. 0. 0. 0. 1. 0. 0. 0. 0. 0. 0. 0. 0. 0. 0. 0. 0. 1. 0. 0. 0. 0. 0. 0. 0.],3.0,1000,100,0.01,0.003,1,2,idID,,first,single_objective
30,0.0927601956046874,0.15460032600781234,0.004154007806000001,[0.       0.       0.       0.       0.59999  0.       0.       0.       0.       0.       0.200045 0.       0.       0.       0.       0.       0.       0.       0.       0.       0.       0.       0.       0.199965 0.       0.       0.       0.       0.       0.       0.      ],[0. 0. 0. 0. 1. 0. 0. 0. 0. 0. 1. 0. 0. 0. 0. 0. 0. 0. 0. 0. 0. 0. 0. 1. 0. 0. 0. 0. 0. 0. 0.],3.0,1000,100,0.01,0.003,1,2,idID,,first,single_objective
31,0.0927601956046874,0.1576923325279686,0.004154007806000001,[0.       0.       0.       0.       0.59999  0.       0.       0.       0.       0.       0.200045 0.       0.       0.       0.       0.       0.       0.       0.       0.       0.       0.       0.       0.199965 0.       0.       0.       0.       0.       0.       0.      ],[0. 0. 0. 0. 1. 0. 0. 0. 0. 0. 1. 0. 0. 0. 0. 0. 0. 0. 0. 0. 0. 0. 0. 1. 0. 0. 0. 0. 0. 0. 0.],3.0,1000,100,0.01,0.003,1,2,idID,,first,single_objective
32,0.0927601956046874,0.16078433904812484,0.004154007806000001,[0.       0.       0.       0.       0.59999  0.       0.       0.       0.       0.       0.200045 0.       0.       0.       0.       0.       0.       0.       0.       0.       0.       0.       0.       0.199965 0.       0.       0.       0.       0.       0.       0.      ],[0. 0. 0. 0. 1. 0. 0. 0. 0. 0. 1. 0. 0. 0. 0. 0. 0. 0. 0. 0. 0. 0. 0. 1. 0. 0. 0. 0. 0. 0. 0.],3.0,1000,100,0.01,0.003,1,2,idID,,first,single_objective
33,0.0927601956046874,0.16387634556828107,0.004154007806000001,[0.       0.       0.       0.       0.59999  0.       0.       0.       0.       0.       0.200045 0.       0.       0.       0.       0.       0.       0.       0.       0.       0.       0.       0.       0.199965 0.       0.       0.       0.       0.       0.       0.      ],[0. 0. 0. 0. 1. 0. 0. 0. 0. 0. 1. 0. 0. 0. 0. 0. 0. 0. 0. 0. 0. 0. 0. 1. 0. 0. 0. 0. 0. 0. 0.],3.0,1000,100,0.01,0.003,1,2,idID,,first,single_objective
34,0.0927601956046874,0.16696835208843733,0.004154007806000001,[0.       0.       0.       0.       0.59999  0.       0.       0.       0.       0.       0.200045 0.       0.       0.       0.       0.       0.       0.       0.       0.       0.       0.       0.       0.199965 0.       0.       0.       0.       0.       0.       0.      ],[0. 0. 0. 0. 1. 0. 0. 0. 0. 0. 1. 0. 0. 0. 0. 0. 0. 0. 0. 0. 0. 0. 0. 1. 0. 0. 0. 0. 0. 0. 0.],3.0,1000,100,0.01,0.003,1,2,idID,,first,single_objective
35,0.0927601956046874,0.1700603586085936,0.004154007806000001,[0.       0.       0.       0.       0.59999  0.       0.       0.       0.       0.       0.200045 0.       0.       0.       0.       0.       0.       0.       0.       0.       0.       0.       0.       0.199965 0.       0.       0.       0.       0.       0.       0.      ],[0. 0. 0. 0. 1. 0. 0. 0. 0. 0. 1. 0. 0. 0. 0. 0. 0. 0. 0. 0. 0. 0. 0. 1. 0. 0. 0. 0. 0. 0. 0.],3.0,1000,100,0.01,0.003,1,2,idID,,first,single_objective
36,0.0927601956046874,0.17315236512874982,0.004154007806000001,[0.       0.       0.       0.       0.59999  0.       0.       0.       0.       0.       0.200045 0.       0.       0.       0.       0.       0.       0.       0.       0.       0.       0.       0.       0.199965 0.       0.       0.       0.       0.       0.       0.      ],[0. 0. 0. 0. 1. 0. 0. 0. 0. 0. 1. 0. 0. 0. 0. 0. 0. 0. 0. 0. 0. 0. 0. 1. 0. 0. 0. 0. 0. 0. 0.],3.0,1000,100,0.01,0.003,1,2,idID,,first,single_objective
37,0.0927601956046874,0.17624437164890608,0.004154007806000001,[0.       0.       0.       0.       0.59999  0.       0.       0.       0.       0.       0.200045 0.       0.       0.       0.       0.       0.       0.       0.       0.       0.       0.       0.       0.199965 0.       0.       0.       0.       0.       0.       0.      ],[0. 0. 0. 0. 1. 0. 0. 0. 0. 0. 1. 0. 0. 0. 0. 0. 0. 0. 0. 0. 0. 0. 0. 1. 0. 0. 0. 0. 0. 0. 0.],3.0,1000,100,0.01,0.003,1,2,idID,,first,single_objective
38,0.0927601956046874,0.17933637816906234,0.004154007806000001,[0.       0.       0.       0.       0.59999  0.       0.       0.       0.       0.       0.200045 0.       0.       0.       0.       0.       0.       0.       0.       0.       0.       0.       0.       0.199965 0.       0.       0.       0.       0.       0.       0.      ],[0. 0. 0. 0. 1. 0. 0. 0. 0. 0. 1. 0. 0. 0. 0. 0. 0. 0. 0. 0. 0. 0. 0. 1. 0. 0. 0. 0. 0. 0. 0.],3.0,1000,100,0.01,0.003,1,2,idID,,first,single_objective
39,0.0927601956046874,0.18242838468921857,0.004154007806000001,[0.       0.       0.       0.       0.59999  0.       0.       0.       0.       0.       0.200045 0.       0.       0.       0.       0.       0.       0.       0.       0.       0.       0.       0.       0.199965 0.       0.       0.       0.       0.       0.       0.      ],[0. 0. 0. 0. 1. 0. 0. 0. 0. 0. 1. 0. 0. 0. 0. 0. 0. 0. 0. 0. 0. 0. 0. 1. 0. 0. 0. 0. 0. 0. 0.],3.0,1000,100,0.01,0.003,1,2,idID,,first,single_objective
40,0.0927601956046874,0.1855203912093748,0.004154007806000001,[0.       0.       0.       0.       0.59999  0.       0.       0.       0.       0.       0.200045 0.       0.       0.       0.       0.       0.       0.       0.       0.       0.       0.       0.       0.199965 0.       0.       0.       0.       0.       0.       0.      ],[0. 0. 0. 0. 1. 0. 0. 0. 0. 0. 1. 0. 0. 0. 0. 0. 0. 0. 0. 0. 0. 0. 0. 1. 0. 0. 0. 0. 0. 0. 0.],3.0,1000,100,0.01,0.003,1,2,idID,,first,single_objective
41,0.0927601956046874,0.18861239772953106,0.004154007806000001,[0.       0.       0.       0.       0.59999  0.       0.       0.       0.       0.       0.200045 0.       0.       0.       0.       0.       0.       0.       0.       0.       0.       0.       0.       0.199965 0.       0.       0.       0.       0.       0.       0.      ],[0. 0. 0. 0. 1. 0. 0. 0. 0. 0. 1. 0. 0. 0. 0. 0. 0. 0. 0. 0. 0. 0. 0. 1. 0. 0. 0. 0. 0. 0. 0.],3.0,1000,100,0.01,0.003,1,2,idID,,first,single_objective
42,0.0927601956046874,0.19170440424968732,0.004154007806000001,[0.       0.       0.       0.       0.59999  0.       0.       0.       0.       0.       0.200045 0.       0.       0.       0.       0.       0.       0.       0.       0.       0.       0.       0.       0.199965 0.       0.       0.       0.       0.       0.       0.      ],[0. 0. 0. 0. 1. 0. 0. 0. 0. 0. 1. 0. 0. 0. 0. 0. 0. 0. 0. 0. 0. 0. 0. 1. 0. 0. 0. 0. 0. 0. 0.],3.0,1000,100,0.01,0.003,1,2,idID,,first,single_objective
43,0.0927601956046874,0.19479641076984355,0.004154007806000001,[0.       0.       0.       0.       0.59999  0.       0.       0.       0.       0.       0.200045 0.       0.       0.       0.       0.       0.       0.       0.       0.       0.       0.       0.       0.199965 0.       0.       0.       0.       0.       0.       0.      ],[0. 0. 0. 0. 1. 0. 0. 0. 0. 0. 1. 0. 0. 0. 0. 0. 0. 0. 0. 0. 0. 0. 0. 1. 0. 0. 0. 0. 0. 0. 0.],3.0,1000,100,0.01,0.003,1,2,idID,,first,single_objective
44,0.0927601956046874,0.19788841728999979,0.004154007806000001,[0.       0.       0.       0.       0.59999  0.       0.       0.       0.       0.       0.200045 0.       0.       0.       0.       0.       0.       0.       0.       0.       0.       0.       0.       0.199965 0.       0.       0.       0.       0.       0.       0.      ],[0. 0. 0. 0. 1. 0. 0. 0. 0. 0. 1. 0. 0. 0. 0. 0. 0. 0. 0. 0. 0. 0. 0. 1. 0. 0. 0. 0. 0. 0. 0.],3.0,1000,100,0.01,0.003,1,2,idID,,first,single_objective
45,0.0927601956046874,0.20098042381015604,0.004154007806000001,[0.       0.       0.       0.       0.59999  0.       0.       0.       0.       0.       0.200045 0.       0.       0.       0.       0.       0.       0.       0.       0.       0.       0.       0.       0.199965 0.       0.       0.       0.       0.       0.       0.      ],[0. 0. 0. 0. 1. 0. 0. 0. 0. 0. 1. 0. 0. 0. 0. 0. 0. 0. 0. 0. 0. 0. 0. 1. 0. 0. 0. 0. 0. 0. 0.],3.0,1000,100,0.01,0.003,1,2,idID,,first,single_objective
46,0.0927601956046874,0.2040724303303123,0.004154007806000001,[0.       0.       0.       0.       0.59999  0.       0.       0.       0.       0.       0.200045 0.       0.       0.       0.       0.       0.       0.       0.       0.       0.       0.       0.       0.199965 0.       0.       0.       0.       0.       0.       0.      ],[0. 0. 0. 0. 1. 0. 0. 0. 0. 0. 1. 0. 0. 0. 0. 0. 0. 0. 0. 0. 0. 0. 0. 1. 0. 0. 0. 0. 0. 0. 0.],3.0,1000,100,0.01,0.003,1,2,idID,,first,single_objective
47,0.0927601956046874,0.20716443685046854,0.004154007806000001,[0.       0.       0.       0.       0.59999  0.       0.       0.       0.       0.       0.200045 0.       0.       0.       0.       0.       0.       0.       0.       0.       0.       0.       0.       0.199965 0.       0.       0.       0.       0.       0.       0.      ],[0. 0. 0. 0. 1. 0. 0. 0. 0. 0. 1. 0. 0. 0. 0. 0. 0. 0. 0. 0. 0. 0. 0. 1. 0. 0. 0. 0. 0. 0. 0.],3.0,1000,100,0.01,0.003,1,2,idID,,first,single_objective
48,0.0927601956046874,0.21025644337062477,0.004154007806000001,[0.       0.       0.       0.       0.59999  0.       0.       0.       0.       0.       0.200045 0.       0.       0.       0.       0.       0.       0.       0.       0.       0.       0.       0.       0.199965 0.       0.       0.       0.       0.       0.       0.      ],[0. 0. 0. 0. 1. 0. 0. 0. 0. 0. 1. 0. 0. 0. 0. 0. 0. 0. 0. 0. 0. 0. 0. 1. 0. 0. 0. 0. 0. 0. 0.],3.0,1000,100,0.01,0.003,1,2,idID,,first,single_objective
49,0.0927601956046874,0.21334844989078106,0.004154007806000001,[0.       0.       0.       0.       0.59999  0.       0.       0.       0.       0.       0.200045 0.       0.       0.       0.       0.       0.       0.       0.       0.       0.       0.       0.       0.199965 0.       0.       0.       0.       0.       0.       0.      ],[0. 0. 0. 0. 1. 0. 0. 0. 0. 0. 1. 0. 0. 0. 0. 0. 0. 0. 0. 0. 0. 0. 0. 1. 0. 0. 0. 0. 0. 0. 0.],3.0,1000,100,0.01,0.003,1,2,idID,,first,single_objective
50,0.0927601956046874,0.2164404564109373,0.004154007806000001,[0.       0.       0.       0.       0.59999  0.       0.       0.       0.       0.       0.200045 0.       0.       0.       0.       0.       0.       0.       0.       0.       0.       0.       0.       0.199965 0.       0.       0.       0.       0.       0.       0.      ],[0. 0. 0. 0. 1. 0. 0. 0. 0. 0. 1. 0. 0. 0. 0. 0. 0. 0. 0. 0. 0. 0. 0. 1. 0. 0. 0. 0. 0. 0. 0.],3.0,1000,100,0.01,0.003,1,2,idID,,first,single_objective
51,0.0927601956046874,0.21953246293109352,0.004154007806000001,[0.       0.       0.       0.       0.59999  0.       0.       0.       0.       0.       0.200045 0.       0.       0.       0.       0.       0.       0.       0.       0.       0.       0.       0.       0.199965 0.       0.       0.       0.       0.       0.       0.      ],[0. 0. 0. 0. 1. 0. 0. 0. 0. 0. 1. 0. 0. 0. 0. 0. 0. 0. 0. 0. 0. 0. 0. 1. 0. 0. 0. 0. 0. 0. 0.],3.0,1000,100,0.01,0.003,1,2,idID,,first,single_objective
52,0.0927601956046874,0.22262446945124978,0.004154007806000001,[0.       0.       0.       0.       0.59999  0.       0.       0.       0.       0.       0.200045 0.       0.       0.       0.       0.       0.       0.       0.       0.       0.       0.       0.       0.199965 0.       0.       0.       0.       0.       0.       0.      ],[0. 0. 0. 0. 1. 0. 0. 0. 0. 0. 1. 0. 0. 0. 0. 0. 0. 0. 0. 0. 0. 0. 0. 1. 0. 0. 0. 0. 0. 0. 0.],3.0,1000,100,0.01,0.003,1,2,idID,,first,single_objective
53,0.0927601956046874,0.22571647597140604,0.004154007806000001,[0.       0.       0.       0.       0.59999  0.       0.       0.       0.       0.       0.200045 0.       0.       0.       0.       0.       0.       0.       0.       0.       0.       0.       0.       0.199965 0.       0.       0.       0.       0.       0.       0.      ],[0. 0. 0. 0. 1. 0. 0. 0. 0. 0. 1. 0. 0. 0. 0. 0. 0. 0. 0. 0. 0. 0. 0. 1. 0. 0. 0. 0. 0. 0. 0.],3.0,1000,100,0.01,0.003,1,2,idID,,first,single_objective
54,0.0927601956046874,0.22880848249156227,0.004154007806000001,[0.       0.       0.       0.       0.59999  0.       0.       0.       0.       0.       0.200045 0.       0.       0.       0.       0.       0.       0.       0.       0.       0.       0.       0.       0.199965 0.       0.       0.       0.       0.       0.       0.      ],[0. 0. 0. 0. 1. 0. 0. 0. 0. 0. 1. 0. 0. 0. 0. 0. 0. 0. 0. 0. 0. 0. 0. 1. 0. 0. 0. 0. 0. 0. 0.],3.0,1000,100,0.01,0.003,1,2,idID,,first,single_objective
55,0.0927601956046874,0.23190048901171853,0.004154007806000001,[0.       0.       0.       0.       0.59999  0.       0.       0.       0.       0.       0.200045 0.       0.       0.       0.       0.       0.       0.       0.       0.       0.       0.       0.       0.199965 0.       0.       0.       0.       0.       0.       0.      ],[0. 0. 0. 0. 1. 0. 0. 0. 0. 0. 1. 0. 0. 0. 0. 0. 0. 0. 0. 0. 0. 0. 0. 1. 0. 0. 0. 0. 0. 0. 0.],3.0,1000,100,0.01,0.003,1,2,idID,,first,single_objective
56,0.0927601956046874,0.23499249553187476,0.004154007806000001,[0.       0.       0.       0.       0.59999  0.       0.       0.       0.       0.       0.200045 0.       0.       0.       0.       0.       0.       0.       0.       0.       0.       0.       0.       0.199965 0.       0.       0.       0.       0.       0.       0.      ],[0. 0. 0. 0. 1. 0. 0. 0. 0. 0. 1. 0. 0. 0. 0. 0. 0. 0. 0. 0. 0. 0. 0. 1. 0. 0. 0. 0. 0. 0. 0.],3.0,1000,100,0.01,0.003,1,2,idID,,first,single_objective
57,0.0927601956046874,0.23808450205203102,0.004154007806000001,[0.       0.       0.       0.       0.59999  0.       0.       0.       0.       0.       0.200045 0.       0.       0.       0.       0.       0.       0.       0.       0.       0.       0.       0.       0.199965 0.       0.       0.       0.       0.       0.       0.      ],[0. 0. 0. 0. 1. 0. 0. 0. 0. 0. 1. 0. 0. 0. 0. 0. 0. 0. 0. 0. 0. 0. 0. 1. 0. 0. 0. 0. 0. 0. 0.],3.0,1000,100,0.01,0.003,1,2,idID,,first,single_objective
58,0.0927601956046874,0.24117650857218725,0.004154007806000001,[0.       0.       0.       0.       0.59999  0.       0.       0.       0.       0.       0.200045 0.       0.       0.       0.       0.       0.       0.       0.       0.       0.       0.       0.       0.199965 0.       0.       0.       0.       0.       0.       0.      ],[0. 0. 0. 0. 1. 0. 0. 0. 0. 0. 1. 0. 0. 0. 0. 0. 0. 0. 0. 0. 0. 0. 0. 1. 0. 0. 0. 0. 0. 0. 0.],3.0,1000,100,0.01,0.003,1,2,idID,,first,single_objective
59,0.0927601956046874,0.2442685150923435,0.004154007806000001,[0.       0.       0.       0.       0.59999  0.       0.       0.       0.       0.       0.200045 0.       0.       0.       0.       0.       0.       0.       0.       0.       0.       0.       0.       0.199965 0.       0.       0.       0.       0.       0.       0.      ],[0. 0. 0. 0. 1. 0. 0. 0. 0. 0. 1. 0. 0. 0. 0. 0. 0. 0. 0. 0. 0. 0. 0. 1. 0. 0. 0. 0. 0. 0. 0.],3.0,1000,100,0.01,0.003,1,2,idID,,first,single_objective
60,0.0927601956046874,0.24736052161249977,0.004154007806000001,[0.       0.       0.       0.       0.59999  0.       0.       0.       0.       0.       0.200045 0.       0.       0.       0.       0.       0.       0.       0.       0.       0.       0.       0.       0.199965 0.       0.       0.       0.       0.       0.       0.      ],[0. 0. 0. 0. 1. 0. 0. 0. 0. 0. 1. 0. 0. 0. 0. 0. 0. 0. 0. 0. 0. 0. 0. 1. 0. 0. 0. 0. 0. 0. 0.],3.0,1000,100,0.01,0.003,1,2,idID,,first,single_objective
61,0.0927601956046874,0.250452528132656,0.004154007806000001,[0.       0.       0.       0.       0.59999  0.       0.       0.       0.       0.       0.200045 0.       0.       0.       0.       0.       0.       0.       0.       0.       0.       0.       0.       0.199965 0.       0.       0.       0.       0.       0.       0.      ],[0. 0. 0. 0. 1. 0. 0. 0. 0. 0. 1. 0. 0. 0. 0. 0. 0. 0. 0. 0. 0. 0. 0. 1. 0. 0. 0. 0. 0. 0. 0.],3.0,1000,100,0.01,0.003,1,2,idID,,first,single_objective
62,0.0927601956046874,0.25354453465281224,0.004154007806000001,[0.       0.       0.       0.       0.59999  0.       0.       0.       0.       0.       0.200045 0.       0.       0.       0.       0.       0.       0.       0.       0.       0.       0.       0.       0.199965 0.       0.       0.       0.       0.       0.       0.      ],[0. 0. 0. 0. 1. 0. 0. 0. 0. 0. 1. 0. 0. 0. 0. 0. 0. 0. 0. 0. 0. 0. 0. 1. 0. 0. 0. 0. 0. 0. 0.],3.0,1000,100,0.01,0.003,1,2,idID,,first,single_objective
63,0.0927601956046874,0.2566365411729685,0.004154007806000001,[0.       0.       0.       0.       0.59999  0.       0.       0.       0.       0.       0.200045 0.       0.       0.       0.       0.       0.       0.       0.       0.       0.       0.       0.       0.199965 0.       0.       0.       0.       0.       0.       0.      ],[0. 0. 0. 0. 1. 0. 0. 0. 0. 0. 1. 0. 0. 0. 0. 0. 0. 0. 0. 0. 0. 0. 0. 1. 0. 0. 0. 0. 0. 0. 0.],3.0,1000,100,0.01,0.003,1,2,idID,,first,single_objective
64,0.0927601956046874,0.25972854769312476,0.004154007806000001,[0.       0.       0.       0.       0.59999  0.       0.       0.       0.       0.       0.200045 0.       0.       0.       0.       0.       0.       0.       0.       0.       0.       0.       0.       0.199965 0.       0.       0.       0.       0.       0.       0.      ],[0. 0. 0. 0. 1. 0. 0. 0. 0. 0. 1. 0. 0. 0. 0. 0. 0. 0. 0. 0. 0. 0. 0. 1. 0. 0. 0. 0. 0. 0. 0.],3.0,1000,100,0.01,0.003,1,2,idID,,first,single_objective
65,0.0927601956046874,0.262820554213281,0.004154007806000001,[0.       0.       0.       0.       0.59999  0.       0.       0.       0.       0.       0.200045 0.       0.       0.       0.       0.       0.       0.       0.       0.       0.       0.       0.       0.199965 0.       0.       0.       0.       0.       0.       0.      ],[0. 0. 0. 0. 1. 0. 0. 0. 0. 0. 1. 0. 0. 0. 0. 0. 0. 0. 0. 0. 0. 0. 0. 1. 0. 0. 0. 0. 0. 0. 0.],3.0,1000,100,0.01,0.003,1,2,idID,,first,single_objective
66,0.0927601956046874,0.2659125607334373,0.004154007806000001,[0.       0.       0.       0.       0.59999  0.       0.       0.       0.       0.       0.200045 0.       0.       0.       0.       0.       0.       0.       0.       0.       0.       0.       0.       0.199965 0.       0.       0.       0.       0.       0.       0.      ],[0. 0. 0. 0. 1. 0. 0. 0. 0. 0. 1. 0. 0. 0. 0. 0. 0. 0. 0. 0. 0. 0. 0. 1. 0. 0. 0. 0. 0. 0. 0.],3.0,1000,100,0.01,0.003,1,2,idID,,first,single_objective
67,0.0927601956046874,0.26900456725359345,0.004154007806000001,[0.       0.       0.       0.       0.59999  0.       0.       0.       0.       0.       0.200045 0.       0.       0.       0.       0.       0.       0.       0.       0.       0.       0.       0.       0.199965 0.       0.       0.       0.       0.       0.       0.      ],[0. 0. 0. 0. 1. 0. 0. 0. 0. 0. 1. 0. 0. 0. 0. 0. 0. 0. 0. 0. 0. 0. 0. 1. 0. 0. 0. 0. 0. 0. 0.],3.0,1000,100,0.01,0.003,1,2,idID,,first,single_objective
68,0.0927601956046874,0.27209657377374974,0.004154007806000001,[0.       0.       0.       0.       0.59999  0.       0.       0.       0.       0.       0.200045 0.       0.       0.       0.       0.       0.       0.       0.       0.       0.       0.       0.       0.199965 0.       0.       0.       0.       0.       0.       0.      ],[0. 0. 0. 0. 1. 0. 0. 0. 0. 0. 1. 0. 0. 0. 0. 0. 0. 0. 0. 0. 0. 0. 0. 1. 0. 0. 0. 0. 0. 0. 0.],3.0,1000,100,0.01,0.003,1,2,idID,,first,single_objective
69,0.0927601956046874,0.27518858029390597,0.004154007806000001,[0.       0.       0.       0.       0.59999  0.       0.       0.       0.       0.       0.200045 0.       0.       0.       0.       0.       0.       0.       0.       0.       0.       0.       0.       0.199965 0.       0.       0.       0.       0.       0.       0.      ],[0. 0. 0. 0. 1. 0. 0. 0. 0. 0. 1. 0. 0. 0. 0. 0. 0. 0. 0. 0. 0. 0. 0. 1. 0. 0. 0. 0. 0. 0. 0.],3.0,1000,100,0.01,0.003,1,2,idID,,first,single_objective
70,0.0927601956046874,0.2782805868140622,0.004154007806000001,[0.       0.       0.       0.       0.59999  0.       0.       0.       0.       0.       0.200045 0.       0.       0.       0.       0.       0.       0.       0.       0.       0.       0.       0.       0.199965 0.       0.       0.       0.       0.       0.       0.      ],[0. 0. 0. 0. 1. 0. 0. 0. 0. 0. 1. 0. 0. 0. 0. 0. 0. 0. 0. 0. 0. 0. 0. 1. 0. 0. 0. 0. 0. 0. 0.],3.0,1000,100,0.01,0.003,1,2,idID,,first,single_objective
71,0.0927601956046874,0.2813725933342185,0.004154007806000001,[0.       0.       0.       0.       0.59999  0.       0.       0.       0.       0.       0.200045 0.       0.       0.       0.       0.       0.       0.       0.       0.       0.       0.       0.       0.199965 0.       0.       0.       0.       0.       0.       0.      ],[0. 0. 0. 0. 1. 0. 0. 0. 0. 0. 1. 0. 0. 0. 0. 0. 0. 0. 0. 0. 0. 0. 0. 1. 0. 0. 0. 0. 0. 0. 0.],3.0,1000,100,0.01,0.003,1,2,idID,,first,single_objective
72,0.0927601956046874,0.2844645998543747,0.004154007806000001,[0.       0.       0.       0.       0.59999  0.       0.       0.       0.       0.       0.200045 0.       0.       0.       0.       0.       0.       0.       0.       0.       0.       0.       0.       0.199965 0.       0.       0.       0.       0.       0.       0.      ],[0. 0. 0. 0. 1. 0. 0. 0. 0. 0. 1. 0. 0. 0. 0. 0. 0. 0. 0. 0. 0. 0. 0. 1. 0. 0. 0. 0. 0. 0. 0.],3.0,1000,100,0.01,0.003,1,2,idID,,first,single_objective
73,0.0927601956046874,0.28755660637453095,0.004154007806000001,[0.       0.       0.       0.       0.59999  0.       0.       0.       0.       0.       0.200045 0.       0.       0.       0.       0.       0.       0.       0.       0.       0.       0.       0.       0.199965 0.       0.       0.       0.       0.       0.       0.      ],[0. 0. 0. 0. 1. 0. 0. 0. 0. 0. 1. 0. 0. 0. 0. 0. 0. 0. 0. 0. 0. 0. 0. 1. 0. 0. 0. 0. 0. 0. 0.],3.0,1000,100,0.01,0.003,1,2,idID,,first,single_objective
74,0.0927601956046874,0.29064861289468724,0.004154007806000001,[0.       0.       0.       0.       0.59999  0.       0.       0.       0.       0.       0.200045 0.       0.       0.       0.       0.       0.       0.       0.       0.       0.       0.       0.       0.199965 0.       0.       0.       0.       0.       0.       0.      ],[0. 0. 0. 0. 1. 0. 0. 0. 0. 0. 1. 0. 0. 0. 0. 0. 0. 0. 0. 0. 0. 0. 0. 1. 0. 0. 0. 0. 0. 0. 0.],3.0,1000,100,0.01,0.003,1,2,idID,,first,single_objective
75,0.0927601956046874,0.2937406194148434,0.004154007806000001,[0.       0.       0.       0.       0.59999  0.       0.       0.       0.       0.       0.200045 0.       0.       0.       0.       0.       0.       0.       0.       0.       0.       0.       0.       0.199965 0.       0.       0.       0.       0.       0.       0.      ],[0. 0. 0. 0. 1. 0. 0. 0. 0. 0. 1. 0. 0. 0. 0. 0. 0. 0. 0. 0. 0. 0. 0. 1. 0. 0. 0. 0. 0. 0. 0.],3.0,1000,100,0.01,0.003,1,2,idID,,first,single_objective
76,0.0927601956046874,0.2968326259349997,0.004154007806000001,[0.       0.       0.       0.       0.59999  0.       0.       0.       0.       0.       0.200045 0.       0.       0.       0.       0.       0.       0.       0.       0.       0.       0.       0.       0.199965 0.       0.       0.       0.       0.       0.       0.      ],[0. 0. 0. 0. 1. 0. 0. 0. 0. 0. 1. 0. 0. 0. 0. 0. 0. 0. 0. 0. 0. 0. 0. 1. 0. 0. 0. 0. 0. 0. 0.],3.0,1000,100,0.01,0.003,1,2,idID,,first,single_objective
77,0.0927601956046874,0.29992463245515594,0.004154007806000001,[0.       0.       0.       0.       0.59999  0.       0.       0.       0.       0.       0.200045 0.       0.       0.       0.       0.       0.       0.       0.       0.       0.       0.       0.       0.199965 0.       0.       0.       0.       0.       0.       0.      ],[0. 0. 0. 0. 1. 0. 0. 0. 0. 0. 1. 0. 0. 0. 0. 0. 0. 0. 0. 0. 0. 0. 0. 1. 0. 0. 0. 0. 0. 0. 0.],3.0,1000,100,0.01,0.003,1,2,idID,,first,single_objective
78,0.0927601956046874,0.3030166389753122,0.004154007806000001,[0.       0.       0.       0.       0.59999  0.       0.       0.       0.       0.       0.200045 0.       0.       0.       0.       0.       0.       0.       0.       0.       0.       0.       0.       0.199965 0.       0.       0.       0.       0.       0.       0.      ],[0. 0. 0. 0. 1. 0. 0. 0. 0. 0. 1. 0. 0. 0. 0. 0. 0. 0. 0. 0. 0. 0. 0. 1. 0. 0. 0. 0. 0. 0. 0.],3.0,1000,100,0.01,0.003,1,2,idID,,first,single_objective
79,0.0927601956046874,0.30610864549546846,0.004154007806000001,[0.       0.       0.       0.       0.59999  0.       0.       0.       0.       0.       0.200045 0.       0.       0.       0.       0.       0.       0.       0.       0.       0.       0.       0.       0.199965 0.       0.       0.       0.       0.       0.       0.      ],[0. 0. 0. 0. 1. 0. 0. 0. 0. 0. 1. 0. 0. 0. 0. 0. 0. 0. 0. 0. 0. 0. 0. 1. 0. 0. 0. 0. 0. 0. 0.],3.0,1000,100,0.01,0.003,1,2,idID,,first,single_objective
80,0.0927601956046874,0.3092006520156247,0.004154007806000001,[0.       0.       0.       0.       0.59999  0.       0.       0.       0.       0.       0.200045 0.       0.       0.       0.       0.       0.       0.       0.       0.       0.       0.       0.       0.199965 0.       0.       0.       0.       0.       0.       0.      ],[0. 0. 0. 0. 1. 0. 0. 0. 0. 0. 1. 0. 0. 0. 0. 0. 0. 0. 0. 0. 0. 0. 0. 1. 0. 0. 0. 0. 0. 0. 0.],3.0,1000,100,0.01,0.003,1,2,idID,,first,single_objective
81,0.0927601956046874,0.3122926585357809,0.004154007806000001,[0.       0.       0.       0.       0.59999  0.       0.       0.       0.       0.       0.200045 0.       0.       0.       0.       0.       0.       0.       0.       0.       0.       0.       0.       0.199965 0.       0.       0.       0.       0.       0.       0.      ],[0. 0. 0. 0. 1. 0. 0. 0. 0. 0. 1. 0. 0. 0. 0. 0. 0. 0. 0. 0. 0. 0. 0. 1. 0. 0. 0. 0. 0. 0. 0.],3.0,1000,100,0.01,0.003,1,2,idID,,first,single_objective
82,0.0927601956046874,0.3153846650559372,0.004154007806000001,[0.       0.       0.       0.       0.59999  0.       0.       0.       0.       0.       0.200045 0.       0.       0.       0.       0.       0.       0.       0.       0.       0.       0.       0.       0.199965 0.       0.       0.       0.       0.       0.       0.      ],[0. 0. 0. 0. 1. 0. 0. 0. 0. 0. 1. 0. 0. 0. 0. 0. 0. 0. 0. 0. 0. 0. 0. 1. 0. 0. 0. 0. 0. 0. 0.],3.0,1000,100,0.01,0.003,1,2,idID,,first,single_objective
83,0.0927601956046874,0.31847667157609344,0.004154007806000001,[0.       0.       0.       0.       0.59999  0.       0.       0.       0.       0.       0.200045 0.       0.       0.       0.       0.       0.       0.       0.       0.       0.       0.       0.       0.199965 0.       0.       0.       0.       0.       0.       0.      ],[0. 0. 0. 0. 1. 0. 0. 0. 0. 0. 1. 0. 0. 0. 0. 0. 0. 0. 0. 0. 0. 0. 0. 1. 0. 0. 0. 0. 0. 0. 0.],3.0,1000,100,0.01,0.003,1,2,idID,,first,single_objective
84,0.0927601956046874,0.32156867809624967,0.004154007806000001,[0.       0.       0.       0.       0.59999  0.       0.       0.       0.       0.       0.200045 0.       0.       0.       0.       0.       0.       0.       0.       0.       0.       0.       0.       0.199965 0.       0.       0.       0.       0.       0.       0.      ],[0. 0. 0. 0. 1. 0. 0. 0. 0. 0. 1. 0. 0. 0. 0. 0. 0. 0. 0. 0. 0. 0. 0. 1. 0. 0. 0. 0. 0. 0. 0.],3.0,1000,100,0.01,0.003,1,2,idID,,first,single_objective
85,0.0927601956046874,0.3246606846164059,0.004154007806000001,[0.       0.       0.       0.       0.59999  0.       0.       0.       0.       0.       0.200045 0.       0.       0.       0.       0.       0.       0.       0.       0.       0.       0.       0.       0.199965 0.       0.       0.       0.       0.       0.       0.      ],[0. 0. 0. 0. 1. 0. 0. 0. 0. 0. 1. 0. 0. 0. 0. 0. 0. 0. 0. 0. 0. 0. 0. 1. 0. 0. 0. 0. 0. 0. 0.],3.0,1000,100,0.01,0.003,1,2,idID,,first,single_objective
86,0.0927601956046874,0.32775269113656214,0.004154007806000001,[0.       0.       0.       0.       0.59999  0.       0.       0.       0.       0.       0.200045 0.       0.       0.       0.       0.       0.       0.       0.       0.       0.       0.       0.       0.199965 0.       0.       0.       0.       0.       0.       0.      ],[0. 0. 0. 0. 1. 0. 0. 0. 0. 0. 1. 0. 0. 0. 0. 0. 0. 0. 0. 0. 0. 0. 0. 1. 0. 0. 0. 0. 0. 0. 0.],3.0,1000,100,0.01,0.003,1,2,idID,,first,single_objective
87,0.0927601956046874,0.3308446976567184,0.004154007806000001,[0.       0.       0.       0.       0.59999  0.       0.       0.       0.       0.       0.200045 0.       0.       0.       0.       0.       0.       0.       0.       0.       0.       0.       0.       0.199965 0.       0.       0.       0.       0.       0.       0.      ],[0. 0. 0. 0. 1. 0. 0. 0. 0. 0. 1. 0. 0. 0. 0. 0. 0. 0. 0. 0. 0. 0. 0. 1. 0. 0. 0. 0. 0. 0. 0.],3.0,1000,100,0.01,0.003,1,2,idID,,first,single_objective
88,0.0927601956046874,0.3339367041768747,0.004154007806000001,[0.       0.       0.       0.       0.59999  0.       0.       0.       0.       0.       0.200045 0.       0.       0.       0.       0.       0.       0.       0.       0.       0.       0.       0.       0.199965 0.       0.       0.       0.       0.       0.       0.      ],[0. 0. 0. 0. 1. 0. 0. 0. 0. 0. 1. 0. 0. 0. 0. 0. 0. 0. 0. 0. 0. 0. 0. 1. 0. 0. 0. 0. 0. 0. 0.],3.0,1000,100,0.01,0.003,1,2,idID,,first,single_objective
89,0.0927601956046874,0.33702871069703094,0.004154007806000001,[0.       0.       0.       0.       0.59999  0.       0.       0.       0.       0.       0.200045 0.       0.       0.       0.       0.       0.       0.       0.       0.       0.       0.       0.       0.199965 0.       0.       0.       0.       0.       0.       0.      ],[0. 0. 0. 0. 1. 0. 0. 0. 0. 0. 1. 0. 0. 0. 0. 0. 0. 0. 0. 0. 0. 0. 0. 1. 0. 0. 0. 0. 0. 0. 0.],3.0,1000,100,0.01,0.003,1,2,idID,,first,single_objective
90,0.0927601956046874,0.3401207172171872,0.004154007806000001,[0.       0.       0.       0.       0.59999  0.       0.       0.       0.       0.       0.200045 0.       0.       0.       0.       0.       0.       0.       0.       0.       0.       0.       0.       0.199965 0.       0.       0.       0.       0.       0.       0.      ],[0. 0. 0. 0. 1. 0. 0. 0. 0. 0. 1. 0. 0. 0. 0. 0. 0. 0. 0. 0. 0. 0. 0. 1. 0. 0. 0. 0. 0. 0. 0.],3.0,1000,100,0.01,0.003,1,2,idID,,first,single_objective
91,0.0927601956046874,0.3432127237373434,0.004154007806000001,[0.       0.       0.       0.       0.59999  0.       0.       0.       0.       0.       0.200045 0.       0.       0.       0.       0.       0.       0.       0.       0.       0.       0.       0.       0.199965 0.       0.       0.       0.       0.       0.       0.      ],[0. 0. 0. 0. 1. 0. 0. 0. 0. 0. 1. 0. 0. 0. 0. 0. 0. 0. 0. 0. 0. 0. 0. 1. 0. 0. 0. 0. 0. 0. 0.],3.0,1000,100,0.01,0.003,1,2,idID,,first,single_objective
92,0.0927601956046874,0.34630473025749964,0.004154007806000001,[0.       0.       0.       0.       0.59999  0.       0.       0.       0.       0.       0.200045 0.       0.       0.       0.       0.       0.       0.       0.       0.       0.       0.       0.       0.199965 0.       0.       0.       0.       0.       0.       0.      ],[0. 0. 0. 0. 1. 0. 0. 0. 0. 0. 1. 0. 0. 0. 0. 0. 0. 0. 0. 0. 0. 0. 0. 1. 0. 0. 0. 0. 0. 0. 0.],3.0,1000,100,0.01,0.003,1,2,idID,,first,single_objective
93,0.0927601956046874,0.3493967367776559,0.004154007806000001,[0.       0.       0.       0.       0.59999  0.       0.       0.       0.       0.       0.200045 0.       0.       0.       0.       0.       0.       0.       0.       0.       0.       0.       0.       0.199965 0.       0.       0.       0.       0.       0.       0.      ],[0. 0. 0. 0. 1. 0. 0. 0. 0. 0. 1. 0. 0. 0. 0. 0. 0. 0. 0. 0. 0. 0. 0. 1. 0. 0. 0. 0. 0. 0. 0.],3.0,1000,100,0.01,0.003,1,2,idID,,first,single_objective
94,0.0927601956046874,0.35248874329781216,0.004154007806000001,[0.       0.       0.       0.       0.59999  0.       0.       0.       0.       0.       0.200045 0.       0.       0.       0.       0.       0.       0.       0.       0.       0.       0.       0.       0.199965 0.       0.       0.       0.       0.       0.       0.      ],[0. 0. 0. 0. 1. 0. 0. 0. 0. 0. 1. 0. 0. 0. 0. 0. 0. 0. 0. 0. 0. 0. 0. 1. 0. 0. 0. 0. 0. 0. 0.],3.0,1000,100,0.01,0.003,1,2,idID,,first,single_objective
95,0.0927601956046874,0.3555807498179684,0.004154007806000001,[0.       0.       0.       0.       0.59999  0.       0.       0.       0.       0.       0.200045 0.       0.       0.       0.       0.       0.       0.       0.       0.       0.       0.       0.       0.199965 0.       0.       0.       0.       0.       0.       0.      ],[0. 0. 0. 0. 1. 0. 0. 0. 0. 0. 1. 0. 0. 0. 0. 0. 0. 0. 0. 0. 0. 0. 0. 1. 0. 0. 0. 0. 0. 0. 0.],3.0,1000,100,0.01,0.003,1,2,idID,,first,single_objective
96,0.0927601956046874,0.3586727563381247,0.004154007806000001,[0.       0.       0.       0.       0.59999  0.       0.       0.       0.       0.       0.200045 0.       0.       0.       0.       0.       0.       0.       0.       0.       0.       0.       0.       0.199965 0.       0.       0.       0.       0.       0.       0.      ],[0. 0. 0. 0. 1. 0. 0. 0. 0. 0. 1. 0. 0. 0. 0. 0. 0. 0. 0. 0. 0. 0. 0. 1. 0. 0. 0. 0. 0. 0. 0.],3.0,1000,100,0.01,0.003,1,2,idID,,first,single_objective
97,0.0927601956046874,0.3617647628582809,0.004154007806000001,[0.       0.       0.       0.       0.59999  0.       0.       0.       0.       0.       0.200045 0.       0.       0.       0.       0.       0.       0.       0.       0.       0.       0.       0.       0.199965 0.       0.       0.       0.       0.       0.       0.      ],[0. 0. 0. 0. 1. 0. 0. 0. 0. 0. 1. 0. 0. 0. 0. 0. 0. 0. 0. 0. 0. 0. 0. 1. 0. 0. 0. 0. 0. 0. 0.],3.0,1000,100,0.01,0.003,1,2,idID,,first,single_objective
98,0.0927601956046874,0.36485676937843714,0.004154007806000001,[0.       0.       0.       0.       0.59999  0.       0.       0.       0.       0.       0.200045 0.       0.       0.       0.       0.       0.       0.       0.       0.       0.       0.       0.       0.199965 0.       0.       0.       0.       0.       0.       0.      ],[0. 0. 0. 0. 1. 0. 0. 0. 0. 0. 1. 0. 0. 0. 0. 0. 0. 0. 0. 0. 0. 0. 0. 1. 0. 0. 0. 0. 0. 0. 0.],3.0,1000,100,0.01,0.003,1,2,idID,,first,single_objective
99,0.0927601956046874,0.36794877589859337,0.004154007806000001,[0.       0.       0.       0.       0.59999  0.       0.       0.       0.       0.       0.200045 0.       0.       0.       0.       0.       0.       0.       0.       0.       0.       0.       0.       0.199965 0.       0.       0.       0.       0.       0.       0.      ],[0. 0. 0. 0. 1. 0. 0. 0. 0. 0. 1. 0. 0. 0. 0. 0. 0. 0. 0. 0. 0. 0. 0. 1. 0. 0. 0. 0. 0. 0. 0.],3.0,1000,100,0.01,0.003,1,2,idID,,first,single_objective
100,0.0927601956046874,0.37104078241874966,0.004154007806000001,[0.       0.       0.       0.       0.59999  0.       0.       0.       0.       0.       0.200045 0.       0.       0.       0.       0.       0.       0.       0.       0.       0.       0.       0.       0.199965 0.       0.       0.       0.       0.       0.       0.      ],[0. 0. 0. 0. 1. 0. 0. 0. 0. 0. 1. 0. 0. 0. 0. 0. 0. 0. 0. 0. 0. 0. 0. 1. 0. 0. 0. 0. 0. 0. 0.],3.0,1000,100,0.01,0.003,1,2,idID,,first,single_objective
101,0.0927601956046874,0.3741327889389059,0.004154007806000001,[0.       0.       0.       0.       0.59999  0.       0.       0.       0.       0.       0.200045 0.       0.       0.       0.       0.       0.       0.       0.       0.       0.       0.       0.       0.199965 0.       0.       0.       0.       0.       0.       0.      ],[0. 0. 0. 0. 1. 0. 0. 0. 0. 0. 1. 0. 0. 0. 0. 0. 0. 0. 0. 0. 0. 0. 0. 1. 0. 0. 0. 0. 0. 0. 0.],3.0,1000,100,0.01,0.003,1,2,idID,,first,single_objective
102,0.0927601956046874,0.3772247954590622,0.004154007806000001,[0.       0.       0.       0.       0.59999  0.       0.       0.       0.       0.       0.200045 0.       0.       0.       0.       0.       0.       0.       0.       0.       0.       0.       0.       0.199965 0.       0.       0.       0.       0.       0.       0.      ],[0. 0. 0. 0. 1. 0. 0. 0. 0. 0. 1. 0. 0. 0. 0. 0. 0. 0. 0. 0. 0. 0. 0. 1. 0. 0. 0. 0. 0. 0. 0.],3.0,1000,100,0.01,0.003,1,2,idID,,first,single_objective
103,0.0927601956046874,0.38031680197921836,0.004154007806000001,[0.       0.       0.       0.       0.59999  0.       0.       0.       0.       0.       0.200045 0.       0.       0.       0.       0.       0.       0.       0.       0.       0.       0.       0.       0.199965 0.       0.       0.       0.       0.       0.       0.      ],[0. 0. 0. 0. 1. 0. 0. 0. 0. 0. 1. 0. 0. 0. 0. 0. 0. 0. 0. 0. 0. 0. 0. 1. 0. 0. 0. 0. 0. 0. 0.],3.0,1000,100,0.01,0.003,1,2,idID,,first,single_objective
104,0.0927601956046874,0.38340880849937464,0.004154007806000001,[0.       0.       0.       0.       0.59999  0.       0.       0.       0.       0.       0.200045 0.       0.       0.       0.       0.       0.       0.       0.       0.       0.       0.       0.       0.199965 0.       0.       0.       0.       0.       0.       0.      ],[0. 0. 0. 0. 1. 0. 0. 0. 0. 0. 1. 0. 0. 0. 0. 0. 0. 0. 0. 0. 0. 0. 0. 1. 0. 0. 0. 0. 0. 0. 0.],3.0,1000,100,0.01,0.003,1,2,idID,,first,single_objective
105,0.0927601956046874,0.3865008150195309,0.004154007806000001,[0.       0.       0.       0.       0.59999  0.       0.       0.       0.       0.       0.200045 0.       0.       0.       0.       0.       0.       0.       0.       0.       0.       0.       0.       0.199965 0.       0.       0.       0.       0.       0.       0.      ],[0. 0. 0. 0. 1. 0. 0. 0. 0. 0. 1. 0. 0. 0. 0. 0. 0. 0. 0. 0. 0. 0. 0. 1. 0. 0. 0. 0. 0. 0. 0.],3.0,1000,100,0.01,0.003,1,2,idID,,first,single_objective
106,0.0927601956046874,0.3895928215396871,0.004154007806000001,[0.       0.       0.       0.       0.59999  0.       0.       0.       0.       0.       0.200045 0.       0.       0.       0.       0.       0.       0.       0.       0.       0.       0.       0.       0.199965 0.       0.       0.       0.       0.       0.       0.      ],[0. 0. 0. 0. 1. 0. 0. 0. 0. 0. 1. 0. 0. 0. 0. 0. 0. 0. 0. 0. 0. 0. 0. 1. 0. 0. 0. 0. 0. 0. 0.],3.0,1000,100,0.01,0.003,1,2,idID,,first,single_objective
107,0.0927601956046874,0.3926848280598434,0.004154007806000001,[0.       0.       0.       0.       0.59999  0.       0.       0.       0.       0.       0.200045 0.       0.       0.       0.       0.       0.       0.       0.       0.       0.       0.       0.       0.199965 0.       0.       0.       0.       0.       0.       0.      ],[0. 0. 0. 0. 1. 0. 0. 0. 0. 0. 1. 0. 0. 0. 0. 0. 0. 0. 0. 0. 0. 0. 0. 1. 0. 0. 0. 0. 0. 0. 0.],3.0,1000,100,0.01,0.003,1,2,idID,,first,single_objective
108,0.0927601956046874,0.3957768345799996,0.004154007806000001,[0.       0.       0.       0.       0.59999  0.       0.       0.       0.       0.       0.200045 0.       0.       0.       0.       0.       0.       0.       0.       0.       0.       0.       0.       0.199965 0.       0.       0.       0.       0.       0.       0.      ],[0. 0. 0. 0. 1. 0. 0. 0. 0. 0. 1. 0. 0. 0. 0. 0. 0. 0. 0. 0. 0. 0. 0. 1. 0. 0. 0. 0. 0. 0. 0.],3.0,1000,100,0.01,0.003,1,2,idID,,first,single_objective
109,0.0927601956046874,0.39886884110015586,0.004154007806000001,[0.       0.       0.       0.       0.59999  0.       0.       0.       0.       0.       0.200045 0.       0.       0.       0.       0.       0.       0.       0.       0.       0.       0.       0.       0.199965 0.       0.       0.       0.       0.       0.       0.      ],[0. 0. 0. 0. 1. 0. 0. 0. 0. 0. 1. 0. 0. 0. 0. 0. 0. 0. 0. 0. 0. 0. 0. 1. 0. 0. 0. 0. 0. 0. 0.],3.0,1000,100,0.01,0.003,1,2,idID,,first,single_objective
110,0.0927601956046874,0.39886884110015586,0.004154007806000001,[0.       0.       0.       0.       0.59999  0.       0.       0.       0.       0.       0.200045 0.       0.       0.       0.       0.       0.       0.       0.       0.       0.       0.       0.       0.199965 0.       0.       0.       0.       0.       0.       0.      ],[0. 0. 0. 0. 1. 0. 0. 0. 0. 0. 1. 0. 0. 0. 0. 0. 0. 0. 0. 0. 0. 0. 0. 1. 0. 0. 0. 0. 0. 0. 0.],3.0,1000,100,0.01,0.003,1,2,idID,,first,single_objective
111,0.0927601956046874,0.39886884110015586,0.004154007806000001,[0.       0.       0.       0.       0.59999  0.       0.       0.       0.       0.       0.200045 0.       0.       0.       0.       0.       0.       0.       0.       0.       0.       0.       0.       0.199965 0.       0.       0.       0.       0.       0.       0.      ],[0. 0. 0. 0. 1. 0. 0. 0. 0. 0. 1. 0. 0. 0. 0. 0. 0. 0. 0. 0. 0. 0. 0. 1. 0. 0. 0. 0. 0. 0. 0.],3.0,1000,100,0.01,0.003,1,2,idID,,first,single_objective
112,0.0927601956046874,0.39886884110015586,0.004154007806000001,[0.       0.       0.       0.       0.59999  0.       0.       0.       0.       0.       0.200045 0.       0.       0.       0.       0.       0.       0.       0.       0.       0.       0.       0.       0.199965 0.       0.       0.       0.       0.       0.       0.      ],[0. 0. 0. 0. 1. 0. 0. 0. 0. 0. 1. 0. 0. 0. 0. 0. 0. 0. 0. 0. 0. 0. 0. 1. 0. 0. 0. 0. 0. 0. 0.],3.0,1000,100,0.01,0.003,1,2,idID,,first,single_objective
113,0.0927601956046874,0.39886884110015586,0.004154007806000001,[0.       0.       0.       0.       0.59999  0.       0.       0.       0.       0.       0.200045 0.       0.       0.       0.       0.       0.       0.       0.       0.       0.       0.       0.       0.199965 0.       0.       0.       0.       0.       0.       0.      ],[0. 0. 0. 0. 1. 0. 0. 0. 0. 0. 1. 0. 0. 0. 0. 0. 0. 0. 0. 0. 0. 0. 0. 1. 0. 0. 0. 0. 0. 0. 0.],3.0,1000,100,0.01,0.003,1,2,idID,,first,single_objective
114,0.0927601956046874,0.39886884110015586,0.004154007806000001,[0.       0.       0.       0.       0.59999  0.       0.       0.       0.       0.       0.200045 0.       0.       0.       0.       0.       0.       0.       0.       0.       0.       0.       0.       0.199965 0.       0.       0.       0.       0.       0.       0.      ],[0. 0. 0. 0. 1. 0. 0. 0. 0. 0. 1. 0. 0. 0. 0. 0. 0. 0. 0. 0. 0. 0. 0. 1. 0. 0. 0. 0. 0. 0. 0.],3.0,1000,100,0.01,0.003,1,2,idID,,first,single_objective
115,0.0927601956046874,0.39886884110015586,0.004154007806000001,[0.       0.       0.       0.       0.59999  0.       0.       0.       0.       0.       0.200045 0.       0.       0.       0.       0.       0.       0.       0.       0.       0.       0.       0.       0.199965 0.       0.       0.       0.       0.       0.       0.      ],[0. 0. 0. 0. 1. 0. 0. 0. 0. 0. 1. 0. 0. 0. 0. 0. 0. 0. 0. 0. 0. 0. 0. 1. 0. 0. 0. 0. 0. 0. 0.],3.0,1000,100,0.01,0.003,1,2,idID,,first,single_objective
116,0.0927601956046874,0.39886884110015586,0.004154007806000001,[0.       0.       0.       0.       0.59999  0.       0.       0.       0.       0.       0.200045 0.       0.       0.       0.       0.       0.       0.       0.       0.       0.       0.       0.       0.199965 0.       0.       0.       0.       0.       0.       0.      ],[0. 0. 0. 0. 1. 0. 0. 0. 0. 0. 1. 0. 0. 0. 0. 0. 0. 0. 0. 0. 0. 0. 0. 1. 0. 0. 0. 0. 0. 0. 0.],3.0,1000,100,0.01,0.003,1,2,idID,,first,single_objective
117,0.0927601956046874,0.39886884110015586,0.004154007806000001,[0.       0.       0.       0.       0.59999  0.       0.       0.       0.       0.       0.200045 0.       0.       0.       0.       0.       0.       0.       0.       0.       0.       0.       0.       0.199965 0.       0.       0.       0.       0.       0.       0.      ],[0. 0. 0. 0. 1. 0. 0. 0. 0. 0. 1. 0. 0. 0. 0. 0. 0. 0. 0. 0. 0. 0. 0. 1. 0. 0. 0. 0. 0. 0. 0.],3.0,1000,100,0.01,0.003,1,2,idID,,first,single_objective
118,0.0927601956046874,0.39886884110015586,0.004154007806000001,[0.       0.       0.       0.       0.59999  0.       0.       0.       0.       0.       0.200045 0.       0.       0.       0.       0.       0.       0.       0.       0.       0.       0.       0.       0.199965 0.       0.       0.       0.       0.       0.       0.      ],[0. 0. 0. 0. 1. 0. 0. 0. 0. 0. 1. 0. 0. 0. 0. 0. 0. 0. 0. 0. 0. 0. 0. 1. 0. 0. 0. 0. 0. 0. 0.],3.0,1000,100,0.01,0.003,1,2,idID,,first,single_objective
119,0.0927601956046874,0.39886884110015586,0.004154007806000001,[0.       0.       0.       0.       0.59999  0.       0.       0.       0.       0.       0.200045 0.       0.       0.       0.       0.       0.       0.       0.       0.       0.       0.       0.       0.199965 0.       0.       0.       0.       0.       0.       0.      ],[0. 0. 0. 0. 1. 0. 0. 0. 0. 0. 1. 0. 0. 0. 0. 0. 0. 0. 0. 0. 0. 0. 0. 1. 0. 0. 0. 0. 0. 0. 0.],3.0,1000,100,0.01,0.003,1,2,idID,,first,single_objective
120,0.0927601956046874,0.39886884110015586,0.004154007806000001,[0.       0.       0.       0.       0.59999  0.       0.       0.       0.       0.       0.200045 0.       0.       0.       0.       0.       0.       0.       0.       0.       0.       0.       0.       0.199965 0.       0.       0.       0.       0.       0.       0.      ],[0. 0. 0. 0. 1. 0. 0. 0. 0. 0. 1. 0. 0. 0. 0. 0. 0. 0. 0. 0. 0. 0. 0. 1. 0. 0. 0. 0. 0. 0. 0.],3.0,1000,100,0.01,0.003,1,2,idID,,first,single_objective
121,0.0927601956046874,0.39886884110015586,0.004154007806000001,[0.       0.       0.       0.       0.59999  0.       0.       0.       0.       0.       0.200045 0.       0.       0.       0.       0.       0.       0.       0.       0.       0.       0.       0.       0.199965 0.       0.       0.       0.       0.       0.       0.      ],[0. 0. 0. 0. 1. 0. 0. 0. 0. 0. 1. 0. 0. 0. 0. 0. 0. 0. 0. 0. 0. 0. 0. 1. 0. 0. 0. 0. 0. 0. 0.],3.0,1000,100,0.01,0.003,1,2,idID,,first,single_objective
122,0.0927601956046874,0.39886884110015586,0.004154007806000001,[0.       0.       0.       0.       0.59999  0.       0.       0.       0.       0.       0.200045 0.       0.       0.       0.       0.       0.       0.       0.       0.       0.       0.       0.       0.199965 0.       0.       0.       0.       0.       0.       0.      ],[0. 0. 0. 0. 1. 0. 0. 0. 0. 0. 1. 0. 0. 0. 0. 0. 0. 0. 0. 0. 0. 0. 0. 1. 0. 0. 0. 0. 0. 0. 0.],3.0,1000,100,0.01,0.003,1,2,idID,,first,single_objective
123,0.0927601956046874,0.39886884110015586,0.004154007806000001,[0.       0.       0.       0.       0.59999  0.       0.       0.       0.       0.       0.200045 0.       0.       0.       0.       0.       0.       0.       0.       0.       0.       0.       0.       0.199965 0.       0.       0.       0.       0.       0.       0.      ],[0. 0. 0. 0. 1. 0. 0. 0. 0. 0. 1. 0. 0. 0. 0. 0. 0. 0. 0. 0. 0. 0. 0. 1. 0. 0. 0. 0. 0. 0. 0.],3.0,1000,100,0.01,0.003,1,2,idID,,first,single_objective
124,0.0927601956046874,0.39886884110015586,0.004154007806000001,[0.       0.       0.       0.       0.59999  0.       0.       0.       0.       0.       0.200045 0.       0.       0.       0.       0.       0.       0.       0.       0.       0.       0.       0.       0.199965 0.       0.       0.       0.       0.       0.       0.      ],[0. 0. 0. 0. 1. 0. 0. 0. 0. 0. 1. 0. 0. 0. 0. 0. 0. 0. 0. 0. 0. 0. 0. 1. 0. 0. 0. 0. 0. 0. 0.],3.0,1000,100,0.01,0.003,1,2,idID,,first,single_objective
125,0.0927601956046874,0.39886884110015586,0.004154007806000001,[0.       0.       0.       0.       0.59999  0.       0.       0.       0.       0.       0.200045 0.       0.       0.       0.       0.       0.       0.       0.       0.       0.       0.       0.       0.199965 0.       0.       0.       0.       0.       0.       0.      ],[0. 0. 0. 0. 1. 0. 0. 0. 0. 0. 1. 0. 0. 0. 0. 0. 0. 0. 0. 0. 0. 0. 0. 1. 0. 0. 0. 0. 0. 0. 0.],3.0,1000,100,0.01,0.003,1,2,idID,,first,single_objective
126,0.0927601956046874,0.39886884110015586,0.004154007806000001,[0.       0.       0.       0.       0.59999  0.       0.       0.       0.       0.       0.200045 0.       0.       0.       0.       0.       0.       0.       0.       0.       0.       0.       0.       0.199965 0.       0.       0.       0.       0.       0.       0.      ],[0. 0. 0. 0. 1. 0. 0. 0. 0. 0. 1. 0. 0. 0. 0. 0. 0. 0. 0. 0. 0. 0. 0. 1. 0. 0. 0. 0. 0. 0. 0.],3.0,1000,100,0.01,0.003,1,2,idID,,first,single_objective
127,0.0927601956046874,0.39886884110015586,0.004154007806000001,[0.       0.       0.       0.       0.59999  0.       0.       0.       0.       0.       0.200045 0.       0.       0.       0.       0.       0.       0.       0.       0.       0.       0.       0.       0.199965 0.       0.       0.       0.       0.       0.       0.      ],[0. 0. 0. 0. 1. 0. 0. 0. 0. 0. 1. 0. 0. 0. 0. 0. 0. 0. 0. 0. 0. 0. 0. 1. 0. 0. 0. 0. 0. 0. 0.],3.0,1000,100,0.01,0.003,1,2,idID,,first,single_objective
128,0.0927601956046874,0.39886884110015586,0.004154007806000001,[0.       0.       0.       0.       0.59999  0.       0.       0.       0.       0.       0.200045 0.       0.       0.       0.       0.       0.       0.       0.       0.       0.       0.       0.       0.199965 0.       0.       0.       0.       0.       0.       0.      ],[0. 0. 0. 0. 1. 0. 0. 0. 0. 0. 1. 0. 0. 0. 0. 0. 0. 0. 0. 0. 0. 0. 0. 1. 0. 0. 0. 0. 0. 0. 0.],3.0,1000,100,0.01,0.003,1,2,idID,,first,single_objective
129,0.0927601956046874,0.39886884110015586,0.004154007806000001,[0.       0.       0.       0.       0.59999  0.       0.       0.       0.       0.       0.200045 0.       0.       0.       0.       0.       0.       0.       0.       0.       0.       0.       0.       0.199965 0.       0.       0.       0.       0.       0.       0.      ],[0. 0. 0. 0. 1. 0. 0. 0. 0. 0. 1. 0. 0. 0. 0. 0. 0. 0. 0. 0. 0. 0. 0. 1. 0. 0. 0. 0. 0. 0. 0.],3.0,1000,100,0.01,0.003,1,2,idID,,first,single_objective
130,0.0927601956046874,0.39886884110015586,0.004154007806000001,[0.       0.       0.       0.       0.59999  0.       0.       0.       0.       0.       0.200045 0.       0.       0.       0.       0.       0.       0.       0.       0.       0.       0.       0.       0.199965 0.       0.       0.       0.       0.       0.       0.      ],[0. 0. 0. 0. 1. 0. 0. 0. 0. 0. 1. 0. 0. 0. 0. 0. 0. 0. 0. 0. 0. 0. 0. 1. 0. 0. 0. 0. 0. 0. 0.],3.0,1000,100,0.01,0.003,1,2,idID,,first,single_objective
131,0.0927601956046874,0.39886884110015586,0.004154007806000001,[0.       0.       0.       0.       0.59999  0.       0.       0.       0.       0.       0.200045 0.       0.       0.       0.       0.       0.       0.       0.       0.       0.       0.       0.       0.199965 0.       0.       0.       0.       0.       0.       0.      ],[0. 0. 0. 0. 1. 0. 0. 0. 0. 0. 1. 0. 0. 0. 0. 0. 0. 0. 0. 0. 0. 0. 0. 1. 0. 0. 0. 0. 0. 0. 0.],3.0,1000,100,0.01,0.003,1,2,idID,,first,single_objective
132,0.0927601956046874,0.39886884110015586,0.004154007806000001,[0.       0.       0.       0.       0.59999  0.       0.       0.       0.       0.       0.200045 0.       0.       0.       0.       0.       0.       0.       0.       0.       0.       0.       0.       0.199965 0.       0.       0.       0.       0.       0.       0.      ],[0. 0. 0. 0. 1. 0. 0. 0. 0. 0. 1. 0. 0. 0. 0. 0. 0. 0. 0. 0. 0. 0. 0. 1. 0. 0. 0. 0. 0. 0. 0.],3.0,1000,100,0.01,0.003,1,2,idID,,first,single_objective
133,0.0927601956046874,0.39886884110015586,0.004154007806000001,[0.       0.       0.       0.       0.59999  0.       0.       0.       0.       0.       0.200045 0.       0.       0.       0.       0.       0.       0.       0.       0.       0.       0.       0.       0.199965 0.       0.       0.       0.       0.       0.       0.      ],[0. 0. 0. 0. 1. 0. 0. 0. 0. 0. 1. 0. 0. 0. 0. 0. 0. 0. 0. 0. 0. 0. 0. 1. 0. 0. 0. 0. 0. 0. 0.],3.0,1000,100,0.01,0.003,1,2,idID,,first,single_objective
134,0.0927601956046874,0.39886884110015586,0.004154007806000001,[0.       0.       0.       0.       0.59999  0.       0.       0.       0.       0.       0.200045 0.       0.       0.       0.       0.       0.       0.       0.       0.       0.       0.       0.       0.199965 0.       0.       0.       0.       0.       0.       0.      ],[0. 0. 0. 0. 1. 0. 0. 0. 0. 0. 1. 0. 0. 0. 0. 0. 0. 0. 0. 0. 0. 0. 0. 1. 0. 0. 0. 0. 0. 0. 0.],3.0,1000,100,0.01,0.003,1,2,idID,,first,single_objective
135,0.0927601956046874,0.39886884110015586,0.004154007806000001,[0.       0.       0.       0.       0.59999  0.       0.       0.       0.       0.       0.200045 0.       0.       0.       0.       0.       0.       0.       0.       0.       0.       0.       0.       0.199965 0.       0.       0.       0.       0.       0.       0.      ],[0. 0. 0. 0. 1. 0. 0. 0. 0. 0. 1. 0. 0. 0. 0. 0. 0. 0. 0. 0. 0. 0. 0. 1. 0. 0. 0. 0. 0. 0. 0.],3.0,1000,100,0.01,0.003,1,2,idID,,first,single_objective
136,0.0927601956046874,0.39886884110015586,0.004154007806000001,[0.       0.       0.       0.       0.59999  0.       0.       0.       0.       0.       0.200045 0.       0.       0.       0.       0.       0.       0.       0.       0.       0.       0.       0.       0.199965 0.       0.       0.       0.       0.       0.       0.      ],[0. 0. 0. 0. 1. 0. 0. 0. 0. 0. 1. 0. 0. 0. 0. 0. 0. 0. 0. 0. 0. 0. 0. 1. 0. 0. 0. 0. 0. 0. 0.],3.0,1000,100,0.01,0.003,1,2,idID,,first,single_objective
137,0.0927601956046874,0.39886884110015586,0.004154007806000001,[0.       0.       0.       0.       0.59999  0.       0.       0.       0.       0.       0.200045 0.       0.       0.       0.       0.       0.       0.       0.       0.       0.       0.       0.       0.199965 0.       0.       0.       0.       0.       0.       0.      ],[0. 0. 0. 0. 1. 0. 0. 0. 0. 0. 1. 0. 0. 0. 0. 0. 0. 0. 0. 0. 0. 0. 0. 1. 0. 0. 0. 0. 0. 0. 0.],3.0,1000,100,0.01,0.003,1,2,idID,,first,single_objective
138,0.0927601956046874,0.39886884110015586,0.004154007806000001,[0.       0.       0.       0.       0.59999  0.       0.       0.       0.       0.       0.200045 0.       0.       0.       0.       0.       0.       0.       0.       0.       0.       0.       0.       0.199965 0.       0.       0.       0.       0.       0.       0.      ],[0. 0. 0. 0. 1. 0. 0. 0. 0. 0. 1. 0. 0. 0. 0. 0. 0. 0. 0. 0. 0. 0. 0. 1. 0. 0. 0. 0. 0. 0. 0.],3.0,1000,100,0.01,0.003,1,2,idID,,first,single_objective
139,0.0927601956046874,0.39886884110015586,0.004154007806000001,[0.       0.       0.       0.       0.59999  0.       0.       0.       0.       0.       0.200045 0.       0.       0.       0.       0.       0.       0.       0.       0.       0.       0.       0.       0.199965 0.       0.       0.       0.       0.       0.       0.      ],[0. 0. 0. 0. 1. 0. 0. 0. 0. 0. 1. 0. 0. 0. 0. 0. 0. 0. 0. 0. 0. 0. 0. 1. 0. 0. 0. 0. 0. 0. 0.],3.0,1000,100,0.01,0.003,1,2,idID,,first,single_objective
140,0.0927601956046874,0.39886884110015586,0.004154007806000001,[0.       0.       0.       0.       0.59999  0.       0.       0.       0.       0.       0.200045 0.       0.       0.       0.       0.       0.       0.       0.       0.       0.       0.       0.       0.199965 0.       0.       0.       0.       0.       0.       0.      ],[0. 0. 0. 0. 1. 0. 0. 0. 0. 0. 1. 0. 0. 0. 0. 0. 0. 0. 0. 0. 0. 0. 0. 1. 0. 0. 0. 0. 0. 0. 0.],3.0,1000,100,0.01,0.003,1,2,idID,,first,single_objective
141,0.0927601956046874,0.39886884110015586,0.004154007806000001,[0.       0.       0.       0.       0.59999  0.       0.       0.       0.       0.       0.200045 0.       0.       0.       0.       0.       0.       0.       0.       0.       0.       0.       0.       0.199965 0.       0.       0.       0.       0.       0.       0.      ],[0. 0. 0. 0. 1. 0. 0. 0. 0. 0. 1. 0. 0. 0. 0. 0. 0. 0. 0. 0. 0. 0. 0. 1. 0. 0. 0. 0. 0. 0. 0.],3.0,1000,100,0.01,0.003,1,2,idID,,first,single_objective
142,0.0927601956046874,0.39886884110015586,0.004154007806000001,[0.       0.       0.       0.       0.59999  0.       0.       0.       0.       0.       0.200045 0.       0.       0.       0.       0.       0.       0.       0.       0.       0.       0.       0.       0.199965 0.       0.       0.       0.       0.       0.       0.      ],[0. 0. 0. 0. 1. 0. 0. 0. 0. 0. 1. 0. 0. 0. 0. 0. 0. 0. 0. 0. 0. 0. 0. 1. 0. 0. 0. 0. 0. 0. 0.],3.0,1000,100,0.01,0.003,1,2,idID,,first,single_objective
143,0.0927601956046874,0.39886884110015586,0.004154007806000001,[0.       0.       0.       0.       0.59999  0.       0.       0.       0.       0.       0.200045 0.       0.       0.       0.       0.       0.       0.       0.       0.       0.       0.       0.       0.199965 0.       0.       0.       0.       0.       0.       0.      ],[0. 0. 0. 0. 1. 0. 0. 0. 0. 0. 1. 0. 0. 0. 0. 0. 0. 0. 0. 0. 0. 0. 0. 1. 0. 0. 0. 0. 0. 0. 0.],3.0,1000,100,0.01,0.003,1,2,idID,,first,single_objective
144,0.0927601956046874,0.39886884110015586,0.004154007806000001,[0.       0.       0.       0.       0.59999  0.       0.       0.       0.       0.       0.200045 0.       0.       0.       0.       0.       0.       0.       0.       0.       0.       0.       0.       0.199965 0.       0.       0.       0.       0.       0.       0.      ],[0. 0. 0. 0. 1. 0. 0. 0. 0. 0. 1. 0. 0. 0. 0. 0. 0. 0. 0. 0. 0. 0. 0. 1. 0. 0. 0. 0. 0. 0. 0.],3.0,1000,100,0.01,0.003,1,2,idID,,first,single_objective
145,0.0927601956046874,0.39886884110015586,0.004154007806000001,[0.       0.       0.       0.       0.59999  0.       0.       0.       0.       0.       0.200045 0.       0.       0.       0.       0.       0.       0.       0.       0.       0.       0.       0.       0.199965 0.       0.       0.       0.       0.       0.       0.      ],[0. 0. 0. 0. 1. 0. 0. 0. 0. 0. 1. 0. 0. 0. 0. 0. 0. 0. 0. 0. 0. 0. 0. 1. 0. 0. 0. 0. 0. 0. 0.],3.0,1000,100,0.01,0.003,1,2,idID,,first,single_objective
146,0.0927601956046874,0.39886884110015586,0.004154007806000001,[0.       0.       0.       0.       0.59999  0.       0.       0.       0.       0.       0.200045 0.       0.       0.       0.       0.       0.       0.       0.       0.       0.       0.       0.       0.199965 0.       0.       0.       0.       0.       0.       0.      ],[0. 0. 0. 0. 1. 0. 0. 0. 0. 0. 1. 0. 0. 0. 0. 0. 0. 0. 0. 0. 0. 0. 0. 1. 0. 0. 0. 0. 0. 0. 0.],3.0,1000,100,0.01,0.003,1,2,idID,,first,single_objective
147,0.0927601956046874,0.39886884110015586,0.004154007806000001,[0.       0.       0.       0.       0.59999  0.       0.       0.       0.       0.       0.200045 0.       0.       0.       0.       0.       0.       0.       0.       0.       0.       0.       0.       0.199965 0.       0.       0.       0.       0.       0.       0.      ],[0. 0. 0. 0. 1. 0. 0. 0. 0. 0. 1. 0. 0. 0. 0. 0. 0. 0. 0. 0. 0. 0. 0. 1. 0. 0. 0. 0. 0. 0. 0.],3.0,1000,100,0.01,0.003,1,2,idID,,first,single_objective
148,0.0927601956046874,0.39886884110015586,0.004154007806000001,[0.       0.       0.       0.       0.59999  0.       0.       0.       0.       0.       0.200045 0.       0.       0.       0.       0.       0.       0.       0.       0.       0.       0.       0.       0.199965 0.       0.       0.       0.       0.       0.       0.      ],[0. 0. 0. 0. 1. 0. 0. 0. 0. 0. 1. 0. 0. 0. 0. 0. 0. 0. 0. 0. 0. 0. 0. 1. 0. 0. 0. 0. 0. 0. 0.],3.0,1000,100,0.01,0.003,1,2,idID,,first,single_objective
149,0.0927601956046874,0.39886884110015586,0.004154007806000001,[0.       0.       0.       0.       0.59999  0.       0.       0.       0.       0.       0.200045 0.       0.       0.       0.       0.       0.       0.       0.       0.       0.       0.       0.       0.199965 0.       0.       0.       0.       0.       0.       0.      ],[0. 0. 0. 0. 1. 0. 0. 0. 0. 0. 1. 0. 0. 0. 0. 0. 0. 0. 0. 0. 0. 0. 0. 1. 0. 0. 0. 0. 0. 0. 0.],3.0,1000,100,0.01,0.003,1,2,idID,,first,single_objective
150,0.0927601956046874,0.39886884110015586,0.004154007806000001,[0.       0.       0.       0.       0.59999  0.       0.       0.       0.       0.       0.200045 0.       0.       0.       0.       0.       0.       0.       0.       0.       0.       0.       0.       0.199965 0.       0.       0.       0.       0.       0.       0.      ],[0. 0. 0. 0. 1. 0. 0. 0. 0. 0. 1. 0. 0. 0. 0. 0. 0. 0. 0. 0. 0. 0. 0. 1. 0. 0. 0. 0. 0. 0. 0.],3.0,1000,100,0.01,0.003,1,2,idID,,first,single_objective
151,0.0927601956046874,0.39886884110015586,0.004154007806000001,[0.       0.       0.       0.       0.59999  0.       0.       0.       0.       0.       0.200045 0.       0.       0.       0.       0.       0.       0.       0.       0.       0.       0.       0.       0.199965 0.       0.       0.       0.       0.       0.       0.      ],[0. 0. 0. 0. 1. 0. 0. 0. 0. 0. 1. 0. 0. 0. 0. 0. 0. 0. 0. 0. 0. 0. 0. 1. 0. 0. 0. 0. 0. 0. 0.],3.0,1000,100,0.01,0.003,1,2,idID,,first,single_objective
152,0.0927601956046874,0.39886884110015586,0.004154007806000001,[0.       0.       0.       0.       0.59999  0.       0.       0.       0.       0.       0.200045 0.       0.       0.       0.       0.       0.       0.       0.       0.       0.       0.       0.       0.199965 0.       0.       0.       0.       0.       0.       0.      ],[0. 0. 0. 0. 1. 0. 0. 0. 0. 0. 1. 0. 0. 0. 0. 0. 0. 0. 0. 0. 0. 0. 0. 1. 0. 0. 0. 0. 0. 0. 0.],3.0,1000,100,0.01,0.003,1,2,idID,,first,single_objective
153,0.0927601956046874,0.39886884110015586,0.004154007806000001,[0.       0.       0.       0.       0.59999  0.       0.       0.       0.       0.       0.200045 0.       0.       0.       0.       0.       0.       0.       0.       0.       0.       0.       0.       0.199965 0.       0.       0.       0.       0.       0.       0.      ],[0. 0. 0. 0. 1. 0. 0. 0. 0. 0. 1. 0. 0. 0. 0. 0. 0. 0. 0. 0. 0. 0. 0. 1. 0. 0. 0. 0. 0. 0. 0.],3.0,1000,100,0.01,0.003,1,2,idID,,first,single_objective
154,0.0927601956046874,0.39886884110015586,0.004154007806000001,[0.       0.       0.       0.       0.59999  0.       0.       0.       0.       0.       0.200045 0.       0.       0.       0.       0.       0.       0.       0.       0.       0.       0.       0.       0.199965 0.       0.       0.       0.       0.       0.       0.      ],[0. 0. 0. 0. 1. 0. 0. 0. 0. 0. 1. 0. 0. 0. 0. 0. 0. 0. 0. 0. 0. 0. 0. 1. 0. 0. 0. 0. 0. 0. 0.],3.0,1000,100,0.01,0.003,1,2,idID,,first,single_objective
155,0.0927601956046874,0.39886884110015586,0.004154007806000001,[0.       0.       0.       0.       0.59999  0.       0.       0.       0.       0.       0.200045 0.       0.       0.       0.       0.       0.       0.       0.       0.       0.       0.       0.       0.199965 0.       0.       0.       0.       0.       0.       0.      ],[0. 0. 0. 0. 1. 0. 0. 0. 0. 0. 1. 0. 0. 0. 0. 0. 0. 0. 0. 0. 0. 0. 0. 1. 0. 0. 0. 0. 0. 0. 0.],3.0,1000,100,0.01,0.003,1,2,idID,,first,single_objective
156,0.0927601956046874,0.39886884110015586,0.004154007806000001,[0.       0.       0.       0.       0.59999  0.       0.       0.       0.       0.       0.200045 0.       0.       0.       0.       0.       0.       0.       0.       0.       0.       0.       0.       0.199965 0.       0.       0.       0.       0.       0.       0.      ],[0. 0. 0. 0. 1. 0. 0. 0. 0. 0. 1. 0. 0. 0. 0. 0. 0. 0. 0. 0. 0. 0. 0. 1. 0. 0. 0. 0. 0. 0. 0.],3.0,1000,100,0.01,0.003,1,2,idID,,first,single_objective
157,0.0927601956046874,0.39886884110015586,0.004154007806000001,[0.       0.       0.       0.       0.59999  0.       0.       0.       0.       0.       0.200045 0.       0.       0.       0.       0.       0.       0.       0.       0.       0.       0.       0.       0.199965 0.       0.       0.       0.       0.       0.       0.      ],[0. 0. 0. 0. 1. 0. 0. 0. 0. 0. 1. 0. 0. 0. 0. 0. 0. 0. 0. 0. 0. 0. 0. 1. 0. 0. 0. 0. 0. 0. 0.],3.0,1000,100,0.01,0.003,1,2,idID,,first,single_objective
158,0.0927601956046874,0.39886884110015586,0.004154007806000001,[0.       0.       0.       0.       0.59999  0.       0.       0.       0.       0.       0.200045 0.       0.       0.       0.       0.       0.       0.       0.       0.       0.       0.       0.       0.199965 0.       0.       0.       0.       0.       0.       0.      ],[0. 0. 0. 0. 1. 0. 0. 0. 0. 0. 1. 0. 0. 0. 0. 0. 0. 0. 0. 0. 0. 0. 0. 1. 0. 0. 0. 0. 0. 0. 0.],3.0,1000,100,0.01,0.003,1,2,idID,,first,single_objective
159,0.0927601956046874,0.39886884110015586,0.004154007806000001,[0.       0.       0.       0.       0.59999  0.       0.       0.       0.       0.       0.200045 0.       0.       0.       0.       0.       0.       0.       0.       0.       0.       0.       0.       0.199965 0.       0.       0.       0.       0.       0.       0.      ],[0. 0. 0. 0. 1. 0. 0. 0. 0. 0. 1. 0. 0. 0. 0. 0. 0. 0. 0. 0. 0. 0. 0. 1. 0. 0. 0. 0. 0. 0. 0.],3.0,1000,100,0.01,0.003,1,2,idID,,first,single_objective
160,0.0927601956046874,0.39886884110015586,0.004154007806000001,[0.       0.       0.       0.       0.59999  0.       0.       0.       0.       0.       0.200045 0.       0.       0.       0.       0.       0.       0.       0.       0.       0.       0.       0.       0.199965 0.       0.       0.       0.       0.       0.       0.      ],[0. 0. 0. 0. 1. 0. 0. 0. 0. 0. 1. 0. 0. 0. 0. 0. 0. 0. 0. 0. 0. 0. 0. 1. 0. 0. 0. 0. 0. 0. 0.],3.0,1000,100,0.01,0.003,1,2,idID,,first,single_objective
161,0.0927601956046874,0.39886884110015586,0.004154007806000001,[0.       0.       0.       0.       0.59999  0.       0.       0.       0.       0.       0.200045 0.       0.       0.       0.       0.       0.       0.       0.       0.       0.       0.       0.       0.199965 0.       0.       0.       0.       0.       0.       0.      ],[0. 0. 0. 0. 1. 0. 0. 0. 0. 0. 1. 0. 0. 0. 0. 0. 0. 0. 0. 0. 0. 0. 0. 1. 0. 0. 0. 0. 0. 0. 0.],3.0,1000,100,0.01,0.003,1,2,idID,,first,single_objective
162,0.0927601956046874,0.39886884110015586,0.004154007806000001,[0.       0.       0.       0.       0.59999  0.       0.       0.       0.       0.       0.200045 0.       0.       0.       0.       0.       0.       0.       0.       0.       0.       0.       0.       0.199965 0.       0.       0.       0.       0.       0.       0.      ],[0. 0. 0. 0. 1. 0. 0. 0. 0. 0. 1. 0. 0. 0. 0. 0. 0. 0. 0. 0. 0. 0. 0. 1. 0. 0. 0. 0. 0. 0. 0.],3.0,1000,100,0.01,0.003,1,2,idID,,first,single_objective
163,0.0927601956046874,0.39886884110015586,0.004154007806000001,[0.       0.       0.       0.       0.59999  0.       0.       0.       0.       0.       0.200045 0.       0.       0.       0.       0.       0.       0.       0.       0.       0.       0.       0.       0.199965 0.       0.       0.       0.       0.       0.       0.      ],[0. 0. 0. 0. 1. 0. 0. 0. 0. 0. 1. 0. 0. 0. 0. 0. 0. 0. 0. 0. 0. 0. 0. 1. 0. 0. 0. 0. 0. 0. 0.],3.0,1000,100,0.01,0.003,1,2,idID,,first,single_objective
164,0.0927601956046874,0.39886884110015586,0.004154007806000001,[0.       0.       0.       0.       0.59999  0.       0.       0.       0.       0.       0.200045 0.       0.       0.       0.       0.       0.       0.       0.       0.       0.       0.       0.       0.199965 0.       0.       0.       0.       0.       0.       0.      ],[0. 0. 0. 0. 1. 0. 0. 0. 0. 0. 1. 0. 0. 0. 0. 0. 0. 0. 0. 0. 0. 0. 0. 1. 0. 0. 0. 0. 0. 0. 0.],3.0,1000,100,0.01,0.003,1,2,idID,,first,single_objective
165,0.0927601956046874,0.39886884110015586,0.004154007806000001,[0.       0.       0.       0.       0.59999  0.       0.       0.       0.       0.       0.200045 0.       0.       0.       0.       0.       0.       0.       0.       0.       0.       0.       0.       0.199965 0.       0.       0.       0.       0.       0.       0.      ],[0. 0. 0. 0. 1. 0. 0. 0. 0. 0. 1. 0. 0. 0. 0. 0. 0. 0. 0. 0. 0. 0. 0. 1. 0. 0. 0. 0. 0. 0. 0.],3.0,1000,100,0.01,0.003,1,2,idID,,first,single_objective
166,0.0927601956046874,0.39886884110015586,0.004154007806000001,[0.       0.       0.       0.       0.59999  0.       0.       0.       0.       0.       0.200045 0.       0.       0.       0.       0.       0.       0.       0.       0.       0.       0.       0.       0.199965 0.       0.       0.       0.       0.       0.       0.      ],[0. 0. 0. 0. 1. 0. 0. 0. 0. 0. 1. 0. 0. 0. 0. 0. 0. 0. 0. 0. 0. 0. 0. 1. 0. 0. 0. 0. 0. 0. 0.],3.0,1000,100,0.01,0.003,1,2,idID,,first,single_objective
167,0.0927601956046874,0.39886884110015586,0.004154007806000001,[0.       0.       0.       0.       0.59999  0.       0.       0.       0.       0.       0.200045 0.       0.       0.       0.       0.       0.       0.       0.       0.       0.       0.       0.       0.199965 0.       0.       0.       0.       0.       0.       0.      ],[0. 0. 0. 0. 1. 0. 0. 0. 0. 0. 1. 0. 0. 0. 0. 0. 0. 0. 0. 0. 0. 0. 0. 1. 0. 0. 0. 0. 0. 0. 0.],3.0,1000,100,0.01,0.003,1,2,idID,,first,single_objective
168,0.0927601956046874,0.39886884110015586,0.004154007806000001,[0.       0.       0.       0.       0.59999  0.       0.       0.       0.       0.       0.200045 0.       0.       0.       0.       0.       0.       0.       0.       0.       0.       0.       0.       0.199965 0.       0.       0.       0.       0.       0.       0.      ],[0. 0. 0. 0. 1. 0. 0. 0. 0. 0. 1. 0. 0. 0. 0. 0. 0. 0. 0. 0. 0. 0. 0. 1. 0. 0. 0. 0. 0. 0. 0.],3.0,1000,100,0.01,0.003,1,2,idID,,first,single_objective
169,0.0927601956046874,0.39886884110015586,0.004154007806000001,[0.       0.       0.       0.       0.59999  0.       0.       0.       0.       0.       0.200045 0.       0.       0.       0.       0.       0.       0.       0.       0.       0.       0.       0.       0.199965 0.       0.       0.       0.       0.       0.       0.      ],[0. 0. 0. 0. 1. 0. 0. 0. 0. 0. 1. 0. 0. 0. 0. 0. 0. 0. 0. 0. 0. 0. 0. 1. 0. 0. 0. 0. 0. 0. 0.],3.0,1000,100,0.01,0.003,1,2,idID,,first,single_objective
170,0.0927601956046874,0.39886884110015586,0.004154007806000001,[0.       0.       0.       0.       0.59999  0.       0.       0.       0.       0.       0.200045 0.       0.       0.       0.       0.       0.       0.       0.       0.       0.       0.       0.       0.199965 0.       0.       0.       0.       0.       0.       0.      ],[0. 0. 0. 0. 1. 0. 0. 0. 0. 0. 1. 0. 0. 0. 0. 0. 0. 0. 0. 0. 0. 0. 0. 1. 0. 0. 0. 0. 0. 0. 0.],3.0,1000,100,0.01,0.003,1,2,idID,,first,single_objective
171,0.0927601956046874,0.39886884110015586,0.004154007806000001,[0.       0.       0.       0.       0.59999  0.       0.       0.       0.       0.       0.200045 0.       0.       0.       0.       0.       0.       0.       0.       0.       0.       0.       0.       0.199965 0.       0.       0.       0.       0.       0.       0.      ],[0. 0. 0. 0. 1. 0. 0. 0. 0. 0. 1. 0. 0. 0. 0. 0. 0. 0. 0. 0. 0. 0. 0. 1. 0. 0. 0. 0. 0. 0. 0.],3.0,1000,100,0.01,0.003,1,2,idID,,first,single_objective
172,0.0927601956046874,0.39886884110015586,0.004154007806000001,[0.       0.       0.       0.       0.59999  0.       0.       0.       0.       0.       0.200045 0.       0.       0.       0.       0.       0.       0.       0.       0.       0.       0.       0.       0.199965 0.       0.       0.       0.       0.       0.       0.      ],[0. 0. 0. 0. 1. 0. 0. 0. 0. 0. 1. 0. 0. 0. 0. 0. 0. 0. 0. 0. 0. 0. 0. 1. 0. 0. 0. 0. 0. 0. 0.],3.0,1000,100,0.01,0.003,1,2,idID,,first,single_objective
173,0.0927601956046874,0.39886884110015586,0.004154007806000001,[0.       0.       0.       0.       0.59999  0.       0.       0.       0.       0.       0.200045 0.       0.       0.       0.       0.       0.       0.       0.       0.       0.       0.       0.       0.199965 0.       0.       0.       0.       0.       0.       0.      ],[0. 0. 0. 0. 1. 0. 0. 0. 0. 0. 1. 0. 0. 0. 0. 0. 0. 0. 0. 0. 0. 0. 0. 1. 0. 0. 0. 0. 0. 0. 0.],3.0,1000,100,0.01,0.003,1,2,idID,,first,single_objective
174,0.0927601956046874,0.39886884110015586,0.004154007806000001,[0.       0.       0.       0.       0.59999  0.       0.       0.       0.       0.       0.200045 0.       0.       0.       0.       0.       0.       0.       0.       0.       0.       0.       0.       0.199965 0.       0.       0.       0.       0.       0.       0.      ],[0. 0. 0. 0. 1. 0. 0. 0. 0. 0. 1. 0. 0. 0. 0. 0. 0. 0. 0. 0. 0. 0. 0. 1. 0. 0. 0. 0. 0. 0. 0.],3.0,1000,100,0.01,0.003,1,2,idID,,first,single_objective
175,0.0927601956046874,0.39886884110015586,0.004154007806000001,[0.       0.       0.       0.       0.59999  0.       0.       0.       0.       0.       0.200045 0.       0.       0.       0.       0.       0.       0.       0.       0.       0.       0.       0.       0.199965 0.       0.       0.       0.       0.       0.       0.      ],[0. 0. 0. 0. 1. 0. 0. 0. 0. 0. 1. 0. 0. 0. 0. 0. 0. 0. 0. 0. 0. 0. 0. 1. 0. 0. 0. 0. 0. 0. 0.],3.0,1000,100,0.01,0.003,1,2,idID,,first,single_objective
176,0.0927601956046874,0.39886884110015586,0.004154007806000001,[0.       0.       0.       0.       0.59999  0.       0.       0.       0.       0.       0.200045 0.       0.       0.       0.       0.       0.       0.       0.       0.       0.       0.       0.       0.199965 0.       0.       0.       0.       0.       0.       0.      ],[0. 0. 0. 0. 1. 0. 0. 0. 0. 0. 1. 0. 0. 0. 0. 0. 0. 0. 0. 0. 0. 0. 0. 1. 0. 0. 0. 0. 0. 0. 0.],3.0,1000,100,0.01,0.003,1,2,idID,,first,single_objective
177,0.0927601956046874,0.39886884110015586,0.004154007806000001,[0.       0.       0.       0.       0.59999  0.       0.       0.       0.       0.       0.200045 0.       0.       0.       0.       0.       0.       0.       0.       0.       0.       0.       0.       0.199965 0.       0.       0.       0.       0.       0.       0.      ],[0. 0. 0. 0. 1. 0. 0. 0. 0. 0. 1. 0. 0. 0. 0. 0. 0. 0. 0. 0. 0. 0. 0. 1. 0. 0. 0. 0. 0. 0. 0.],3.0,1000,100,0.01,0.003,1,2,idID,,first,single_objective
178,0.0927601956046874,0.39886884110015586,0.004154007806000001,[0.       0.       0.       0.       0.59999  0.       0.       0.       0.       0.       0.200045 0.       0.       0.       0.       0.       0.       0.       0.       0.       0.       0.       0.       0.199965 0.       0.       0.       0.       0.       0.       0.      ],[0. 0. 0. 0. 1. 0. 0. 0. 0. 0. 1. 0. 0. 0. 0. 0. 0. 0. 0. 0. 0. 0. 0. 1. 0. 0. 0. 0. 0. 0. 0.],3.0,1000,100,0.01,0.003,1,2,idID,,first,single_objective
179,0.0927601956046874,0.39886884110015586,0.004154007806000001,[0.       0.       0.       0.       0.59999  0.       0.       0.       0.       0.       0.200045 0.       0.       0.       0.       0.       0.       0.       0.       0.       0.       0.       0.       0.199965 0.       0.       0.       0.       0.       0.       0.      ],[0. 0. 0. 0. 1. 0. 0. 0. 0. 0. 1. 0. 0. 0. 0. 0. 0. 0. 0. 0. 0. 0. 0. 1. 0. 0. 0. 0. 0. 0. 0.],3.0,1000,100,0.01,0.003,1,2,idID,,first,single_objective
180,0.0927601956046874,0.39886884110015586,0.004154007806000001,[0.       0.       0.       0.       0.59999  0.       0.       0.       0.       0.       0.200045 0.       0.       0.       0.       0.       0.       0.       0.       0.       0.       0.       0.       0.199965 0.       0.       0.       0.       0.       0.       0.      ],[0. 0. 0. 0. 1. 0. 0. 0. 0. 0. 1. 0. 0. 0. 0. 0. 0. 0. 0. 0. 0. 0. 0. 1. 0. 0. 0. 0. 0. 0. 0.],3.0,1000,100,0.01,0.003,1,2,idID,,first,single_objective
181,0.0927601956046874,0.39886884110015586,0.004154007806000001,[0.       0.       0.       0.       0.59999  0.       0.       0.       0.       0.       0.200045 0.       0.       0.       0.       0.       0.       0.       0.       0.       0.       0.       0.       0.199965 0.       0.       0.       0.       0.       0.       0.      ],[0. 0. 0. 0. 1. 0. 0. 0. 0. 0. 1. 0. 0. 0. 0. 0. 0. 0. 0. 0. 0. 0. 0. 1. 0. 0. 0. 0. 0. 0. 0.],3.0,1000,100,0.01,0.003,1,2,idID,,first,single_objective
182,0.0927601956046874,0.39886884110015586,0.004154007806000001,[0.       0.       0.       0.       0.59999  0.       0.       0.       0.       0.       0.200045 0.       0.       0.       0.       0.       0.       0.       0.       0.       0.       0.       0.       0.199965 0.       0.       0.       0.       0.       0.       0.      ],[0. 0. 0. 0. 1. 0. 0. 0. 0. 0. 1. 0. 0. 0. 0. 0. 0. 0. 0. 0. 0. 0. 0. 1. 0. 0. 0. 0. 0. 0. 0.],3.0,1000,100,0.01,0.003,1,2,idID,,first,single_objective
183,0.0927601956046874,0.39886884110015586,0.004154007806000001,[0.       0.       0.       0.       0.59999  0.       0.       0.       0.       0.       0.200045 0.       0.       0.       0.       0.       0.       0.       0.       0.       0.       0.       0.       0.199965 0.       0.       0.       0.       0.       0.       0.      ],[0. 0. 0. 0. 1. 0. 0. 0. 0. 0. 1. 0. 0. 0. 0. 0. 0. 0. 0. 0. 0. 0. 0. 1. 0. 0. 0. 0. 0. 0. 0.],3.0,1000,100,0.01,0.003,1,2,idID,,first,single_objective
184,0.0927601956046874,0.39886884110015586,0.004154007806000001,[0.       0.       0.       0.       0.59999  0.       0.       0.       0.       0.       0.200045 0.       0.       0.       0.       0.       0.       0.       0.       0.       0.       0.       0.       0.199965 0.       0.       0.       0.       0.       0.       0.      ],[0. 0. 0. 0. 1. 0. 0. 0. 0. 0. 1. 0. 0. 0. 0. 0. 0. 0. 0. 0. 0. 0. 0. 1. 0. 0. 0. 0. 0. 0. 0.],3.0,1000,100,0.01,0.003,1,2,idID,,first,single_objective
185,0.0927601956046874,0.39886884110015586,0.004154007806000001,[0.       0.       0.       0.       0.59999  0.       0.       0.       0.       0.       0.200045 0.       0.       0.       0.       0.       0.       0.       0.       0.       0.       0.       0.       0.199965 0.       0.       0.       0.       0.       0.       0.      ],[0. 0. 0. 0. 1. 0. 0. 0. 0. 0. 1. 0. 0. 0. 0. 0. 0. 0. 0. 0. 0. 0. 0. 1. 0. 0. 0. 0. 0. 0. 0.],3.0,1000,100,0.01,0.003,1,2,idID,,first,single_objective
186,0.0927601956046874,0.39886884110015586,0.004154007806000001,[0.       0.       0.       0.       0.59999  0.       0.       0.       0.       0.       0.200045 0.       0.       0.       0.       0.       0.       0.       0.       0.       0.       0.       0.       0.199965 0.       0.       0.       0.       0.       0.       0.      ],[0. 0. 0. 0. 1. 0. 0. 0. 0. 0. 1. 0. 0. 0. 0. 0. 0. 0. 0. 0. 0. 0. 0. 1. 0. 0. 0. 0. 0. 0. 0.],3.0,1000,100,0.01,0.003,1,2,idID,,first,single_objective
187,0.0927601956046874,0.39886884110015586,0.004154007806000001,[0.       0.       0.       0.       0.59999  0.       0.       0.       0.       0.       0.200045 0.       0.       0.       0.       0.       0.       0.       0.       0.       0.       0.       0.       0.199965 0.       0.       0.       0.       0.       0.       0.      ],[0. 0. 0. 0. 1. 0. 0. 0. 0. 0. 1. 0. 0. 0. 0. 0. 0. 0. 0. 0. 0. 0. 0. 1. 0. 0. 0. 0. 0. 0. 0.],3.0,1000,100,0.01,0.003,1,2,idID,,first,single_objective
188,0.0927601956046874,0.39886884110015586,0.004154007806000001,[0.       0.       0.       0.       0.59999  0.       0.       0.       0.       0.       0.200045 0.       0.       0.       0.       0.       0.       0.       0.       0.       0.       0.       0.       0.199965 0.       0.       0.       0.       0.       0.       0.      ],[0. 0. 0. 0. 1. 0. 0. 0. 0. 0. 1. 0. 0. 0. 0. 0. 0. 0. 0. 0. 0. 0. 0. 1. 0. 0. 0. 0. 0. 0. 0.],3.0,1000,100,0.01,0.003,1,2,idID,,first,single_objective
189,0.0927601956046874,0.39886884110015586,0.004154007806000001,[0.       0.       0.       0.       0.59999  0.       0.       0.       0.       0.       0.200045 0.       0.       0.       0.       0.       0.       0.       0.       0.       0.       0.       0.       0.199965 0.       0.       0.       0.       0.       0.       0.      ],[0. 0. 0. 0. 1. 0. 0. 0. 0. 0. 1. 0. 0. 0. 0. 0. 0. 0. 0. 0. 0. 0. 0. 1. 0. 0. 0. 0. 0. 0. 0.],3.0,1000,100,0.01,0.003,1,2,idID,,first,single_objective
190,0.0927601956046874,0.39886884110015586,0.004154007806000001,[0.       0.       0.       0.       0.59999  0.       0.       0.       0.       0.       0.200045 0.       0.       0.       0.       0.       0.       0.       0.       0.       0.       0.       0.       0.199965 0.       0.       0.       0.       0.       0.       0.      ],[0. 0. 0. 0. 1. 0. 0. 0. 0. 0. 1. 0. 0. 0. 0. 0. 0. 0. 0. 0. 0. 0. 0. 1. 0. 0. 0. 0. 0. 0. 0.],3.0,1000,100,0.01,0.003,1,2,idID,,first,single_objective
191,0.0927601956046874,0.39886884110015586,0.004154007806000001,[0.       0.       0.       0.       0.59999  0.       0.       0.       0.       0.       0.200045 0.       0.       0.       0.       0.       0.       0.       0.       0.       0.       0.       0.       0.199965 0.       0.       0.       0.       0.       0.       0.      ],[0. 0. 0. 0. 1. 0. 0. 0. 0. 0. 1. 0. 0. 0. 0. 0. 0. 0. 0. 0. 0. 0. 0. 1. 0. 0. 0. 0. 0. 0. 0.],3.0,1000,100,0.01,0.003,1,2,idID,,first,single_objective
192,0.0927601956046874,0.39886884110015586,0.004154007806000001,[0.       0.       0.       0.       0.59999  0.       0.       0.       0.       0.       0.200045 0.       0.       0.       0.       0.       0.       0.       0.       0.       0.       0.       0.       0.199965 0.       0.       0.       0.       0.       0.       0.      ],[0. 0. 0. 0. 1. 0. 0. 0. 0. 0. 1. 0. 0. 0. 0. 0. 0. 0. 0. 0. 0. 0. 0. 1. 0. 0. 0. 0. 0. 0. 0.],3.0,1000,100,0.01,0.003,1,2,idID,,first,single_objective
193,0.0927601956046874,0.39886884110015586,0.004154007806000001,[0.       0.       0.       0.       0.59999  0.       0.       0.       0.       0.       0.200045 0.       0.       0.       0.       0.       0.       0.       0.       0.       0.       0.       0.       0.199965 0.       0.       0.       0.       0.       0.       0.      ],[0. 0. 0. 0. 1. 0. 0. 0. 0. 0. 1. 0. 0. 0. 0. 0. 0. 0. 0. 0. 0. 0. 0. 1. 0. 0. 0. 0. 0. 0. 0.],3.0,1000,100,0.01,0.003,1,2,idID,,first,single_objective
194,0.0927601956046874,0.39886884110015586,0.004154007806000001,[0.       0.       0.       0.       0.59999  0.       0.       0.       0.       0.       0.200045 0.       0.       0.       0.       0.       0.       0.       0.       0.       0.       0.       0.       0.199965 0.       0.       0.       0.       0.       0.       0.      ],[0. 0. 0. 0. 1. 0. 0. 0. 0. 0. 1. 0. 0. 0. 0. 0. 0. 0. 0. 0. 0. 0. 0. 1. 0. 0. 0. 0. 0. 0. 0.],3.0,1000,100,0.01,0.003,1,2,idID,,first,single_objective
195,0.0927601956046874,0.39886884110015586,0.004154007806000001,[0.       0.       0.       0.       0.59999  0.       0.       0.       0.       0.       0.200045 0.       0.       0.       0.       0.       0.       0.       0.       0.       0.       0.       0.       0.199965 0.       0.       0.       0.       0.       0.       0.      ],[0. 0. 0. 0. 1. 0. 0. 0. 0. 0. 1. 0. 0. 0. 0. 0. 0. 0. 0. 0. 0. 0. 0. 1. 0. 0. 0. 0. 0. 0. 0.],3.0,1000,100,0.01,0.003,1,2,idID,,first,single_objective
196,0.0927601956046874,0.39886884110015586,0.004154007806000001,[0.       0.       0.       0.       0.59999  0.       0.       0.       0.       0.       0.200045 0.       0.       0.       0.       0.       0.       0.       0.       0.       0.       0.       0.       0.199965 0.       0.       0.       0.       0.       0.       0.      ],[0. 0. 0. 0. 1. 0. 0. 0. 0. 0. 1. 0. 0. 0. 0. 0. 0. 0. 0. 0. 0. 0. 0. 1. 0. 0. 0. 0. 0. 0. 0.],3.0,1000,100,0.01,0.003,1,2,idID,,first,single_objective
197,0.0927601956046874,0.39886884110015586,0.004154007806000001,[0.       0.       0.       0.       0.59999  0.       0.       0.       0.       0.       0.200045 0.       0.       0.       0.       0.       0.       0.       0.       0.       0.       0.       0.       0.199965 0.       0.       0.       0.       0.       0.       0.      ],[0. 0. 0. 0. 1. 0. 0. 0. 0. 0. 1. 0. 0. 0. 0. 0. 0. 0. 0. 0. 0. 0. 0. 1. 0. 0. 0. 0. 0. 0. 0.],3.0,1000,100,0.01,0.003,1,2,idID,,first,single_objective
198,0.0927601956046874,0.39886884110015586,0.004154007806000001,[0.       0.       0.       0.       0.59999  0.       0.       0.       0.       0.       0.200045 0.       0.       0.       0.       0.       0.       0.       0.       0.       0.       0.       0.       0.199965 0.       0.       0.       0.       0.       0.       0.      ],[0. 0. 0. 0. 1. 0. 0. 0. 0. 0. 1. 0. 0. 0. 0. 0. 0. 0. 0. 0. 0. 0. 0. 1. 0. 0. 0. 0. 0. 0. 0.],3.0,1000,100,0.01,0.003,1,2,idID,,first,single_objective
199,0.0927601956046874,0.39886884110015586,0.004154007806000001,[0.       0.       0.       0.       0.59999  0.       0.       0.       0.       0.       0.200045 0.       0.       0.       0.       0.       0.       0.       0.       0.       0.       0.       0.       0.199965 0.       0.       0.       0.       0.       0.       0.      ],[0. 0. 0. 0. 1. 0. 0. 0. 0. 0. 1. 0. 0. 0. 0. 0. 0. 0. 0. 0. 0. 0. 0. 1. 0. 0. 0. 0. 0. 0. 0.],3.0,1000,100,0.01,0.003,1,2,idID,,first,single_objective
200,0.0927601956046874,0.39886884110015586,0.004154007806000001,[0.       0.       0.       0.       0.59999  0.       0.       0.       0.       0.       0.200045 0.       0.       0.       0.       0.       0.       0.       0.       0.       0.       0.       0.       0.199965 0.       0.       0.       0.       0.       0.       0.      ],[0. 0. 0. 0. 1. 0. 0. 0. 0. 0. 1. 0. 0. 0. 0. 0. 0. 0. 0. 0. 0. 0. 0. 1. 0. 0. 0. 0. 0. 0. 0.],3.0,1000,100,0.01,0.003,1,2,idID,,first,single_objective
201,0.0927601956046874,0.39886884110015586,0.004154007806000001,[0.       0.       0.       0.       0.59999  0.       0.       0.       0.       0.       0.200045 0.       0.       0.       0.       0.       0.       0.       0.       0.       0.       0.       0.       0.199965 0.       0.       0.       0.       0.       0.       0.      ],[0. 0. 0. 0. 1. 0. 0. 0. 0. 0. 1. 0. 0. 0. 0. 0. 0. 0. 0. 0. 0. 0. 0. 1. 0. 0. 0. 0. 0. 0. 0.],3.0,1000,100,0.01,0.003,1,2,idID,,first,single_objective
202,0.0927601956046874,0.39886884110015586,0.004154007806000001,[0.       0.       0.       0.       0.59999  0.       0.       0.       0.       0.       0.200045 0.       0.       0.       0.       0.       0.       0.       0.       0.       0.       0.       0.       0.199965 0.       0.       0.       0.       0.       0.       0.      ],[0. 0. 0. 0. 1. 0. 0. 0. 0. 0. 1. 0. 0. 0. 0. 0. 0. 0. 0. 0. 0. 0. 0. 1. 0. 0. 0. 0. 0. 0. 0.],3.0,1000,100,0.01,0.003,1,2,idID,,first,single_objective
203,0.0927601956046874,0.39886884110015586,0.004154007806000001,[0.       0.       0.       0.       0.59999  0.       0.       0.       0.       0.       0.200045 0.       0.       0.       0.       0.       0.       0.       0.       0.       0.       0.       0.       0.199965 0.       0.       0.       0.       0.       0.       0.      ],[0. 0. 0. 0. 1. 0. 0. 0. 0. 0. 1. 0. 0. 0. 0. 0. 0. 0. 0. 0. 0. 0. 0. 1. 0. 0. 0. 0. 0. 0. 0.],3.0,1000,100,0.01,0.003,1,2,idID,,first,single_objective
204,0.0927601956046874,0.39886884110015586,0.004154007806000001,[0.       0.       0.       0.       0.59999  0.       0.       0.       0.       0.       0.200045 0.       0.       0.       0.       0.       0.       0.       0.       0.       0.       0.       0.       0.199965 0.       0.       0.       0.       0.       0.       0.      ],[0. 0. 0. 0. 1. 0. 0. 0. 0. 0. 1. 0. 0. 0. 0. 0. 0. 0. 0. 0. 0. 0. 0. 1. 0. 0. 0. 0. 0. 0. 0.],3.0,1000,100,0.01,0.003,1,2,idID,,first,single_objective
205,0.0927601956046874,0.39886884110015586,0.004154007806000001,[0.       0.       0.       0.       0.59999  0.       0.       0.       0.       0.       0.200045 0.       0.       0.       0.       0.       0.       0.       0.       0.       0.       0.       0.       0.199965 0.       0.       0.       0.       0.       0.       0.      ],[0. 0. 0. 0. 1. 0. 0. 0. 0. 0. 1. 0. 0. 0. 0. 0. 0. 0. 0. 0. 0. 0. 0. 1. 0. 0. 0. 0. 0. 0. 0.],3.0,1000,100,0.01,0.003,1,2,idID,,first,single_objective
206,0.0927601956046874,0.39886884110015586,0.004154007806000001,[0.       0.       0.       0.       0.59999  0.       0.       0.       0.       0.       0.200045 0.       0.       0.       0.       0.       0.       0.       0.       0.       0.       0.       0.       0.199965 0.       0.       0.       0.       0.       0.       0.      ],[0. 0. 0. 0. 1. 0. 0. 0. 0. 0. 1. 0. 0. 0. 0. 0. 0. 0. 0. 0. 0. 0. 0. 1. 0. 0. 0. 0. 0. 0. 0.],3.0,1000,100,0.01,0.003,1,2,idID,,first,single_objective
207,0.0927601956046874,0.39886884110015586,0.004154007806000001,[0.       0.       0.       0.       0.59999  0.       0.       0.       0.       0.       0.200045 0.       0.       0.       0.       0.       0.       0.       0.       0.       0.       0.       0.       0.199965 0.       0.       0.       0.       0.       0.       0.      ],[0. 0. 0. 0. 1. 0. 0. 0. 0. 0. 1. 0. 0. 0. 0. 0. 0. 0. 0. 0. 0. 0. 0. 1. 0. 0. 0. 0. 0. 0. 0.],3.0,1000,100,0.01,0.003,1,2,idID,,first,single_objective
208,0.0927601956046874,0.39886884110015586,0.004154007806000001,[0.       0.       0.       0.       0.59999  0.       0.       0.       0.       0.       0.200045 0.       0.       0.       0.       0.       0.       0.       0.       0.       0.       0.       0.       0.199965 0.       0.       0.       0.       0.       0.       0.      ],[0. 0. 0. 0. 1. 0. 0. 0. 0. 0. 1. 0. 0. 0. 0. 0. 0. 0. 0. 0. 0. 0. 0. 1. 0. 0. 0. 0. 0. 0. 0.],3.0,1000,100,0.01,0.003,1,2,idID,,first,single_objective
209,0.0927601956046874,0.39886884110015586,0.004154007806000001,[0.       0.       0.       0.       0.59999  0.       0.       0.       0.       0.       0.200045 0.       0.       0.       0.       0.       0.       0.       0.       0.       0.       0.       0.       0.199965 0.       0.       0.       0.       0.       0.       0.      ],[0. 0. 0. 0. 1. 0. 0. 0. 0. 0. 1. 0. 0. 0. 0. 0. 0. 0. 0. 0. 0. 0. 0. 1. 0. 0. 0. 0. 0. 0. 0.],3.0,1000,100,0.01,0.003,1,2,idID,,first,single_objective
210,0.0927601956046874,0.39886884110015586,0.004154007806000001,[0.       0.       0.       0.       0.59999  0.       0.       0.       0.       0.       0.200045 0.       0.       0.       0.       0.       0.       0.       0.       0.       0.       0.       0.       0.199965 0.       0.       0.       0.       0.       0.       0.      ],[0. 0. 0. 0. 1. 0. 0. 0. 0. 0. 1. 0. 0. 0. 0. 0. 0. 0. 0. 0. 0. 0. 0. 1. 0. 0. 0. 0. 0. 0. 0.],3.0,1000,100,0.01,0.003,1,2,idID,,first,single_objective
211,0.0927601956046874,0.39886884110015586,0.004154007806000001,[0.       0.       0.       0.       0.59999  0.       0.       0.       0.       0.       0.200045 0.       0.       0.       0.       0.       0.       0.       0.       0.       0.       0.       0.       0.199965 0.       0.       0.       0.       0.       0.       0.      ],[0. 0. 0. 0. 1. 0. 0. 0. 0. 0. 1. 0. 0. 0. 0. 0. 0. 0. 0. 0. 0. 0. 0. 1. 0. 0. 0. 0. 0. 0. 0.],3.0,1000,100,0.01,0.003,1,2,idID,,first,single_objective
212,0.0927601956046874,0.39886884110015586,0.004154007806000001,[0.       0.       0.       0.       0.59999  0.       0.       0.       0.       0.       0.200045 0.       0.       0.       0.       0.       0.       0.       0.       0.       0.       0.       0.       0.199965 0.       0.       0.       0.       0.       0.       0.      ],[0. 0. 0. 0. 1. 0. 0. 0. 0. 0. 1. 0. 0. 0. 0. 0. 0. 0. 0. 0. 0. 0. 0. 1. 0. 0. 0. 0. 0. 0. 0.],3.0,1000,100,0.01,0.003,1,2,idID,,first,single_objective
213,0.0927601956046874,0.39886884110015586,0.004154007806000001,[0.       0.       0.       0.       0.59999  0.       0.       0.       0.       0.       0.200045 0.       0.       0.       0.       0.       0.       0.       0.       0.       0.       0.       0.       0.199965 0.       0.       0.       0.       0.       0.       0.      ],[0. 0. 0. 0. 1. 0. 0. 0. 0. 0. 1. 0. 0. 0. 0. 0. 0. 0. 0. 0. 0. 0. 0. 1. 0. 0. 0. 0. 0. 0. 0.],3.0,1000,100,0.01,0.003,1,2,idID,,first,single_objective
214,0.0927601956046874,0.39886884110015586,0.004154007806000001,[0.       0.       0.       0.       0.59999  0.       0.       0.       0.       0.       0.200045 0.       0.       0.       0.       0.       0.       0.       0.       0.       0.       0.       0.       0.199965 0.       0.       0.       0.       0.       0.       0.      ],[0. 0. 0. 0. 1. 0. 0. 0. 0. 0. 1. 0. 0. 0. 0. 0. 0. 0. 0. 0. 0. 0. 0. 1. 0. 0. 0. 0. 0. 0. 0.],3.0,1000,100,0.01,0.003,1,2,idID,,first,single_objective
215,0.0927601956046874,0.39886884110015586,0.004154007806000001,[0.       0.       0.       0.       0.59999  0.       0.       0.       0.       0.       0.200045 0.       0.       0.       0.       0.       0.       0.       0.       0.       0.       0.       0.       0.199965 0.       0.       0.       0.       0.       0.       0.      ],[0. 0. 0. 0. 1. 0. 0. 0. 0. 0. 1. 0. 0. 0. 0. 0. 0. 0. 0. 0. 0. 0. 0. 1. 0. 0. 0. 0. 0. 0. 0.],3.0,1000,100,0.01,0.003,1,2,idID,,first,single_objective
216,0.0927601956046874,0.39886884110015586,0.004154007806000001,[0.       0.       0.       0.       0.59999  0.       0.       0.       0.       0.       0.200045 0.       0.       0.       0.       0.       0.       0.       0.       0.       0.       0.       0.       0.199965 0.       0.       0.       0.       0.       0.       0.      ],[0. 0. 0. 0. 1. 0. 0. 0. 0. 0. 1. 0. 0. 0. 0. 0. 0. 0. 0. 0. 0. 0. 0. 1. 0. 0. 0. 0. 0. 0. 0.],3.0,1000,100,0.01,0.003,1,2,idID,,first,single_objective
217,0.0927601956046874,0.39886884110015586,0.004154007806000001,[0.       0.       0.       0.       0.59999  0.       0.       0.       0.       0.       0.200045 0.       0.       0.       0.       0.       0.       0.       0.       0.       0.       0.       0.       0.199965 0.       0.       0.       0.       0.       0.       0.      ],[0. 0. 0. 0. 1. 0. 0. 0. 0. 0. 1. 0. 0. 0. 0. 0. 0. 0. 0. 0. 0. 0. 0. 1. 0. 0. 0. 0. 0. 0. 0.],3.0,1000,100,0.01,0.003,1,2,idID,,first,single_objective
218,0.0927601956046874,0.39886884110015586,0.004154007806000001,[0.       0.       0.       0.       0.59999  0.       0.       0.       0.       0.       0.200045 0.       0.       0.       0.       0.       0.       0.       0.       0.       0.       0.       0.       0.199965 0.       0.       0.       0.       0.       0.       0.      ],[0. 0. 0. 0. 1. 0. 0. 0. 0. 0. 1. 0. 0. 0. 0. 0. 0. 0. 0. 0. 0. 0. 0. 1. 0. 0. 0. 0. 0. 0. 0.],3.0,1000,100,0.01,0.003,1,2,idID,,first,single_objective
219,0.0927601956046874,0.39886884110015586,0.004154007806000001,[0.       0.       0.       0.       0.59999  0.       0.       0.       0.       0.       0.200045 0.       0.       0.       0.       0.       0.       0.       0.       0.       0.       0.       0.       0.199965 0.       0.       0.       0.       0.       0.       0.      ],[0. 0. 0. 0. 1. 0. 0. 0. 0. 0. 1. 0. 0. 0. 0. 0. 0. 0. 0. 0. 0. 0. 0. 1. 0. 0. 0. 0. 0. 0. 0.],3.0,1000,100,0.01,0.003,1,2,idID,,first,single_objective
220,0.0927601956046874,0.39886884110015586,0.004154007806000001,[0.       0.       0.       0.       0.59999  0.       0.       0.       0.       0.       0.200045 0.       0.       0.       0.       0.       0.       0.       0.       0.       0.       0.       0.       0.199965 0.       0.       0.       0.       0.       0.       0.      ],[0. 0. 0. 0. 1. 0. 0. 0. 0. 0. 1. 0. 0. 0. 0. 0. 0. 0. 0. 0. 0. 0. 0. 1. 0. 0. 0. 0. 0. 0. 0.],3.0,1000,100,0.01,0.003,1,2,idID,,first,single_objective
221,0.0927601956046874,0.39886884110015586,0.004154007806000001,[0.       0.       0.       0.       0.59999  0.       0.       0.       0.       0.       0.200045 0.       0.       0.       0.       0.       0.       0.       0.       0.       0.       0.       0.       0.199965 0.       0.       0.       0.       0.       0.       0.      ],[0. 0. 0. 0. 1. 0. 0. 0. 0. 0. 1. 0. 0. 0. 0. 0. 0. 0. 0. 0. 0. 0. 0. 1. 0. 0. 0. 0. 0. 0. 0.],3.0,1000,100,0.01,0.003,1,2,idID,,first,single_objective
222,0.0927601956046874,0.39886884110015586,0.004154007806000001,[0.       0.       0.       0.       0.59999  0.       0.       0.       0.       0.       0.200045 0.       0.       0.       0.       0.       0.       0.       0.       0.       0.       0.       0.       0.199965 0.       0.       0.       0.       0.       0.       0.      ],[0. 0. 0. 0. 1. 0. 0. 0. 0. 0. 1. 0. 0. 0. 0. 0. 0. 0. 0. 0. 0. 0. 0. 1. 0. 0. 0. 0. 0. 0. 0.],3.0,1000,100,0.01,0.003,1,2,idID,,first,single_objective
223,0.0927601956046874,0.39886884110015586,0.004154007806000001,[0.       0.       0.       0.       0.59999  0.       0.       0.       0.       0.       0.200045 0.       0.       0.       0.       0.       0.       0.       0.       0.       0.       0.       0.       0.199965 0.       0.       0.       0.       0.       0.       0.      ],[0. 0. 0. 0. 1. 0. 0. 0. 0. 0. 1. 0. 0. 0. 0. 0. 0. 0. 0. 0. 0. 0. 0. 1. 0. 0. 0. 0. 0. 0. 0.],3.0,1000,100,0.01,0.003,1,2,idID,,first,single_objective
224,0.0927601956046874,0.39886884110015586,0.004154007806000001,[0.       0.       0.       0.       0.59999  0.       0.       0.       0.       0.       0.200045 0.       0.       0.       0.       0.       0.       0.       0.       0.       0.       0.       0.       0.199965 0.       0.       0.       0.       0.       0.       0.      ],[0. 0. 0. 0. 1. 0. 0. 0. 0. 0. 1. 0. 0. 0. 0. 0. 0. 0. 0. 0. 0. 0. 0. 1. 0. 0. 0. 0. 0. 0. 0.],3.0,1000,100,0.01,0.003,1,2,idID,,first,single_objective
225,0.0927601956046874,0.39886884110015586,0.004154007806000001,[0.       0.       0.       0.       0.59999  0.       0.       0.       0.       0.       0.200045 0.       0.       0.       0.       0.       0.       0.       0.       0.       0.       0.       0.       0.199965 0.       0.       0.       0.       0.       0.       0.      ],[0. 0. 0. 0. 1. 0. 0. 0. 0. 0. 1. 0. 0. 0. 0. 0. 0. 0. 0. 0. 0. 0. 0. 1. 0. 0. 0. 0. 0. 0. 0.],3.0,1000,100,0.01,0.003,1,2,idID,,first,single_objective
226,0.0927601956046874,0.39886884110015586,0.004154007806000001,[0.       0.       0.       0.       0.59999  0.       0.       0.       0.       0.       0.200045 0.       0.       0.       0.       0.       0.       0.       0.       0.       0.       0.       0.       0.199965 0.       0.       0.       0.       0.       0.       0.      ],[0. 0. 0. 0. 1. 0. 0. 0. 0. 0. 1. 0. 0. 0. 0. 0. 0. 0. 0. 0. 0. 0. 0. 1. 0. 0. 0. 0. 0. 0. 0.],3.0,1000,100,0.01,0.003,1,2,idID,,first,single_objective
227,0.0927601956046874,0.39886884110015586,0.004154007806000001,[0.       0.       0.       0.       0.59999  0.       0.       0.       0.       0.       0.200045 0.       0.       0.       0.       0.       0.       0.       0.       0.       0.       0.       0.       0.199965 0.       0.       0.       0.       0.       0.       0.      ],[0. 0. 0. 0. 1. 0. 0. 0. 0. 0. 1. 0. 0. 0. 0. 0. 0. 0. 0. 0. 0. 0. 0. 1. 0. 0. 0. 0. 0. 0. 0.],3.0,1000,100,0.01,0.003,1,2,idID,,first,single_objective
228,0.0927601956046874,0.39886884110015586,0.004154007806000001,[0.       0.       0.       0.       0.59999  0.       0.       0.       0.       0.       0.200045 0.       0.       0.       0.       0.       0.       0.       0.       0.       0.       0.       0.       0.199965 0.       0.       0.       0.       0.       0.       0.      ],[0. 0. 0. 0. 1. 0. 0. 0. 0. 0. 1. 0. 0. 0. 0. 0. 0. 0. 0. 0. 0. 0. 0. 1. 0. 0. 0. 0. 0. 0. 0.],3.0,1000,100,0.01,0.003,1,2,idID,,first,single_objective
229,0.0927601956046874,0.39886884110015586,0.004154007806000001,[0.       0.       0.       0.       0.59999  0.       0.       0.       0.       0.       0.200045 0.       0.       0.       0.       0.       0.       0.       0.       0.       0.       0.       0.       0.199965 0.       0.       0.       0.       0.       0.       0.      ],[0. 0. 0. 0. 1. 0. 0. 0. 0. 0. 1. 0. 0. 0. 0. 0. 0. 0. 0. 0. 0. 0. 0. 1. 0. 0. 0. 0. 0. 0. 0.],3.0,1000,100,0.01,0.003,1,2,idID,,first,single_objective
230,0.0927601956046874,0.39886884110015586,0.004154007806000001,[0.       0.       0.       0.       0.59999  0.       0.       0.       0.       0.       0.200045 0.       0.       0.       0.       0.       0.       0.       0.       0.       0.       0.       0.       0.199965 0.       0.       0.       0.       0.       0.       0.      ],[0. 0. 0. 0. 1. 0. 0. 0. 0. 0. 1. 0. 0. 0. 0. 0. 0. 0. 0. 0. 0. 0. 0. 1. 0. 0. 0. 0. 0. 0. 0.],3.0,1000,100,0.01,0.003,1,2,idID,,first,single_objective
231,0.0927601956046874,0.39886884110015586,0.004154007806000001,[0.       0.       0.       0.       0.59999  0.       0.       0.       0.       0.       0.200045 0.       0.       0.       0.       0.       0.       0.       0.       0.       0.       0.       0.       0.199965 0.       0.       0.       0.       0.       0.       0.      ],[0. 0. 0. 0. 1. 0. 0. 0. 0. 0. 1. 0. 0. 0. 0. 0. 0. 0. 0. 0. 0. 0. 0. 1. 0. 0. 0. 0. 0. 0. 0.],3.0,1000,100,0.01,0.003,1,2,idID,,first,single_objective
232,0.0927601956046874,0.39886884110015586,0.004154007806000001,[0.       0.       0.       0.       0.59999  0.       0.       0.       0.       0.       0.200045 0.       0.       0.       0.       0.       0.       0.       0.       0.       0.       0.       0.       0.199965 0.       0.       0.       0.       0.       0.       0.      ],[0. 0. 0. 0. 1. 0. 0. 0. 0. 0. 1. 0. 0. 0. 0. 0. 0. 0. 0. 0. 0. 0. 0. 1. 0. 0. 0. 0. 0. 0. 0.],3.0,1000,100,0.01,0.003,1,2,idID,,first,single_objective
233,0.0927601956046874,0.39886884110015586,0.004154007806000001,[0.       0.       0.       0.       0.59999  0.       0.       0.       0.       0.       0.200045 0.       0.       0.       0.       0.       0.       0.       0.       0.       0.       0.       0.       0.199965 0.       0.       0.       0.       0.       0.       0.      ],[0. 0. 0. 0. 1. 0. 0. 0. 0. 0. 1. 0. 0. 0. 0. 0. 0. 0. 0. 0. 0. 0. 0. 1. 0. 0. 0. 0. 0. 0. 0.],3.0,1000,100,0.01,0.003,1,2,idID,,first,single_objective
234,0.0927601956046874,0.39886884110015586,0.004154007806000001,[0.       0.       0.       0.       0.59999  0.       0.       0.       0.       0.       0.200045 0.       0.       0.       0.       0.       0.       0.       0.       0.       0.       0.       0.       0.199965 0.       0.       0.       0.       0.       0.       0.      ],[0. 0. 0. 0. 1. 0. 0. 0. 0. 0. 1. 0. 0. 0. 0. 0. 0. 0. 0. 0. 0. 0. 0. 1. 0. 0. 0. 0. 0. 0. 0.],3.0,1000,100,0.01,0.003,1,2,idID,,first,single_objective
235,0.0927601956046874,0.39886884110015586,0.004154007806000001,[0.       0.       0.       0.       0.59999  0.       0.       0.       0.       0.       0.200045 0.       0.       0.       0.       0.       0.       0.       0.       0.       0.       0.       0.       0.199965 0.       0.       0.       0.       0.       0.       0.      ],[0. 0. 0. 0. 1. 0. 0. 0. 0. 0. 1. 0. 0. 0. 0. 0. 0. 0. 0. 0. 0. 0. 0. 1. 0. 0. 0. 0. 0. 0. 0.],3.0,1000,100,0.01,0.003,1,2,idID,,first,single_objective
236,0.0927601956046874,0.39886884110015586,0.004154007806000001,[0.       0.       0.       0.       0.59999  0.       0.       0.       0.       0.       0.200045 0.       0.       0.       0.       0.       0.       0.       0.       0.       0.       0.       0.       0.199965 0.       0.       0.       0.       0.       0.       0.      ],[0. 0. 0. 0. 1. 0. 0. 0. 0. 0. 1. 0. 0. 0. 0. 0. 0. 0. 0. 0. 0. 0. 0. 1. 0. 0. 0. 0. 0. 0. 0.],3.0,1000,100,0.01,0.003,1,2,idID,,first,single_objective
237,0.0927601956046874,0.39886884110015586,0.004154007806000001,[0.       0.       0.       0.       0.59999  0.       0.       0.       0.       0.       0.200045 0.       0.       0.       0.       0.       0.       0.       0.       0.       0.       0.       0.       0.199965 0.       0.       0.       0.       0.       0.       0.      ],[0. 0. 0. 0. 1. 0. 0. 0. 0. 0. 1. 0. 0. 0. 0. 0. 0. 0. 0. 0. 0. 0. 0. 1. 0. 0. 0. 0. 0. 0. 0.],3.0,1000,100,0.01,0.003,1,2,idID,,first,single_objective
238,0.0927601956046874,0.39886884110015586,0.004154007806000001,[0.       0.       0.       0.       0.59999  0.       0.       0.       0.       0.       0.200045 0.       0.       0.       0.       0.       0.       0.       0.       0.       0.       0.       0.       0.199965 0.       0.       0.       0.       0.       0.       0.      ],[0. 0. 0. 0. 1. 0. 0. 0. 0. 0. 1. 0. 0. 0. 0. 0. 0. 0. 0. 0. 0. 0. 0. 1. 0. 0. 0. 0. 0. 0. 0.],3.0,1000,100,0.01,0.003,1,2,idID,,first,single_objective
239,0.0927601956046874,0.39886884110015586,0.004154007806000001,[0.       0.       0.       0.       0.59999  0.       0.       0.       0.       0.       0.200045 0.       0.       0.       0.       0.       0.       0.       0.       0.       0.       0.       0.       0.199965 0.       0.       0.       0.       0.       0.       0.      ],[0. 0. 0. 0. 1. 0. 0. 0. 0. 0. 1. 0. 0. 0. 0. 0. 0. 0. 0. 0. 0. 0. 0. 1. 0. 0. 0. 0. 0. 0. 0.],3.0,1000,100,0.01,0.003,1,2,idID,,first,single_objective
240,0.0927601956046874,0.39886884110015586,0.004154007806000001,[0.       0.       0.       0.       0.59999  0.       0.       0.       0.       0.       0.200045 0.       0.       0.       0.       0.       0.       0.       0.       0.       0.       0.       0.       0.199965 0.       0.       0.       0.       0.       0.       0.      ],[0. 0. 0. 0. 1. 0. 0. 0. 0. 0. 1. 0. 0. 0. 0. 0. 0. 0. 0. 0. 0. 0. 0. 1. 0. 0. 0. 0. 0. 0. 0.],3.0,1000,100,0.01,0.003,1,2,idID,,first,single_objective
241,0.0927601956046874,0.39886884110015586,0.004154007806000001,[0.       0.       0.       0.       0.59999  0.       0.       0.       0.       0.       0.200045 0.       0.       0.       0.       0.       0.       0.       0.       0.       0.       0.       0.       0.199965 0.       0.       0.       0.       0.       0.       0.      ],[0. 0. 0. 0. 1. 0. 0. 0. 0. 0. 1. 0. 0. 0. 0. 0. 0. 0. 0. 0. 0. 0. 0. 1. 0. 0. 0. 0. 0. 0. 0.],3.0,1000,100,0.01,0.003,1,2,idID,,first,single_objective
242,0.0927601956046874,0.39886884110015586,0.004154007806000001,[0.       0.       0.       0.       0.59999  0.       0.       0.       0.       0.       0.200045 0.       0.       0.       0.       0.       0.       0.       0.       0.       0.       0.       0.       0.199965 0.       0.       0.       0.       0.       0.       0.      ],[0. 0. 0. 0. 1. 0. 0. 0. 0. 0. 1. 0. 0. 0. 0. 0. 0. 0. 0. 0. 0. 0. 0. 1. 0. 0. 0. 0. 0. 0. 0.],3.0,1000,100,0.01,0.003,1,2,idID,,first,single_objective
243,0.0927601956046874,0.39886884110015586,0.004154007806000001,[0.       0.       0.       0.       0.59999  0.       0.       0.       0.       0.       0.200045 0.       0.       0.       0.       0.       0.       0.       0.       0.       0.       0.       0.       0.199965 0.       0.       0.       0.       0.       0.       0.      ],[0. 0. 0. 0. 1. 0. 0. 0. 0. 0. 1. 0. 0. 0. 0. 0. 0. 0. 0. 0. 0. 0. 0. 1. 0. 0. 0. 0. 0. 0. 0.],3.0,1000,100,0.01,0.003,1,2,idID,,first,single_objective
244,0.0927601956046874,0.39886884110015586,0.004154007806000001,[0.       0.       0.       0.       0.59999  0.       0.       0.       0.       0.       0.200045 0.       0.       0.       0.       0.       0.       0.       0.       0.       0.       0.       0.       0.199965 0.       0.       0.       0.       0.       0.       0.      ],[0. 0. 0. 0. 1. 0. 0. 0. 0. 0. 1. 0. 0. 0. 0. 0. 0. 0. 0. 0. 0. 0. 0. 1. 0. 0. 0. 0. 0. 0. 0.],3.0,1000,100,0.01,0.003,1,2,idID,,first,single_objective
245,0.0927601956046874,0.39886884110015586,0.004154007806000001,[0.       0.       0.       0.       0.59999  0.       0.       0.       0.       0.       0.200045 0.       0.       0.       0.       0.       0.       0.       0.       0.       0.       0.       0.       0.199965 0.       0.       0.       0.       0.       0.       0.      ],[0. 0. 0. 0. 1. 0. 0. 0. 0. 0. 1. 0. 0. 0. 0. 0. 0. 0. 0. 0. 0. 0. 0. 1. 0. 0. 0. 0. 0. 0. 0.],3.0,1000,100,0.01,0.003,1,2,idID,,first,single_objective
246,0.0927601956046874,0.39886884110015586,0.004154007806000001,[0.       0.       0.       0.       0.59999  0.       0.       0.       0.       0.       0.200045 0.       0.       0.       0.       0.       0.       0.       0.       0.       0.       0.       0.       0.199965 0.       0.       0.       0.       0.       0.       0.      ],[0. 0. 0. 0. 1. 0. 0. 0. 0. 0. 1. 0. 0. 0. 0. 0. 0. 0. 0. 0. 0. 0. 0. 1. 0. 0. 0. 0. 0. 0. 0.],3.0,1000,100,0.01,0.003,1,2,idID,,first,single_objective
247,0.0927601956046874,0.39886884110015586,0.004154007806000001,[0.       0.       0.       0.       0.59999  0.       0.       0.       0.       0.       0.200045 0.       0.       0.       0.       0.       0.       0.       0.       0.       0.       0.       0.       0.199965 0.       0.       0.       0.       0.       0.       0.      ],[0. 0. 0. 0. 1. 0. 0. 0. 0. 0. 1. 0. 0. 0. 0. 0. 0. 0. 0. 0. 0. 0. 0. 1. 0. 0. 0. 0. 0. 0. 0.],3.0,1000,100,0.01,0.003,1,2,idID,,first,single_objective
248,0.0927601956046874,0.39886884110015586,0.004154007806000001,[0.       0.       0.       0.       0.59999  0.       0.       0.       0.       0.       0.200045 0.       0.       0.       0.       0.       0.       0.       0.       0.       0.       0.       0.       0.199965 0.       0.       0.       0.       0.       0.       0.      ],[0. 0. 0. 0. 1. 0. 0. 0. 0. 0. 1. 0. 0. 0. 0. 0. 0. 0. 0. 0. 0. 0. 0. 1. 0. 0. 0. 0. 0. 0. 0.],3.0,1000,100,0.01,0.003,1,2,idID,,first,single_objective
249,0.0927601956046874,0.39886884110015586,0.004154007806000001,[0.       0.       0.       0.       0.59999  0.       0.       0.       0.       0.       0.200045 0.       0.       0.       0.       0.       0.       0.       0.       0.       0.       0.       0.       0.199965 0.       0.       0.       0.       0.       0.       0.      ],[0. 0. 0. 0. 1. 0. 0. 0. 0. 0. 1. 0. 0. 0. 0. 0. 0. 0. 0. 0. 0. 0. 0. 1. 0. 0. 0. 0. 0. 0. 0.],3.0,1000,100,0.01,0.003,1,2,idID,,first,single_objective
250,0.0927601956046874,0.39886884110015586,0.004154007806000001,[0.       0.       0.       0.       0.59999  0.       0.       0.       0.       0.       0.200045 0.       0.       0.       0.       0.       0.       0.       0.       0.       0.       0.       0.       0.199965 0.       0.       0.       0.       0.       0.       0.      ],[0. 0. 0. 0. 1. 0. 0. 0. 0. 0. 1. 0. 0. 0. 0. 0. 0. 0. 0. 0. 0. 0. 0. 1. 0. 0. 0. 0. 0. 0. 0.],3.0,1000,100,0.01,0.003,1,2,idID,,first,single_objective
251,0.0927601956046874,0.39886884110015586,0.004154007806000001,[0.       0.       0.       0.       0.59999  0.       0.       0.       0.       0.       0.200045 0.       0.       0.       0.       0.       0.       0.       0.       0.       0.       0.       0.       0.199965 0.       0.       0.       0.       0.       0.       0.      ],[0. 0. 0. 0. 1. 0. 0. 0. 0. 0. 1. 0. 0. 0. 0. 0. 0. 0. 0. 0. 0. 0. 0. 1. 0. 0. 0. 0. 0. 0. 0.],3.0,1000,100,0.01,0.003,1,2,idID,,first,single_objective
252,0.0927601956046874,0.39886884110015586,0.004154007806000001,[0.       0.       0.       0.       0.59999  0.       0.       0.       0.       0.       0.200045 0.       0.       0.       0.       0.       0.       0.       0.       0.       0.       0.       0.       0.199965 0.       0.       0.       0.       0.       0.       0.      ],[0. 0. 0. 0. 1. 0. 0. 0. 0. 0. 1. 0. 0. 0. 0. 0. 0. 0. 0. 0. 0. 0. 0. 1. 0. 0. 0. 0. 0. 0. 0.],3.0,1000,100,0.01,0.003,1,2,idID,,first,single_objective
253,0.0927601956046874,0.39886884110015586,0.004154007806000001,[0.       0.       0.       0.       0.59999  0.       0.       0.       0.       0.       0.200045 0.       0.       0.       0.       0.       0.       0.       0.       0.       0.       0.       0.       0.199965 0.       0.       0.       0.       0.       0.       0.      ],[0. 0. 0. 0. 1. 0. 0. 0. 0. 0. 1. 0. 0. 0. 0. 0. 0. 0. 0. 0. 0. 0. 0. 1. 0. 0. 0. 0. 0. 0. 0.],3.0,1000,100,0.01,0.003,1,2,idID,,first,single_objective
254,0.0927601956046874,0.39886884110015586,0.004154007806000001,[0.       0.       0.       0.       0.59999  0.       0.       0.       0.       0.       0.200045 0.       0.       0.       0.       0.       0.       0.       0.       0.       0.       0.       0.       0.199965 0.       0.       0.       0.       0.       0.       0.      ],[0. 0. 0. 0. 1. 0. 0. 0. 0. 0. 1. 0. 0. 0. 0. 0. 0. 0. 0. 0. 0. 0. 0. 1. 0. 0. 0. 0. 0. 0. 0.],3.0,1000,100,0.01,0.003,1,2,idID,,first,single_objective
255,0.0927601956046874,0.39886884110015586,0.004154007806000001,[0.       0.       0.       0.       0.59999  0.       0.       0.       0.       0.       0.200045 0.       0.       0.       0.       0.       0.       0.       0.       0.       0.       0.       0.       0.199965 0.       0.       0.       0.       0.       0.       0.      ],[0. 0. 0. 0. 1. 0. 0. 0. 0. 0. 1. 0. 0. 0. 0. 0. 0. 0. 0. 0. 0. 0. 0. 1. 0. 0. 0. 0. 0. 0. 0.],3.0,1000,100,0.01,0.003,1,2,idID,,first,single_objective
256,0.0927601956046874,0.39886884110015586,0.004154007806000001,[0.       0.       0.       0.       0.59999  0.       0.       0.       0.       0.       0.200045 0.       0.       0.       0.       0.       0.       0.       0.       0.       0.       0.       0.       0.199965 0.       0.       0.       0.       0.       0.       0.      ],[0. 0. 0. 0. 1. 0. 0. 0. 0. 0. 1. 0. 0. 0. 0. 0. 0. 0. 0. 0. 0. 0. 0. 1. 0. 0. 0. 0. 0. 0. 0.],3.0,1000,100,0.01,0.003,1,2,idID,,first,single_objective
257,0.0927601956046874,0.39886884110015586,0.004154007806000001,[0.       0.       0.       0.       0.59999  0.       0.       0.       0.       0.       0.200045 0.       0.       0.       0.       0.       0.       0.       0.       0.       0.       0.       0.       0.199965 0.       0.       0.       0.       0.       0.       0.      ],[0. 0. 0. 0. 1. 0. 0. 0. 0. 0. 1. 0. 0. 0. 0. 0. 0. 0. 0. 0. 0. 0. 0. 1. 0. 0. 0. 0. 0. 0. 0.],3.0,1000,100,0.01,0.003,1,2,idID,,first,single_objective
258,0.0927601956046874,0.39886884110015586,0.004154007806000001,[0.       0.       0.       0.       0.59999  0.       0.       0.       0.       0.       0.200045 0.       0.       0.       0.       0.       0.       0.       0.       0.       0.       0.       0.       0.199965 0.       0.       0.       0.       0.       0.       0.      ],[0. 0. 0. 0. 1. 0. 0. 0. 0. 0. 1. 0. 0. 0. 0. 0. 0. 0. 0. 0. 0. 0. 0. 1. 0. 0. 0. 0. 0. 0. 0.],3.0,1000,100,0.01,0.003,1,2,idID,,first,single_objective
259,0.0927601956046874,0.39886884110015586,0.004154007806000001,[0.       0.       0.       0.       0.59999  0.       0.       0.       0.       0.       0.200045 0.       0.       0.       0.       0.       0.       0.       0.       0.       0.       0.       0.       0.199965 0.       0.       0.       0.       0.       0.       0.      ],[0. 0. 0. 0. 1. 0. 0. 0. 0. 0. 1. 0. 0. 0. 0. 0. 0. 0. 0. 0. 0. 0. 0. 1. 0. 0. 0. 0. 0. 0. 0.],3.0,1000,100,0.01,0.003,1,2,idID,,first,single_objective
260,0.0927601956046874,0.39886884110015586,0.004154007806000001,[0.       0.       0.       0.       0.59999  0.       0.       0.       0.       0.       0.200045 0.       0.       0.       0.       0.       0.       0.       0.       0.       0.       0.       0.       0.199965 0.       0.       0.       0.       0.       0.       0.      ],[0. 0. 0. 0. 1. 0. 0. 0. 0. 0. 1. 0. 0. 0. 0. 0. 0. 0. 0. 0. 0. 0. 0. 1. 0. 0. 0. 0. 0. 0. 0.],3.0,1000,100,0.01,0.003,1,2,idID,,first,single_objective
261,0.0927601956046874,0.39886884110015586,0.004154007806000001,[0.       0.       0.       0.       0.59999  0.       0.       0.       0.       0.       0.200045 0.       0.       0.       0.       0.       0.       0.       0.       0.       0.       0.       0.       0.199965 0.       0.       0.       0.       0.       0.       0.      ],[0. 0. 0. 0. 1. 0. 0. 0. 0. 0. 1. 0. 0. 0. 0. 0. 0. 0. 0. 0. 0. 0. 0. 1. 0. 0. 0. 0. 0. 0. 0.],3.0,1000,100,0.01,0.003,1,2,idID,,first,single_objective
262,0.0927601956046874,0.39886884110015586,0.004154007806000001,[0.       0.       0.       0.       0.59999  0.       0.       0.       0.       0.       0.200045 0.       0.       0.       0.       0.       0.       0.       0.       0.       0.       0.       0.       0.199965 0.       0.       0.       0.       0.       0.       0.      ],[0. 0. 0. 0. 1. 0. 0. 0. 0. 0. 1. 0. 0. 0. 0. 0. 0. 0. 0. 0. 0. 0. 0. 1. 0. 0. 0. 0. 0. 0. 0.],3.0,1000,100,0.01,0.003,1,2,idID,,first,single_objective
263,0.0927601956046874,0.39886884110015586,0.004154007806000001,[0.       0.       0.       0.       0.59999  0.       0.       0.       0.       0.       0.200045 0.       0.       0.       0.       0.       0.       0.       0.       0.       0.       0.       0.       0.199965 0.       0.       0.       0.       0.       0.       0.      ],[0. 0. 0. 0. 1. 0. 0. 0. 0. 0. 1. 0. 0. 0. 0. 0. 0. 0. 0. 0. 0. 0. 0. 1. 0. 0. 0. 0. 0. 0. 0.],3.0,1000,100,0.01,0.003,1,2,idID,,first,single_objective
264,0.0927601956046874,0.39886884110015586,0.004154007806000001,[0.       0.       0.       0.       0.59999  0.       0.       0.       0.       0.       0.200045 0.       0.       0.       0.       0.       0.       0.       0.       0.       0.       0.       0.       0.199965 0.       0.       0.       0.       0.       0.       0.      ],[0. 0. 0. 0. 1. 0. 0. 0. 0. 0. 1. 0. 0. 0. 0. 0. 0. 0. 0. 0. 0. 0. 0. 1. 0. 0. 0. 0. 0. 0. 0.],3.0,1000,100,0.01,0.003,1,2,idID,,first,single_objective
265,0.0927601956046874,0.39886884110015586,0.004154007806000001,[0.       0.       0.       0.       0.59999  0.       0.       0.       0.       0.       0.200045 0.       0.       0.       0.       0.       0.       0.       0.       0.       0.       0.       0.       0.199965 0.       0.       0.       0.       0.       0.       0.      ],[0. 0. 0. 0. 1. 0. 0. 0. 0. 0. 1. 0. 0. 0. 0. 0. 0. 0. 0. 0. 0. 0. 0. 1. 0. 0. 0. 0. 0. 0. 0.],3.0,1000,100,0.01,0.003,1,2,idID,,first,single_objective
266,0.0927601956046874,0.39886884110015586,0.004154007806000001,[0.       0.       0.       0.       0.59999  0.       0.       0.       0.       0.       0.200045 0.       0.       0.       0.       0.       0.       0.       0.       0.       0.       0.       0.       0.199965 0.       0.       0.       0.       0.       0.       0.      ],[0. 0. 0. 0. 1. 0. 0. 0. 0. 0. 1. 0. 0. 0. 0. 0. 0. 0. 0. 0. 0. 0. 0. 1. 0. 0. 0. 0. 0. 0. 0.],3.0,1000,100,0.01,0.003,1,2,idID,,first,single_objective
267,0.0927601956046874,0.39886884110015586,0.004154007806000001,[0.       0.       0.       0.       0.59999  0.       0.       0.       0.       0.       0.200045 0.       0.       0.       0.       0.       0.       0.       0.       0.       0.       0.       0.       0.199965 0.       0.       0.       0.       0.       0.       0.      ],[0. 0. 0. 0. 1. 0. 0. 0. 0. 0. 1. 0. 0. 0. 0. 0. 0. 0. 0. 0. 0. 0. 0. 1. 0. 0. 0. 0. 0. 0. 0.],3.0,1000,100,0.01,0.003,1,2,idID,,first,single_objective
268,0.0927601956046874,0.39886884110015586,0.004154007806000001,[0.       0.       0.       0.       0.59999  0.       0.       0.       0.       0.       0.200045 0.       0.       0.       0.       0.       0.       0.       0.       0.       0.       0.       0.       0.199965 0.       0.       0.       0.       0.       0.       0.      ],[0. 0. 0. 0. 1. 0. 0. 0. 0. 0. 1. 0. 0. 0. 0. 0. 0. 0. 0. 0. 0. 0. 0. 1. 0. 0. 0. 0. 0. 0. 0.],3.0,1000,100,0.01,0.003,1,2,idID,,first,single_objective
269,0.0927601956046874,0.39886884110015586,0.004154007806000001,[0.       0.       0.       0.       0.59999  0.       0.       0.       0.       0.       0.200045 0.       0.       0.       0.       0.       0.       0.       0.       0.       0.       0.       0.       0.199965 0.       0.       0.       0.       0.       0.       0.      ],[0. 0. 0. 0. 1. 0. 0. 0. 0. 0. 1. 0. 0. 0. 0. 0. 0. 0. 0. 0. 0. 0. 0. 1. 0. 0. 0. 0. 0. 0. 0.],3.0,1000,100,0.01,0.003,1,2,idID,,first,single_objective
270,0.0927601956046874,0.39886884110015586,0.004154007806000001,[0.       0.       0.       0.       0.59999  0.       0.       0.       0.       0.       0.200045 0.       0.       0.       0.       0.       0.       0.       0.       0.       0.       0.       0.       0.199965 0.       0.       0.       0.       0.       0.       0.      ],[0. 0. 0. 0. 1. 0. 0. 0. 0. 0. 1. 0. 0. 0. 0. 0. 0. 0. 0. 0. 0. 0. 0. 1. 0. 0. 0. 0. 0. 0. 0.],3.0,1000,100,0.01,0.003,1,2,idID,,first,single_objective
271,0.0927601956046874,0.39886884110015586,0.004154007806000001,[0.       0.       0.       0.       0.59999  0.       0.       0.       0.       0.       0.200045 0.       0.       0.       0.       0.       0.       0.       0.       0.       0.       0.       0.       0.199965 0.       0.       0.       0.       0.       0.       0.      ],[0. 0. 0. 0. 1. 0. 0. 0. 0. 0. 1. 0. 0. 0. 0. 0. 0. 0. 0. 0. 0. 0. 0. 1. 0. 0. 0. 0. 0. 0. 0.],3.0,1000,100,0.01,0.003,1,2,idID,,first,single_objective
272,0.0927601956046874,0.39886884110015586,0.004154007806000001,[0.       0.       0.       0.       0.59999  0.       0.       0.       0.       0.       0.200045 0.       0.       0.       0.       0.       0.       0.       0.       0.       0.       0.       0.       0.199965 0.       0.       0.       0.       0.       0.       0.      ],[0. 0. 0. 0. 1. 0. 0. 0. 0. 0. 1. 0. 0. 0. 0. 0. 0. 0. 0. 0. 0. 0. 0. 1. 0. 0. 0. 0. 0. 0. 0.],3.0,1000,100,0.01,0.003,1,2,idID,,first,single_objective
273,0.0927601956046874,0.39886884110015586,0.004154007806000001,[0.       0.       0.       0.       0.59999  0.       0.       0.       0.       0.       0.200045 0.       0.       0.       0.       0.       0.       0.       0.       0.       0.       0.       0.       0.199965 0.       0.       0.       0.       0.       0.       0.      ],[0. 0. 0. 0. 1. 0. 0. 0. 0. 0. 1. 0. 0. 0. 0. 0. 0. 0. 0. 0. 0. 0. 0. 1. 0. 0. 0. 0. 0. 0. 0.],3.0,1000,100,0.01,0.003,1,2,idID,,first,single_objective
274,0.0927601956046874,0.39886884110015586,0.004154007806000001,[0.       0.       0.       0.       0.59999  0.       0.       0.       0.       0.       0.200045 0.       0.       0.       0.       0.       0.       0.       0.       0.       0.       0.       0.       0.199965 0.       0.       0.       0.       0.       0.       0.      ],[0. 0. 0. 0. 1. 0. 0. 0. 0. 0. 1. 0. 0. 0. 0. 0. 0. 0. 0. 0. 0. 0. 0. 1. 0. 0. 0. 0. 0. 0. 0.],3.0,1000,100,0.01,0.003,1,2,idID,,first,single_objective
275,0.0927601956046874,0.39886884110015586,0.004154007806000001,[0.       0.       0.       0.       0.59999  0.       0.       0.       0.       0.       0.200045 0.       0.       0.       0.       0.       0.       0.       0.       0.       0.       0.       0.       0.199965 0.       0.       0.       0.       0.       0.       0.      ],[0. 0. 0. 0. 1. 0. 0. 0. 0. 0. 1. 0. 0. 0. 0. 0. 0. 0. 0. 0. 0. 0. 0. 1. 0. 0. 0. 0. 0. 0. 0.],3.0,1000,100,0.01,0.003,1,2,idID,,first,single_objective
276,0.0927601956046874,0.39886884110015586,0.004154007806000001,[0.       0.       0.       0.       0.59999  0.       0.       0.       0.       0.       0.200045 0.       0.       0.       0.       0.       0.       0.       0.       0.       0.       0.       0.       0.199965 0.       0.       0.       0.       0.       0.       0.      ],[0. 0. 0. 0. 1. 0. 0. 0. 0. 0. 1. 0. 0. 0. 0. 0. 0. 0. 0. 0. 0. 0. 0. 1. 0. 0. 0. 0. 0. 0. 0.],3.0,1000,100,0.01,0.003,1,2,idID,,first,single_objective
277,0.0927601956046874,0.39886884110015586,0.004154007806000001,[0.       0.       0.       0.       0.59999  0.       0.       0.       0.       0.       0.200045 0.       0.       0.       0.       0.       0.       0.       0.       0.       0.       0.       0.       0.199965 0.       0.       0.       0.       0.       0.       0.      ],[0. 0. 0. 0. 1. 0. 0. 0. 0. 0. 1. 0. 0. 0. 0. 0. 0. 0. 0. 0. 0. 0. 0. 1. 0. 0. 0. 0. 0. 0. 0.],3.0,1000,100,0.01,0.003,1,2,idID,,first,single_objective
278,0.0927601956046874,0.39886884110015586,0.004154007806000001,[0.       0.       0.       0.       0.59999  0.       0.       0.       0.       0.       0.200045 0.       0.       0.       0.       0.       0.       0.       0.       0.       0.       0.       0.       0.199965 0.       0.       0.       0.       0.       0.       0.      ],[0. 0. 0. 0. 1. 0. 0. 0. 0. 0. 1. 0. 0. 0. 0. 0. 0. 0. 0. 0. 0. 0. 0. 1. 0. 0. 0. 0. 0. 0. 0.],3.0,1000,100,0.01,0.003,1,2,idID,,first,single_objective
279,0.0927601956046874,0.39886884110015586,0.004154007806000001,[0.       0.       0.       0.       0.59999  0.       0.       0.       0.       0.       0.200045 0.       0.       0.       0.       0.       0.       0.       0.       0.       0.       0.       0.       0.199965 0.       0.       0.       0.       0.       0.       0.      ],[0. 0. 0. 0. 1. 0. 0. 0. 0. 0. 1. 0. 0. 0. 0. 0. 0. 0. 0. 0. 0. 0. 0. 1. 0. 0. 0. 0. 0. 0. 0.],3.0,1000,100,0.01,0.003,1,2,idID,,first,single_objective
280,0.0927601956046874,0.39886884110015586,0.004154007806000001,[0.       0.       0.       0.       0.59999  0.       0.       0.       0.       0.       0.200045 0.       0.       0.       0.       0.       0.       0.       0.       0.       0.       0.       0.       0.199965 0.       0.       0.       0.       0.       0.       0.      ],[0. 0. 0. 0. 1. 0. 0. 0. 0. 0. 1. 0. 0. 0. 0. 0. 0. 0. 0. 0. 0. 0. 0. 1. 0. 0. 0. 0. 0. 0. 0.],3.0,1000,100,0.01,0.003,1,2,idID,,first,single_objective
281,0.0927601956046874,0.39886884110015586,0.004154007806000001,[0.       0.       0.       0.       0.59999  0.       0.       0.       0.       0.       0.200045 0.       0.       0.       0.       0.       0.       0.       0.       0.       0.       0.       0.       0.199965 0.       0.       0.       0.       0.       0.       0.      ],[0. 0. 0. 0. 1. 0. 0. 0. 0. 0. 1. 0. 0. 0. 0. 0. 0. 0. 0. 0. 0. 0. 0. 1. 0. 0. 0. 0. 0. 0. 0.],3.0,1000,100,0.01,0.003,1,2,idID,,first,single_objective
282,0.0927601956046874,0.39886884110015586,0.004154007806000001,[0.       0.       0.       0.       0.59999  0.       0.       0.       0.       0.       0.200045 0.       0.       0.       0.       0.       0.       0.       0.       0.       0.       0.       0.       0.199965 0.       0.       0.       0.       0.       0.       0.      ],[0. 0. 0. 0. 1. 0. 0. 0. 0. 0. 1. 0. 0. 0. 0. 0. 0. 0. 0. 0. 0. 0. 0. 1. 0. 0. 0. 0. 0. 0. 0.],3.0,1000,100,0.01,0.003,1,2,idID,,first,single_objective
283,0.0927601956046874,0.39886884110015586,0.004154007806000001,[0.       0.       0.       0.       0.59999  0.       0.       0.       0.       0.       0.200045 0.       0.       0.       0.       0.       0.       0.       0.       0.       0.       0.       0.       0.199965 0.       0.       0.       0.       0.       0.       0.      ],[0. 0. 0. 0. 1. 0. 0. 0. 0. 0. 1. 0. 0. 0. 0. 0. 0. 0. 0. 0. 0. 0. 0. 1. 0. 0. 0. 0. 0. 0. 0.],3.0,1000,100,0.01,0.003,1,2,idID,,first,single_objective
284,0.0927601956046874,0.39886884110015586,0.004154007806000001,[0.       0.       0.       0.       0.59999  0.       0.       0.       0.       0.       0.200045 0.       0.       0.       0.       0.       0.       0.       0.       0.       0.       0.       0.       0.199965 0.       0.       0.       0.       0.       0.       0.      ],[0. 0. 0. 0. 1. 0. 0. 0. 0. 0. 1. 0. 0. 0. 0. 0. 0. 0. 0. 0. 0. 0. 0. 1. 0. 0. 0. 0. 0. 0. 0.],3.0,1000,100,0.01,0.003,1,2,idID,,first,single_objective
285,0.0927601956046874,0.39886884110015586,0.004154007806000001,[0.       0.       0.       0.       0.59999  0.       0.       0.       0.       0.       0.200045 0.       0.       0.       0.       0.       0.       0.       0.       0.       0.       0.       0.       0.199965 0.       0.       0.       0.       0.       0.       0.      ],[0. 0. 0. 0. 1. 0. 0. 0. 0. 0. 1. 0. 0. 0. 0. 0. 0. 0. 0. 0. 0. 0. 0. 1. 0. 0. 0. 0. 0. 0. 0.],3.0,1000,100,0.01,0.003,1,2,idID,,first,single_objective
286,0.0927601956046874,0.39886884110015586,0.004154007806000001,[0.       0.       0.       0.       0.59999  0.       0.       0.       0.       0.       0.200045 0.       0.       0.       0.       0.       0.       0.       0.       0.       0.       0.       0.       0.199965 0.       0.       0.       0.       0.       0.       0.      ],[0. 0. 0. 0. 1. 0. 0. 0. 0. 0. 1. 0. 0. 0. 0. 0. 0. 0. 0. 0. 0. 0. 0. 1. 0. 0. 0. 0. 0. 0. 0.],3.0,1000,100,0.01,0.003,1,2,idID,,first,single_objective
287,0.0927601956046874,0.39886884110015586,0.004154007806000001,[0.       0.       0.       0.       0.59999  0.       0.       0.       0.       0.       0.200045 0.       0.       0.       0.       0.       0.       0.       0.       0.       0.       0.       0.       0.199965 0.       0.       0.       0.       0.       0.       0.      ],[0. 0. 0. 0. 1. 0. 0. 0. 0. 0. 1. 0. 0. 0. 0. 0. 0. 0. 0. 0. 0. 0. 0. 1. 0. 0. 0. 0. 0. 0. 0.],3.0,1000,100,0.01,0.003,1,2,idID,,first,single_objective
288,0.0927601956046874,0.39886884110015586,0.004154007806000001,[0.       0.       0.       0.       0.59999  0.       0.       0.       0.       0.       0.200045 0.       0.       0.       0.       0.       0.       0.       0.       0.       0.       0.       0.       0.199965 0.       0.       0.       0.       0.       0.       0.      ],[0. 0. 0. 0. 1. 0. 0. 0. 0. 0. 1. 0. 0. 0. 0. 0. 0. 0. 0. 0. 0. 0. 0. 1. 0. 0. 0. 0. 0. 0. 0.],3.0,1000,100,0.01,0.003,1,2,idID,,first,single_objective
289,0.0927601956046874,0.39886884110015586,0.004154007806000001,[0.       0.       0.       0.       0.59999  0.       0.       0.       0.       0.       0.200045 0.       0.       0.       0.       0.       0.       0.       0.       0.       0.       0.       0.       0.199965 0.       0.       0.       0.       0.       0.       0.      ],[0. 0. 0. 0. 1. 0. 0. 0. 0. 0. 1. 0. 0. 0. 0. 0. 0. 0. 0. 0. 0. 0. 0. 1. 0. 0. 0. 0. 0. 0. 0.],3.0,1000,100,0.01,0.003,1,2,idID,,first,single_objective
290,0.0927601956046874,0.39886884110015586,0.004154007806000001,[0.       0.       0.       0.       0.59999  0.       0.       0.       0.       0.       0.200045 0.       0.       0.       0.       0.       0.       0.       0.       0.       0.       0.       0.       0.199965 0.       0.       0.       0.       0.       0.       0.      ],[0. 0. 0. 0. 1. 0. 0. 0. 0. 0. 1. 0. 0. 0. 0. 0. 0. 0. 0. 0. 0. 0. 0. 1. 0. 0. 0. 0. 0. 0. 0.],3.0,1000,100,0.01,0.003,1,2,idID,,first,single_objective
291,0.0927601956046874,0.39886884110015586,0.004154007806000001,[0.       0.       0.       0.       0.59999  0.       0.       0.       0.       0.       0.200045 0.       0.       0.       0.       0.       0.       0.       0.       0.       0.       0.       0.       0.199965 0.       0.       0.       0.       0.       0.       0.      ],[0. 0. 0. 0. 1. 0. 0. 0. 0. 0. 1. 0. 0. 0. 0. 0. 0. 0. 0. 0. 0. 0. 0. 1. 0. 0. 0. 0. 0. 0. 0.],3.0,1000,100,0.01,0.003,1,2,idID,,first,single_objective
292,0.0927601956046874,0.39886884110015586,0.004154007806000001,[0.       0.       0.       0.       0.59999  0.       0.       0.       0.       0.       0.200045 0.       0.       0.       0.       0.       0.       0.       0.       0.       0.       0.       0.       0.199965 0.       0.       0.       0.       0.       0.       0.      ],[0. 0. 0. 0. 1. 0. 0. 0. 0. 0. 1. 0. 0. 0. 0. 0. 0. 0. 0. 0. 0. 0. 0. 1. 0. 0. 0. 0. 0. 0. 0.],3.0,1000,100,0.01,0.003,1,2,idID,,first,single_objective
293,0.0927601956046874,0.39886884110015586,0.004154007806000001,[0.       0.       0.       0.       0.59999  0.       0.       0.       0.       0.       0.200045 0.       0.       0.       0.       0.       0.       0.       0.       0.       0.       0.       0.       0.199965 0.       0.       0.       0.       0.       0.       0.      ],[0. 0. 0. 0. 1. 0. 0. 0. 0. 0. 1. 0. 0. 0. 0. 0. 0. 0. 0. 0. 0. 0. 0. 1. 0. 0. 0. 0. 0. 0. 0.],3.0,1000,100,0.01,0.003,1,2,idID,,first,single_objective
294,0.0927601956046874,0.39886884110015586,0.004154007806000001,[0.       0.       0.       0.       0.59999  0.       0.       0.       0.       0.       0.200045 0.       0.       0.       0.       0.       0.       0.       0.       0.       0.       0.       0.       0.199965 0.       0.       0.       0.       0.       0.       0.      ],[0. 0. 0. 0. 1. 0. 0. 0. 0. 0. 1. 0. 0. 0. 0. 0. 0. 0. 0. 0. 0. 0. 0. 1. 0. 0. 0. 0. 0. 0. 0.],3.0,1000,100,0.01,0.003,1,2,idID,,first,single_objective
295,0.0927601956046874,0.39886884110015586,0.004154007806000001,[0.       0.       0.       0.       0.59999  0.       0.       0.       0.       0.       0.200045 0.       0.       0.       0.       0.       0.       0.       0.       0.       0.       0.       0.       0.199965 0.       0.       0.       0.       0.       0.       0.      ],[0. 0. 0. 0. 1. 0. 0. 0. 0. 0. 1. 0. 0. 0. 0. 0. 0. 0. 0. 0. 0. 0. 0. 1. 0. 0. 0. 0. 0. 0. 0.],3.0,1000,100,0.01,0.003,1,2,idID,,first,single_objective
296,0.0927601956046874,0.39886884110015586,0.004154007806000001,[0.       0.       0.       0.       0.59999  0.       0.       0.       0.       0.       0.200045 0.       0.       0.       0.       0.       0.       0.       0.       0.       0.       0.       0.       0.199965 0.       0.       0.       0.       0.       0.       0.      ],[0. 0. 0. 0. 1. 0. 0. 0. 0. 0. 1. 0. 0. 0. 0. 0. 0. 0. 0. 0. 0. 0. 0. 1. 0. 0. 0. 0. 0. 0. 0.],3.0,1000,100,0.01,0.003,1,2,idID,,first,single_objective
297,0.0927601956046874,0.39886884110015586,0.004154007806000001,[0.       0.       0.       0.       0.59999  0.       0.       0.       0.       0.       0.200045 0.       0.       0.       0.       0.       0.       0.       0.       0.       0.       0.       0.       0.199965 0.       0.       0.       0.       0.       0.       0.      ],[0. 0. 0. 0. 1. 0. 0. 0. 0. 0. 1. 0. 0. 0. 0. 0. 0. 0. 0. 0. 0. 0. 0. 1. 0. 0. 0. 0. 0. 0. 0.],3.0,1000,100,0.01,0.003,1,2,idID,,first,single_objective
298,0.0927601956046874,0.39886884110015586,0.004154007806000001,[0.       0.       0.       0.       0.59999  0.       0.       0.       0.       0.       0.200045 0.       0.       0.       0.       0.       0.       0.       0.       0.       0.       0.       0.       0.199965 0.       0.       0.       0.       0.       0.       0.      ],[0. 0. 0. 0. 1. 0. 0. 0. 0. 0. 1. 0. 0. 0. 0. 0. 0. 0. 0. 0. 0. 0. 0. 1. 0. 0. 0. 0. 0. 0. 0.],3.0,1000,100,0.01,0.003,1,2,idID,,first,single_objective
299,0.0927601956046874,0.39886884110015586,0.004154007806000001,[0.       0.       0.       0.       0.59999  0.       0.       0.       0.       0.       0.200045 0.       0.       0.       0.       0.       0.       0.       0.       0.       0.       0.       0.       0.199965 0.       0.       0.       0.       0.       0.       0.      ],[0. 0. 0. 0. 1. 0. 0. 0. 0. 0. 1. 0. 0. 0. 0. 0. 0. 0. 0. 0. 0. 0. 0. 1. 0. 0. 0. 0. 0. 0. 0.],3.0,1000,100,0.01,0.003,1,2,idID,,first,single_objective
300,0.0927601956046874,0.39886884110015586,0.004154007806000001,[0.       0.       0.       0.       0.59999  0.       0.       0.       0.       0.       0.200045 0.       0.       0.       0.       0.       0.       0.       0.       0.       0.       0.       0.       0.199965 0.       0.       0.       0.       0.       0.       0.      ],[0. 0. 0. 0. 1. 0. 0. 0. 0. 0. 1. 0. 0. 0. 0. 0. 0. 0. 0. 0. 0. 0. 0. 1. 0. 0. 0. 0. 0. 0. 0.],3.0,1000,100,0.01,0.003,1,2,idID,,first,single_objective
301,0.0927601956046874,0.39886884110015586,0.004154007806000001,[0.       0.       0.       0.       0.59999  0.       0.       0.       0.       0.       0.200045 0.       0.       0.       0.       0.       0.       0.       0.       0.       0.       0.       0.       0.199965 0.       0.       0.       0.       0.       0.       0.      ],[0. 0. 0. 0. 1. 0. 0. 0. 0. 0. 1. 0. 0. 0. 0. 0. 0. 0. 0. 0. 0. 0. 0. 1. 0. 0. 0. 0. 0. 0. 0.],3.0,1000,100,0.01,0.003,1,2,idID,,first,single_objective
302,0.0927601956046874,0.39886884110015586,0.004154007806000001,[0.       0.       0.       0.       0.59999  0.       0.       0.       0.       0.       0.200045 0.       0.       0.       0.       0.       0.       0.       0.       0.       0.       0.       0.       0.199965 0.       0.       0.       0.       0.       0.       0.      ],[0. 0. 0. 0. 1. 0. 0. 0. 0. 0. 1. 0. 0. 0. 0. 0. 0. 0. 0. 0. 0. 0. 0. 1. 0. 0. 0. 0. 0. 0. 0.],3.0,1000,100,0.01,0.003,1,2,idID,,first,single_objective
303,0.0927601956046874,0.39886884110015586,0.004154007806000001,[0.       0.       0.       0.       0.59999  0.       0.       0.       0.       0.       0.200045 0.       0.       0.       0.       0.       0.       0.       0.       0.       0.       0.       0.       0.199965 0.       0.       0.       0.       0.       0.       0.      ],[0. 0. 0. 0. 1. 0. 0. 0. 0. 0. 1. 0. 0. 0. 0. 0. 0. 0. 0. 0. 0. 0. 0. 1. 0. 0. 0. 0. 0. 0. 0.],3.0,1000,100,0.01,0.003,1,2,idID,,first,single_objective
304,0.0927601956046874,0.39886884110015586,0.004154007806000001,[0.       0.       0.       0.       0.59999  0.       0.       0.       0.       0.       0.200045 0.       0.       0.       0.       0.       0.       0.       0.       0.       0.       0.       0.       0.199965 0.       0.       0.       0.       0.       0.       0.      ],[0. 0. 0. 0. 1. 0. 0. 0. 0. 0. 1. 0. 0. 0. 0. 0. 0. 0. 0. 0. 0. 0. 0. 1. 0. 0. 0. 0. 0. 0. 0.],3.0,1000,100,0.01,0.003,1,2,idID,,first,single_objective
305,0.0927601956046874,0.39886884110015586,0.004154007806000001,[0.       0.       0.       0.       0.59999  0.       0.       0.       0.       0.       0.200045 0.       0.       0.       0.       0.       0.       0.       0.       0.       0.       0.       0.       0.199965 0.       0.       0.       0.       0.       0.       0.      ],[0. 0. 0. 0. 1. 0. 0. 0. 0. 0. 1. 0. 0. 0. 0. 0. 0. 0. 0. 0. 0. 0. 0. 1. 0. 0. 0. 0. 0. 0. 0.],3.0,1000,100,0.01,0.003,1,2,idID,,first,single_objective
306,0.0927601956046874,0.39886884110015586,0.004154007806000001,[0.       0.       0.       0.       0.59999  0.       0.       0.       0.       0.       0.200045 0.       0.       0.       0.       0.       0.       0.       0.       0.       0.       0.       0.       0.199965 0.       0.       0.       0.       0.       0.       0.      ],[0. 0. 0. 0. 1. 0. 0. 0. 0. 0. 1. 0. 0. 0. 0. 0. 0. 0. 0. 0. 0. 0. 0. 1. 0. 0. 0. 0. 0. 0. 0.],3.0,1000,100,0.01,0.003,1,2,idID,,first,single_objective
307,0.0927601956046874,0.39886884110015586,0.004154007806000001,[0.       0.       0.       0.       0.59999  0.       0.       0.       0.       0.       0.200045 0.       0.       0.       0.       0.       0.       0.       0.       0.       0.       0.       0.       0.199965 0.       0.       0.       0.       0.       0.       0.      ],[0. 0. 0. 0. 1. 0. 0. 0. 0. 0. 1. 0. 0. 0. 0. 0. 0. 0. 0. 0. 0. 0. 0. 1. 0. 0. 0. 0. 0. 0. 0.],3.0,1000,100,0.01,0.003,1,2,idID,,first,single_objective
308,0.0927601956046874,0.39886884110015586,0.004154007806000001,[0.       0.       0.       0.       0.59999  0.       0.       0.       0.       0.       0.200045 0.       0.       0.       0.       0.       0.       0.       0.       0.       0.       0.       0.       0.199965 0.       0.       0.       0.       0.       0.       0.      ],[0. 0. 0. 0. 1. 0. 0. 0. 0. 0. 1. 0. 0. 0. 0. 0. 0. 0. 0. 0. 0. 0. 0. 1. 0. 0. 0. 0. 0. 0. 0.],3.0,1000,100,0.01,0.003,1,2,idID,,first,single_objective
309,0.0927601956046874,0.39886884110015586,0.004154007806000001,[0.       0.       0.       0.       0.59999  0.       0.       0.       0.       0.       0.200045 0.       0.       0.       0.       0.       0.       0.       0.       0.       0.       0.       0.       0.199965 0.       0.       0.       0.       0.       0.       0.      ],[0. 0. 0. 0. 1. 0. 0. 0. 0. 0. 1. 0. 0. 0. 0. 0. 0. 0. 0. 0. 0. 0. 0. 1. 0. 0. 0. 0. 0. 0. 0.],3.0,1000,100,0.01,0.003,1,2,idID,,first,single_objective
310,0.0927601956046874,0.39886884110015586,0.004154007806000001,[0.       0.       0.       0.       0.59999  0.       0.       0.       0.       0.       0.200045 0.       0.       0.       0.       0.       0.       0.       0.       0.       0.       0.       0.       0.199965 0.       0.       0.       0.       0.       0.       0.      ],[0. 0. 0. 0. 1. 0. 0. 0. 0. 0. 1. 0. 0. 0. 0. 0. 0. 0. 0. 0. 0. 0. 0. 1. 0. 0. 0. 0. 0. 0. 0.],3.0,1000,100,0.01,0.003,1,2,idID,,first,single_objective
311,0.0927601956046874,0.39886884110015586,0.004154007806000001,[0.       0.       0.       0.       0.59999  0.       0.       0.       0.       0.       0.200045 0.       0.       0.       0.       0.       0.       0.       0.       0.       0.       0.       0.       0.199965 0.       0.       0.       0.       0.       0.       0.      ],[0. 0. 0. 0. 1. 0. 0. 0. 0. 0. 1. 0. 0. 0. 0. 0. 0. 0. 0. 0. 0. 0. 0. 1. 0. 0. 0. 0. 0. 0. 0.],3.0,1000,100,0.01,0.003,1,2,idID,,first,single_objective
312,0.0927601956046874,0.39886884110015586,0.004154007806000001,[0.       0.       0.       0.       0.59999  0.       0.       0.       0.       0.       0.200045 0.       0.       0.       0.       0.       0.       0.       0.       0.       0.       0.       0.       0.199965 0.       0.       0.       0.       0.       0.       0.      ],[0. 0. 0. 0. 1. 0. 0. 0. 0. 0. 1. 0. 0. 0. 0. 0. 0. 0. 0. 0. 0. 0. 0. 1. 0. 0. 0. 0. 0. 0. 0.],3.0,1000,100,0.01,0.003,1,2,idID,,first,single_objective
313,0.0927601956046874,0.39886884110015586,0.004154007806000001,[0.       0.       0.       0.       0.59999  0.       0.       0.       0.       0.       0.200045 0.       0.       0.       0.       0.       0.       0.       0.       0.       0.       0.       0.       0.199965 0.       0.       0.       0.       0.       0.       0.      ],[0. 0. 0. 0. 1. 0. 0. 0. 0. 0. 1. 0. 0. 0. 0. 0. 0. 0. 0. 0. 0. 0. 0. 1. 0. 0. 0. 0. 0. 0. 0.],3.0,1000,100,0.01,0.003,1,2,idID,,first,single_objective
314,0.0927601956046874,0.39886884110015586,0.004154007806000001,[0.       0.       0.       0.       0.59999  0.       0.       0.       0.       0.       0.200045 0.       0.       0.       0.       0.       0.       0.       0.       0.       0.       0.       0.       0.199965 0.       0.       0.       0.       0.       0.       0.      ],[0. 0. 0. 0. 1. 0. 0. 0. 0. 0. 1. 0. 0. 0. 0. 0. 0. 0. 0. 0. 0. 0. 0. 1. 0. 0. 0. 0. 0. 0. 0.],3.0,1000,100,0.01,0.003,1,2,idID,,first,single_objective
315,0.0927601956046874,0.39886884110015586,0.004154007806000001,[0.       0.       0.       0.       0.59999  0.       0.       0.       0.       0.       0.200045 0.       0.       0.       0.       0.       0.       0.       0.       0.       0.       0.       0.       0.199965 0.       0.       0.       0.       0.       0.       0.      ],[0. 0. 0. 0. 1. 0. 0. 0. 0. 0. 1. 0. 0. 0. 0. 0. 0. 0. 0. 0. 0. 0. 0. 1. 0. 0. 0. 0. 0. 0. 0.],3.0,1000,100,0.01,0.003,1,2,idID,,first,single_objective
316,0.0927601956046874,0.39886884110015586,0.004154007806000001,[0.       0.       0.       0.       0.59999  0.       0.       0.       0.       0.       0.200045 0.       0.       0.       0.       0.       0.       0.       0.       0.       0.       0.       0.       0.199965 0.       0.       0.       0.       0.       0.       0.      ],[0. 0. 0. 0. 1. 0. 0. 0. 0. 0. 1. 0. 0. 0. 0. 0. 0. 0. 0. 0. 0. 0. 0. 1. 0. 0. 0. 0. 0. 0. 0.],3.0,1000,100,0.01,0.003,1,2,idID,,first,single_objective
317,0.0927601956046874,0.39886884110015586,0.004154007806000001,[0.       0.       0.       0.       0.59999  0.       0.       0.       0.       0.       0.200045 0.       0.       0.       0.       0.       0.       0.       0.       0.       0.       0.       0.       0.199965 0.       0.       0.       0.       0.       0.       0.      ],[0. 0. 0. 0. 1. 0. 0. 0. 0. 0. 1. 0. 0. 0. 0. 0. 0. 0. 0. 0. 0. 0. 0. 1. 0. 0. 0. 0. 0. 0. 0.],3.0,1000,100,0.01,0.003,1,2,idID,,first,single_objective
318,0.0927601956046874,0.39886884110015586,0.004154007806000001,[0.       0.       0.       0.       0.59999  0.       0.       0.       0.       0.       0.200045 0.       0.       0.       0.       0.       0.       0.       0.       0.       0.       0.       0.       0.199965 0.       0.       0.       0.       0.       0.       0.      ],[0. 0. 0. 0. 1. 0. 0. 0. 0. 0. 1. 0. 0. 0. 0. 0. 0. 0. 0. 0. 0. 0. 0. 1. 0. 0. 0. 0. 0. 0. 0.],3.0,1000,100,0.01,0.003,1,2,idID,,first,single_objective
319,0.0927601956046874,0.39886884110015586,0.004154007806000001,[0.       0.       0.       0.       0.59999  0.       0.       0.       0.       0.       0.200045 0.       0.       0.       0.       0.       0.       0.       0.       0.       0.       0.       0.       0.199965 0.       0.       0.       0.       0.       0.       0.      ],[0. 0. 0. 0. 1. 0. 0. 0. 0. 0. 1. 0. 0. 0. 0. 0. 0. 0. 0. 0. 0. 0. 0. 1. 0. 0. 0. 0. 0. 0. 0.],3.0,1000,100,0.01,0.003,1,2,idID,,first,single_objective
320,0.0927601956046874,0.39886884110015586,0.004154007806000001,[0.       0.       0.       0.       0.59999  0.       0.       0.       0.       0.       0.200045 0.       0.       0.       0.       0.       0.       0.       0.       0.       0.       0.       0.       0.199965 0.       0.       0.       0.       0.       0.       0.      ],[0. 0. 0. 0. 1. 0. 0. 0. 0. 0. 1. 0. 0. 0. 0. 0. 0. 0. 0. 0. 0. 0. 0. 1. 0. 0. 0. 0. 0. 0. 0.],3.0,1000,100,0.01,0.003,1,2,idID,,first,single_objective
321,0.0927601956046874,0.39886884110015586,0.004154007806000001,[0.       0.       0.       0.       0.59999  0.       0.       0.       0.       0.       0.200045 0.       0.       0.       0.       0.       0.       0.       0.       0.       0.       0.       0.       0.199965 0.       0.       0.       0.       0.       0.       0.      ],[0. 0. 0. 0. 1. 0. 0. 0. 0. 0. 1. 0. 0. 0. 0. 0. 0. 0. 0. 0. 0. 0. 0. 1. 0. 0. 0. 0. 0. 0. 0.],3.0,1000,100,0.01,0.003,1,2,idID,,first,single_objective
322,0.0927601956046874,0.39886884110015586,0.004154007806000001,[0.       0.       0.       0.       0.59999  0.       0.       0.       0.       0.       0.200045 0.       0.       0.       0.       0.       0.       0.       0.       0.       0.       0.       0.       0.199965 0.       0.       0.       0.       0.       0.       0.      ],[0. 0. 0. 0. 1. 0. 0. 0. 0. 0. 1. 0. 0. 0. 0. 0. 0. 0. 0. 0. 0. 0. 0. 1. 0. 0. 0. 0. 0. 0. 0.],3.0,1000,100,0.01,0.003,1,2,idID,,first,single_objective
323,0.0927601956046874,0.39886884110015586,0.004154007806000001,[0.       0.       0.       0.       0.59999  0.       0.       0.       0.       0.       0.200045 0.       0.       0.       0.       0.       0.       0.       0.       0.       0.       0.       0.       0.199965 0.       0.       0.       0.       0.       0.       0.      ],[0. 0. 0. 0. 1. 0. 0. 0. 0. 0. 1. 0. 0. 0. 0. 0. 0. 0. 0. 0. 0. 0. 0. 1. 0. 0. 0. 0. 0. 0. 0.],3.0,1000,100,0.01,0.003,1,2,idID,,first,single_objective
324,0.0927601956046874,0.39886884110015586,0.004154007806000001,[0.       0.       0.       0.       0.59999  0.       0.       0.       0.       0.       0.200045 0.       0.       0.       0.       0.       0.       0.       0.       0.       0.       0.       0.       0.199965 0.       0.       0.       0.       0.       0.       0.      ],[0. 0. 0. 0. 1. 0. 0. 0. 0. 0. 1. 0. 0. 0. 0. 0. 0. 0. 0. 0. 0. 0. 0. 1. 0. 0. 0. 0. 0. 0. 0.],3.0,1000,100,0.01,0.003,1,2,idID,,first,single_objective
325,0.0927601956046874,0.39886884110015586,0.004154007806000001,[0.       0.       0.       0.       0.59999  0.       0.       0.       0.       0.       0.200045 0.       0.       0.       0.       0.       0.       0.       0.       0.       0.       0.       0.       0.199965 0.       0.       0.       0.       0.       0.       0.      ],[0. 0. 0. 0. 1. 0. 0. 0. 0. 0. 1. 0. 0. 0. 0. 0. 0. 0. 0. 0. 0. 0. 0. 1. 0. 0. 0. 0. 0. 0. 0.],3.0,1000,100,0.01,0.003,1,2,idID,,first,single_objective
326,0.0927601956046874,0.39886884110015586,0.004154007806000001,[0.       0.       0.       0.       0.59999  0.       0.       0.       0.       0.       0.200045 0.       0.       0.       0.       0.       0.       0.       0.       0.       0.       0.       0.       0.199965 0.       0.       0.       0.       0.       0.       0.      ],[0. 0. 0. 0. 1. 0. 0. 0. 0. 0. 1. 0. 0. 0. 0. 0. 0. 0. 0. 0. 0. 0. 0. 1. 0. 0. 0. 0. 0. 0. 0.],3.0,1000,100,0.01,0.003,1,2,idID,,first,single_objective
327,0.0927601956046874,0.39886884110015586,0.004154007806000001,[0.       0.       0.       0.       0.59999  0.       0.       0.       0.       0.       0.200045 0.       0.       0.       0.       0.       0.       0.       0.       0.       0.       0.       0.       0.199965 0.       0.       0.       0.       0.       0.       0.      ],[0. 0. 0. 0. 1. 0. 0. 0. 0. 0. 1. 0. 0. 0. 0. 0. 0. 0. 0. 0. 0. 0. 0. 1. 0. 0. 0. 0. 0. 0. 0.],3.0,1000,100,0.01,0.003,1,2,idID,,first,single_objective
328,0.0927601956046874,0.39886884110015586,0.004154007806000001,[0.       0.       0.       0.       0.59999  0.       0.       0.       0.       0.       0.200045 0.       0.       0.       0.       0.       0.       0.       0.       0.       0.       0.       0.       0.199965 0.       0.       0.       0.       0.       0.       0.      ],[0. 0. 0. 0. 1. 0. 0. 0. 0. 0. 1. 0. 0. 0. 0. 0. 0. 0. 0. 0. 0. 0. 0. 1. 0. 0. 0. 0. 0. 0. 0.],3.0,1000,100,0.01,0.003,1,2,idID,,first,single_objective
329,0.0927601956046874,0.39886884110015586,0.004154007806000001,[0.       0.       0.       0.       0.59999  0.       0.       0.       0.       0.       0.200045 0.       0.       0.       0.       0.       0.       0.       0.       0.       0.       0.       0.       0.199965 0.       0.       0.       0.       0.       0.       0.      ],[0. 0. 0. 0. 1. 0. 0. 0. 0. 0. 1. 0. 0. 0. 0. 0. 0. 0. 0. 0. 0. 0. 0. 1. 0. 0. 0. 0. 0. 0. 0.],3.0,1000,100,0.01,0.003,1,2,idID,,first,single_objective
330,0.0927601956046874,0.39886884110015586,0.004154007806000001,[0.       0.       0.       0.       0.59999  0.       0.       0.       0.       0.       0.200045 0.       0.       0.       0.       0.       0.       0.       0.       0.       0.       0.       0.       0.199965 0.       0.       0.       0.       0.       0.       0.      ],[0. 0. 0. 0. 1. 0. 0. 0. 0. 0. 1. 0. 0. 0. 0. 0. 0. 0. 0. 0. 0. 0. 0. 1. 0. 0. 0. 0. 0. 0. 0.],3.0,1000,100,0.01,0.003,1,2,idID,,first,single_objective
331,0.0927601956046874,0.39886884110015586,0.004154007806000001,[0.       0.       0.       0.       0.59999  0.       0.       0.       0.       0.       0.200045 0.       0.       0.       0.       0.       0.       0.       0.       0.       0.       0.       0.       0.199965 0.       0.       0.       0.       0.       0.       0.      ],[0. 0. 0. 0. 1. 0. 0. 0. 0. 0. 1. 0. 0. 0. 0. 0. 0. 0. 0. 0. 0. 0. 0. 1. 0. 0. 0. 0. 0. 0. 0.],3.0,1000,100,0.01,0.003,1,2,idID,,first,single_objective
332,0.0927601956046874,0.39886884110015586,0.004154007806000001,[0.       0.       0.       0.       0.59999  0.       0.       0.       0.       0.       0.200045 0.       0.       0.       0.       0.       0.       0.       0.       0.       0.       0.       0.       0.199965 0.       0.       0.       0.       0.       0.       0.      ],[0. 0. 0. 0. 1. 0. 0. 0. 0. 0. 1. 0. 0. 0. 0. 0. 0. 0. 0. 0. 0. 0. 0. 1. 0. 0. 0. 0. 0. 0. 0.],3.0,1000,100,0.01,0.003,1,2,idID,,first,single_objective
333,0.0927601956046874,0.39886884110015586,0.004154007806000001,[0.       0.       0.       0.       0.59999  0.       0.       0.       0.       0.       0.200045 0.       0.       0.       0.       0.       0.       0.       0.       0.       0.       0.       0.       0.199965 0.       0.       0.       0.       0.       0.       0.      ],[0. 0. 0. 0. 1. 0. 0. 0. 0. 0. 1. 0. 0. 0. 0. 0. 0. 0. 0. 0. 0. 0. 0. 1. 0. 0. 0. 0. 0. 0. 0.],3.0,1000,100,0.01,0.003,1,2,idID,,first,single_objective
334,0.0927601956046874,0.39886884110015586,0.004154007806000001,[0.       0.       0.       0.       0.59999  0.       0.       0.       0.       0.       0.200045 0.       0.       0.       0.       0.       0.       0.       0.       0.       0.       0.       0.       0.199965 0.       0.       0.       0.       0.       0.       0.      ],[0. 0. 0. 0. 1. 0. 0. 0. 0. 0. 1. 0. 0. 0. 0. 0. 0. 0. 0. 0. 0. 0. 0. 1. 0. 0. 0. 0. 0. 0. 0.],3.0,1000,100,0.01,0.003,1,2,idID,,first,single_objective
335,0.0927601956046874,0.39886884110015586,0.004154007806000001,[0.       0.       0.       0.       0.59999  0.       0.       0.       0.       0.       0.200045 0.       0.       0.       0.       0.       0.       0.       0.       0.       0.       0.       0.       0.199965 0.       0.       0.       0.       0.       0.       0.      ],[0. 0. 0. 0. 1. 0. 0. 0. 0. 0. 1. 0. 0. 0. 0. 0. 0. 0. 0. 0. 0. 0. 0. 1. 0. 0. 0. 0. 0. 0. 0.],3.0,1000,100,0.01,0.003,1,2,idID,,first,single_objective
336,0.0927601956046874,0.39886884110015586,0.004154007806000001,[0.       0.       0.       0.       0.59999  0.       0.       0.       0.       0.       0.200045 0.       0.       0.       0.       0.       0.       0.       0.       0.       0.       0.       0.       0.199965 0.       0.       0.       0.       0.       0.       0.      ],[0. 0. 0. 0. 1. 0. 0. 0. 0. 0. 1. 0. 0. 0. 0. 0. 0. 0. 0. 0. 0. 0. 0. 1. 0. 0. 0. 0. 0. 0. 0.],3.0,1000,100,0.01,0.003,1,2,idID,,first,single_objective
337,0.0927601956046874,0.39886884110015586,0.004154007806000001,[0.       0.       0.       0.       0.59999  0.       0.       0.       0.       0.       0.200045 0.       0.       0.       0.       0.       0.       0.       0.       0.       0.       0.       0.       0.199965 0.       0.       0.       0.       0.       0.       0.      ],[0. 0. 0. 0. 1. 0. 0. 0. 0. 0. 1. 0. 0. 0. 0. 0. 0. 0. 0. 0. 0. 0. 0. 1. 0. 0. 0. 0. 0. 0. 0.],3.0,1000,100,0.01,0.003,1,2,idID,,first,single_objective
338,0.0927601956046874,0.39886884110015586,0.004154007806000001,[0.       0.       0.       0.       0.59999  0.       0.       0.       0.       0.       0.200045 0.       0.       0.       0.       0.       0.       0.       0.       0.       0.       0.       0.       0.199965 0.       0.       0.       0.       0.       0.       0.      ],[0. 0. 0. 0. 1. 0. 0. 0. 0. 0. 1. 0. 0. 0. 0. 0. 0. 0. 0. 0. 0. 0. 0. 1. 0. 0. 0. 0. 0. 0. 0.],3.0,1000,100,0.01,0.003,1,2,idID,,first,single_objective
339,0.0927601956046874,0.39886884110015586,0.004154007806000001,[0.       0.       0.       0.       0.59999  0.       0.       0.       0.       0.       0.200045 0.       0.       0.       0.       0.       0.       0.       0.       0.       0.       0.       0.       0.199965 0.       0.       0.       0.       0.       0.       0.      ],[0. 0. 0. 0. 1. 0. 0. 0. 0. 0. 1. 0. 0. 0. 0. 0. 0. 0. 0. 0. 0. 0. 0. 1. 0. 0. 0. 0. 0. 0. 0.],3.0,1000,100,0.01,0.003,1,2,idID,,first,single_objective
340,0.0927601956046874,0.39886884110015586,0.004154007806000001,[0.       0.       0.       0.       0.59999  0.       0.       0.       0.       0.       0.200045 0.       0.       0.       0.       0.       0.       0.       0.       0.       0.       0.       0.       0.199965 0.       0.       0.       0.       0.       0.       0.      ],[0. 0. 0. 0. 1. 0. 0. 0. 0. 0. 1. 0. 0. 0. 0. 0. 0. 0. 0. 0. 0. 0. 0. 1. 0. 0. 0. 0. 0. 0. 0.],3.0,1000,100,0.01,0.003,1,2,idID,,first,single_objective
341,0.0927601956046874,0.39886884110015586,0.004154007806000001,[0.       0.       0.       0.       0.59999  0.       0.       0.       0.       0.       0.200045 0.       0.       0.       0.       0.       0.       0.       0.       0.       0.       0.       0.       0.199965 0.       0.       0.       0.       0.       0.       0.      ],[0. 0. 0. 0. 1. 0. 0. 0. 0. 0. 1. 0. 0. 0. 0. 0. 0. 0. 0. 0. 0. 0. 0. 1. 0. 0. 0. 0. 0. 0. 0.],3.0,1000,100,0.01,0.003,1,2,idID,,first,single_objective
342,0.0927601956046874,0.39886884110015586,0.004154007806000001,[0.       0.       0.       0.       0.59999  0.       0.       0.       0.       0.       0.200045 0.       0.       0.       0.       0.       0.       0.       0.       0.       0.       0.       0.       0.199965 0.       0.       0.       0.       0.       0.       0.      ],[0. 0. 0. 0. 1. 0. 0. 0. 0. 0. 1. 0. 0. 0. 0. 0. 0. 0. 0. 0. 0. 0. 0. 1. 0. 0. 0. 0. 0. 0. 0.],3.0,1000,100,0.01,0.003,1,2,idID,,first,single_objective
343,0.0927601956046874,0.39886884110015586,0.004154007806000001,[0.       0.       0.       0.       0.59999  0.       0.       0.       0.       0.       0.200045 0.       0.       0.       0.       0.       0.       0.       0.       0.       0.       0.       0.       0.199965 0.       0.       0.       0.       0.       0.       0.      ],[0. 0. 0. 0. 1. 0. 0. 0. 0. 0. 1. 0. 0. 0. 0. 0. 0. 0. 0. 0. 0. 0. 0. 1. 0. 0. 0. 0. 0. 0. 0.],3.0,1000,100,0.01,0.003,1,2,idID,,first,single_objective
344,0.0927601956046874,0.39886884110015586,0.004154007806000001,[0.       0.       0.       0.       0.59999  0.       0.       0.       0.       0.       0.200045 0.       0.       0.       0.       0.       0.       0.       0.       0.       0.       0.       0.       0.199965 0.       0.       0.       0.       0.       0.       0.      ],[0. 0. 0. 0. 1. 0. 0. 0. 0. 0. 1. 0. 0. 0. 0. 0. 0. 0. 0. 0. 0. 0. 0. 1. 0. 0. 0. 0. 0. 0. 0.],3.0,1000,100,0.01,0.003,1,2,idID,,first,single_objective
345,0.0927601956046874,0.39886884110015586,0.004154007806000001,[0.       0.       0.       0.       0.59999  0.       0.       0.       0.       0.       0.200045 0.       0.       0.       0.       0.       0.       0.       0.       0.       0.       0.       0.       0.199965 0.       0.       0.       0.       0.       0.       0.      ],[0. 0. 0. 0. 1. 0. 0. 0. 0. 0. 1. 0. 0. 0. 0. 0. 0. 0. 0. 0. 0. 0. 0. 1. 0. 0. 0. 0. 0. 0. 0.],3.0,1000,100,0.01,0.003,1,2,idID,,first,single_objective
346,0.0927601956046874,0.39886884110015586,0.004154007806000001,[0.       0.       0.       0.       0.59999  0.       0.       0.       0.       0.       0.200045 0.       0.       0.       0.       0.       0.       0.       0.       0.       0.       0.       0.       0.199965 0.       0.       0.       0.       0.       0.       0.      ],[0. 0. 0. 0. 1. 0. 0. 0. 0. 0. 1. 0. 0. 0. 0. 0. 0. 0. 0. 0. 0. 0. 0. 1. 0. 0. 0. 0. 0. 0. 0.],3.0,1000,100,0.01,0.003,1,2,idID,,first,single_objective
347,0.0927601956046874,0.39886884110015586,0.004154007806000001,[0.       0.       0.       0.       0.59999  0.       0.       0.       0.       0.       0.200045 0.       0.       0.       0.       0.       0.       0.       0.       0.       0.       0.       0.       0.199965 0.       0.       0.       0.       0.       0.       0.      ],[0. 0. 0. 0. 1. 0. 0. 0. 0. 0. 1. 0. 0. 0. 0. 0. 0. 0. 0. 0. 0. 0. 0. 1. 0. 0. 0. 0. 0. 0. 0.],3.0,1000,100,0.01,0.003,1,2,idID,,first,single_objective
348,0.0927601956046874,0.39886884110015586,0.004154007806000001,[0.       0.       0.       0.       0.59999  0.       0.       0.       0.       0.       0.200045 0.       0.       0.       0.       0.       0.       0.       0.       0.       0.       0.       0.       0.199965 0.       0.       0.       0.       0.       0.       0.      ],[0. 0. 0. 0. 1. 0. 0. 0. 0. 0. 1. 0. 0. 0. 0. 0. 0. 0. 0. 0. 0. 0. 0. 1. 0. 0. 0. 0. 0. 0. 0.],3.0,1000,100,0.01,0.003,1,2,idID,,first,single_objective
349,0.0927601956046874,0.39886884110015586,0.004154007806000001,[0.       0.       0.       0.       0.59999  0.       0.       0.       0.       0.       0.200045 0.       0.       0.       0.       0.       0.       0.       0.       0.       0.       0.       0.       0.199965 0.       0.       0.       0.       0.       0.       0.      ],[0. 0. 0. 0. 1. 0. 0. 0. 0. 0. 1. 0. 0. 0. 0. 0. 0. 0. 0. 0. 0. 0. 0. 1. 0. 0. 0. 0. 0. 0. 0.],3.0,1000,100,0.01,0.003,1,2,idID,,first,single_objective
350,0.0927601956046874,0.39886884110015586,0.004154007806000001,[0.       0.       0.       0.       0.59999  0.       0.       0.       0.       0.       0.200045 0.       0.       0.       0.       0.       0.       0.       0.       0.       0.       0.       0.       0.199965 0.       0.       0.       0.       0.       0.       0.      ],[0. 0. 0. 0. 1. 0. 0. 0. 0. 0. 1. 0. 0. 0. 0. 0. 0. 0. 0. 0. 0. 0. 0. 1. 0. 0. 0. 0. 0. 0. 0.],3.0,1000,100,0.01,0.003,1,2,idID,,first,single_objective
351,0.0927601956046874,0.39886884110015586,0.004154007806000001,[0.       0.       0.       0.       0.59999  0.       0.       0.       0.       0.       0.200045 0.       0.       0.       0.       0.       0.       0.       0.       0.       0.       0.       0.       0.199965 0.       0.       0.       0.       0.       0.       0.      ],[0. 0. 0. 0. 1. 0. 0. 0. 0. 0. 1. 0. 0. 0. 0. 0. 0. 0. 0. 0. 0. 0. 0. 1. 0. 0. 0. 0. 0. 0. 0.],3.0,1000,100,0.01,0.003,1,2,idID,,first,single_objective
352,0.0927601956046874,0.39886884110015586,0.004154007806000001,[0.       0.       0.       0.       0.59999  0.       0.       0.       0.       0.       0.200045 0.       0.       0.       0.       0.       0.       0.       0.       0.       0.       0.       0.       0.199965 0.       0.       0.       0.       0.       0.       0.      ],[0. 0. 0. 0. 1. 0. 0. 0. 0. 0. 1. 0. 0. 0. 0. 0. 0. 0. 0. 0. 0. 0. 0. 1. 0. 0. 0. 0. 0. 0. 0.],3.0,1000,100,0.01,0.003,1,2,idID,,first,single_objective
353,0.0927601956046874,0.39886884110015586,0.004154007806000001,[0.       0.       0.       0.       0.59999  0.       0.       0.       0.       0.       0.200045 0.       0.       0.       0.       0.       0.       0.       0.       0.       0.       0.       0.       0.199965 0.       0.       0.       0.       0.       0.       0.      ],[0. 0. 0. 0. 1. 0. 0. 0. 0. 0. 1. 0. 0. 0. 0. 0. 0. 0. 0. 0. 0. 0. 0. 1. 0. 0. 0. 0. 0. 0. 0.],3.0,1000,100,0.01,0.003,1,2,idID,,first,single_objective
354,0.0927601956046874,0.39886884110015586,0.004154007806000001,[0.       0.       0.       0.       0.59999  0.       0.       0.       0.       0.       0.200045 0.       0.       0.       0.       0.       0.       0.       0.       0.       0.       0.       0.       0.199965 0.       0.       0.       0.       0.       0.       0.      ],[0. 0. 0. 0. 1. 0. 0. 0. 0. 0. 1. 0. 0. 0. 0. 0. 0. 0. 0. 0. 0. 0. 0. 1. 0. 0. 0. 0. 0. 0. 0.],3.0,1000,100,0.01,0.003,1,2,idID,,first,single_objective
355,0.0927601956046874,0.39886884110015586,0.004154007806000001,[0.       0.       0.       0.       0.59999  0.       0.       0.       0.       0.       0.200045 0.       0.       0.       0.       0.       0.       0.       0.       0.       0.       0.       0.       0.199965 0.       0.       0.       0.       0.       0.       0.      ],[0. 0. 0. 0. 1. 0. 0. 0. 0. 0. 1. 0. 0. 0. 0. 0. 0. 0. 0. 0. 0. 0. 0. 1. 0. 0. 0. 0. 0. 0. 0.],3.0,1000,100,0.01,0.003,1,2,idID,,first,single_objective
356,0.0927601956046874,0.39886884110015586,0.004154007806000001,[0.       0.       0.       0.       0.59999  0.       0.       0.       0.       0.       0.200045 0.       0.       0.       0.       0.       0.       0.       0.       0.       0.       0.       0.       0.199965 0.       0.       0.       0.       0.       0.       0.      ],[0. 0. 0. 0. 1. 0. 0. 0. 0. 0. 1. 0. 0. 0. 0. 0. 0. 0. 0. 0. 0. 0. 0. 1. 0. 0. 0. 0. 0. 0. 0.],3.0,1000,100,0.01,0.003,1,2,idID,,first,single_objective
357,0.0927601956046874,0.39886884110015586,0.004154007806000001,[0.       0.       0.       0.       0.59999  0.       0.       0.       0.       0.       0.200045 0.       0.       0.       0.       0.       0.       0.       0.       0.       0.       0.       0.       0.199965 0.       0.       0.       0.       0.       0.       0.      ],[0. 0. 0. 0. 1. 0. 0. 0. 0. 0. 1. 0. 0. 0. 0. 0. 0. 0. 0. 0. 0. 0. 0. 1. 0. 0. 0. 0. 0. 0. 0.],3.0,1000,100,0.01,0.003,1,2,idID,,first,single_objective
358,0.0927601956046874,0.39886884110015586,0.004154007806000001,[0.       0.       0.       0.       0.59999  0.       0.       0.       0.       0.       0.200045 0.       0.       0.       0.       0.       0.       0.       0.       0.       0.       0.       0.       0.199965 0.       0.       0.       0.       0.       0.       0.      ],[0. 0. 0. 0. 1. 0. 0. 0. 0. 0. 1. 0. 0. 0. 0. 0. 0. 0. 0. 0. 0. 0. 0. 1. 0. 0. 0. 0. 0. 0. 0.],3.0,1000,100,0.01,0.003,1,2,idID,,first,single_objective
359,0.0927601956046874,0.39886884110015586,0.004154007806000001,[0.       0.       0.       0.       0.59999  0.       0.       0.       0.       0.       0.200045 0.       0.       0.       0.       0.       0.       0.       0.       0.       0.       0.       0.       0.199965 0.       0.       0.       0.       0.       0.       0.      ],[0. 0. 0. 0. 1. 0. 0. 0. 0. 0. 1. 0. 0. 0. 0. 0. 0. 0. 0. 0. 0. 0. 0. 1. 0. 0. 0. 0. 0. 0. 0.],3.0,1000,100,0.01,0.003,1,2,idID,,first,single_objective
360,0.0927601956046874,0.39886884110015586,0.004154007806000001,[0.       0.       0.       0.       0.59999  0.       0.       0.       0.       0.       0.200045 0.       0.       0.       0.       0.       0.       0.       0.       0.       0.       0.       0.       0.199965 0.       0.       0.       0.       0.       0.       0.      ],[0. 0. 0. 0. 1. 0. 0. 0. 0. 0. 1. 0. 0. 0. 0. 0. 0. 0. 0. 0. 0. 0. 0. 1. 0. 0. 0. 0. 0. 0. 0.],3.0,1000,100,0.01,0.003,1,2,idID,,first,single_objective
361,0.0927601956046874,0.39886884110015586,0.004154007806000001,[0.       0.       0.       0.       0.59999  0.       0.       0.       0.       0.       0.200045 0.       0.       0.       0.       0.       0.       0.       0.       0.       0.       0.       0.       0.199965 0.       0.       0.       0.       0.       0.       0.      ],[0. 0. 0. 0. 1. 0. 0. 0. 0. 0. 1. 0. 0. 0. 0. 0. 0. 0. 0. 0. 0. 0. 0. 1. 0. 0. 0. 0. 0. 0. 0.],3.0,1000,100,0.01,0.003,1,2,idID,,first,single_objective
362,0.0927601956046874,0.39886884110015586,0.004154007806000001,[0.       0.       0.       0.       0.59999  0.       0.       0.       0.       0.       0.200045 0.       0.       0.       0.       0.       0.       0.       0.       0.       0.       0.       0.       0.199965 0.       0.       0.       0.       0.       0.       0.      ],[0. 0. 0. 0. 1. 0. 0. 0. 0. 0. 1. 0. 0. 0. 0. 0. 0. 0. 0. 0. 0. 0. 0. 1. 0. 0. 0. 0. 0. 0. 0.],3.0,1000,100,0.01,0.003,1,2,idID,,first,single_objective
363,0.0927601956046874,0.39886884110015586,0.004154007806000001,[0.       0.       0.       0.       0.59999  0.       0.       0.       0.       0.       0.200045 0.       0.       0.       0.       0.       0.       0.       0.       0.       0.       0.       0.       0.199965 0.       0.       0.       0.       0.       0.       0.      ],[0. 0. 0. 0. 1. 0. 0. 0. 0. 0. 1. 0. 0. 0. 0. 0. 0. 0. 0. 0. 0. 0. 0. 1. 0. 0. 0. 0. 0. 0. 0.],3.0,1000,100,0.01,0.003,1,2,idID,,first,single_objective
364,0.0927601956046874,0.39886884110015586,0.004154007806000001,[0.       0.       0.       0.       0.59999  0.       0.       0.       0.       0.       0.200045 0.       0.       0.       0.       0.       0.       0.       0.       0.       0.       0.       0.       0.199965 0.       0.       0.       0.       0.       0.       0.      ],[0. 0. 0. 0. 1. 0. 0. 0. 0. 0. 1. 0. 0. 0. 0. 0. 0. 0. 0. 0. 0. 0. 0. 1. 0. 0. 0. 0. 0. 0. 0.],3.0,1000,100,0.01,0.003,1,2,idID,,first,single_objective
365,0.0927601956046874,0.39886884110015586,0.004154007806000001,[0.       0.       0.       0.       0.59999  0.       0.       0.       0.       0.       0.200045 0.       0.       0.       0.       0.       0.       0.       0.       0.       0.       0.       0.       0.199965 0.       0.       0.       0.       0.       0.       0.      ],[0. 0. 0. 0. 1. 0. 0. 0. 0. 0. 1. 0. 0. 0. 0. 0. 0. 0. 0. 0. 0. 0. 0. 1. 0. 0. 0. 0. 0. 0. 0.],3.0,1000,100,0.01,0.003,1,2,idID,,first,single_objective
366,0.0927601956046874,0.39886884110015586,0.004154007806000001,[0.       0.       0.       0.       0.59999  0.       0.       0.       0.       0.       0.200045 0.       0.       0.       0.       0.       0.       0.       0.       0.       0.       0.       0.       0.199965 0.       0.       0.       0.       0.       0.       0.      ],[0. 0. 0. 0. 1. 0. 0. 0. 0. 0. 1. 0. 0. 0. 0. 0. 0. 0. 0. 0. 0. 0. 0. 1. 0. 0. 0. 0. 0. 0. 0.],3.0,1000,100,0.01,0.003,1,2,idID,,first,single_objective
367,0.0927601956046874,0.39886884110015586,0.004154007806000001,[0.       0.       0.       0.       0.59999  0.       0.       0.       0.       0.       0.200045 0.       0.       0.       0.       0.       0.       0.       0.       0.       0.       0.       0.       0.199965 0.       0.       0.       0.       0.       0.       0.      ],[0. 0. 0. 0. 1. 0. 0. 0. 0. 0. 1. 0. 0. 0. 0. 0. 0. 0. 0. 0. 0. 0. 0. 1. 0. 0. 0. 0. 0. 0. 0.],3.0,1000,100,0.01,0.003,1,2,idID,,first,single_objective
368,0.0927601956046874,0.39886884110015586,0.004154007806000001,[0.       0.       0.       0.       0.59999  0.       0.       0.       0.       0.       0.200045 0.       0.       0.       0.       0.       0.       0.       0.       0.       0.       0.       0.       0.199965 0.       0.       0.       0.       0.       0.       0.      ],[0. 0. 0. 0. 1. 0. 0. 0. 0. 0. 1. 0. 0. 0. 0. 0. 0. 0. 0. 0. 0. 0. 0. 1. 0. 0. 0. 0. 0. 0. 0.],3.0,1000,100,0.01,0.003,1,2,idID,,first,single_objective
369,0.0927601956046874,0.39886884110015586,0.004154007806000001,[0.       0.       0.       0.       0.59999  0.       0.       0.       0.       0.       0.200045 0.       0.       0.       0.       0.       0.       0.       0.       0.       0.       0.       0.       0.199965 0.       0.       0.       0.       0.       0.       0.      ],[0. 0. 0. 0. 1. 0. 0. 0. 0. 0. 1. 0. 0. 0. 0. 0. 0. 0. 0. 0. 0. 0. 0. 1. 0. 0. 0. 0. 0. 0. 0.],3.0,1000,100,0.01,0.003,1,2,idID,,first,single_objective
370,0.0927601956046874,0.39886884110015586,0.004154007806000001,[0.       0.       0.       0.       0.59999  0.       0.       0.       0.       0.       0.200045 0.       0.       0.       0.       0.       0.       0.       0.       0.       0.       0.       0.       0.199965 0.       0.       0.       0.       0.       0.       0.      ],[0. 0. 0. 0. 1. 0. 0. 0. 0. 0. 1. 0. 0. 0. 0. 0. 0. 0. 0. 0. 0. 0. 0. 1. 0. 0. 0. 0. 0. 0. 0.],3.0,1000,100,0.01,0.003,1,2,idID,,first,single_objective
371,0.0927601956046874,0.39886884110015586,0.004154007806000001,[0.       0.       0.       0.       0.59999  0.       0.       0.       0.       0.       0.200045 0.       0.       0.       0.       0.       0.       0.       0.       0.       0.       0.       0.       0.199965 0.       0.       0.       0.       0.       0.       0.      ],[0. 0. 0. 0. 1. 0. 0. 0. 0. 0. 1. 0. 0. 0. 0. 0. 0. 0. 0. 0. 0. 0. 0. 1. 0. 0. 0. 0. 0. 0. 0.],3.0,1000,100,0.01,0.003,1,2,idID,,first,single_objective
372,0.0927601956046874,0.39886884110015586,0.004154007806000001,[0.       0.       0.       0.       0.59999  0.       0.       0.       0.       0.       0.200045 0.       0.       0.       0.       0.       0.       0.       0.       0.       0.       0.       0.       0.199965 0.       0.       0.       0.       0.       0.       0.      ],[0. 0. 0. 0. 1. 0. 0. 0. 0. 0. 1. 0. 0. 0. 0. 0. 0. 0. 0. 0. 0. 0. 0. 1. 0. 0. 0. 0. 0. 0. 0.],3.0,1000,100,0.01,0.003,1,2,idID,,first,single_objective
373,0.0927601956046874,0.39886884110015586,0.004154007806000001,[0.       0.       0.       0.       0.59999  0.       0.       0.       0.       0.       0.200045 0.       0.       0.       0.       0.       0.       0.       0.       0.       0.       0.       0.       0.199965 0.       0.       0.       0.       0.       0.       0.      ],[0. 0. 0. 0. 1. 0. 0. 0. 0. 0. 1. 0. 0. 0. 0. 0. 0. 0. 0. 0. 0. 0. 0. 1. 0. 0. 0. 0. 0. 0. 0.],3.0,1000,100,0.01,0.003,1,2,idID,,first,single_objective
374,0.0927601956046874,0.39886884110015586,0.004154007806000001,[0.       0.       0.       0.       0.59999  0.       0.       0.       0.       0.       0.200045 0.       0.       0.       0.       0.       0.       0.       0.       0.       0.       0.       0.       0.199965 0.       0.       0.       0.       0.       0.       0.      ],[0. 0. 0. 0. 1. 0. 0. 0. 0. 0. 1. 0. 0. 0. 0. 0. 0. 0. 0. 0. 0. 0. 0. 1. 0. 0. 0. 0. 0. 0. 0.],3.0,1000,100,0.01,0.003,1,2,idID,,first,single_objective
375,0.0927601956046874,0.39886884110015586,0.004154007806000001,[0.       0.       0.       0.       0.59999  0.       0.       0.       0.       0.       0.200045 0.       0.       0.       0.       0.       0.       0.       0.       0.       0.       0.       0.       0.199965 0.       0.       0.       0.       0.       0.       0.      ],[0. 0. 0. 0. 1. 0. 0. 0. 0. 0. 1. 0. 0. 0. 0. 0. 0. 0. 0. 0. 0. 0. 0. 1. 0. 0. 0. 0. 0. 0. 0.],3.0,1000,100,0.01,0.003,1,2,idID,,first,single_objective
376,0.0927601956046874,0.39886884110015586,0.004154007806000001,[0.       0.       0.       0.       0.59999  0.       0.       0.       0.       0.       0.200045 0.       0.       0.       0.       0.       0.       0.       0.       0.       0.       0.       0.       0.199965 0.       0.       0.       0.       0.       0.       0.      ],[0. 0. 0. 0. 1. 0. 0. 0. 0. 0. 1. 0. 0. 0. 0. 0. 0. 0. 0. 0. 0. 0. 0. 1. 0. 0. 0. 0. 0. 0. 0.],3.0,1000,100,0.01,0.003,1,2,idID,,first,single_objective
377,0.0927601956046874,0.39886884110015586,0.004154007806000001,[0.       0.       0.       0.       0.59999  0.       0.       0.       0.       0.       0.200045 0.       0.       0.       0.       0.       0.       0.       0.       0.       0.       0.       0.       0.199965 0.       0.       0.       0.       0.       0.       0.      ],[0. 0. 0. 0. 1. 0. 0. 0. 0. 0. 1. 0. 0. 0. 0. 0. 0. 0. 0. 0. 0. 0. 0. 1. 0. 0. 0. 0. 0. 0. 0.],3.0,1000,100,0.01,0.003,1,2,idID,,first,single_objective
378,0.0927601956046874,0.39886884110015586,0.004154007806000001,[0.       0.       0.       0.       0.59999  0.       0.       0.       0.       0.       0.200045 0.       0.       0.       0.       0.       0.       0.       0.       0.       0.       0.       0.       0.199965 0.       0.       0.       0.       0.       0.       0.      ],[0. 0. 0. 0. 1. 0. 0. 0. 0. 0. 1. 0. 0. 0. 0. 0. 0. 0. 0. 0. 0. 0. 0. 1. 0. 0. 0. 0. 0. 0. 0.],3.0,1000,100,0.01,0.003,1,2,idID,,first,single_objective
379,0.0927601956046874,0.39886884110015586,0.004154007806000001,[0.       0.       0.       0.       0.59999  0.       0.       0.       0.       0.       0.200045 0.       0.       0.       0.       0.       0.       0.       0.       0.       0.       0.       0.       0.199965 0.       0.       0.       0.       0.       0.       0.      ],[0. 0. 0. 0. 1. 0. 0. 0. 0. 0. 1. 0. 0. 0. 0. 0. 0. 0. 0. 0. 0. 0. 0. 1. 0. 0. 0. 0. 0. 0. 0.],3.0,1000,100,0.01,0.003,1,2,idID,,first,single_objective
380,0.0927601956046874,0.39886884110015586,0.004154007806000001,[0.       0.       0.       0.       0.59999  0.       0.       0.       0.       0.       0.200045 0.       0.       0.       0.       0.       0.       0.       0.       0.       0.       0.       0.       0.199965 0.       0.       0.       0.       0.       0.       0.      ],[0. 0. 0. 0. 1. 0. 0. 0. 0. 0. 1. 0. 0. 0. 0. 0. 0. 0. 0. 0. 0. 0. 0. 1. 0. 0. 0. 0. 0. 0. 0.],3.0,1000,100,0.01,0.003,1,2,idID,,first,single_objective
381,0.0927601956046874,0.39886884110015586,0.004154007806000001,[0.       0.       0.       0.       0.59999  0.       0.       0.       0.       0.       0.200045 0.       0.       0.       0.       0.       0.       0.       0.       0.       0.       0.       0.       0.199965 0.       0.       0.       0.       0.       0.       0.      ],[0. 0. 0. 0. 1. 0. 0. 0. 0. 0. 1. 0. 0. 0. 0. 0. 0. 0. 0. 0. 0. 0. 0. 1. 0. 0. 0. 0. 0. 0. 0.],3.0,1000,100,0.01,0.003,1,2,idID,,first,single_objective
382,0.0927601956046874,0.39886884110015586,0.004154007806000001,[0.       0.       0.       0.       0.59999  0.       0.       0.       0.       0.       0.200045 0.       0.       0.       0.       0.       0.       0.       0.       0.       0.       0.       0.       0.199965 0.       0.       0.       0.       0.       0.       0.      ],[0. 0. 0. 0. 1. 0. 0. 0. 0. 0. 1. 0. 0. 0. 0. 0. 0. 0. 0. 0. 0. 0. 0. 1. 0. 0. 0. 0. 0. 0. 0.],3.0,1000,100,0.01,0.003,1,2,idID,,first,single_objective
383,0.0927601956046874,0.39886884110015586,0.004154007806000001,[0.       0.       0.       0.       0.59999  0.       0.       0.       0.       0.       0.200045 0.       0.       0.       0.       0.       0.       0.       0.       0.       0.       0.       0.       0.199965 0.       0.       0.       0.       0.       0.       0.      ],[0. 0. 0. 0. 1. 0. 0. 0. 0. 0. 1. 0. 0. 0. 0. 0. 0. 0. 0. 0. 0. 0. 0. 1. 0. 0. 0. 0. 0. 0. 0.],3.0,1000,100,0.01,0.003,1,2,idID,,first,single_objective
384,0.0927601956046874,0.39886884110015586,0.004154007806000001,[0.       0.       0.       0.       0.59999  0.       0.       0.       0.       0.       0.200045 0.       0.       0.       0.       0.       0.       0.       0.       0.       0.       0.       0.       0.199965 0.       0.       0.       0.       0.       0.       0.      ],[0. 0. 0. 0. 1. 0. 0. 0. 0. 0. 1. 0. 0. 0. 0. 0. 0. 0. 0. 0. 0. 0. 0. 1. 0. 0. 0. 0. 0. 0. 0.],3.0,1000,100,0.01,0.003,1,2,idID,,first,single_objective
385,0.0927601956046874,0.39886884110015586,0.004154007806000001,[0.       0.       0.       0.       0.59999  0.       0.       0.       0.       0.       0.200045 0.       0.       0.       0.       0.       0.       0.       0.       0.       0.       0.       0.       0.199965 0.       0.       0.       0.       0.       0.       0.      ],[0. 0. 0. 0. 1. 0. 0. 0. 0. 0. 1. 0. 0. 0. 0. 0. 0. 0. 0. 0. 0. 0. 0. 1. 0. 0. 0. 0. 0. 0. 0.],3.0,1000,100,0.01,0.003,1,2,idID,,first,single_objective
386,0.0927601956046874,0.39886884110015586,0.004154007806000001,[0.       0.       0.       0.       0.59999  0.       0.       0.       0.       0.       0.200045 0.       0.       0.       0.       0.       0.       0.       0.       0.       0.       0.       0.       0.199965 0.       0.       0.       0.       0.       0.       0.      ],[0. 0. 0. 0. 1. 0. 0. 0. 0. 0. 1. 0. 0. 0. 0. 0. 0. 0. 0. 0. 0. 0. 0. 1. 0. 0. 0. 0. 0. 0. 0.],3.0,1000,100,0.01,0.003,1,2,idID,,first,single_objective
387,0.0927601956046874,0.39886884110015586,0.004154007806000001,[0.       0.       0.       0.       0.59999  0.       0.       0.       0.       0.       0.200045 0.       0.       0.       0.       0.       0.       0.       0.       0.       0.       0.       0.       0.199965 0.       0.       0.       0.       0.       0.       0.      ],[0. 0. 0. 0. 1. 0. 0. 0. 0. 0. 1. 0. 0. 0. 0. 0. 0. 0. 0. 0. 0. 0. 0. 1. 0. 0. 0. 0. 0. 0. 0.],3.0,1000,100,0.01,0.003,1,2,idID,,first,single_objective
388,0.0927601956046874,0.39886884110015586,0.004154007806000001,[0.       0.       0.       0.       0.59999  0.       0.       0.       0.       0.       0.200045 0.       0.       0.       0.       0.       0.       0.       0.       0.       0.       0.       0.       0.199965 0.       0.       0.       0.       0.       0.       0.      ],[0. 0. 0. 0. 1. 0. 0. 0. 0. 0. 1. 0. 0. 0. 0. 0. 0. 0. 0. 0. 0. 0. 0. 1. 0. 0. 0. 0. 0. 0. 0.],3.0,1000,100,0.01,0.003,1,2,idID,,first,single_objective
389,0.0927601956046874,0.39886884110015586,0.004154007806000001,[0.       0.       0.       0.       0.59999  0.       0.       0.       0.       0.       0.200045 0.       0.       0.       0.       0.       0.       0.       0.       0.       0.       0.       0.       0.199965 0.       0.       0.       0.       0.       0.       0.      ],[0. 0. 0. 0. 1. 0. 0. 0. 0. 0. 1. 0. 0. 0. 0. 0. 0. 0. 0. 0. 0. 0. 0. 1. 0. 0. 0. 0. 0. 0. 0.],3.0,1000,100,0.01,0.003,1,2,idID,,first,single_objective
390,0.0927601956046874,0.39886884110015586,0.004154007806000001,[0.       0.       0.       0.       0.59999  0.       0.       0.       0.       0.       0.200045 0.       0.       0.       0.       0.       0.       0.       0.       0.       0.       0.       0.       0.199965 0.       0.       0.       0.       0.       0.       0.      ],[0. 0. 0. 0. 1. 0. 0. 0. 0. 0. 1. 0. 0. 0. 0. 0. 0. 0. 0. 0. 0. 0. 0. 1. 0. 0. 0. 0. 0. 0. 0.],3.0,1000,100,0.01,0.003,1,2,idID,,first,single_objective
391,0.0927601956046874,0.39886884110015586,0.004154007806000001,[0.       0.       0.       0.       0.59999  0.       0.       0.       0.       0.       0.200045 0.       0.       0.       0.       0.       0.       0.       0.       0.       0.       0.       0.       0.199965 0.       0.       0.       0.       0.       0.       0.      ],[0. 0. 0. 0. 1. 0. 0. 0. 0. 0. 1. 0. 0. 0. 0. 0. 0. 0. 0. 0. 0. 0. 0. 1. 0. 0. 0. 0. 0. 0. 0.],3.0,1000,100,0.01,0.003,1,2,idID,,first,single_objective
392,0.0927601956046874,0.39886884110015586,0.004154007806000001,[0.       0.       0.       0.       0.59999  0.       0.       0.       0.       0.       0.200045 0.       0.       0.       0.       0.       0.       0.       0.       0.       0.       0.       0.       0.199965 0.       0.       0.       0.       0.       0.       0.      ],[0. 0. 0. 0. 1. 0. 0. 0. 0. 0. 1. 0. 0. 0. 0. 0. 0. 0. 0. 0. 0. 0. 0. 1. 0. 0. 0. 0. 0. 0. 0.],3.0,1000,100,0.01,0.003,1,2,idID,,first,single_objective
393,0.0927601956046874,0.39886884110015586,0.004154007806000001,[0.       0.       0.       0.       0.59999  0.       0.       0.       0.       0.       0.200045 0.       0.       0.       0.       0.       0.       0.       0.       0.       0.       0.       0.       0.199965 0.       0.       0.       0.       0.       0.       0.      ],[0. 0. 0. 0. 1. 0. 0. 0. 0. 0. 1. 0. 0. 0. 0. 0. 0. 0. 0. 0. 0. 0. 0. 1. 0. 0. 0. 0. 0. 0. 0.],3.0,1000,100,0.01,0.003,1,2,idID,,first,single_objective
394,0.0927601956046874,0.39886884110015586,0.004154007806000001,[0.       0.       0.       0.       0.59999  0.       0.       0.       0.       0.       0.200045 0.       0.       0.       0.       0.       0.       0.       0.       0.       0.       0.       0.       0.199965 0.       0.       0.       0.       0.       0.       0.      ],[0. 0. 0. 0. 1. 0. 0. 0. 0. 0. 1. 0. 0. 0. 0. 0. 0. 0. 0. 0. 0. 0. 0. 1. 0. 0. 0. 0. 0. 0. 0.],3.0,1000,100,0.01,0.003,1,2,idID,,first,single_objective
395,0.0927601956046874,0.39886884110015586,0.004154007806000001,[0.       0.       0.       0.       0.59999  0.       0.       0.       0.       0.       0.200045 0.       0.       0.       0.       0.       0.       0.       0.       0.       0.       0.       0.       0.199965 0.       0.       0.       0.       0.       0.       0.      ],[0. 0. 0. 0. 1. 0. 0. 0. 0. 0. 1. 0. 0. 0. 0. 0. 0. 0. 0. 0. 0. 0. 0. 1. 0. 0. 0. 0. 0. 0. 0.],3.0,1000,100,0.01,0.003,1,2,idID,,first,single_objective
396,0.0927601956046874,0.39886884110015586,0.004154007806000001,[0.       0.       0.       0.       0.59999  0.       0.       0.       0.       0.       0.200045 0.       0.       0.       0.       0.       0.       0.       0.       0.       0.       0.       0.       0.199965 0.       0.       0.       0.       0.       0.       0.      ],[0. 0. 0. 0. 1. 0. 0. 0. 0. 0. 1. 0. 0. 0. 0. 0. 0. 0. 0. 0. 0. 0. 0. 1. 0. 0. 0. 0. 0. 0. 0.],3.0,1000,100,0.01,0.003,1,2,idID,,first,single_objective
397,0.0927601956046874,0.39886884110015586,0.004154007806000001,[0.       0.       0.       0.       0.59999  0.       0.       0.       0.       0.       0.200045 0.       0.       0.       0.       0.       0.       0.       0.       0.       0.       0.       0.       0.199965 0.       0.       0.       0.       0.       0.       0.      ],[0. 0. 0. 0. 1. 0. 0. 0. 0. 0. 1. 0. 0. 0. 0. 0. 0. 0. 0. 0. 0. 0. 0. 1. 0. 0. 0. 0. 0. 0. 0.],3.0,1000,100,0.01,0.003,1,2,idID,,first,single_objective
398,0.0927601956046874,0.39886884110015586,0.004154007806000001,[0.       0.       0.       0.       0.59999  0.       0.       0.       0.       0.       0.200045 0.       0.       0.       0.       0.       0.       0.       0.       0.       0.       0.       0.       0.199965 0.       0.       0.       0.       0.       0.       0.      ],[0. 0. 0. 0. 1. 0. 0. 0. 0. 0. 1. 0. 0. 0. 0. 0. 0. 0. 0. 0. 0. 0. 0. 1. 0. 0. 0. 0. 0. 0. 0.],3.0,1000,100,0.01,0.003,1,2,idID,,first,single_objective
399,0.0927601956046874,0.39886884110015586,0.004154007806000001,[0.       0.       0.       0.       0.59999  0.       0.       0.       0.       0.       0.200045 0.       0.       0.       0.       0.       0.       0.       0.       0.       0.       0.       0.       0.199965 0.       0.       0.       0.       0.       0.       0.      ],[0. 0. 0. 0. 1. 0. 0. 0. 0. 0. 1. 0. 0. 0. 0. 0. 0. 0. 0. 0. 0. 0. 0. 1. 0. 0. 0. 0. 0. 0. 0.],3.0,1000,100,0.01,0.003,1,2,idID,,first,single_objective
400,0.0927601956046874,0.39886884110015586,0.004154007806000001,[0.       0.       0.       0.       0.59999  0.       0.       0.       0.       0.       0.200045 0.       0.       0.       0.       0.       0.       0.       0.       0.       0.       0.       0.       0.199965 0.       0.       0.       0.       0.       0.       0.      ],[0. 0. 0. 0. 1. 0. 0. 0. 0. 0. 1. 0. 0. 0. 0. 0. 0. 0. 0. 0. 0. 0. 0. 1. 0. 0. 0. 0. 0. 0. 0.],3.0,1000,100,0.01,0.003,1,2,idID,,first,single_objective
401,0.0927601956046874,0.39886884110015586,0.004154007806000001,[0.       0.       0.       0.       0.59999  0.       0.       0.       0.       0.       0.200045 0.       0.       0.       0.       0.       0.       0.       0.       0.       0.       0.       0.       0.199965 0.       0.       0.       0.       0.       0.       0.      ],[0. 0. 0. 0. 1. 0. 0. 0. 0. 0. 1. 0. 0. 0. 0. 0. 0. 0. 0. 0. 0. 0. 0. 1. 0. 0. 0. 0. 0. 0. 0.],3.0,1000,100,0.01,0.003,1,2,idID,,first,single_objective
402,0.0927601956046874,0.39886884110015586,0.004154007806000001,[0.       0.       0.       0.       0.59999  0.       0.       0.       0.       0.       0.200045 0.       0.       0.       0.       0.       0.       0.       0.       0.       0.       0.       0.       0.199965 0.       0.       0.       0.       0.       0.       0.      ],[0. 0. 0. 0. 1. 0. 0. 0. 0. 0. 1. 0. 0. 0. 0. 0. 0. 0. 0. 0. 0. 0. 0. 1. 0. 0. 0. 0. 0. 0. 0.],3.0,1000,100,0.01,0.003,1,2,idID,,first,single_objective
403,0.0927601956046874,0.39886884110015586,0.004154007806000001,[0.       0.       0.       0.       0.59999  0.       0.       0.       0.       0.       0.200045 0.       0.       0.       0.       0.       0.       0.       0.       0.       0.       0.       0.       0.199965 0.       0.       0.       0.       0.       0.       0.      ],[0. 0. 0. 0. 1. 0. 0. 0. 0. 0. 1. 0. 0. 0. 0. 0. 0. 0. 0. 0. 0. 0. 0. 1. 0. 0. 0. 0. 0. 0. 0.],3.0,1000,100,0.01,0.003,1,2,idID,,first,single_objective
404,0.0927601956046874,0.39886884110015586,0.004154007806000001,[0.       0.       0.       0.       0.59999  0.       0.       0.       0.       0.       0.200045 0.       0.       0.       0.       0.       0.       0.       0.       0.       0.       0.       0.       0.199965 0.       0.       0.       0.       0.       0.       0.      ],[0. 0. 0. 0. 1. 0. 0. 0. 0. 0. 1. 0. 0. 0. 0. 0. 0. 0. 0. 0. 0. 0. 0. 1. 0. 0. 0. 0. 0. 0. 0.],3.0,1000,100,0.01,0.003,1,2,idID,,first,single_objective
405,0.0927601956046874,0.39886884110015586,0.004154007806000001,[0.       0.       0.       0.       0.59999  0.       0.       0.       0.       0.       0.200045 0.       0.       0.       0.       0.       0.       0.       0.       0.       0.       0.       0.       0.199965 0.       0.       0.       0.       0.       0.       0.      ],[0. 0. 0. 0. 1. 0. 0. 0. 0. 0. 1. 0. 0. 0. 0. 0. 0. 0. 0. 0. 0. 0. 0. 1. 0. 0. 0. 0. 0. 0. 0.],3.0,1000,100,0.01,0.003,1,2,idID,,first,single_objective
406,0.0927601956046874,0.39886884110015586,0.004154007806000001,[0.       0.       0.       0.       0.59999  0.       0.       0.       0.       0.       0.200045 0.       0.       0.       0.       0.       0.       0.       0.       0.       0.       0.       0.       0.199965 0.       0.       0.       0.       0.       0.       0.      ],[0. 0. 0. 0. 1. 0. 0. 0. 0. 0. 1. 0. 0. 0. 0. 0. 0. 0. 0. 0. 0. 0. 0. 1. 0. 0. 0. 0. 0. 0. 0.],3.0,1000,100,0.01,0.003,1,2,idID,,first,single_objective
407,0.0927601956046874,0.39886884110015586,0.004154007806000001,[0.       0.       0.       0.       0.59999  0.       0.       0.       0.       0.       0.200045 0.       0.       0.       0.       0.       0.       0.       0.       0.       0.       0.       0.       0.199965 0.       0.       0.       0.       0.       0.       0.      ],[0. 0. 0. 0. 1. 0. 0. 0. 0. 0. 1. 0. 0. 0. 0. 0. 0. 0. 0. 0. 0. 0. 0. 1. 0. 0. 0. 0. 0. 0. 0.],3.0,1000,100,0.01,0.003,1,2,idID,,first,single_objective
408,0.0927601956046874,0.39886884110015586,0.004154007806000001,[0.       0.       0.       0.       0.59999  0.       0.       0.       0.       0.       0.200045 0.       0.       0.       0.       0.       0.       0.       0.       0.       0.       0.       0.       0.199965 0.       0.       0.       0.       0.       0.       0.      ],[0. 0. 0. 0. 1. 0. 0. 0. 0. 0. 1. 0. 0. 0. 0. 0. 0. 0. 0. 0. 0. 0. 0. 1. 0. 0. 0. 0. 0. 0. 0.],3.0,1000,100,0.01,0.003,1,2,idID,,first,single_objective
409,0.0927601956046874,0.39886884110015586,0.004154007806000001,[0.       0.       0.       0.       0.59999  0.       0.       0.       0.       0.       0.200045 0.       0.       0.       0.       0.       0.       0.       0.       0.       0.       0.       0.       0.199965 0.       0.       0.       0.       0.       0.       0.      ],[0. 0. 0. 0. 1. 0. 0. 0. 0. 0. 1. 0. 0. 0. 0. 0. 0. 0. 0. 0. 0. 0. 0. 1. 0. 0. 0. 0. 0. 0. 0.],3.0,1000,100,0.01,0.003,1,2,idID,,first,single_objective
410,0.0927601956046874,0.39886884110015586,0.004154007806000001,[0.       0.       0.       0.       0.59999  0.       0.       0.       0.       0.       0.200045 0.       0.       0.       0.       0.       0.       0.       0.       0.       0.       0.       0.       0.199965 0.       0.       0.       0.       0.       0.       0.      ],[0. 0. 0. 0. 1. 0. 0. 0. 0. 0. 1. 0. 0. 0. 0. 0. 0. 0. 0. 0. 0. 0. 0. 1. 0. 0. 0. 0. 0. 0. 0.],3.0,1000,100,0.01,0.003,1,2,idID,,first,single_objective
411,0.0927601956046874,0.39886884110015586,0.004154007806000001,[0.       0.       0.       0.       0.59999  0.       0.       0.       0.       0.       0.200045 0.       0.       0.       0.       0.       0.       0.       0.       0.       0.       0.       0.       0.199965 0.       0.       0.       0.       0.       0.       0.      ],[0. 0. 0. 0. 1. 0. 0. 0. 0. 0. 1. 0. 0. 0. 0. 0. 0. 0. 0. 0. 0. 0. 0. 1. 0. 0. 0. 0. 0. 0. 0.],3.0,1000,100,0.01,0.003,1,2,idID,,first,single_objective
412,0.0927601956046874,0.39886884110015586,0.004154007806000001,[0.       0.       0.       0.       0.59999  0.       0.       0.       0.       0.       0.200045 0.       0.       0.       0.       0.       0.       0.       0.       0.       0.       0.       0.       0.199965 0.       0.       0.       0.       0.       0.       0.      ],[0. 0. 0. 0. 1. 0. 0. 0. 0. 0. 1. 0. 0. 0. 0. 0. 0. 0. 0. 0. 0. 0. 0. 1. 0. 0. 0. 0. 0. 0. 0.],3.0,1000,100,0.01,0.003,1,2,idID,,first,single_objective
413,0.0927601956046874,0.39886884110015586,0.004154007806000001,[0.       0.       0.       0.       0.59999  0.       0.       0.       0.       0.       0.200045 0.       0.       0.       0.       0.       0.       0.       0.       0.       0.       0.       0.       0.199965 0.       0.       0.       0.       0.       0.       0.      ],[0. 0. 0. 0. 1. 0. 0. 0. 0. 0. 1. 0. 0. 0. 0. 0. 0. 0. 0. 0. 0. 0. 0. 1. 0. 0. 0. 0. 0. 0. 0.],3.0,1000,100,0.01,0.003,1,2,idID,,first,single_objective
414,0.0927601956046874,0.39886884110015586,0.004154007806000001,[0.       0.       0.       0.       0.59999  0.       0.       0.       0.       0.       0.200045 0.       0.       0.       0.       0.       0.       0.       0.       0.       0.       0.       0.       0.199965 0.       0.       0.       0.       0.       0.       0.      ],[0. 0. 0. 0. 1. 0. 0. 0. 0. 0. 1. 0. 0. 0. 0. 0. 0. 0. 0. 0. 0. 0. 0. 1. 0. 0. 0. 0. 0. 0. 0.],3.0,1000,100,0.01,0.003,1,2,idID,,first,single_objective
415,0.0927601956046874,0.39886884110015586,0.004154007806000001,[0.       0.       0.       0.       0.59999  0.       0.       0.       0.       0.       0.200045 0.       0.       0.       0.       0.       0.       0.       0.       0.       0.       0.       0.       0.199965 0.       0.       0.       0.       0.       0.       0.      ],[0. 0. 0. 0. 1. 0. 0. 0. 0. 0. 1. 0. 0. 0. 0. 0. 0. 0. 0. 0. 0. 0. 0. 1. 0. 0. 0. 0. 0. 0. 0.],3.0,1000,100,0.01,0.003,1,2,idID,,first,single_objective
416,0.0927601956046874,0.39886884110015586,0.004154007806000001,[0.       0.       0.       0.       0.59999  0.       0.       0.       0.       0.       0.200045 0.       0.       0.       0.       0.       0.       0.       0.       0.       0.       0.       0.       0.199965 0.       0.       0.       0.       0.       0.       0.      ],[0. 0. 0. 0. 1. 0. 0. 0. 0. 0. 1. 0. 0. 0. 0. 0. 0. 0. 0. 0. 0. 0. 0. 1. 0. 0. 0. 0. 0. 0. 0.],3.0,1000,100,0.01,0.003,1,2,idID,,first,single_objective
417,0.0927601956046874,0.39886884110015586,0.004154007806000001,[0.       0.       0.       0.       0.59999  0.       0.       0.       0.       0.       0.200045 0.       0.       0.       0.       0.       0.       0.       0.       0.       0.       0.       0.       0.199965 0.       0.       0.       0.       0.       0.       0.      ],[0. 0. 0. 0. 1. 0. 0. 0. 0. 0. 1. 0. 0. 0. 0. 0. 0. 0. 0. 0. 0. 0. 0. 1. 0. 0. 0. 0. 0. 0. 0.],3.0,1000,100,0.01,0.003,1,2,idID,,first,single_objective
418,0.0927601956046874,0.39886884110015586,0.004154007806000001,[0.       0.       0.       0.       0.59999  0.       0.       0.       0.       0.       0.200045 0.       0.       0.       0.       0.       0.       0.       0.       0.       0.       0.       0.       0.199965 0.       0.       0.       0.       0.       0.       0.      ],[0. 0. 0. 0. 1. 0. 0. 0. 0. 0. 1. 0. 0. 0. 0. 0. 0. 0. 0. 0. 0. 0. 0. 1. 0. 0. 0. 0. 0. 0. 0.],3.0,1000,100,0.01,0.003,1,2,idID,,first,single_objective
419,0.0927601956046874,0.39886884110015586,0.004154007806000001,[0.       0.       0.       0.       0.59999  0.       0.       0.       0.       0.       0.200045 0.       0.       0.       0.       0.       0.       0.       0.       0.       0.       0.       0.       0.199965 0.       0.       0.       0.       0.       0.       0.      ],[0. 0. 0. 0. 1. 0. 0. 0. 0. 0. 1. 0. 0. 0. 0. 0. 0. 0. 0. 0. 0. 0. 0. 1. 0. 0. 0. 0. 0. 0. 0.],3.0,1000,100,0.01,0.003,1,2,idID,,first,single_objective
420,0.0927601956046874,0.39886884110015586,0.004154007806000001,[0.       0.       0.       0.       0.59999  0.       0.       0.       0.       0.       0.200045 0.       0.       0.       0.       0.       0.       0.       0.       0.       0.       0.       0.       0.199965 0.       0.       0.       0.       0.       0.       0.      ],[0. 0. 0. 0. 1. 0. 0. 0. 0. 0. 1. 0. 0. 0. 0. 0. 0. 0. 0. 0. 0. 0. 0. 1. 0. 0. 0. 0. 0. 0. 0.],3.0,1000,100,0.01,0.003,1,2,idID,,first,single_objective
421,0.0927601956046874,0.39886884110015586,0.004154007806000001,[0.       0.       0.       0.       0.59999  0.       0.       0.       0.       0.       0.200045 0.       0.       0.       0.       0.       0.       0.       0.       0.       0.       0.       0.       0.199965 0.       0.       0.       0.       0.       0.       0.      ],[0. 0. 0. 0. 1. 0. 0. 0. 0. 0. 1. 0. 0. 0. 0. 0. 0. 0. 0. 0. 0. 0. 0. 1. 0. 0. 0. 0. 0. 0. 0.],3.0,1000,100,0.01,0.003,1,2,idID,,first,single_objective
422,0.0927601956046874,0.39886884110015586,0.004154007806000001,[0.       0.       0.       0.       0.59999  0.       0.       0.       0.       0.       0.200045 0.       0.       0.       0.       0.       0.       0.       0.       0.       0.       0.       0.       0.199965 0.       0.       0.       0.       0.       0.       0.      ],[0. 0. 0. 0. 1. 0. 0. 0. 0. 0. 1. 0. 0. 0. 0. 0. 0. 0. 0. 0. 0. 0. 0. 1. 0. 0. 0. 0. 0. 0. 0.],3.0,1000,100,0.01,0.003,1,2,idID,,first,single_objective
423,0.0927601956046874,0.39886884110015586,0.004154007806000001,[0.       0.       0.       0.       0.59999  0.       0.       0.       0.       0.       0.200045 0.       0.       0.       0.       0.       0.       0.       0.       0.       0.       0.       0.       0.199965 0.       0.       0.       0.       0.       0.       0.      ],[0. 0. 0. 0. 1. 0. 0. 0. 0. 0. 1. 0. 0. 0. 0. 0. 0. 0. 0. 0. 0. 0. 0. 1. 0. 0. 0. 0. 0. 0. 0.],3.0,1000,100,0.01,0.003,1,2,idID,,first,single_objective
424,0.0927601956046874,0.39886884110015586,0.004154007806000001,[0.       0.       0.       0.       0.59999  0.       0.       0.       0.       0.       0.200045 0.       0.       0.       0.       0.       0.       0.       0.       0.       0.       0.       0.       0.199965 0.       0.       0.       0.       0.       0.       0.      ],[0. 0. 0. 0. 1. 0. 0. 0. 0. 0. 1. 0. 0. 0. 0. 0. 0. 0. 0. 0. 0. 0. 0. 1. 0. 0. 0. 0. 0. 0. 0.],3.0,1000,100,0.01,0.003,1,2,idID,,first,single_objective
425,0.0927601956046874,0.39886884110015586,0.004154007806000001,[0.       0.       0.       0.       0.59999  0.       0.       0.       0.       0.       0.200045 0.       0.       0.       0.       0.       0.       0.       0.       0.       0.       0.       0.       0.199965 0.       0.       0.       0.       0.       0.       0.      ],[0. 0. 0. 0. 1. 0. 0. 0. 0. 0. 1. 0. 0. 0. 0. 0. 0. 0. 0. 0. 0. 0. 0. 1. 0. 0. 0. 0. 0. 0. 0.],3.0,1000,100,0.01,0.003,1,2,idID,,first,single_objective
426,0.0927601956046874,0.39886884110015586,0.004154007806000001,[0.       0.       0.       0.       0.59999  0.       0.       0.       0.       0.       0.200045 0.       0.       0.       0.       0.       0.       0.       0.       0.       0.       0.       0.       0.199965 0.       0.       0.       0.       0.       0.       0.      ],[0. 0. 0. 0. 1. 0. 0. 0. 0. 0. 1. 0. 0. 0. 0. 0. 0. 0. 0. 0. 0. 0. 0. 1. 0. 0. 0. 0. 0. 0. 0.],3.0,1000,100,0.01,0.003,1,2,idID,,first,single_objective
427,0.0927601956046874,0.39886884110015586,0.004154007806000001,[0.       0.       0.       0.       0.59999  0.       0.       0.       0.       0.       0.200045 0.       0.       0.       0.       0.       0.       0.       0.       0.       0.       0.       0.       0.199965 0.       0.       0.       0.       0.       0.       0.      ],[0. 0. 0. 0. 1. 0. 0. 0. 0. 0. 1. 0. 0. 0. 0. 0. 0. 0. 0. 0. 0. 0. 0. 1. 0. 0. 0. 0. 0. 0. 0.],3.0,1000,100,0.01,0.003,1,2,idID,,first,single_objective
428,0.0927601956046874,0.39886884110015586,0.004154007806000001,[0.       0.       0.       0.       0.59999  0.       0.       0.       0.       0.       0.200045 0.       0.       0.       0.       0.       0.       0.       0.       0.       0.       0.       0.       0.199965 0.       0.       0.       0.       0.       0.       0.      ],[0. 0. 0. 0. 1. 0. 0. 0. 0. 0. 1. 0. 0. 0. 0. 0. 0. 0. 0. 0. 0. 0. 0. 1. 0. 0. 0. 0. 0. 0. 0.],3.0,1000,100,0.01,0.003,1,2,idID,,first,single_objective
429,0.0927601956046874,0.39886884110015586,0.004154007806000001,[0.       0.       0.       0.       0.59999  0.       0.       0.       0.       0.       0.200045 0.       0.       0.       0.       0.       0.       0.       0.       0.       0.       0.       0.       0.199965 0.       0.       0.       0.       0.       0.       0.      ],[0. 0. 0. 0. 1. 0. 0. 0. 0. 0. 1. 0. 0. 0. 0. 0. 0. 0. 0. 0. 0. 0. 0. 1. 0. 0. 0. 0. 0. 0. 0.],3.0,1000,100,0.01,0.003,1,2,idID,,first,single_objective
430,0.0927601956046874,0.39886884110015586,0.004154007806000001,[0.       0.       0.       0.       0.59999  0.       0.       0.       0.       0.       0.200045 0.       0.       0.       0.       0.       0.       0.       0.       0.       0.       0.       0.       0.199965 0.       0.       0.       0.       0.       0.       0.      ],[0. 0. 0. 0. 1. 0. 0. 0. 0. 0. 1. 0. 0. 0. 0. 0. 0. 0. 0. 0. 0. 0. 0. 1. 0. 0. 0. 0. 0. 0. 0.],3.0,1000,100,0.01,0.003,1,2,idID,,first,single_objective
431,0.0927601956046874,0.39886884110015586,0.004154007806000001,[0.       0.       0.       0.       0.59999  0.       0.       0.       0.       0.       0.200045 0.       0.       0.       0.       0.       0.       0.       0.       0.       0.       0.       0.       0.199965 0.       0.       0.       0.       0.       0.       0.      ],[0. 0. 0. 0. 1. 0. 0. 0. 0. 0. 1. 0. 0. 0. 0. 0. 0. 0. 0. 0. 0. 0. 0. 1. 0. 0. 0. 0. 0. 0. 0.],3.0,1000,100,0.01,0.003,1,2,idID,,first,single_objective
432,0.0927601956046874,0.39886884110015586,0.004154007806000001,[0.       0.       0.       0.       0.59999  0.       0.       0.       0.       0.       0.200045 0.       0.       0.       0.       0.       0.       0.       0.       0.       0.       0.       0.       0.199965 0.       0.       0.       0.       0.       0.       0.      ],[0. 0. 0. 0. 1. 0. 0. 0. 0. 0. 1. 0. 0. 0. 0. 0. 0. 0. 0. 0. 0. 0. 0. 1. 0. 0. 0. 0. 0. 0. 0.],3.0,1000,100,0.01,0.003,1,2,idID,,first,single_objective
433,0.0927601956046874,0.39886884110015586,0.004154007806000001,[0.       0.       0.       0.       0.59999  0.       0.       0.       0.       0.       0.200045 0.       0.       0.       0.       0.       0.       0.       0.       0.       0.       0.       0.       0.199965 0.       0.       0.       0.       0.       0.       0.      ],[0. 0. 0. 0. 1. 0. 0. 0. 0. 0. 1. 0. 0. 0. 0. 0. 0. 0. 0. 0. 0. 0. 0. 1. 0. 0. 0. 0. 0. 0. 0.],3.0,1000,100,0.01,0.003,1,2,idID,,first,single_objective
434,0.0927601956046874,0.39886884110015586,0.004154007806000001,[0.       0.       0.       0.       0.59999  0.       0.       0.       0.       0.       0.200045 0.       0.       0.       0.       0.       0.       0.       0.       0.       0.       0.       0.       0.199965 0.       0.       0.       0.       0.       0.       0.      ],[0. 0. 0. 0. 1. 0. 0. 0. 0. 0. 1. 0. 0. 0. 0. 0. 0. 0. 0. 0. 0. 0. 0. 1. 0. 0. 0. 0. 0. 0. 0.],3.0,1000,100,0.01,0.003,1,2,idID,,first,single_objective
435,0.0927601956046874,0.39886884110015586,0.004154007806000001,[0.       0.       0.       0.       0.59999  0.       0.       0.       0.       0.       0.200045 0.       0.       0.       0.       0.       0.       0.       0.       0.       0.       0.       0.       0.199965 0.       0.       0.       0.       0.       0.       0.      ],[0. 0. 0. 0. 1. 0. 0. 0. 0. 0. 1. 0. 0. 0. 0. 0. 0. 0. 0. 0. 0. 0. 0. 1. 0. 0. 0. 0. 0. 0. 0.],3.0,1000,100,0.01,0.003,1,2,idID,,first,single_objective
436,0.0927601956046874,0.39886884110015586,0.004154007806000001,[0.       0.       0.       0.       0.59999  0.       0.       0.       0.       0.       0.200045 0.       0.       0.       0.       0.       0.       0.       0.       0.       0.       0.       0.       0.199965 0.       0.       0.       0.       0.       0.       0.      ],[0. 0. 0. 0. 1. 0. 0. 0. 0. 0. 1. 0. 0. 0. 0. 0. 0. 0. 0. 0. 0. 0. 0. 1. 0. 0. 0. 0. 0. 0. 0.],3.0,1000,100,0.01,0.003,1,2,idID,,first,single_objective
437,0.0927601956046874,0.39886884110015586,0.004154007806000001,[0.       0.       0.       0.       0.59999  0.       0.       0.       0.       0.       0.200045 0.       0.       0.       0.       0.       0.       0.       0.       0.       0.       0.       0.       0.199965 0.       0.       0.       0.       0.       0.       0.      ],[0. 0. 0. 0. 1. 0. 0. 0. 0. 0. 1. 0. 0. 0. 0. 0. 0. 0. 0. 0. 0. 0. 0. 1. 0. 0. 0. 0. 0. 0. 0.],3.0,1000,100,0.01,0.003,1,2,idID,,first,single_objective
438,0.0927601956046874,0.39886884110015586,0.004154007806000001,[0.       0.       0.       0.       0.59999  0.       0.       0.       0.       0.       0.200045 0.       0.       0.       0.       0.       0.       0.       0.       0.       0.       0.       0.       0.199965 0.       0.       0.       0.       0.       0.       0.      ],[0. 0. 0. 0. 1. 0. 0. 0. 0. 0. 1. 0. 0. 0. 0. 0. 0. 0. 0. 0. 0. 0. 0. 1. 0. 0. 0. 0. 0. 0. 0.],3.0,1000,100,0.01,0.003,1,2,idID,,first,single_objective
439,0.0927601956046874,0.39886884110015586,0.004154007806000001,[0.       0.       0.       0.       0.59999  0.       0.       0.       0.       0.       0.200045 0.       0.       0.       0.       0.       0.       0.       0.       0.       0.       0.       0.       0.199965 0.       0.       0.       0.       0.       0.       0.      ],[0. 0. 0. 0. 1. 0. 0. 0. 0. 0. 1. 0. 0. 0. 0. 0. 0. 0. 0. 0. 0. 0. 0. 1. 0. 0. 0. 0. 0. 0. 0.],3.0,1000,100,0.01,0.003,1,2,idID,,first,single_objective
440,0.0927601956046874,0.39886884110015586,0.004154007806000001,[0.       0.       0.       0.       0.59999  0.       0.       0.       0.       0.       0.200045 0.       0.       0.       0.       0.       0.       0.       0.       0.       0.       0.       0.       0.199965 0.       0.       0.       0.       0.       0.       0.      ],[0. 0. 0. 0. 1. 0. 0. 0. 0. 0. 1. 0. 0. 0. 0. 0. 0. 0. 0. 0. 0. 0. 0. 1. 0. 0. 0. 0. 0. 0. 0.],3.0,1000,100,0.01,0.003,1,2,idID,,first,single_objective
441,0.0927601956046874,0.39886884110015586,0.004154007806000001,[0.       0.       0.       0.       0.59999  0.       0.       0.       0.       0.       0.200045 0.       0.       0.       0.       0.       0.       0.       0.       0.       0.       0.       0.       0.199965 0.       0.       0.       0.       0.       0.       0.      ],[0. 0. 0. 0. 1. 0. 0. 0. 0. 0. 1. 0. 0. 0. 0. 0. 0. 0. 0. 0. 0. 0. 0. 1. 0. 0. 0. 0. 0. 0. 0.],3.0,1000,100,0.01,0.003,1,2,idID,,first,single_objective
442,0.0927601956046874,0.39886884110015586,0.004154007806000001,[0.       0.       0.       0.       0.59999  0.       0.       0.       0.       0.       0.200045 0.       0.       0.       0.       0.       0.       0.       0.       0.       0.       0.       0.       0.199965 0.       0.       0.       0.       0.       0.       0.      ],[0. 0. 0. 0. 1. 0. 0. 0. 0. 0. 1. 0. 0. 0. 0. 0. 0. 0. 0. 0. 0. 0. 0. 1. 0. 0. 0. 0. 0. 0. 0.],3.0,1000,100,0.01,0.003,1,2,idID,,first,single_objective
443,0.0927601956046874,0.39886884110015586,0.004154007806000001,[0.       0.       0.       0.       0.59999  0.       0.       0.       0.       0.       0.200045 0.       0.       0.       0.       0.       0.       0.       0.       0.       0.       0.       0.       0.199965 0.       0.       0.       0.       0.       0.       0.      ],[0. 0. 0. 0. 1. 0. 0. 0. 0. 0. 1. 0. 0. 0. 0. 0. 0. 0. 0. 0. 0. 0. 0. 1. 0. 0. 0. 0. 0. 0. 0.],3.0,1000,100,0.01,0.003,1,2,idID,,first,single_objective
444,0.0927601956046874,0.39886884110015586,0.004154007806000001,[0.       0.       0.       0.       0.59999  0.       0.       0.       0.       0.       0.200045 0.       0.       0.       0.       0.       0.       0.       0.       0.       0.       0.       0.       0.199965 0.       0.       0.       0.       0.       0.       0.      ],[0. 0. 0. 0. 1. 0. 0. 0. 0. 0. 1. 0. 0. 0. 0. 0. 0. 0. 0. 0. 0. 0. 0. 1. 0. 0. 0. 0. 0. 0. 0.],3.0,1000,100,0.01,0.003,1,2,idID,,first,single_objective
445,0.0927601956046874,0.39886884110015586,0.004154007806000001,[0.       0.       0.       0.       0.59999  0.       0.       0.       0.       0.       0.200045 0.       0.       0.       0.       0.       0.       0.       0.       0.       0.       0.       0.       0.199965 0.       0.       0.       0.       0.       0.       0.      ],[0. 0. 0. 0. 1. 0. 0. 0. 0. 0. 1. 0. 0. 0. 0. 0. 0. 0. 0. 0. 0. 0. 0. 1. 0. 0. 0. 0. 0. 0. 0.],3.0,1000,100,0.01,0.003,1,2,idID,,first,single_objective
446,0.0927601956046874,0.39886884110015586,0.004154007806000001,[0.       0.       0.       0.       0.59999  0.       0.       0.       0.       0.       0.200045 0.       0.       0.       0.       0.       0.       0.       0.       0.       0.       0.       0.       0.199965 0.       0.       0.       0.       0.       0.       0.      ],[0. 0. 0. 0. 1. 0. 0. 0. 0. 0. 1. 0. 0. 0. 0. 0. 0. 0. 0. 0. 0. 0. 0. 1. 0. 0. 0. 0. 0. 0. 0.],3.0,1000,100,0.01,0.003,1,2,idID,,first,single_objective
447,0.0927601956046874,0.39886884110015586,0.004154007806000001,[0.       0.       0.       0.       0.59999  0.       0.       0.       0.       0.       0.200045 0.       0.       0.       0.       0.       0.       0.       0.       0.       0.       0.       0.       0.199965 0.       0.       0.       0.       0.       0.       0.      ],[0. 0. 0. 0. 1. 0. 0. 0. 0. 0. 1. 0. 0. 0. 0. 0. 0. 0. 0. 0. 0. 0. 0. 1. 0. 0. 0. 0. 0. 0. 0.],3.0,1000,100,0.01,0.003,1,2,idID,,first,single_objective
448,0.0927601956046874,0.39886884110015586,0.004154007806000001,[0.       0.       0.       0.       0.59999  0.       0.       0.       0.       0.       0.200045 0.       0.       0.       0.       0.       0.       0.       0.       0.       0.       0.       0.       0.199965 0.       0.       0.       0.       0.       0.       0.      ],[0. 0. 0. 0. 1. 0. 0. 0. 0. 0. 1. 0. 0. 0. 0. 0. 0. 0. 0. 0. 0. 0. 0. 1. 0. 0. 0. 0. 0. 0. 0.],3.0,1000,100,0.01,0.003,1,2,idID,,first,single_objective
449,0.0927601956046874,0.39886884110015586,0.004154007806000001,[0.       0.       0.       0.       0.59999  0.       0.       0.       0.       0.       0.200045 0.       0.       0.       0.       0.       0.       0.       0.       0.       0.       0.       0.       0.199965 0.       0.       0.       0.       0.       0.       0.      ],[0. 0. 0. 0. 1. 0. 0. 0. 0. 0. 1. 0. 0. 0. 0. 0. 0. 0. 0. 0. 0. 0. 0. 1. 0. 0. 0. 0. 0. 0. 0.],3.0,1000,100,0.01,0.003,1,2,idID,,first,single_objective
450,0.0927601956046874,0.39886884110015586,0.004154007806000001,[0.       0.       0.       0.       0.59999  0.       0.       0.       0.       0.       0.200045 0.       0.       0.       0.       0.       0.       0.       0.       0.       0.       0.       0.       0.199965 0.       0.       0.       0.       0.       0.       0.      ],[0. 0. 0. 0. 1. 0. 0. 0. 0. 0. 1. 0. 0. 0. 0. 0. 0. 0. 0. 0. 0. 0. 0. 1. 0. 0. 0. 0. 0. 0. 0.],3.0,1000,100,0.01,0.003,1,2,idID,,first,single_objective
451,0.0927601956046874,0.39886884110015586,0.004154007806000001,[0.       0.       0.       0.       0.59999  0.       0.       0.       0.       0.       0.200045 0.       0.       0.       0.       0.       0.       0.       0.       0.       0.       0.       0.       0.199965 0.       0.       0.       0.       0.       0.       0.      ],[0. 0. 0. 0. 1. 0. 0. 0. 0. 0. 1. 0. 0. 0. 0. 0. 0. 0. 0. 0. 0. 0. 0. 1. 0. 0. 0. 0. 0. 0. 0.],3.0,1000,100,0.01,0.003,1,2,idID,,first,single_objective
452,0.0927601956046874,0.39886884110015586,0.004154007806000001,[0.       0.       0.       0.       0.59999  0.       0.       0.       0.       0.       0.200045 0.       0.       0.       0.       0.       0.       0.       0.       0.       0.       0.       0.       0.199965 0.       0.       0.       0.       0.       0.       0.      ],[0. 0. 0. 0. 1. 0. 0. 0. 0. 0. 1. 0. 0. 0. 0. 0. 0. 0. 0. 0. 0. 0. 0. 1. 0. 0. 0. 0. 0. 0. 0.],3.0,1000,100,0.01,0.003,1,2,idID,,first,single_objective
453,0.0927601956046874,0.39886884110015586,0.004154007806000001,[0.       0.       0.       0.       0.59999  0.       0.       0.       0.       0.       0.200045 0.       0.       0.       0.       0.       0.       0.       0.       0.       0.       0.       0.       0.199965 0.       0.       0.       0.       0.       0.       0.      ],[0. 0. 0. 0. 1. 0. 0. 0. 0. 0. 1. 0. 0. 0. 0. 0. 0. 0. 0. 0. 0. 0. 0. 1. 0. 0. 0. 0. 0. 0. 0.],3.0,1000,100,0.01,0.003,1,2,idID,,first,single_objective
454,0.0927601956046874,0.39886884110015586,0.004154007806000001,[0.       0.       0.       0.       0.59999  0.       0.       0.       0.       0.       0.200045 0.       0.       0.       0.       0.       0.       0.       0.       0.       0.       0.       0.       0.199965 0.       0.       0.       0.       0.       0.       0.      ],[0. 0. 0. 0. 1. 0. 0. 0. 0. 0. 1. 0. 0. 0. 0. 0. 0. 0. 0. 0. 0. 0. 0. 1. 0. 0. 0. 0. 0. 0. 0.],3.0,1000,100,0.01,0.003,1,2,idID,,first,single_objective
455,0.0927601956046874,0.39886884110015586,0.004154007806000001,[0.       0.       0.       0.       0.59999  0.       0.       0.       0.       0.       0.200045 0.       0.       0.       0.       0.       0.       0.       0.       0.       0.       0.       0.       0.199965 0.       0.       0.       0.       0.       0.       0.      ],[0. 0. 0. 0. 1. 0. 0. 0. 0. 0. 1. 0. 0. 0. 0. 0. 0. 0. 0. 0. 0. 0. 0. 1. 0. 0. 0. 0. 0. 0. 0.],3.0,1000,100,0.01,0.003,1,2,idID,,first,single_objective
456,0.0927601956046874,0.39886884110015586,0.004154007806000001,[0.       0.       0.       0.       0.59999  0.       0.       0.       0.       0.       0.200045 0.       0.       0.       0.       0.       0.       0.       0.       0.       0.       0.       0.       0.199965 0.       0.       0.       0.       0.       0.       0.      ],[0. 0. 0. 0. 1. 0. 0. 0. 0. 0. 1. 0. 0. 0. 0. 0. 0. 0. 0. 0. 0. 0. 0. 1. 0. 0. 0. 0. 0. 0. 0.],3.0,1000,100,0.01,0.003,1,2,idID,,first,single_objective
457,0.0927601956046874,0.39886884110015586,0.004154007806000001,[0.       0.       0.       0.       0.59999  0.       0.       0.       0.       0.       0.200045 0.       0.       0.       0.       0.       0.       0.       0.       0.       0.       0.       0.       0.199965 0.       0.       0.       0.       0.       0.       0.      ],[0. 0. 0. 0. 1. 0. 0. 0. 0. 0. 1. 0. 0. 0. 0. 0. 0. 0. 0. 0. 0. 0. 0. 1. 0. 0. 0. 0. 0. 0. 0.],3.0,1000,100,0.01,0.003,1,2,idID,,first,single_objective
458,0.0927601956046874,0.39886884110015586,0.004154007806000001,[0.       0.       0.       0.       0.59999  0.       0.       0.       0.       0.       0.200045 0.       0.       0.       0.       0.       0.       0.       0.       0.       0.       0.       0.       0.199965 0.       0.       0.       0.       0.       0.       0.      ],[0. 0. 0. 0. 1. 0. 0. 0. 0. 0. 1. 0. 0. 0. 0. 0. 0. 0. 0. 0. 0. 0. 0. 1. 0. 0. 0. 0. 0. 0. 0.],3.0,1000,100,0.01,0.003,1,2,idID,,first,single_objective
459,0.0927601956046874,0.39886884110015586,0.004154007806000001,[0.       0.       0.       0.       0.59999  0.       0.       0.       0.       0.       0.200045 0.       0.       0.       0.       0.       0.       0.       0.       0.       0.       0.       0.       0.199965 0.       0.       0.       0.       0.       0.       0.      ],[0. 0. 0. 0. 1. 0. 0. 0. 0. 0. 1. 0. 0. 0. 0. 0. 0. 0. 0. 0. 0. 0. 0. 1. 0. 0. 0. 0. 0. 0. 0.],3.0,1000,100,0.01,0.003,1,2,idID,,first,single_objective
460,0.0927601956046874,0.39886884110015586,0.004154007806000001,[0.       0.       0.       0.       0.59999  0.       0.       0.       0.       0.       0.200045 0.       0.       0.       0.       0.       0.       0.       0.       0.       0.       0.       0.       0.199965 0.       0.       0.       0.       0.       0.       0.      ],[0. 0. 0. 0. 1. 0. 0. 0. 0. 0. 1. 0. 0. 0. 0. 0. 0. 0. 0. 0. 0. 0. 0. 1. 0. 0. 0. 0. 0. 0. 0.],3.0,1000,100,0.01,0.003,1,2,idID,,first,single_objective
461,0.0927601956046874,0.39886884110015586,0.004154007806000001,[0.       0.       0.       0.       0.59999  0.       0.       0.       0.       0.       0.200045 0.       0.       0.       0.       0.       0.       0.       0.       0.       0.       0.       0.       0.199965 0.       0.       0.       0.       0.       0.       0.      ],[0. 0. 0. 0. 1. 0. 0. 0. 0. 0. 1. 0. 0. 0. 0. 0. 0. 0. 0. 0. 0. 0. 0. 1. 0. 0. 0. 0. 0. 0. 0.],3.0,1000,100,0.01,0.003,1,2,idID,,first,single_objective
462,0.0927601956046874,0.39886884110015586,0.004154007806000001,[0.       0.       0.       0.       0.59999  0.       0.       0.       0.       0.       0.200045 0.       0.       0.       0.       0.       0.       0.       0.       0.       0.       0.       0.       0.199965 0.       0.       0.       0.       0.       0.       0.      ],[0. 0. 0. 0. 1. 0. 0. 0. 0. 0. 1. 0. 0. 0. 0. 0. 0. 0. 0. 0. 0. 0. 0. 1. 0. 0. 0. 0. 0. 0. 0.],3.0,1000,100,0.01,0.003,1,2,idID,,first,single_objective
463,0.0927601956046874,0.39886884110015586,0.004154007806000001,[0.       0.       0.       0.       0.59999  0.       0.       0.       0.       0.       0.200045 0.       0.       0.       0.       0.       0.       0.       0.       0.       0.       0.       0.       0.199965 0.       0.       0.       0.       0.       0.       0.      ],[0. 0. 0. 0. 1. 0. 0. 0. 0. 0. 1. 0. 0. 0. 0. 0. 0. 0. 0. 0. 0. 0. 0. 1. 0. 0. 0. 0. 0. 0. 0.],3.0,1000,100,0.01,0.003,1,2,idID,,first,single_objective
464,0.0927601956046874,0.39886884110015586,0.004154007806000001,[0.       0.       0.       0.       0.59999  0.       0.       0.       0.       0.       0.200045 0.       0.       0.       0.       0.       0.       0.       0.       0.       0.       0.       0.       0.199965 0.       0.       0.       0.       0.       0.       0.      ],[0. 0. 0. 0. 1. 0. 0. 0. 0. 0. 1. 0. 0. 0. 0. 0. 0. 0. 0. 0. 0. 0. 0. 1. 0. 0. 0. 0. 0. 0. 0.],3.0,1000,100,0.01,0.003,1,2,idID,,first,single_objective
465,0.0927601956046874,0.39886884110015586,0.004154007806000001,[0.       0.       0.       0.       0.59999  0.       0.       0.       0.       0.       0.200045 0.       0.       0.       0.       0.       0.       0.       0.       0.       0.       0.       0.       0.199965 0.       0.       0.       0.       0.       0.       0.      ],[0. 0. 0. 0. 1. 0. 0. 0. 0. 0. 1. 0. 0. 0. 0. 0. 0. 0. 0. 0. 0. 0. 0. 1. 0. 0. 0. 0. 0. 0. 0.],3.0,1000,100,0.01,0.003,1,2,idID,,first,single_objective
466,0.0927601956046874,0.39886884110015586,0.004154007806000001,[0.       0.       0.       0.       0.59999  0.       0.       0.       0.       0.       0.200045 0.       0.       0.       0.       0.       0.       0.       0.       0.       0.       0.       0.       0.199965 0.       0.       0.       0.       0.       0.       0.      ],[0. 0. 0. 0. 1. 0. 0. 0. 0. 0. 1. 0. 0. 0. 0. 0. 0. 0. 0. 0. 0. 0. 0. 1. 0. 0. 0. 0. 0. 0. 0.],3.0,1000,100,0.01,0.003,1,2,idID,,first,single_objective
467,0.0927601956046874,0.39886884110015586,0.004154007806000001,[0.       0.       0.       0.       0.59999  0.       0.       0.       0.       0.       0.200045 0.       0.       0.       0.       0.       0.       0.       0.       0.       0.       0.       0.       0.199965 0.       0.       0.       0.       0.       0.       0.      ],[0. 0. 0. 0. 1. 0. 0. 0. 0. 0. 1. 0. 0. 0. 0. 0. 0. 0. 0. 0. 0. 0. 0. 1. 0. 0. 0. 0. 0. 0. 0.],3.0,1000,100,0.01,0.003,1,2,idID,,first,single_objective
468,0.0927601956046874,0.39886884110015586,0.004154007806000001,[0.       0.       0.       0.       0.59999  0.       0.       0.       0.       0.       0.200045 0.       0.       0.       0.       0.       0.       0.       0.       0.       0.       0.       0.       0.199965 0.       0.       0.       0.       0.       0.       0.      ],[0. 0. 0. 0. 1. 0. 0. 0. 0. 0. 1. 0. 0. 0. 0. 0. 0. 0. 0. 0. 0. 0. 0. 1. 0. 0. 0. 0. 0. 0. 0.],3.0,1000,100,0.01,0.003,1,2,idID,,first,single_objective
469,0.0927601956046874,0.39886884110015586,0.004154007806000001,[0.       0.       0.       0.       0.59999  0.       0.       0.       0.       0.       0.200045 0.       0.       0.       0.       0.       0.       0.       0.       0.       0.       0.       0.       0.199965 0.       0.       0.       0.       0.       0.       0.      ],[0. 0. 0. 0. 1. 0. 0. 0. 0. 0. 1. 0. 0. 0. 0. 0. 0. 0. 0. 0. 0. 0. 0. 1. 0. 0. 0. 0. 0. 0. 0.],3.0,1000,100,0.01,0.003,1,2,idID,,first,single_objective
470,0.0927601956046874,0.39886884110015586,0.004154007806000001,[0.       0.       0.       0.       0.59999  0.       0.       0.       0.       0.       0.200045 0.       0.       0.       0.       0.       0.       0.       0.       0.       0.       0.       0.       0.199965 0.       0.       0.       0.       0.       0.       0.      ],[0. 0. 0. 0. 1. 0. 0. 0. 0. 0. 1. 0. 0. 0. 0. 0. 0. 0. 0. 0. 0. 0. 0. 1. 0. 0. 0. 0. 0. 0. 0.],3.0,1000,100,0.01,0.003,1,2,idID,,first,single_objective
471,0.0927601956046874,0.39886884110015586,0.004154007806000001,[0.       0.       0.       0.       0.59999  0.       0.       0.       0.       0.       0.200045 0.       0.       0.       0.       0.       0.       0.       0.       0.       0.       0.       0.       0.199965 0.       0.       0.       0.       0.       0.       0.      ],[0. 0. 0. 0. 1. 0. 0. 0. 0. 0. 1. 0. 0. 0. 0. 0. 0. 0. 0. 0. 0. 0. 0. 1. 0. 0. 0. 0. 0. 0. 0.],3.0,1000,100,0.01,0.003,1,2,idID,,first,single_objective
472,0.0927601956046874,0.39886884110015586,0.004154007806000001,[0.       0.       0.       0.       0.59999  0.       0.       0.       0.       0.       0.200045 0.       0.       0.       0.       0.       0.       0.       0.       0.       0.       0.       0.       0.199965 0.       0.       0.       0.       0.       0.       0.      ],[0. 0. 0. 0. 1. 0. 0. 0. 0. 0. 1. 0. 0. 0. 0. 0. 0. 0. 0. 0. 0. 0. 0. 1. 0. 0. 0. 0. 0. 0. 0.],3.0,1000,100,0.01,0.003,1,2,idID,,first,single_objective
473,0.0927601956046874,0.39886884110015586,0.004154007806000001,[0.       0.       0.       0.       0.59999  0.       0.       0.       0.       0.       0.200045 0.       0.       0.       0.       0.       0.       0.       0.       0.       0.       0.       0.       0.199965 0.       0.       0.       0.       0.       0.       0.      ],[0. 0. 0. 0. 1. 0. 0. 0. 0. 0. 1. 0. 0. 0. 0. 0. 0. 0. 0. 0. 0. 0. 0. 1. 0. 0. 0. 0. 0. 0. 0.],3.0,1000,100,0.01,0.003,1,2,idID,,first,single_objective
474,0.0927601956046874,0.39886884110015586,0.004154007806000001,[0.       0.       0.       0.       0.59999  0.       0.       0.       0.       0.       0.200045 0.       0.       0.       0.       0.       0.       0.       0.       0.       0.       0.       0.       0.199965 0.       0.       0.       0.       0.       0.       0.      ],[0. 0. 0. 0. 1. 0. 0. 0. 0. 0. 1. 0. 0. 0. 0. 0. 0. 0. 0. 0. 0. 0. 0. 1. 0. 0. 0. 0. 0. 0. 0.],3.0,1000,100,0.01,0.003,1,2,idID,,first,single_objective
475,0.0927601956046874,0.39886884110015586,0.004154007806000001,[0.       0.       0.       0.       0.59999  0.       0.       0.       0.       0.       0.200045 0.       0.       0.       0.       0.       0.       0.       0.       0.       0.       0.       0.       0.199965 0.       0.       0.       0.       0.       0.       0.      ],[0. 0. 0. 0. 1. 0. 0. 0. 0. 0. 1. 0. 0. 0. 0. 0. 0. 0. 0. 0. 0. 0. 0. 1. 0. 0. 0. 0. 0. 0. 0.],3.0,1000,100,0.01,0.003,1,2,idID,,first,single_objective
476,0.0927601956046874,0.39886884110015586,0.004154007806000001,[0.       0.       0.       0.       0.59999  0.       0.       0.       0.       0.       0.200045 0.       0.       0.       0.       0.       0.       0.       0.       0.       0.       0.       0.       0.199965 0.       0.       0.       0.       0.       0.       0.      ],[0. 0. 0. 0. 1. 0. 0. 0. 0. 0. 1. 0. 0. 0. 0. 0. 0. 0. 0. 0. 0. 0. 0. 1. 0. 0. 0. 0. 0. 0. 0.],3.0,1000,100,0.01,0.003,1,2,idID,,first,single_objective
477,0.0927601956046874,0.39886884110015586,0.004154007806000001,[0.       0.       0.       0.       0.59999  0.       0.       0.       0.       0.       0.200045 0.       0.       0.       0.       0.       0.       0.       0.       0.       0.       0.       0.       0.199965 0.       0.       0.       0.       0.       0.       0.      ],[0. 0. 0. 0. 1. 0. 0. 0. 0. 0. 1. 0. 0. 0. 0. 0. 0. 0. 0. 0. 0. 0. 0. 1. 0. 0. 0. 0. 0. 0. 0.],3.0,1000,100,0.01,0.003,1,2,idID,,first,single_objective
478,0.0927601956046874,0.39886884110015586,0.004154007806000001,[0.       0.       0.       0.       0.59999  0.       0.       0.       0.       0.       0.200045 0.       0.       0.       0.       0.       0.       0.       0.       0.       0.       0.       0.       0.199965 0.       0.       0.       0.       0.       0.       0.      ],[0. 0. 0. 0. 1. 0. 0. 0. 0. 0. 1. 0. 0. 0. 0. 0. 0. 0. 0. 0. 0. 0. 0. 1. 0. 0. 0. 0. 0. 0. 0.],3.0,1000,100,0.01,0.003,1,2,idID,,first,single_objective
479,0.0927601956046874,0.39886884110015586,0.004154007806000001,[0.       0.       0.       0.       0.59999  0.       0.       0.       0.       0.       0.200045 0.       0.       0.       0.       0.       0.       0.       0.       0.       0.       0.       0.       0.199965 0.       0.       0.       0.       0.       0.       0.      ],[0. 0. 0. 0. 1. 0. 0. 0. 0. 0. 1. 0. 0. 0. 0. 0. 0. 0. 0. 0. 0. 0. 0. 1. 0. 0. 0. 0. 0. 0. 0.],3.0,1000,100,0.01,0.003,1,2,idID,,first,single_objective
480,0.0927601956046874,0.39886884110015586,0.004154007806000001,[0.       0.       0.       0.       0.59999  0.       0.       0.       0.       0.       0.200045 0.       0.       0.       0.       0.       0.       0.       0.       0.       0.       0.       0.       0.199965 0.       0.       0.       0.       0.       0.       0.      ],[0. 0. 0. 0. 1. 0. 0. 0. 0. 0. 1. 0. 0. 0. 0. 0. 0. 0. 0. 0. 0. 0. 0. 1. 0. 0. 0. 0. 0. 0. 0.],3.0,1000,100,0.01,0.003,1,2,idID,,first,single_objective
481,0.0927601956046874,0.39886884110015586,0.004154007806000001,[0.       0.       0.       0.       0.59999  0.       0.       0.       0.       0.       0.200045 0.       0.       0.       0.       0.       0.       0.       0.       0.       0.       0.       0.       0.199965 0.       0.       0.       0.       0.       0.       0.      ],[0. 0. 0. 0. 1. 0. 0. 0. 0. 0. 1. 0. 0. 0. 0. 0. 0. 0. 0. 0. 0. 0. 0. 1. 0. 0. 0. 0. 0. 0. 0.],3.0,1000,100,0.01,0.003,1,2,idID,,first,single_objective
482,0.0927601956046874,0.39886884110015586,0.004154007806000001,[0.       0.       0.       0.       0.59999  0.       0.       0.       0.       0.       0.200045 0.       0.       0.       0.       0.       0.       0.       0.       0.       0.       0.       0.       0.199965 0.       0.       0.       0.       0.       0.       0.      ],[0. 0. 0. 0. 1. 0. 0. 0. 0. 0. 1. 0. 0. 0. 0. 0. 0. 0. 0. 0. 0. 0. 0. 1. 0. 0. 0. 0. 0. 0. 0.],3.0,1000,100,0.01,0.003,1,2,idID,,first,single_objective
483,0.0927601956046874,0.39886884110015586,0.004154007806000001,[0.       0.       0.       0.       0.59999  0.       0.       0.       0.       0.       0.200045 0.       0.       0.       0.       0.       0.       0.       0.       0.       0.       0.       0.       0.199965 0.       0.       0.       0.       0.       0.       0.      ],[0. 0. 0. 0. 1. 0. 0. 0. 0. 0. 1. 0. 0. 0. 0. 0. 0. 0. 0. 0. 0. 0. 0. 1. 0. 0. 0. 0. 0. 0. 0.],3.0,1000,100,0.01,0.003,1,2,idID,,first,single_objective
484,0.0927601956046874,0.39886884110015586,0.004154007806000001,[0.       0.       0.       0.       0.59999  0.       0.       0.       0.       0.       0.200045 0.       0.       0.       0.       0.       0.       0.       0.       0.       0.       0.       0.       0.199965 0.       0.       0.       0.       0.       0.       0.      ],[0. 0. 0. 0. 1. 0. 0. 0. 0. 0. 1. 0. 0. 0. 0. 0. 0. 0. 0. 0. 0. 0. 0. 1. 0. 0. 0. 0. 0. 0. 0.],3.0,1000,100,0.01,0.003,1,2,idID,,first,single_objective
485,0.0927601956046874,0.39886884110015586,0.004154007806000001,[0.       0.       0.       0.       0.59999  0.       0.       0.       0.       0.       0.200045 0.       0.       0.       0.       0.       0.       0.       0.       0.       0.       0.       0.       0.199965 0.       0.       0.       0.       0.       0.       0.      ],[0. 0. 0. 0. 1. 0. 0. 0. 0. 0. 1. 0. 0. 0. 0. 0. 0. 0. 0. 0. 0. 0. 0. 1. 0. 0. 0. 0. 0. 0. 0.],3.0,1000,100,0.01,0.003,1,2,idID,,first,single_objective
486,0.0927601956046874,0.39886884110015586,0.004154007806000001,[0.       0.       0.       0.       0.59999  0.       0.       0.       0.       0.       0.200045 0.       0.       0.       0.       0.       0.       0.       0.       0.       0.       0.       0.       0.199965 0.       0.       0.       0.       0.       0.       0.      ],[0. 0. 0. 0. 1. 0. 0. 0. 0. 0. 1. 0. 0. 0. 0. 0. 0. 0. 0. 0. 0. 0. 0. 1. 0. 0. 0. 0. 0. 0. 0.],3.0,1000,100,0.01,0.003,1,2,idID,,first,single_objective
487,0.0927601956046874,0.39886884110015586,0.004154007806000001,[0.       0.       0.       0.       0.59999  0.       0.       0.       0.       0.       0.200045 0.       0.       0.       0.       0.       0.       0.       0.       0.       0.       0.       0.       0.199965 0.       0.       0.       0.       0.       0.       0.      ],[0. 0. 0. 0. 1. 0. 0. 0. 0. 0. 1. 0. 0. 0. 0. 0. 0. 0. 0. 0. 0. 0. 0. 1. 0. 0. 0. 0. 0. 0. 0.],3.0,1000,100,0.01,0.003,1,2,idID,,first,single_objective
488,0.0927601956046874,0.39886884110015586,0.004154007806000001,[0.       0.       0.       0.       0.59999  0.       0.       0.       0.       0.       0.200045 0.       0.       0.       0.       0.       0.       0.       0.       0.       0.       0.       0.       0.199965 0.       0.       0.       0.       0.       0.       0.      ],[0. 0. 0. 0. 1. 0. 0. 0. 0. 0. 1. 0. 0. 0. 0. 0. 0. 0. 0. 0. 0. 0. 0. 1. 0. 0. 0. 0. 0. 0. 0.],3.0,1000,100,0.01,0.003,1,2,idID,,first,single_objective
489,0.0927601956046874,0.39886884110015586,0.004154007806000001,[0.       0.       0.       0.       0.59999  0.       0.       0.       0.       0.       0.200045 0.       0.       0.       0.       0.       0.       0.       0.       0.       0.       0.       0.       0.199965 0.       0.       0.       0.       0.       0.       0.      ],[0. 0. 0. 0. 1. 0. 0. 0. 0. 0. 1. 0. 0. 0. 0. 0. 0. 0. 0. 0. 0. 0. 0. 1. 0. 0. 0. 0. 0. 0. 0.],3.0,1000,100,0.01,0.003,1,2,idID,,first,single_objective
490,0.0927601956046874,0.39886884110015586,0.004154007806000001,[0.       0.       0.       0.       0.59999  0.       0.       0.       0.       0.       0.200045 0.       0.       0.       0.       0.       0.       0.       0.       0.       0.       0.       0.       0.199965 0.       0.       0.       0.       0.       0.       0.      ],[0. 0. 0. 0. 1. 0. 0. 0. 0. 0. 1. 0. 0. 0. 0. 0. 0. 0. 0. 0. 0. 0. 0. 1. 0. 0. 0. 0. 0. 0. 0.],3.0,1000,100,0.01,0.003,1,2,idID,,first,single_objective
491,0.0927601956046874,0.39886884110015586,0.004154007806000001,[0.       0.       0.       0.       0.59999  0.       0.       0.       0.       0.       0.200045 0.       0.       0.       0.       0.       0.       0.       0.       0.       0.       0.       0.       0.199965 0.       0.       0.       0.       0.       0.       0.      ],[0. 0. 0. 0. 1. 0. 0. 0. 0. 0. 1. 0. 0. 0. 0. 0. 0. 0. 0. 0. 0. 0. 0. 1. 0. 0. 0. 0. 0. 0. 0.],3.0,1000,100,0.01,0.003,1,2,idID,,first,single_objective
492,0.0927601956046874,0.39886884110015586,0.004154007806000001,[0.       0.       0.       0.       0.59999  0.       0.       0.       0.       0.       0.200045 0.       0.       0.       0.       0.       0.       0.       0.       0.       0.       0.       0.       0.199965 0.       0.       0.       0.       0.       0.       0.      ],[0. 0. 0. 0. 1. 0. 0. 0. 0. 0. 1. 0. 0. 0. 0. 0. 0. 0. 0. 0. 0. 0. 0. 1. 0. 0. 0. 0. 0. 0. 0.],3.0,1000,100,0.01,0.003,1,2,idID,,first,single_objective
493,0.0927601956046874,0.39886884110015586,0.004154007806000001,[0.       0.       0.       0.       0.59999  0.       0.       0.       0.       0.       0.200045 0.       0.       0.       0.       0.       0.       0.       0.       0.       0.       0.       0.       0.199965 0.       0.       0.       0.       0.       0.       0.      ],[0. 0. 0. 0. 1. 0. 0. 0. 0. 0. 1. 0. 0. 0. 0. 0. 0. 0. 0. 0. 0. 0. 0. 1. 0. 0. 0. 0. 0. 0. 0.],3.0,1000,100,0.01,0.003,1,2,idID,,first,single_objective
494,0.0927601956046874,0.39886884110015586,0.004154007806000001,[0.       0.       0.       0.       0.59999  0.       0.       0.       0.       0.       0.200045 0.       0.       0.       0.       0.       0.       0.       0.       0.       0.       0.       0.       0.199965 0.       0.       0.       0.       0.       0.       0.      ],[0. 0. 0. 0. 1. 0. 0. 0. 0. 0. 1. 0. 0. 0. 0. 0. 0. 0. 0. 0. 0. 0. 0. 1. 0. 0. 0. 0. 0. 0. 0.],3.0,1000,100,0.01,0.003,1,2,idID,,first,single_objective
495,0.0927601956046874,0.39886884110015586,0.004154007806000001,[0.       0.       0.       0.       0.59999  0.       0.       0.       0.       0.       0.200045 0.       0.       0.       0.       0.       0.       0.       0.       0.       0.       0.       0.       0.199965 0.       0.       0.       0.       0.       0.       0.      ],[0. 0. 0. 0. 1. 0. 0. 0. 0. 0. 1. 0. 0. 0. 0. 0. 0. 0. 0. 0. 0. 0. 0. 1. 0. 0. 0. 0. 0. 0. 0.],3.0,1000,100,0.01,0.003,1,2,idID,,first,single_objective
496,0.0927601956046874,0.39886884110015586,0.004154007806000001,[0.       0.       0.       0.       0.59999  0.       0.       0.       0.       0.       0.200045 0.       0.       0.       0.       0.       0.       0.       0.       0.       0.       0.       0.       0.199965 0.       0.       0.       0.       0.       0.       0.      ],[0. 0. 0. 0. 1. 0. 0. 0. 0. 0. 1. 0. 0. 0. 0. 0. 0. 0. 0. 0. 0. 0. 0. 1. 0. 0. 0. 0. 0. 0. 0.],3.0,1000,100,0.01,0.003,1,2,idID,,first,single_objective
497,0.0927601956046874,0.39886884110015586,0.004154007806000001,[0.       0.       0.       0.       0.59999  0.       0.       0.       0.       0.       0.200045 0.       0.       0.       0.       0.       0.       0.       0.       0.       0.       0.       0.       0.199965 0.       0.       0.       0.       0.       0.       0.      ],[0. 0. 0. 0. 1. 0. 0. 0. 0. 0. 1. 0. 0. 0. 0. 0. 0. 0. 0. 0. 0. 0. 0. 1. 0. 0. 0. 0. 0. 0. 0.],3.0,1000,100,0.01,0.003,1,2,idID,,first,single_objective
498,0.0927601956046874,0.39886884110015586,0.004154007806000001,[0.       0.       0.       0.       0.59999  0.       0.       0.       0.       0.       0.200045 0.       0.       0.       0.       0.       0.       0.       0.       0.       0.       0.       0.       0.199965 0.       0.       0.       0.       0.       0.       0.      ],[0. 0. 0. 0. 1. 0. 0. 0. 0. 0. 1. 0. 0. 0. 0. 0. 0. 0. 0. 0. 0. 0. 0. 1. 0. 0. 0. 0. 0. 0. 0.],3.0,1000,100,0.01,0.003,1,2,idID,,first,single_objective
499,0.0927601956046874,0.39886884110015586,0.004154007806000001,[0.       0.       0.       0.       0.59999  0.       0.       0.       0.       0.       0.200045 0.       0.       0.       0.       0.       0.       0.       0.       0.       0.       0.       0.       0.199965 0.       0.       0.       0.       0.       0.       0.      ],[0. 0. 0. 0. 1. 0. 0. 0. 0. 0. 1. 0. 0. 0. 0. 0. 0. 0. 0. 0. 0. 0. 0. 1. 0. 0. 0. 0. 0. 0. 0.],3.0,1000,100,0.01,0.003,1,2,idID,,first,single_objective
500,0.0927601956046874,0.39886884110015586,0.004154007806000001,[0.       0.       0.       0.       0.59999  0.       0.       0.       0.       0.       0.200045 0.       0.       0.       0.       0.       0.       0.       0.       0.       0.       0.       0.       0.199965 0.       0.       0.       0.       0.       0.       0.      ],[0. 0. 0. 0. 1. 0. 0. 0. 0. 0. 1. 0. 0. 0. 0. 0. 0. 0. 0. 0. 0. 0. 0. 1. 0. 0. 0. 0. 0. 0. 0.],3.0,1000,100,0.01,0.003,1,2,idID,,first,single_objective
501,0.0927601956046874,0.39886884110015586,0.004154007806000001,[0.       0.       0.       0.       0.59999  0.       0.       0.       0.       0.       0.200045 0.       0.       0.       0.       0.       0.       0.       0.       0.       0.       0.       0.       0.199965 0.       0.       0.       0.       0.       0.       0.      ],[0. 0. 0. 0. 1. 0. 0. 0. 0. 0. 1. 0. 0. 0. 0. 0. 0. 0. 0. 0. 0. 0. 0. 1. 0. 0. 0. 0. 0. 0. 0.],3.0,1000,100,0.01,0.003,1,2,idID,,first,single_objective
502,0.0927601956046874,0.39886884110015586,0.004154007806000001,[0.       0.       0.       0.       0.59999  0.       0.       0.       0.       0.       0.200045 0.       0.       0.       0.       0.       0.       0.       0.       0.       0.       0.       0.       0.199965 0.       0.       0.       0.       0.       0.       0.      ],[0. 0. 0. 0. 1. 0. 0. 0. 0. 0. 1. 0. 0. 0. 0. 0. 0. 0. 0. 0. 0. 0. 0. 1. 0. 0. 0. 0. 0. 0. 0.],3.0,1000,100,0.01,0.003,1,2,idID,,first,single_objective
503,0.0927601956046874,0.39886884110015586,0.004154007806000001,[0.       0.       0.       0.       0.59999  0.       0.       0.       0.       0.       0.200045 0.       0.       0.       0.       0.       0.       0.       0.       0.       0.       0.       0.       0.199965 0.       0.       0.       0.       0.       0.       0.      ],[0. 0. 0. 0. 1. 0. 0. 0. 0. 0. 1. 0. 0. 0. 0. 0. 0. 0. 0. 0. 0. 0. 0. 1. 0. 0. 0. 0. 0. 0. 0.],3.0,1000,100,0.01,0.003,1,2,idID,,first,single_objective
504,0.0927601956046874,0.39886884110015586,0.004154007806000001,[0.       0.       0.       0.       0.59999  0.       0.       0.       0.       0.       0.200045 0.       0.       0.       0.       0.       0.       0.       0.       0.       0.       0.       0.       0.199965 0.       0.       0.       0.       0.       0.       0.      ],[0. 0. 0. 0. 1. 0. 0. 0. 0. 0. 1. 0. 0. 0. 0. 0. 0. 0. 0. 0. 0. 0. 0. 1. 0. 0. 0. 0. 0. 0. 0.],3.0,1000,100,0.01,0.003,1,2,idID,,first,single_objective
505,0.0927601956046874,0.39886884110015586,0.004154007806000001,[0.       0.       0.       0.       0.59999  0.       0.       0.       0.       0.       0.200045 0.       0.       0.       0.       0.       0.       0.       0.       0.       0.       0.       0.       0.199965 0.       0.       0.       0.       0.       0.       0.      ],[0. 0. 0. 0. 1. 0. 0. 0. 0. 0. 1. 0. 0. 0. 0. 0. 0. 0. 0. 0. 0. 0. 0. 1. 0. 0. 0. 0. 0. 0. 0.],3.0,1000,100,0.01,0.003,1,2,idID,,first,single_objective
506,0.0927601956046874,0.39886884110015586,0.004154007806000001,[0.       0.       0.       0.       0.59999  0.       0.       0.       0.       0.       0.200045 0.       0.       0.       0.       0.       0.       0.       0.       0.       0.       0.       0.       0.199965 0.       0.       0.       0.       0.       0.       0.      ],[0. 0. 0. 0. 1. 0. 0. 0. 0. 0. 1. 0. 0. 0. 0. 0. 0. 0. 0. 0. 0. 0. 0. 1. 0. 0. 0. 0. 0. 0. 0.],3.0,1000,100,0.01,0.003,1,2,idID,,first,single_objective
507,0.0927601956046874,0.39886884110015586,0.004154007806000001,[0.       0.       0.       0.       0.59999  0.       0.       0.       0.       0.       0.200045 0.       0.       0.       0.       0.       0.       0.       0.       0.       0.       0.       0.       0.199965 0.       0.       0.       0.       0.       0.       0.      ],[0. 0. 0. 0. 1. 0. 0. 0. 0. 0. 1. 0. 0. 0. 0. 0. 0. 0. 0. 0. 0. 0. 0. 1. 0. 0. 0. 0. 0. 0. 0.],3.0,1000,100,0.01,0.003,1,2,idID,,first,single_objective
508,0.0927601956046874,0.39886884110015586,0.004154007806000001,[0.       0.       0.       0.       0.59999  0.       0.       0.       0.       0.       0.200045 0.       0.       0.       0.       0.       0.       0.       0.       0.       0.       0.       0.       0.199965 0.       0.       0.       0.       0.       0.       0.      ],[0. 0. 0. 0. 1. 0. 0. 0. 0. 0. 1. 0. 0. 0. 0. 0. 0. 0. 0. 0. 0. 0. 0. 1. 0. 0. 0. 0. 0. 0. 0.],3.0,1000,100,0.01,0.003,1,2,idID,,first,single_objective
509,0.0927601956046874,0.39886884110015586,0.004154007806000001,[0.       0.       0.       0.       0.59999  0.       0.       0.       0.       0.       0.200045 0.       0.       0.       0.       0.       0.       0.       0.       0.       0.       0.       0.       0.199965 0.       0.       0.       0.       0.       0.       0.      ],[0. 0. 0. 0. 1. 0. 0. 0. 0. 0. 1. 0. 0. 0. 0. 0. 0. 0. 0. 0. 0. 0. 0. 1. 0. 0. 0. 0. 0. 0. 0.],3.0,1000,100,0.01,0.003,1,2,idID,,first,single_objective
510,0.0927601956046874,0.39886884110015586,0.004154007806000001,[0.       0.       0.       0.       0.59999  0.       0.       0.       0.       0.       0.200045 0.       0.       0.       0.       0.       0.       0.       0.       0.       0.       0.       0.       0.199965 0.       0.       0.       0.       0.       0.       0.      ],[0. 0. 0. 0. 1. 0. 0. 0. 0. 0. 1. 0. 0. 0. 0. 0. 0. 0. 0. 0. 0. 0. 0. 1. 0. 0. 0. 0. 0. 0. 0.],3.0,1000,100,0.01,0.003,1,2,idID,,first,single_objective
511,0.0927601956046874,0.39886884110015586,0.004154007806000001,[0.       0.       0.       0.       0.59999  0.       0.       0.       0.       0.       0.200045 0.       0.       0.       0.       0.       0.       0.       0.       0.       0.       0.       0.       0.199965 0.       0.       0.       0.       0.       0.       0.      ],[0. 0. 0. 0. 1. 0. 0. 0. 0. 0. 1. 0. 0. 0. 0. 0. 0. 0. 0. 0. 0. 0. 0. 1. 0. 0. 0. 0. 0. 0. 0.],3.0,1000,100,0.01,0.003,1,2,idID,,first,single_objective
512,0.0927601956046874,0.39886884110015586,0.004154007806000001,[0.       0.       0.       0.       0.59999  0.       0.       0.       0.       0.       0.200045 0.       0.       0.       0.       0.       0.       0.       0.       0.       0.       0.       0.       0.199965 0.       0.       0.       0.       0.       0.       0.      ],[0. 0. 0. 0. 1. 0. 0. 0. 0. 0. 1. 0. 0. 0. 0. 0. 0. 0. 0. 0. 0. 0. 0. 1. 0. 0. 0. 0. 0. 0. 0.],3.0,1000,100,0.01,0.003,1,2,idID,,first,single_objective
513,0.0927601956046874,0.39886884110015586,0.004154007806000001,[0.       0.       0.       0.       0.59999  0.       0.       0.       0.       0.       0.200045 0.       0.       0.       0.       0.       0.       0.       0.       0.       0.       0.       0.       0.199965 0.       0.       0.       0.       0.       0.       0.      ],[0. 0. 0. 0. 1. 0. 0. 0. 0. 0. 1. 0. 0. 0. 0. 0. 0. 0. 0. 0. 0. 0. 0. 1. 0. 0. 0. 0. 0. 0. 0.],3.0,1000,100,0.01,0.003,1,2,idID,,first,single_objective
514,0.0927601956046874,0.39886884110015586,0.004154007806000001,[0.       0.       0.       0.       0.59999  0.       0.       0.       0.       0.       0.200045 0.       0.       0.       0.       0.       0.       0.       0.       0.       0.       0.       0.       0.199965 0.       0.       0.       0.       0.       0.       0.      ],[0. 0. 0. 0. 1. 0. 0. 0. 0. 0. 1. 0. 0. 0. 0. 0. 0. 0. 0. 0. 0. 0. 0. 1. 0. 0. 0. 0. 0. 0. 0.],3.0,1000,100,0.01,0.003,1,2,idID,,first,single_objective
515,0.0927601956046874,0.39886884110015586,0.004154007806000001,[0.       0.       0.       0.       0.59999  0.       0.       0.       0.       0.       0.200045 0.       0.       0.       0.       0.       0.       0.       0.       0.       0.       0.       0.       0.199965 0.       0.       0.       0.       0.       0.       0.      ],[0. 0. 0. 0. 1. 0. 0. 0. 0. 0. 1. 0. 0. 0. 0. 0. 0. 0. 0. 0. 0. 0. 0. 1. 0. 0. 0. 0. 0. 0. 0.],3.0,1000,100,0.01,0.003,1,2,idID,,first,single_objective
516,0.0927601956046874,0.39886884110015586,0.004154007806000001,[0.       0.       0.       0.       0.59999  0.       0.       0.       0.       0.       0.200045 0.       0.       0.       0.       0.       0.       0.       0.       0.       0.       0.       0.       0.199965 0.       0.       0.       0.       0.       0.       0.      ],[0. 0. 0. 0. 1. 0. 0. 0. 0. 0. 1. 0. 0. 0. 0. 0. 0. 0. 0. 0. 0. 0. 0. 1. 0. 0. 0. 0. 0. 0. 0.],3.0,1000,100,0.01,0.003,1,2,idID,,first,single_objective
517,0.0927601956046874,0.39886884110015586,0.004154007806000001,[0.       0.       0.       0.       0.59999  0.       0.       0.       0.       0.       0.200045 0.       0.       0.       0.       0.       0.       0.       0.       0.       0.       0.       0.       0.199965 0.       0.       0.       0.       0.       0.       0.      ],[0. 0. 0. 0. 1. 0. 0. 0. 0. 0. 1. 0. 0. 0. 0. 0. 0. 0. 0. 0. 0. 0. 0. 1. 0. 0. 0. 0. 0. 0. 0.],3.0,1000,100,0.01,0.003,1,2,idID,,first,single_objective
518,0.0927601956046874,0.39886884110015586,0.004154007806000001,[0.       0.       0.       0.       0.59999  0.       0.       0.       0.       0.       0.200045 0.       0.       0.       0.       0.       0.       0.       0.       0.       0.       0.       0.       0.199965 0.       0.       0.       0.       0.       0.       0.      ],[0. 0. 0. 0. 1. 0. 0. 0. 0. 0. 1. 0. 0. 0. 0. 0. 0. 0. 0. 0. 0. 0. 0. 1. 0. 0. 0. 0. 0. 0. 0.],3.0,1000,100,0.01,0.003,1,2,idID,,first,single_objective
519,0.0927601956046874,0.39886884110015586,0.004154007806000001,[0.       0.       0.       0.       0.59999  0.       0.       0.       0.       0.       0.200045 0.       0.       0.       0.       0.       0.       0.       0.       0.       0.       0.       0.       0.199965 0.       0.       0.       0.       0.       0.       0.      ],[0. 0. 0. 0. 1. 0. 0. 0. 0. 0. 1. 0. 0. 0. 0. 0. 0. 0. 0. 0. 0. 0. 0. 1. 0. 0. 0. 0. 0. 0. 0.],3.0,1000,100,0.01,0.003,1,2,idID,,first,single_objective
520,0.0927601956046874,0.39886884110015586,0.004154007806000001,[0.       0.       0.       0.       0.59999  0.       0.       0.       0.       0.       0.200045 0.       0.       0.       0.       0.       0.       0.       0.       0.       0.       0.       0.       0.199965 0.       0.       0.       0.       0.       0.       0.      ],[0. 0. 0. 0. 1. 0. 0. 0. 0. 0. 1. 0. 0. 0. 0. 0. 0. 0. 0. 0. 0. 0. 0. 1. 0. 0. 0. 0. 0. 0. 0.],3.0,1000,100,0.01,0.003,1,2,idID,,first,single_objective
521,0.0927601956046874,0.39886884110015586,0.004154007806000001,[0.       0.       0.       0.       0.59999  0.       0.       0.       0.       0.       0.200045 0.       0.       0.       0.       0.       0.       0.       0.       0.       0.       0.       0.       0.199965 0.       0.       0.       0.       0.       0.       0.      ],[0. 0. 0. 0. 1. 0. 0. 0. 0. 0. 1. 0. 0. 0. 0. 0. 0. 0. 0. 0. 0. 0. 0. 1. 0. 0. 0. 0. 0. 0. 0.],3.0,1000,100,0.01,0.003,1,2,idID,,first,single_objective
522,0.0927601956046874,0.39886884110015586,0.004154007806000001,[0.       0.       0.       0.       0.59999  0.       0.       0.       0.       0.       0.200045 0.       0.       0.       0.       0.       0.       0.       0.       0.       0.       0.       0.       0.199965 0.       0.       0.       0.       0.       0.       0.      ],[0. 0. 0. 0. 1. 0. 0. 0. 0. 0. 1. 0. 0. 0. 0. 0. 0. 0. 0. 0. 0. 0. 0. 1. 0. 0. 0. 0. 0. 0. 0.],3.0,1000,100,0.01,0.003,1,2,idID,,first,single_objective
523,0.0927601956046874,0.39886884110015586,0.004154007806000001,[0.       0.       0.       0.       0.59999  0.       0.       0.       0.       0.       0.200045 0.       0.       0.       0.       0.       0.       0.       0.       0.       0.       0.       0.       0.199965 0.       0.       0.       0.       0.       0.       0.      ],[0. 0. 0. 0. 1. 0. 0. 0. 0. 0. 1. 0. 0. 0. 0. 0. 0. 0. 0. 0. 0. 0. 0. 1. 0. 0. 0. 0. 0. 0. 0.],3.0,1000,100,0.01,0.003,1,2,idID,,first,single_objective
524,0.0927601956046874,0.39886884110015586,0.004154007806000001,[0.       0.       0.       0.       0.59999  0.       0.       0.       0.       0.       0.200045 0.       0.       0.       0.       0.       0.       0.       0.       0.       0.       0.       0.       0.199965 0.       0.       0.       0.       0.       0.       0.      ],[0. 0. 0. 0. 1. 0. 0. 0. 0. 0. 1. 0. 0. 0. 0. 0. 0. 0. 0. 0. 0. 0. 0. 1. 0. 0. 0. 0. 0. 0. 0.],3.0,1000,100,0.01,0.003,1,2,idID,,first,single_objective
525,0.0927601956046874,0.39886884110015586,0.004154007806000001,[0.       0.       0.       0.       0.59999  0.       0.       0.       0.       0.       0.200045 0.       0.       0.       0.       0.       0.       0.       0.       0.       0.       0.       0.       0.199965 0.       0.       0.       0.       0.       0.       0.      ],[0. 0. 0. 0. 1. 0. 0. 0. 0. 0. 1. 0. 0. 0. 0. 0. 0. 0. 0. 0. 0. 0. 0. 1. 0. 0. 0. 0. 0. 0. 0.],3.0,1000,100,0.01,0.003,1,2,idID,,first,single_objective
526,0.0927601956046874,0.39886884110015586,0.004154007806000001,[0.       0.       0.       0.       0.59999  0.       0.       0.       0.       0.       0.200045 0.       0.       0.       0.       0.       0.       0.       0.       0.       0.       0.       0.       0.199965 0.       0.       0.       0.       0.       0.       0.      ],[0. 0. 0. 0. 1. 0. 0. 0. 0. 0. 1. 0. 0. 0. 0. 0. 0. 0. 0. 0. 0. 0. 0. 1. 0. 0. 0. 0. 0. 0. 0.],3.0,1000,100,0.01,0.003,1,2,idID,,first,single_objective
527,0.0927601956046874,0.39886884110015586,0.004154007806000001,[0.       0.       0.       0.       0.59999  0.       0.       0.       0.       0.       0.200045 0.       0.       0.       0.       0.       0.       0.       0.       0.       0.       0.       0.       0.199965 0.       0.       0.       0.       0.       0.       0.      ],[0. 0. 0. 0. 1. 0. 0. 0. 0. 0. 1. 0. 0. 0. 0. 0. 0. 0. 0. 0. 0. 0. 0. 1. 0. 0. 0. 0. 0. 0. 0.],3.0,1000,100,0.01,0.003,1,2,idID,,first,single_objective
528,0.0927601956046874,0.39886884110015586,0.004154007806000001,[0.       0.       0.       0.       0.59999  0.       0.       0.       0.       0.       0.200045 0.       0.       0.       0.       0.       0.       0.       0.       0.       0.       0.       0.       0.199965 0.       0.       0.       0.       0.       0.       0.      ],[0. 0. 0. 0. 1. 0. 0. 0. 0. 0. 1. 0. 0. 0. 0. 0. 0. 0. 0. 0. 0. 0. 0. 1. 0. 0. 0. 0. 0. 0. 0.],3.0,1000,100,0.01,0.003,1,2,idID,,first,single_objective
529,0.0927601956046874,0.39886884110015586,0.004154007806000001,[0.       0.       0.       0.       0.59999  0.       0.       0.       0.       0.       0.200045 0.       0.       0.       0.       0.       0.       0.       0.       0.       0.       0.       0.       0.199965 0.       0.       0.       0.       0.       0.       0.      ],[0. 0. 0. 0. 1. 0. 0. 0. 0. 0. 1. 0. 0. 0. 0. 0. 0. 0. 0. 0. 0. 0. 0. 1. 0. 0. 0. 0. 0. 0. 0.],3.0,1000,100,0.01,0.003,1,2,idID,,first,single_objective
530,0.0927601956046874,0.39886884110015586,0.004154007806000001,[0.       0.       0.       0.       0.59999  0.       0.       0.       0.       0.       0.200045 0.       0.       0.       0.       0.       0.       0.       0.       0.       0.       0.       0.       0.199965 0.       0.       0.       0.       0.       0.       0.      ],[0. 0. 0. 0. 1. 0. 0. 0. 0. 0. 1. 0. 0. 0. 0. 0. 0. 0. 0. 0. 0. 0. 0. 1. 0. 0. 0. 0. 0. 0. 0.],3.0,1000,100,0.01,0.003,1,2,idID,,first,single_objective
531,0.0927601956046874,0.39886884110015586,0.004154007806000001,[0.       0.       0.       0.       0.59999  0.       0.       0.       0.       0.       0.200045 0.       0.       0.       0.       0.       0.       0.       0.       0.       0.       0.       0.       0.199965 0.       0.       0.       0.       0.       0.       0.      ],[0. 0. 0. 0. 1. 0. 0. 0. 0. 0. 1. 0. 0. 0. 0. 0. 0. 0. 0. 0. 0. 0. 0. 1. 0. 0. 0. 0. 0. 0. 0.],3.0,1000,100,0.01,0.003,1,2,idID,,first,single_objective
532,0.0927601956046874,0.39886884110015586,0.004154007806000001,[0.       0.       0.       0.       0.59999  0.       0.       0.       0.       0.       0.200045 0.       0.       0.       0.       0.       0.       0.       0.       0.       0.       0.       0.       0.199965 0.       0.       0.       0.       0.       0.       0.      ],[0. 0. 0. 0. 1. 0. 0. 0. 0. 0. 1. 0. 0. 0. 0. 0. 0. 0. 0. 0. 0. 0. 0. 1. 0. 0. 0. 0. 0. 0. 0.],3.0,1000,100,0.01,0.003,1,2,idID,,first,single_objective
533,0.0927601956046874,0.39886884110015586,0.004154007806000001,[0.       0.       0.       0.       0.59999  0.       0.       0.       0.       0.       0.200045 0.       0.       0.       0.       0.       0.       0.       0.       0.       0.       0.       0.       0.199965 0.       0.       0.       0.       0.       0.       0.      ],[0. 0. 0. 0. 1. 0. 0. 0. 0. 0. 1. 0. 0. 0. 0. 0. 0. 0. 0. 0. 0. 0. 0. 1. 0. 0. 0. 0. 0. 0. 0.],3.0,1000,100,0.01,0.003,1,2,idID,,first,single_objective
534,0.0927601956046874,0.39886884110015586,0.004154007806000001,[0.       0.       0.       0.       0.59999  0.       0.       0.       0.       0.       0.200045 0.       0.       0.       0.       0.       0.       0.       0.       0.       0.       0.       0.       0.199965 0.       0.       0.       0.       0.       0.       0.      ],[0. 0. 0. 0. 1. 0. 0. 0. 0. 0. 1. 0. 0. 0. 0. 0. 0. 0. 0. 0. 0. 0. 0. 1. 0. 0. 0. 0. 0. 0. 0.],3.0,1000,100,0.01,0.003,1,2,idID,,first,single_objective
535,0.0927601956046874,0.39886884110015586,0.004154007806000001,[0.       0.       0.       0.       0.59999  0.       0.       0.       0.       0.       0.200045 0.       0.       0.       0.       0.       0.       0.       0.       0.       0.       0.       0.       0.199965 0.       0.       0.       0.       0.       0.       0.      ],[0. 0. 0. 0. 1. 0. 0. 0. 0. 0. 1. 0. 0. 0. 0. 0. 0. 0. 0. 0. 0. 0. 0. 1. 0. 0. 0. 0. 0. 0. 0.],3.0,1000,100,0.01,0.003,1,2,idID,,first,single_objective
536,0.0927601956046874,0.39886884110015586,0.004154007806000001,[0.       0.       0.       0.       0.59999  0.       0.       0.       0.       0.       0.200045 0.       0.       0.       0.       0.       0.       0.       0.       0.       0.       0.       0.       0.199965 0.       0.       0.       0.       0.       0.       0.      ],[0. 0. 0. 0. 1. 0. 0. 0. 0. 0. 1. 0. 0. 0. 0. 0. 0. 0. 0. 0. 0. 0. 0. 1. 0. 0. 0. 0. 0. 0. 0.],3.0,1000,100,0.01,0.003,1,2,idID,,first,single_objective
537,0.0927601956046874,0.39886884110015586,0.004154007806000001,[0.       0.       0.       0.       0.59999  0.       0.       0.       0.       0.       0.200045 0.       0.       0.       0.       0.       0.       0.       0.       0.       0.       0.       0.       0.199965 0.       0.       0.       0.       0.       0.       0.      ],[0. 0. 0. 0. 1. 0. 0. 0. 0. 0. 1. 0. 0. 0. 0. 0. 0. 0. 0. 0. 0. 0. 0. 1. 0. 0. 0. 0. 0. 0. 0.],3.0,1000,100,0.01,0.003,1,2,idID,,first,single_objective
538,0.0927601956046874,0.39886884110015586,0.004154007806000001,[0.       0.       0.       0.       0.59999  0.       0.       0.       0.       0.       0.200045 0.       0.       0.       0.       0.       0.       0.       0.       0.       0.       0.       0.       0.199965 0.       0.       0.       0.       0.       0.       0.      ],[0. 0. 0. 0. 1. 0. 0. 0. 0. 0. 1. 0. 0. 0. 0. 0. 0. 0. 0. 0. 0. 0. 0. 1. 0. 0. 0. 0. 0. 0. 0.],3.0,1000,100,0.01,0.003,1,2,idID,,first,single_objective
539,0.0927601956046874,0.39886884110015586,0.004154007806000001,[0.       0.       0.       0.       0.59999  0.       0.       0.       0.       0.       0.200045 0.       0.       0.       0.       0.       0.       0.       0.       0.       0.       0.       0.       0.199965 0.       0.       0.       0.       0.       0.       0.      ],[0. 0. 0. 0. 1. 0. 0. 0. 0. 0. 1. 0. 0. 0. 0. 0. 0. 0. 0. 0. 0. 0. 0. 1. 0. 0. 0. 0. 0. 0. 0.],3.0,1000,100,0.01,0.003,1,2,idID,,first,single_objective
540,0.0927601956046874,0.39886884110015586,0.004154007806000001,[0.       0.       0.       0.       0.59999  0.       0.       0.       0.       0.       0.200045 0.       0.       0.       0.       0.       0.       0.       0.       0.       0.       0.       0.       0.199965 0.       0.       0.       0.       0.       0.       0.      ],[0. 0. 0. 0. 1. 0. 0. 0. 0. 0. 1. 0. 0. 0. 0. 0. 0. 0. 0. 0. 0. 0. 0. 1. 0. 0. 0. 0. 0. 0. 0.],3.0,1000,100,0.01,0.003,1,2,idID,,first,single_objective
541,0.0927601956046874,0.39886884110015586,0.004154007806000001,[0.       0.       0.       0.       0.59999  0.       0.       0.       0.       0.       0.200045 0.       0.       0.       0.       0.       0.       0.       0.       0.       0.       0.       0.       0.199965 0.       0.       0.       0.       0.       0.       0.      ],[0. 0. 0. 0. 1. 0. 0. 0. 0. 0. 1. 0. 0. 0. 0. 0. 0. 0. 0. 0. 0. 0. 0. 1. 0. 0. 0. 0. 0. 0. 0.],3.0,1000,100,0.01,0.003,1,2,idID,,first,single_objective
542,0.0927601956046874,0.39886884110015586,0.004154007806000001,[0.       0.       0.       0.       0.59999  0.       0.       0.       0.       0.       0.200045 0.       0.       0.       0.       0.       0.       0.       0.       0.       0.       0.       0.       0.199965 0.       0.       0.       0.       0.       0.       0.      ],[0. 0. 0. 0. 1. 0. 0. 0. 0. 0. 1. 0. 0. 0. 0. 0. 0. 0. 0. 0. 0. 0. 0. 1. 0. 0. 0. 0. 0. 0. 0.],3.0,1000,100,0.01,0.003,1,2,idID,,first,single_objective
543,0.0927601956046874,0.39886884110015586,0.004154007806000001,[0.       0.       0.       0.       0.59999  0.       0.       0.       0.       0.       0.200045 0.       0.       0.       0.       0.       0.       0.       0.       0.       0.       0.       0.       0.199965 0.       0.       0.       0.       0.       0.       0.      ],[0. 0. 0. 0. 1. 0. 0. 0. 0. 0. 1. 0. 0. 0. 0. 0. 0. 0. 0. 0. 0. 0. 0. 1. 0. 0. 0. 0. 0. 0. 0.],3.0,1000,100,0.01,0.003,1,2,idID,,first,single_objective
544,0.0927601956046874,0.39886884110015586,0.004154007806000001,[0.       0.       0.       0.       0.59999  0.       0.       0.       0.       0.       0.200045 0.       0.       0.       0.       0.       0.       0.       0.       0.       0.       0.       0.       0.199965 0.       0.       0.       0.       0.       0.       0.      ],[0. 0. 0. 0. 1. 0. 0. 0. 0. 0. 1. 0. 0. 0. 0. 0. 0. 0. 0. 0. 0. 0. 0. 1. 0. 0. 0. 0. 0. 0. 0.],3.0,1000,100,0.01,0.003,1,2,idID,,first,single_objective
545,0.0927601956046874,0.39886884110015586,0.004154007806000001,[0.       0.       0.       0.       0.59999  0.       0.       0.       0.       0.       0.200045 0.       0.       0.       0.       0.       0.       0.       0.       0.       0.       0.       0.       0.199965 0.       0.       0.       0.       0.       0.       0.      ],[0. 0. 0. 0. 1. 0. 0. 0. 0. 0. 1. 0. 0. 0. 0. 0. 0. 0. 0. 0. 0. 0. 0. 1. 0. 0. 0. 0. 0. 0. 0.],3.0,1000,100,0.01,0.003,1,2,idID,,first,single_objective
546,0.0927601956046874,0.39886884110015586,0.004154007806000001,[0.       0.       0.       0.       0.59999  0.       0.       0.       0.       0.       0.200045 0.       0.       0.       0.       0.       0.       0.       0.       0.       0.       0.       0.       0.199965 0.       0.       0.       0.       0.       0.       0.      ],[0. 0. 0. 0. 1. 0. 0. 0. 0. 0. 1. 0. 0. 0. 0. 0. 0. 0. 0. 0. 0. 0. 0. 1. 0. 0. 0. 0. 0. 0. 0.],3.0,1000,100,0.01,0.003,1,2,idID,,first,single_objective
547,0.0927601956046874,0.39886884110015586,0.004154007806000001,[0.       0.       0.       0.       0.59999  0.       0.       0.       0.       0.       0.200045 0.       0.       0.       0.       0.       0.       0.       0.       0.       0.       0.       0.       0.199965 0.       0.       0.       0.       0.       0.       0.      ],[0. 0. 0. 0. 1. 0. 0. 0. 0. 0. 1. 0. 0. 0. 0. 0. 0. 0. 0. 0. 0. 0. 0. 1. 0. 0. 0. 0. 0. 0. 0.],3.0,1000,100,0.01,0.003,1,2,idID,,first,single_objective
548,0.0927601956046874,0.39886884110015586,0.004154007806000001,[0.       0.       0.       0.       0.59999  0.       0.       0.       0.       0.       0.200045 0.       0.       0.       0.       0.       0.       0.       0.       0.       0.       0.       0.       0.199965 0.       0.       0.       0.       0.       0.       0.      ],[0. 0. 0. 0. 1. 0. 0. 0. 0. 0. 1. 0. 0. 0. 0. 0. 0. 0. 0. 0. 0. 0. 0. 1. 0. 0. 0. 0. 0. 0. 0.],3.0,1000,100,0.01,0.003,1,2,idID,,first,single_objective
549,0.0927601956046874,0.39886884110015586,0.004154007806000001,[0.       0.       0.       0.       0.59999  0.       0.       0.       0.       0.       0.200045 0.       0.       0.       0.       0.       0.       0.       0.       0.       0.       0.       0.       0.199965 0.       0.       0.       0.       0.       0.       0.      ],[0. 0. 0. 0. 1. 0. 0. 0. 0. 0. 1. 0. 0. 0. 0. 0. 0. 0. 0. 0. 0. 0. 0. 1. 0. 0. 0. 0. 0. 0. 0.],3.0,1000,100,0.01,0.003,1,2,idID,,first,single_objective
550,0.0927601956046874,0.39886884110015586,0.004154007806000001,[0.       0.       0.       0.       0.59999  0.       0.       0.       0.       0.       0.200045 0.       0.       0.       0.       0.       0.       0.       0.       0.       0.       0.       0.       0.199965 0.       0.       0.       0.       0.       0.       0.      ],[0. 0. 0. 0. 1. 0. 0. 0. 0. 0. 1. 0. 0. 0. 0. 0. 0. 0. 0. 0. 0. 0. 0. 1. 0. 0. 0. 0. 0. 0. 0.],3.0,1000,100,0.01,0.003,1,2,idID,,first,single_objective
551,0.0927601956046874,0.39886884110015586,0.004154007806000001,[0.       0.       0.       0.       0.59999  0.       0.       0.       0.       0.       0.200045 0.       0.       0.       0.       0.       0.       0.       0.       0.       0.       0.       0.       0.199965 0.       0.       0.       0.       0.       0.       0.      ],[0. 0. 0. 0. 1. 0. 0. 0. 0. 0. 1. 0. 0. 0. 0. 0. 0. 0. 0. 0. 0. 0. 0. 1. 0. 0. 0. 0. 0. 0. 0.],3.0,1000,100,0.01,0.003,1,2,idID,,first,single_objective
552,0.0927601956046874,0.39886884110015586,0.004154007806000001,[0.       0.       0.       0.       0.59999  0.       0.       0.       0.       0.       0.200045 0.       0.       0.       0.       0.       0.       0.       0.       0.       0.       0.       0.       0.199965 0.       0.       0.       0.       0.       0.       0.      ],[0. 0. 0. 0. 1. 0. 0. 0. 0. 0. 1. 0. 0. 0. 0. 0. 0. 0. 0. 0. 0. 0. 0. 1. 0. 0. 0. 0. 0. 0. 0.],3.0,1000,100,0.01,0.003,1,2,idID,,first,single_objective
553,0.0927601956046874,0.39886884110015586,0.004154007806000001,[0.       0.       0.       0.       0.59999  0.       0.       0.       0.       0.       0.200045 0.       0.       0.       0.       0.       0.       0.       0.       0.       0.       0.       0.       0.199965 0.       0.       0.       0.       0.       0.       0.      ],[0. 0. 0. 0. 1. 0. 0. 0. 0. 0. 1. 0. 0. 0. 0. 0. 0. 0. 0. 0. 0. 0. 0. 1. 0. 0. 0. 0. 0. 0. 0.],3.0,1000,100,0.01,0.003,1,2,idID,,first,single_objective
554,0.0927601956046874,0.39886884110015586,0.004154007806000001,[0.       0.       0.       0.       0.59999  0.       0.       0.       0.       0.       0.200045 0.       0.       0.       0.       0.       0.       0.       0.       0.       0.       0.       0.       0.199965 0.       0.       0.       0.       0.       0.       0.      ],[0. 0. 0. 0. 1. 0. 0. 0. 0. 0. 1. 0. 0. 0. 0. 0. 0. 0. 0. 0. 0. 0. 0. 1. 0. 0. 0. 0. 0. 0. 0.],3.0,1000,100,0.01,0.003,1,2,idID,,first,single_objective
555,0.0927601956046874,0.39886884110015586,0.004154007806000001,[0.       0.       0.       0.       0.59999  0.       0.       0.       0.       0.       0.200045 0.       0.       0.       0.       0.       0.       0.       0.       0.       0.       0.       0.       0.199965 0.       0.       0.       0.       0.       0.       0.      ],[0. 0. 0. 0. 1. 0. 0. 0. 0. 0. 1. 0. 0. 0. 0. 0. 0. 0. 0. 0. 0. 0. 0. 1. 0. 0. 0. 0. 0. 0. 0.],3.0,1000,100,0.01,0.003,1,2,idID,,first,single_objective
556,0.0927601956046874,0.39886884110015586,0.004154007806000001,[0.       0.       0.       0.       0.59999  0.       0.       0.       0.       0.       0.200045 0.       0.       0.       0.       0.       0.       0.       0.       0.       0.       0.       0.       0.199965 0.       0.       0.       0.       0.       0.       0.      ],[0. 0. 0. 0. 1. 0. 0. 0. 0. 0. 1. 0. 0. 0. 0. 0. 0. 0. 0. 0. 0. 0. 0. 1. 0. 0. 0. 0. 0. 0. 0.],3.0,1000,100,0.01,0.003,1,2,idID,,first,single_objective
557,0.0927601956046874,0.39886884110015586,0.004154007806000001,[0.       0.       0.       0.       0.59999  0.       0.       0.       0.       0.       0.200045 0.       0.       0.       0.       0.       0.       0.       0.       0.       0.       0.       0.       0.199965 0.       0.       0.       0.       0.       0.       0.      ],[0. 0. 0. 0. 1. 0. 0. 0. 0. 0. 1. 0. 0. 0. 0. 0. 0. 0. 0. 0. 0. 0. 0. 1. 0. 0. 0. 0. 0. 0. 0.],3.0,1000,100,0.01,0.003,1,2,idID,,first,single_objective
558,0.0927601956046874,0.39886884110015586,0.004154007806000001,[0.       0.       0.       0.       0.59999  0.       0.       0.       0.       0.       0.200045 0.       0.       0.       0.       0.       0.       0.       0.       0.       0.       0.       0.       0.199965 0.       0.       0.       0.       0.       0.       0.      ],[0. 0. 0. 0. 1. 0. 0. 0. 0. 0. 1. 0. 0. 0. 0. 0. 0. 0. 0. 0. 0. 0. 0. 1. 0. 0. 0. 0. 0. 0. 0.],3.0,1000,100,0.01,0.003,1,2,idID,,first,single_objective
559,0.0927601956046874,0.39886884110015586,0.004154007806000001,[0.       0.       0.       0.       0.59999  0.       0.       0.       0.       0.       0.200045 0.       0.       0.       0.       0.       0.       0.       0.       0.       0.       0.       0.       0.199965 0.       0.       0.       0.       0.       0.       0.      ],[0. 0. 0. 0. 1. 0. 0. 0. 0. 0. 1. 0. 0. 0. 0. 0. 0. 0. 0. 0. 0. 0. 0. 1. 0. 0. 0. 0. 0. 0. 0.],3.0,1000,100,0.01,0.003,1,2,idID,,first,single_objective
560,0.0927601956046874,0.39886884110015586,0.004154007806000001,[0.       0.       0.       0.       0.59999  0.       0.       0.       0.       0.       0.200045 0.       0.       0.       0.       0.       0.       0.       0.       0.       0.       0.       0.       0.199965 0.       0.       0.       0.       0.       0.       0.      ],[0. 0. 0. 0. 1. 0. 0. 0. 0. 0. 1. 0. 0. 0. 0. 0. 0. 0. 0. 0. 0. 0. 0. 1. 0. 0. 0. 0. 0. 0. 0.],3.0,1000,100,0.01,0.003,1,2,idID,,first,single_objective
561,0.0927601956046874,0.39886884110015586,0.004154007806000001,[0.       0.       0.       0.       0.59999  0.       0.       0.       0.       0.       0.200045 0.       0.       0.       0.       0.       0.       0.       0.       0.       0.       0.       0.       0.199965 0.       0.       0.       0.       0.       0.       0.      ],[0. 0. 0. 0. 1. 0. 0. 0. 0. 0. 1. 0. 0. 0. 0. 0. 0. 0. 0. 0. 0. 0. 0. 1. 0. 0. 0. 0. 0. 0. 0.],3.0,1000,100,0.01,0.003,1,2,idID,,first,single_objective
562,0.0927601956046874,0.39886884110015586,0.004154007806000001,[0.       0.       0.       0.       0.59999  0.       0.       0.       0.       0.       0.200045 0.       0.       0.       0.       0.       0.       0.       0.       0.       0.       0.       0.       0.199965 0.       0.       0.       0.       0.       0.       0.      ],[0. 0. 0. 0. 1. 0. 0. 0. 0. 0. 1. 0. 0. 0. 0. 0. 0. 0. 0. 0. 0. 0. 0. 1. 0. 0. 0. 0. 0. 0. 0.],3.0,1000,100,0.01,0.003,1,2,idID,,first,single_objective
563,0.0927601956046874,0.39886884110015586,0.004154007806000001,[0.       0.       0.       0.       0.59999  0.       0.       0.       0.       0.       0.200045 0.       0.       0.       0.       0.       0.       0.       0.       0.       0.       0.       0.       0.199965 0.       0.       0.       0.       0.       0.       0.      ],[0. 0. 0. 0. 1. 0. 0. 0. 0. 0. 1. 0. 0. 0. 0. 0. 0. 0. 0. 0. 0. 0. 0. 1. 0. 0. 0. 0. 0. 0. 0.],3.0,1000,100,0.01,0.003,1,2,idID,,first,single_objective
564,0.0927601956046874,0.39886884110015586,0.004154007806000001,[0.       0.       0.       0.       0.59999  0.       0.       0.       0.       0.       0.200045 0.       0.       0.       0.       0.       0.       0.       0.       0.       0.       0.       0.       0.199965 0.       0.       0.       0.       0.       0.       0.      ],[0. 0. 0. 0. 1. 0. 0. 0. 0. 0. 1. 0. 0. 0. 0. 0. 0. 0. 0. 0. 0. 0. 0. 1. 0. 0. 0. 0. 0. 0. 0.],3.0,1000,100,0.01,0.003,1,2,idID,,first,single_objective
565,0.0927601956046874,0.39886884110015586,0.004154007806000001,[0.       0.       0.       0.       0.59999  0.       0.       0.       0.       0.       0.200045 0.       0.       0.       0.       0.       0.       0.       0.       0.       0.       0.       0.       0.199965 0.       0.       0.       0.       0.       0.       0.      ],[0. 0. 0. 0. 1. 0. 0. 0. 0. 0. 1. 0. 0. 0. 0. 0. 0. 0. 0. 0. 0. 0. 0. 1. 0. 0. 0. 0. 0. 0. 0.],3.0,1000,100,0.01,0.003,1,2,idID,,first,single_objective
566,0.0927601956046874,0.39886884110015586,0.004154007806000001,[0.       0.       0.       0.       0.59999  0.       0.       0.       0.       0.       0.200045 0.       0.       0.       0.       0.       0.       0.       0.       0.       0.       0.       0.       0.199965 0.       0.       0.       0.       0.       0.       0.      ],[0. 0. 0. 0. 1. 0. 0. 0. 0. 0. 1. 0. 0. 0. 0. 0. 0. 0. 0. 0. 0. 0. 0. 1. 0. 0. 0. 0. 0. 0. 0.],3.0,1000,100,0.01,0.003,1,2,idID,,first,single_objective
567,0.0927601956046874,0.39886884110015586,0.004154007806000001,[0.       0.       0.       0.       0.59999  0.       0.       0.       0.       0.       0.200045 0.       0.       0.       0.       0.       0.       0.       0.       0.       0.       0.       0.       0.199965 0.       0.       0.       0.       0.       0.       0.      ],[0. 0. 0. 0. 1. 0. 0. 0. 0. 0. 1. 0. 0. 0. 0. 0. 0. 0. 0. 0. 0. 0. 0. 1. 0. 0. 0. 0. 0. 0. 0.],3.0,1000,100,0.01,0.003,1,2,idID,,first,single_objective
568,0.0927601956046874,0.39886884110015586,0.004154007806000001,[0.       0.       0.       0.       0.59999  0.       0.       0.       0.       0.       0.200045 0.       0.       0.       0.       0.       0.       0.       0.       0.       0.       0.       0.       0.199965 0.       0.       0.       0.       0.       0.       0.      ],[0. 0. 0. 0. 1. 0. 0. 0. 0. 0. 1. 0. 0. 0. 0. 0. 0. 0. 0. 0. 0. 0. 0. 1. 0. 0. 0. 0. 0. 0. 0.],3.0,1000,100,0.01,0.003,1,2,idID,,first,single_objective
569,0.0927601956046874,0.39886884110015586,0.004154007806000001,[0.       0.       0.       0.       0.59999  0.       0.       0.       0.       0.       0.200045 0.       0.       0.       0.       0.       0.       0.       0.       0.       0.       0.       0.       0.199965 0.       0.       0.       0.       0.       0.       0.      ],[0. 0. 0. 0. 1. 0. 0. 0. 0. 0. 1. 0. 0. 0. 0. 0. 0. 0. 0. 0. 0. 0. 0. 1. 0. 0. 0. 0. 0. 0. 0.],3.0,1000,100,0.01,0.003,1,2,idID,,first,single_objective
570,0.0927601956046874,0.39886884110015586,0.004154007806000001,[0.       0.       0.       0.       0.59999  0.       0.       0.       0.       0.       0.200045 0.       0.       0.       0.       0.       0.       0.       0.       0.       0.       0.       0.       0.199965 0.       0.       0.       0.       0.       0.       0.      ],[0. 0. 0. 0. 1. 0. 0. 0. 0. 0. 1. 0. 0. 0. 0. 0. 0. 0. 0. 0. 0. 0. 0. 1. 0. 0. 0. 0. 0. 0. 0.],3.0,1000,100,0.01,0.003,1,2,idID,,first,single_objective
571,0.0927601956046874,0.39886884110015586,0.004154007806000001,[0.       0.       0.       0.       0.59999  0.       0.       0.       0.       0.       0.200045 0.       0.       0.       0.       0.       0.       0.       0.       0.       0.       0.       0.       0.199965 0.       0.       0.       0.       0.       0.       0.      ],[0. 0. 0. 0. 1. 0. 0. 0. 0. 0. 1. 0. 0. 0. 0. 0. 0. 0. 0. 0. 0. 0. 0. 1. 0. 0. 0. 0. 0. 0. 0.],3.0,1000,100,0.01,0.003,1,2,idID,,first,single_objective
572,0.0927601956046874,0.39886884110015586,0.004154007806000001,[0.       0.       0.       0.       0.59999  0.       0.       0.       0.       0.       0.200045 0.       0.       0.       0.       0.       0.       0.       0.       0.       0.       0.       0.       0.199965 0.       0.       0.       0.       0.       0.       0.      ],[0. 0. 0. 0. 1. 0. 0. 0. 0. 0. 1. 0. 0. 0. 0. 0. 0. 0. 0. 0. 0. 0. 0. 1. 0. 0. 0. 0. 0. 0. 0.],3.0,1000,100,0.01,0.003,1,2,idID,,first,single_objective
573,0.0927601956046874,0.39886884110015586,0.004154007806000001,[0.       0.       0.       0.       0.59999  0.       0.       0.       0.       0.       0.200045 0.       0.       0.       0.       0.       0.       0.       0.       0.       0.       0.       0.       0.199965 0.       0.       0.       0.       0.       0.       0.      ],[0. 0. 0. 0. 1. 0. 0. 0. 0. 0. 1. 0. 0. 0. 0. 0. 0. 0. 0. 0. 0. 0. 0. 1. 0. 0. 0. 0. 0. 0. 0.],3.0,1000,100,0.01,0.003,1,2,idID,,first,single_objective
574,0.0927601956046874,0.39886884110015586,0.004154007806000001,[0.       0.       0.       0.       0.59999  0.       0.       0.       0.       0.       0.200045 0.       0.       0.       0.       0.       0.       0.       0.       0.       0.       0.       0.       0.199965 0.       0.       0.       0.       0.       0.       0.      ],[0. 0. 0. 0. 1. 0. 0. 0. 0. 0. 1. 0. 0. 0. 0. 0. 0. 0. 0. 0. 0. 0. 0. 1. 0. 0. 0. 0. 0. 0. 0.],3.0,1000,100,0.01,0.003,1,2,idID,,first,single_objective
575,0.0927601956046874,0.39886884110015586,0.004154007806000001,[0.       0.       0.       0.       0.59999  0.       0.       0.       0.       0.       0.200045 0.       0.       0.       0.       0.       0.       0.       0.       0.       0.       0.       0.       0.199965 0.       0.       0.       0.       0.       0.       0.      ],[0. 0. 0. 0. 1. 0. 0. 0. 0. 0. 1. 0. 0. 0. 0. 0. 0. 0. 0. 0. 0. 0. 0. 1. 0. 0. 0. 0. 0. 0. 0.],3.0,1000,100,0.01,0.003,1,2,idID,,first,single_objective
576,0.0927601956046874,0.39886884110015586,0.004154007806000001,[0.       0.       0.       0.       0.59999  0.       0.       0.       0.       0.       0.200045 0.       0.       0.       0.       0.       0.       0.       0.       0.       0.       0.       0.       0.199965 0.       0.       0.       0.       0.       0.       0.      ],[0. 0. 0. 0. 1. 0. 0. 0. 0. 0. 1. 0. 0. 0. 0. 0. 0. 0. 0. 0. 0. 0. 0. 1. 0. 0. 0. 0. 0. 0. 0.],3.0,1000,100,0.01,0.003,1,2,idID,,first,single_objective
577,0.0927601956046874,0.39886884110015586,0.004154007806000001,[0.       0.       0.       0.       0.59999  0.       0.       0.       0.       0.       0.200045 0.       0.       0.       0.       0.       0.       0.       0.       0.       0.       0.       0.       0.199965 0.       0.       0.       0.       0.       0.       0.      ],[0. 0. 0. 0. 1. 0. 0. 0. 0. 0. 1. 0. 0. 0. 0. 0. 0. 0. 0. 0. 0. 0. 0. 1. 0. 0. 0. 0. 0. 0. 0.],3.0,1000,100,0.01,0.003,1,2,idID,,first,single_objective
578,0.0927601956046874,0.39886884110015586,0.004154007806000001,[0.       0.       0.       0.       0.59999  0.       0.       0.       0.       0.       0.200045 0.       0.       0.       0.       0.       0.       0.       0.       0.       0.       0.       0.       0.199965 0.       0.       0.       0.       0.       0.       0.      ],[0. 0. 0. 0. 1. 0. 0. 0. 0. 0. 1. 0. 0. 0. 0. 0. 0. 0. 0. 0. 0. 0. 0. 1. 0. 0. 0. 0. 0. 0. 0.],3.0,1000,100,0.01,0.003,1,2,idID,,first,single_objective
579,0.0927601956046874,0.39886884110015586,0.004154007806000001,[0.       0.       0.       0.       0.59999  0.       0.       0.       0.       0.       0.200045 0.       0.       0.       0.       0.       0.       0.       0.       0.       0.       0.       0.       0.199965 0.       0.       0.       0.       0.       0.       0.      ],[0. 0. 0. 0. 1. 0. 0. 0. 0. 0. 1. 0. 0. 0. 0. 0. 0. 0. 0. 0. 0. 0. 0. 1. 0. 0. 0. 0. 0. 0. 0.],3.0,1000,100,0.01,0.003,1,2,idID,,first,single_objective
580,0.0927601956046874,0.39886884110015586,0.004154007806000001,[0.       0.       0.       0.       0.59999  0.       0.       0.       0.       0.       0.200045 0.       0.       0.       0.       0.       0.       0.       0.       0.       0.       0.       0.       0.199965 0.       0.       0.       0.       0.       0.       0.      ],[0. 0. 0. 0. 1. 0. 0. 0. 0. 0. 1. 0. 0. 0. 0. 0. 0. 0. 0. 0. 0. 0. 0. 1. 0. 0. 0. 0. 0. 0. 0.],3.0,1000,100,0.01,0.003,1,2,idID,,first,single_objective
581,0.0927601956046874,0.39886884110015586,0.004154007806000001,[0.       0.       0.       0.       0.59999  0.       0.       0.       0.       0.       0.200045 0.       0.       0.       0.       0.       0.       0.       0.       0.       0.       0.       0.       0.199965 0.       0.       0.       0.       0.       0.       0.      ],[0. 0. 0. 0. 1. 0. 0. 0. 0. 0. 1. 0. 0. 0. 0. 0. 0. 0. 0. 0. 0. 0. 0. 1. 0. 0. 0. 0. 0. 0. 0.],3.0,1000,100,0.01,0.003,1,2,idID,,first,single_objective
582,0.0927601956046874,0.39886884110015586,0.004154007806000001,[0.       0.       0.       0.       0.59999  0.       0.       0.       0.       0.       0.200045 0.       0.       0.       0.       0.       0.       0.       0.       0.       0.       0.       0.       0.199965 0.       0.       0.       0.       0.       0.       0.      ],[0. 0. 0. 0. 1. 0. 0. 0. 0. 0. 1. 0. 0. 0. 0. 0. 0. 0. 0. 0. 0. 0. 0. 1. 0. 0. 0. 0. 0. 0. 0.],3.0,1000,100,0.01,0.003,1,2,idID,,first,single_objective
583,0.0927601956046874,0.39886884110015586,0.004154007806000001,[0.       0.       0.       0.       0.59999  0.       0.       0.       0.       0.       0.200045 0.       0.       0.       0.       0.       0.       0.       0.       0.       0.       0.       0.       0.199965 0.       0.       0.       0.       0.       0.       0.      ],[0. 0. 0. 0. 1. 0. 0. 0. 0. 0. 1. 0. 0. 0. 0. 0. 0. 0. 0. 0. 0. 0. 0. 1. 0. 0. 0. 0. 0. 0. 0.],3.0,1000,100,0.01,0.003,1,2,idID,,first,single_objective
584,0.0927601956046874,0.39886884110015586,0.004154007806000001,[0.       0.       0.       0.       0.59999  0.       0.       0.       0.       0.       0.200045 0.       0.       0.       0.       0.       0.       0.       0.       0.       0.       0.       0.       0.199965 0.       0.       0.       0.       0.       0.       0.      ],[0. 0. 0. 0. 1. 0. 0. 0. 0. 0. 1. 0. 0. 0. 0. 0. 0. 0. 0. 0. 0. 0. 0. 1. 0. 0. 0. 0. 0. 0. 0.],3.0,1000,100,0.01,0.003,1,2,idID,,first,single_objective
585,0.0927601956046874,0.39886884110015586,0.004154007806000001,[0.       0.       0.       0.       0.59999  0.       0.       0.       0.       0.       0.200045 0.       0.       0.       0.       0.       0.       0.       0.       0.       0.       0.       0.       0.199965 0.       0.       0.       0.       0.       0.       0.      ],[0. 0. 0. 0. 1. 0. 0. 0. 0. 0. 1. 0. 0. 0. 0. 0. 0. 0. 0. 0. 0. 0. 0. 1. 0. 0. 0. 0. 0. 0. 0.],3.0,1000,100,0.01,0.003,1,2,idID,,first,single_objective
586,0.0927601956046874,0.39886884110015586,0.004154007806000001,[0.       0.       0.       0.       0.59999  0.       0.       0.       0.       0.       0.200045 0.       0.       0.       0.       0.       0.       0.       0.       0.       0.       0.       0.       0.199965 0.       0.       0.       0.       0.       0.       0.      ],[0. 0. 0. 0. 1. 0. 0. 0. 0. 0. 1. 0. 0. 0. 0. 0. 0. 0. 0. 0. 0. 0. 0. 1. 0. 0. 0. 0. 0. 0. 0.],3.0,1000,100,0.01,0.003,1,2,idID,,first,single_objective
587,0.0927601956046874,0.39886884110015586,0.004154007806000001,[0.       0.       0.       0.       0.59999  0.       0.       0.       0.       0.       0.200045 0.       0.       0.       0.       0.       0.       0.       0.       0.       0.       0.       0.       0.199965 0.       0.       0.       0.       0.       0.       0.      ],[0. 0. 0. 0. 1. 0. 0. 0. 0. 0. 1. 0. 0. 0. 0. 0. 0. 0. 0. 0. 0. 0. 0. 1. 0. 0. 0. 0. 0. 0. 0.],3.0,1000,100,0.01,0.003,1,2,idID,,first,single_objective
588,0.0927601956046874,0.39886884110015586,0.004154007806000001,[0.       0.       0.       0.       0.59999  0.       0.       0.       0.       0.       0.200045 0.       0.       0.       0.       0.       0.       0.       0.       0.       0.       0.       0.       0.199965 0.       0.       0.       0.       0.       0.       0.      ],[0. 0. 0. 0. 1. 0. 0. 0. 0. 0. 1. 0. 0. 0. 0. 0. 0. 0. 0. 0. 0. 0. 0. 1. 0. 0. 0. 0. 0. 0. 0.],3.0,1000,100,0.01,0.003,1,2,idID,,first,single_objective
589,0.0927601956046874,0.39886884110015586,0.004154007806000001,[0.       0.       0.       0.       0.59999  0.       0.       0.       0.       0.       0.200045 0.       0.       0.       0.       0.       0.       0.       0.       0.       0.       0.       0.       0.199965 0.       0.       0.       0.       0.       0.       0.      ],[0. 0. 0. 0. 1. 0. 0. 0. 0. 0. 1. 0. 0. 0. 0. 0. 0. 0. 0. 0. 0. 0. 0. 1. 0. 0. 0. 0. 0. 0. 0.],3.0,1000,100,0.01,0.003,1,2,idID,,first,single_objective
590,0.0927601956046874,0.39886884110015586,0.004154007806000001,[0.       0.       0.       0.       0.59999  0.       0.       0.       0.       0.       0.200045 0.       0.       0.       0.       0.       0.       0.       0.       0.       0.       0.       0.       0.199965 0.       0.       0.       0.       0.       0.       0.      ],[0. 0. 0. 0. 1. 0. 0. 0. 0. 0. 1. 0. 0. 0. 0. 0. 0. 0. 0. 0. 0. 0. 0. 1. 0. 0. 0. 0. 0. 0. 0.],3.0,1000,100,0.01,0.003,1,2,idID,,first,single_objective
591,0.0927601956046874,0.39886884110015586,0.004154007806000001,[0.       0.       0.       0.       0.59999  0.       0.       0.       0.       0.       0.200045 0.       0.       0.       0.       0.       0.       0.       0.       0.       0.       0.       0.       0.199965 0.       0.       0.       0.       0.       0.       0.      ],[0. 0. 0. 0. 1. 0. 0. 0. 0. 0. 1. 0. 0. 0. 0. 0. 0. 0. 0. 0. 0. 0. 0. 1. 0. 0. 0. 0. 0. 0. 0.],3.0,1000,100,0.01,0.003,1,2,idID,,first,single_objective
592,0.0927601956046874,0.39886884110015586,0.004154007806000001,[0.       0.       0.       0.       0.59999  0.       0.       0.       0.       0.       0.200045 0.       0.       0.       0.       0.       0.       0.       0.       0.       0.       0.       0.       0.199965 0.       0.       0.       0.       0.       0.       0.      ],[0. 0. 0. 0. 1. 0. 0. 0. 0. 0. 1. 0. 0. 0. 0. 0. 0. 0. 0. 0. 0. 0. 0. 1. 0. 0. 0. 0. 0. 0. 0.],3.0,1000,100,0.01,0.003,1,2,idID,,first,single_objective
593,0.0927601956046874,0.39886884110015586,0.004154007806000001,[0.       0.       0.       0.       0.59999  0.       0.       0.       0.       0.       0.200045 0.       0.       0.       0.       0.       0.       0.       0.       0.       0.       0.       0.       0.199965 0.       0.       0.       0.       0.       0.       0.      ],[0. 0. 0. 0. 1. 0. 0. 0. 0. 0. 1. 0. 0. 0. 0. 0. 0. 0. 0. 0. 0. 0. 0. 1. 0. 0. 0. 0. 0. 0. 0.],3.0,1000,100,0.01,0.003,1,2,idID,,first,single_objective
594,0.0927601956046874,0.39886884110015586,0.004154007806000001,[0.       0.       0.       0.       0.59999  0.       0.       0.       0.       0.       0.200045 0.       0.       0.       0.       0.       0.       0.       0.       0.       0.       0.       0.       0.199965 0.       0.       0.       0.       0.       0.       0.      ],[0. 0. 0. 0. 1. 0. 0. 0. 0. 0. 1. 0. 0. 0. 0. 0. 0. 0. 0. 0. 0. 0. 0. 1. 0. 0. 0. 0. 0. 0. 0.],3.0,1000,100,0.01,0.003,1,2,idID,,first,single_objective
595,0.0927601956046874,0.39886884110015586,0.004154007806000001,[0.       0.       0.       0.       0.59999  0.       0.       0.       0.       0.       0.200045 0.       0.       0.       0.       0.       0.       0.       0.       0.       0.       0.       0.       0.199965 0.       0.       0.       0.       0.       0.       0.      ],[0. 0. 0. 0. 1. 0. 0. 0. 0. 0. 1. 0. 0. 0. 0. 0. 0. 0. 0. 0. 0. 0. 0. 1. 0. 0. 0. 0. 0. 0. 0.],3.0,1000,100,0.01,0.003,1,2,idID,,first,single_objective
596,0.0927601956046874,0.39886884110015586,0.004154007806000001,[0.       0.       0.       0.       0.59999  0.       0.       0.       0.       0.       0.200045 0.       0.       0.       0.       0.       0.       0.       0.       0.       0.       0.       0.       0.199965 0.       0.       0.       0.       0.       0.       0.      ],[0. 0. 0. 0. 1. 0. 0. 0. 0. 0. 1. 0. 0. 0. 0. 0. 0. 0. 0. 0. 0. 0. 0. 1. 0. 0. 0. 0. 0. 0. 0.],3.0,1000,100,0.01,0.003,1,2,idID,,first,single_objective
597,0.0927601956046874,0.39886884110015586,0.004154007806000001,[0.       0.       0.       0.       0.59999  0.       0.       0.       0.       0.       0.200045 0.       0.       0.       0.       0.       0.       0.       0.       0.       0.       0.       0.       0.199965 0.       0.       0.       0.       0.       0.       0.      ],[0. 0. 0. 0. 1. 0. 0. 0. 0. 0. 1. 0. 0. 0. 0. 0. 0. 0. 0. 0. 0. 0. 0. 1. 0. 0. 0. 0. 0. 0. 0.],3.0,1000,100,0.01,0.003,1,2,idID,,first,single_objective
598,0.0927601956046874,0.39886884110015586,0.004154007806000001,[0.       0.       0.       0.       0.59999  0.       0.       0.       0.       0.       0.200045 0.       0.       0.       0.       0.       0.       0.       0.       0.       0.       0.       0.       0.199965 0.       0.       0.       0.       0.       0.       0.      ],[0. 0. 0. 0. 1. 0. 0. 0. 0. 0. 1. 0. 0. 0. 0. 0. 0. 0. 0. 0. 0. 0. 0. 1. 0. 0. 0. 0. 0. 0. 0.],3.0,1000,100,0.01,0.003,1,2,idID,,first,single_objective
599,0.0927601956046874,0.39886884110015586,0.004154007806000001,[0.       0.       0.       0.       0.59999  0.       0.       0.       0.       0.       0.200045 0.       0.       0.       0.       0.       0.       0.       0.       0.       0.       0.       0.       0.199965 0.       0.       0.       0.       0.       0.       0.      ],[0. 0. 0. 0. 1. 0. 0. 0. 0. 0. 1. 0. 0. 0. 0. 0. 0. 0. 0. 0. 0. 0. 0. 1. 0. 0. 0. 0. 0. 0. 0.],3.0,1000,100,0.01,0.003,1,2,idID,,first,single_objective
600,0.0927601956046874,0.39886884110015586,0.004154007806000001,[0.       0.       0.       0.       0.59999  0.       0.       0.       0.       0.       0.200045 0.       0.       0.       0.       0.       0.       0.       0.       0.       0.       0.       0.       0.199965 0.       0.       0.       0.       0.       0.       0.      ],[0. 0. 0. 0. 1. 0. 0. 0. 0. 0. 1. 0. 0. 0. 0. 0. 0. 0. 0. 0. 0. 0. 0. 1. 0. 0. 0. 0. 0. 0. 0.],3.0,1000,100,0.01,0.003,1,2,idID,,first,single_objective
601,0.0927601956046874,0.39886884110015586,0.004154007806000001,[0.       0.       0.       0.       0.59999  0.       0.       0.       0.       0.       0.200045 0.       0.       0.       0.       0.       0.       0.       0.       0.       0.       0.       0.       0.199965 0.       0.       0.       0.       0.       0.       0.      ],[0. 0. 0. 0. 1. 0. 0. 0. 0. 0. 1. 0. 0. 0. 0. 0. 0. 0. 0. 0. 0. 0. 0. 1. 0. 0. 0. 0. 0. 0. 0.],3.0,1000,100,0.01,0.003,1,2,idID,,first,single_objective
602,0.0927601956046874,0.39886884110015586,0.004154007806000001,[0.       0.       0.       0.       0.59999  0.       0.       0.       0.       0.       0.200045 0.       0.       0.       0.       0.       0.       0.       0.       0.       0.       0.       0.       0.199965 0.       0.       0.       0.       0.       0.       0.      ],[0. 0. 0. 0. 1. 0. 0. 0. 0. 0. 1. 0. 0. 0. 0. 0. 0. 0. 0. 0. 0. 0. 0. 1. 0. 0. 0. 0. 0. 0. 0.],3.0,1000,100,0.01,0.003,1,2,idID,,first,single_objective
603,0.0927601956046874,0.39886884110015586,0.004154007806000001,[0.       0.       0.       0.       0.59999  0.       0.       0.       0.       0.       0.200045 0.       0.       0.       0.       0.       0.       0.       0.       0.       0.       0.       0.       0.199965 0.       0.       0.       0.       0.       0.       0.      ],[0. 0. 0. 0. 1. 0. 0. 0. 0. 0. 1. 0. 0. 0. 0. 0. 0. 0. 0. 0. 0. 0. 0. 1. 0. 0. 0. 0. 0. 0. 0.],3.0,1000,100,0.01,0.003,1,2,idID,,first,single_objective
604,0.0927601956046874,0.39886884110015586,0.004154007806000001,[0.       0.       0.       0.       0.59999  0.       0.       0.       0.       0.       0.200045 0.       0.       0.       0.       0.       0.       0.       0.       0.       0.       0.       0.       0.199965 0.       0.       0.       0.       0.       0.       0.      ],[0. 0. 0. 0. 1. 0. 0. 0. 0. 0. 1. 0. 0. 0. 0. 0. 0. 0. 0. 0. 0. 0. 0. 1. 0. 0. 0. 0. 0. 0. 0.],3.0,1000,100,0.01,0.003,1,2,idID,,first,single_objective
605,0.0927601956046874,0.39886884110015586,0.004154007806000001,[0.       0.       0.       0.       0.59999  0.       0.       0.       0.       0.       0.200045 0.       0.       0.       0.       0.       0.       0.       0.       0.       0.       0.       0.       0.199965 0.       0.       0.       0.       0.       0.       0.      ],[0. 0. 0. 0. 1. 0. 0. 0. 0. 0. 1. 0. 0. 0. 0. 0. 0. 0. 0. 0. 0. 0. 0. 1. 0. 0. 0. 0. 0. 0. 0.],3.0,1000,100,0.01,0.003,1,2,idID,,first,single_objective
606,0.0927601956046874,0.39886884110015586,0.004154007806000001,[0.       0.       0.       0.       0.59999  0.       0.       0.       0.       0.       0.200045 0.       0.       0.       0.       0.       0.       0.       0.       0.       0.       0.       0.       0.199965 0.       0.       0.       0.       0.       0.       0.      ],[0. 0. 0. 0. 1. 0. 0. 0. 0. 0. 1. 0. 0. 0. 0. 0. 0. 0. 0. 0. 0. 0. 0. 1. 0. 0. 0. 0. 0. 0. 0.],3.0,1000,100,0.01,0.003,1,2,idID,,first,single_objective
607,0.0927601956046874,0.39886884110015586,0.004154007806000001,[0.       0.       0.       0.       0.59999  0.       0.       0.       0.       0.       0.200045 0.       0.       0.       0.       0.       0.       0.       0.       0.       0.       0.       0.       0.199965 0.       0.       0.       0.       0.       0.       0.      ],[0. 0. 0. 0. 1. 0. 0. 0. 0. 0. 1. 0. 0. 0. 0. 0. 0. 0. 0. 0. 0. 0. 0. 1. 0. 0. 0. 0. 0. 0. 0.],3.0,1000,100,0.01,0.003,1,2,idID,,first,single_objective
608,0.0927601956046874,0.39886884110015586,0.004154007806000001,[0.       0.       0.       0.       0.59999  0.       0.       0.       0.       0.       0.200045 0.       0.       0.       0.       0.       0.       0.       0.       0.       0.       0.       0.       0.199965 0.       0.       0.       0.       0.       0.       0.      ],[0. 0. 0. 0. 1. 0. 0. 0. 0. 0. 1. 0. 0. 0. 0. 0. 0. 0. 0. 0. 0. 0. 0. 1. 0. 0. 0. 0. 0. 0. 0.],3.0,1000,100,0.01,0.003,1,2,idID,,first,single_objective
609,0.0927601956046874,0.39886884110015586,0.004154007806000001,[0.       0.       0.       0.       0.59999  0.       0.       0.       0.       0.       0.200045 0.       0.       0.       0.       0.       0.       0.       0.       0.       0.       0.       0.       0.199965 0.       0.       0.       0.       0.       0.       0.      ],[0. 0. 0. 0. 1. 0. 0. 0. 0. 0. 1. 0. 0. 0. 0. 0. 0. 0. 0. 0. 0. 0. 0. 1. 0. 0. 0. 0. 0. 0. 0.],3.0,1000,100,0.01,0.003,1,2,idID,,first,single_objective
610,0.0927601956046874,0.39886884110015586,0.004154007806000001,[0.       0.       0.       0.       0.59999  0.       0.       0.       0.       0.       0.200045 0.       0.       0.       0.       0.       0.       0.       0.       0.       0.       0.       0.       0.199965 0.       0.       0.       0.       0.       0.       0.      ],[0. 0. 0. 0. 1. 0. 0. 0. 0. 0. 1. 0. 0. 0. 0. 0. 0. 0. 0. 0. 0. 0. 0. 1. 0. 0. 0. 0. 0. 0. 0.],3.0,1000,100,0.01,0.003,1,2,idID,,first,single_objective
611,0.0927601956046874,0.39886884110015586,0.004154007806000001,[0.       0.       0.       0.       0.59999  0.       0.       0.       0.       0.       0.200045 0.       0.       0.       0.       0.       0.       0.       0.       0.       0.       0.       0.       0.199965 0.       0.       0.       0.       0.       0.       0.      ],[0. 0. 0. 0. 1. 0. 0. 0. 0. 0. 1. 0. 0. 0. 0. 0. 0. 0. 0. 0. 0. 0. 0. 1. 0. 0. 0. 0. 0. 0. 0.],3.0,1000,100,0.01,0.003,1,2,idID,,first,single_objective
612,0.0927601956046874,0.39886884110015586,0.004154007806000001,[0.       0.       0.       0.       0.59999  0.       0.       0.       0.       0.       0.200045 0.       0.       0.       0.       0.       0.       0.       0.       0.       0.       0.       0.       0.199965 0.       0.       0.       0.       0.       0.       0.      ],[0. 0. 0. 0. 1. 0. 0. 0. 0. 0. 1. 0. 0. 0. 0. 0. 0. 0. 0. 0. 0. 0. 0. 1. 0. 0. 0. 0. 0. 0. 0.],3.0,1000,100,0.01,0.003,1,2,idID,,first,single_objective
613,0.0927601956046874,0.39886884110015586,0.004154007806000001,[0.       0.       0.       0.       0.59999  0.       0.       0.       0.       0.       0.200045 0.       0.       0.       0.       0.       0.       0.       0.       0.       0.       0.       0.       0.199965 0.       0.       0.       0.       0.       0.       0.      ],[0. 0. 0. 0. 1. 0. 0. 0. 0. 0. 1. 0. 0. 0. 0. 0. 0. 0. 0. 0. 0. 0. 0. 1. 0. 0. 0. 0. 0. 0. 0.],3.0,1000,100,0.01,0.003,1,2,idID,,first,single_objective
614,0.0927601956046874,0.39886884110015586,0.004154007806000001,[0.       0.       0.       0.       0.59999  0.       0.       0.       0.       0.       0.200045 0.       0.       0.       0.       0.       0.       0.       0.       0.       0.       0.       0.       0.199965 0.       0.       0.       0.       0.       0.       0.      ],[0. 0. 0. 0. 1. 0. 0. 0. 0. 0. 1. 0. 0. 0. 0. 0. 0. 0. 0. 0. 0. 0. 0. 1. 0. 0. 0. 0. 0. 0. 0.],3.0,1000,100,0.01,0.003,1,2,idID,,first,single_objective
615,0.0927601956046874,0.39886884110015586,0.004154007806000001,[0.       0.       0.       0.       0.59999  0.       0.       0.       0.       0.       0.200045 0.       0.       0.       0.       0.       0.       0.       0.       0.       0.       0.       0.       0.199965 0.       0.       0.       0.       0.       0.       0.      ],[0. 0. 0. 0. 1. 0. 0. 0. 0. 0. 1. 0. 0. 0. 0. 0. 0. 0. 0. 0. 0. 0. 0. 1. 0. 0. 0. 0. 0. 0. 0.],3.0,1000,100,0.01,0.003,1,2,idID,,first,single_objective
616,0.0927601956046874,0.39886884110015586,0.004154007806000001,[0.       0.       0.       0.       0.59999  0.       0.       0.       0.       0.       0.200045 0.       0.       0.       0.       0.       0.       0.       0.       0.       0.       0.       0.       0.199965 0.       0.       0.       0.       0.       0.       0.      ],[0. 0. 0. 0. 1. 0. 0. 0. 0. 0. 1. 0. 0. 0. 0. 0. 0. 0. 0. 0. 0. 0. 0. 1. 0. 0. 0. 0. 0. 0. 0.],3.0,1000,100,0.01,0.003,1,2,idID,,first,single_objective
617,0.0927601956046874,0.39886884110015586,0.004154007806000001,[0.       0.       0.       0.       0.59999  0.       0.       0.       0.       0.       0.200045 0.       0.       0.       0.       0.       0.       0.       0.       0.       0.       0.       0.       0.199965 0.       0.       0.       0.       0.       0.       0.      ],[0. 0. 0. 0. 1. 0. 0. 0. 0. 0. 1. 0. 0. 0. 0. 0. 0. 0. 0. 0. 0. 0. 0. 1. 0. 0. 0. 0. 0. 0. 0.],3.0,1000,100,0.01,0.003,1,2,idID,,first,single_objective
618,0.0927601956046874,0.39886884110015586,0.004154007806000001,[0.       0.       0.       0.       0.59999  0.       0.       0.       0.       0.       0.200045 0.       0.       0.       0.       0.       0.       0.       0.       0.       0.       0.       0.       0.199965 0.       0.       0.       0.       0.       0.       0.      ],[0. 0. 0. 0. 1. 0. 0. 0. 0. 0. 1. 0. 0. 0. 0. 0. 0. 0. 0. 0. 0. 0. 0. 1. 0. 0. 0. 0. 0. 0. 0.],3.0,1000,100,0.01,0.003,1,2,idID,,first,single_objective
619,0.0927601956046874,0.39886884110015586,0.004154007806000001,[0.       0.       0.       0.       0.59999  0.       0.       0.       0.       0.       0.200045 0.       0.       0.       0.       0.       0.       0.       0.       0.       0.       0.       0.       0.199965 0.       0.       0.       0.       0.       0.       0.      ],[0. 0. 0. 0. 1. 0. 0. 0. 0. 0. 1. 0. 0. 0. 0. 0. 0. 0. 0. 0. 0. 0. 0. 1. 0. 0. 0. 0. 0. 0. 0.],3.0,1000,100,0.01,0.003,1,2,idID,,first,single_objective
620,0.0927601956046874,0.39886884110015586,0.004154007806000001,[0.       0.       0.       0.       0.59999  0.       0.       0.       0.       0.       0.200045 0.       0.       0.       0.       0.       0.       0.       0.       0.       0.       0.       0.       0.199965 0.       0.       0.       0.       0.       0.       0.      ],[0. 0. 0. 0. 1. 0. 0. 0. 0. 0. 1. 0. 0. 0. 0. 0. 0. 0. 0. 0. 0. 0. 0. 1. 0. 0. 0. 0. 0. 0. 0.],3.0,1000,100,0.01,0.003,1,2,idID,,first,single_objective
621,0.0927601956046874,0.39886884110015586,0.004154007806000001,[0.       0.       0.       0.       0.59999  0.       0.       0.       0.       0.       0.200045 0.       0.       0.       0.       0.       0.       0.       0.       0.       0.       0.       0.       0.199965 0.       0.       0.       0.       0.       0.       0.      ],[0. 0. 0. 0. 1. 0. 0. 0. 0. 0. 1. 0. 0. 0. 0. 0. 0. 0. 0. 0. 0. 0. 0. 1. 0. 0. 0. 0. 0. 0. 0.],3.0,1000,100,0.01,0.003,1,2,idID,,first,single_objective
622,0.0927601956046874,0.39886884110015586,0.004154007806000001,[0.       0.       0.       0.       0.59999  0.       0.       0.       0.       0.       0.200045 0.       0.       0.       0.       0.       0.       0.       0.       0.       0.       0.       0.       0.199965 0.       0.       0.       0.       0.       0.       0.      ],[0. 0. 0. 0. 1. 0. 0. 0. 0. 0. 1. 0. 0. 0. 0. 0. 0. 0. 0. 0. 0. 0. 0. 1. 0. 0. 0. 0. 0. 0. 0.],3.0,1000,100,0.01,0.003,1,2,idID,,first,single_objective
623,0.0927601956046874,0.39886884110015586,0.004154007806000001,[0.       0.       0.       0.       0.59999  0.       0.       0.       0.       0.       0.200045 0.       0.       0.       0.       0.       0.       0.       0.       0.       0.       0.       0.       0.199965 0.       0.       0.       0.       0.       0.       0.      ],[0. 0. 0. 0. 1. 0. 0. 0. 0. 0. 1. 0. 0. 0. 0. 0. 0. 0. 0. 0. 0. 0. 0. 1. 0. 0. 0. 0. 0. 0. 0.],3.0,1000,100,0.01,0.003,1,2,idID,,first,single_objective
624,0.0927601956046874,0.39886884110015586,0.004154007806000001,[0.       0.       0.       0.       0.59999  0.       0.       0.       0.       0.       0.200045 0.       0.       0.       0.       0.       0.       0.       0.       0.       0.       0.       0.       0.199965 0.       0.       0.       0.       0.       0.       0.      ],[0. 0. 0. 0. 1. 0. 0. 0. 0. 0. 1. 0. 0. 0. 0. 0. 0. 0. 0. 0. 0. 0. 0. 1. 0. 0. 0. 0. 0. 0. 0.],3.0,1000,100,0.01,0.003,1,2,idID,,first,single_objective
625,0.0927601956046874,0.39886884110015586,0.004154007806000001,[0.       0.       0.       0.       0.59999  0.       0.       0.       0.       0.       0.200045 0.       0.       0.       0.       0.       0.       0.       0.       0.       0.       0.       0.       0.199965 0.       0.       0.       0.       0.       0.       0.      ],[0. 0. 0. 0. 1. 0. 0. 0. 0. 0. 1. 0. 0. 0. 0. 0. 0. 0. 0. 0. 0. 0. 0. 1. 0. 0. 0. 0. 0. 0. 0.],3.0,1000,100,0.01,0.003,1,2,idID,,first,single_objective
626,0.0927601956046874,0.39886884110015586,0.004154007806000001,[0.       0.       0.       0.       0.59999  0.       0.       0.       0.       0.       0.200045 0.       0.       0.       0.       0.       0.       0.       0.       0.       0.       0.       0.       0.199965 0.       0.       0.       0.       0.       0.       0.      ],[0. 0. 0. 0. 1. 0. 0. 0. 0. 0. 1. 0. 0. 0. 0. 0. 0. 0. 0. 0. 0. 0. 0. 1. 0. 0. 0. 0. 0. 0. 0.],3.0,1000,100,0.01,0.003,1,2,idID,,first,single_objective
627,0.0927601956046874,0.39886884110015586,0.004154007806000001,[0.       0.       0.       0.       0.59999  0.       0.       0.       0.       0.       0.200045 0.       0.       0.       0.       0.       0.       0.       0.       0.       0.       0.       0.       0.199965 0.       0.       0.       0.       0.       0.       0.      ],[0. 0. 0. 0. 1. 0. 0. 0. 0. 0. 1. 0. 0. 0. 0. 0. 0. 0. 0. 0. 0. 0. 0. 1. 0. 0. 0. 0. 0. 0. 0.],3.0,1000,100,0.01,0.003,1,2,idID,,first,single_objective
628,0.0927601956046874,0.39886884110015586,0.004154007806000001,[0.       0.       0.       0.       0.59999  0.       0.       0.       0.       0.       0.200045 0.       0.       0.       0.       0.       0.       0.       0.       0.       0.       0.       0.       0.199965 0.       0.       0.       0.       0.       0.       0.      ],[0. 0. 0. 0. 1. 0. 0. 0. 0. 0. 1. 0. 0. 0. 0. 0. 0. 0. 0. 0. 0. 0. 0. 1. 0. 0. 0. 0. 0. 0. 0.],3.0,1000,100,0.01,0.003,1,2,idID,,first,single_objective
629,0.0927601956046874,0.39886884110015586,0.004154007806000001,[0.       0.       0.       0.       0.59999  0.       0.       0.       0.       0.       0.200045 0.       0.       0.       0.       0.       0.       0.       0.       0.       0.       0.       0.       0.199965 0.       0.       0.       0.       0.       0.       0.      ],[0. 0. 0. 0. 1. 0. 0. 0. 0. 0. 1. 0. 0. 0. 0. 0. 0. 0. 0. 0. 0. 0. 0. 1. 0. 0. 0. 0. 0. 0. 0.],3.0,1000,100,0.01,0.003,1,2,idID,,first,single_objective
630,0.0927601956046874,0.39886884110015586,0.004154007806000001,[0.       0.       0.       0.       0.59999  0.       0.       0.       0.       0.       0.200045 0.       0.       0.       0.       0.       0.       0.       0.       0.       0.       0.       0.       0.199965 0.       0.       0.       0.       0.       0.       0.      ],[0. 0. 0. 0. 1. 0. 0. 0. 0. 0. 1. 0. 0. 0. 0. 0. 0. 0. 0. 0. 0. 0. 0. 1. 0. 0. 0. 0. 0. 0. 0.],3.0,1000,100,0.01,0.003,1,2,idID,,first,single_objective
631,0.0927601956046874,0.39886884110015586,0.004154007806000001,[0.       0.       0.       0.       0.59999  0.       0.       0.       0.       0.       0.200045 0.       0.       0.       0.       0.       0.       0.       0.       0.       0.       0.       0.       0.199965 0.       0.       0.       0.       0.       0.       0.      ],[0. 0. 0. 0. 1. 0. 0. 0. 0. 0. 1. 0. 0. 0. 0. 0. 0. 0. 0. 0. 0. 0. 0. 1. 0. 0. 0. 0. 0. 0. 0.],3.0,1000,100,0.01,0.003,1,2,idID,,first,single_objective
632,0.0927601956046874,0.39886884110015586,0.004154007806000001,[0.       0.       0.       0.       0.59999  0.       0.       0.       0.       0.       0.200045 0.       0.       0.       0.       0.       0.       0.       0.       0.       0.       0.       0.       0.199965 0.       0.       0.       0.       0.       0.       0.      ],[0. 0. 0. 0. 1. 0. 0. 0. 0. 0. 1. 0. 0. 0. 0. 0. 0. 0. 0. 0. 0. 0. 0. 1. 0. 0. 0. 0. 0. 0. 0.],3.0,1000,100,0.01,0.003,1,2,idID,,first,single_objective
633,0.0927601956046874,0.39886884110015586,0.004154007806000001,[0.       0.       0.       0.       0.59999  0.       0.       0.       0.       0.       0.200045 0.       0.       0.       0.       0.       0.       0.       0.       0.       0.       0.       0.       0.199965 0.       0.       0.       0.       0.       0.       0.      ],[0. 0. 0. 0. 1. 0. 0. 0. 0. 0. 1. 0. 0. 0. 0. 0. 0. 0. 0. 0. 0. 0. 0. 1. 0. 0. 0. 0. 0. 0. 0.],3.0,1000,100,0.01,0.003,1,2,idID,,first,single_objective
634,0.0927601956046874,0.39886884110015586,0.004154007806000001,[0.       0.       0.       0.       0.59999  0.       0.       0.       0.       0.       0.200045 0.       0.       0.       0.       0.       0.       0.       0.       0.       0.       0.       0.       0.199965 0.       0.       0.       0.       0.       0.       0.      ],[0. 0. 0. 0. 1. 0. 0. 0. 0. 0. 1. 0. 0. 0. 0. 0. 0. 0. 0. 0. 0. 0. 0. 1. 0. 0. 0. 0. 0. 0. 0.],3.0,1000,100,0.01,0.003,1,2,idID,,first,single_objective
635,0.0927601956046874,0.39886884110015586,0.004154007806000001,[0.       0.       0.       0.       0.59999  0.       0.       0.       0.       0.       0.200045 0.       0.       0.       0.       0.       0.       0.       0.       0.       0.       0.       0.       0.199965 0.       0.       0.       0.       0.       0.       0.      ],[0. 0. 0. 0. 1. 0. 0. 0. 0. 0. 1. 0. 0. 0. 0. 0. 0. 0. 0. 0. 0. 0. 0. 1. 0. 0. 0. 0. 0. 0. 0.],3.0,1000,100,0.01,0.003,1,2,idID,,first,single_objective
636,0.0927601956046874,0.39886884110015586,0.004154007806000001,[0.       0.       0.       0.       0.59999  0.       0.       0.       0.       0.       0.200045 0.       0.       0.       0.       0.       0.       0.       0.       0.       0.       0.       0.       0.199965 0.       0.       0.       0.       0.       0.       0.      ],[0. 0. 0. 0. 1. 0. 0. 0. 0. 0. 1. 0. 0. 0. 0. 0. 0. 0. 0. 0. 0. 0. 0. 1. 0. 0. 0. 0. 0. 0. 0.],3.0,1000,100,0.01,0.003,1,2,idID,,first,single_objective
637,0.0927601956046874,0.39886884110015586,0.004154007806000001,[0.       0.       0.       0.       0.59999  0.       0.       0.       0.       0.       0.200045 0.       0.       0.       0.       0.       0.       0.       0.       0.       0.       0.       0.       0.199965 0.       0.       0.       0.       0.       0.       0.      ],[0. 0. 0. 0. 1. 0. 0. 0. 0. 0. 1. 0. 0. 0. 0. 0. 0. 0. 0. 0. 0. 0. 0. 1. 0. 0. 0. 0. 0. 0. 0.],3.0,1000,100,0.01,0.003,1,2,idID,,first,single_objective
638,0.0927601956046874,0.39886884110015586,0.004154007806000001,[0.       0.       0.       0.       0.59999  0.       0.       0.       0.       0.       0.200045 0.       0.       0.       0.       0.       0.       0.       0.       0.       0.       0.       0.       0.199965 0.       0.       0.       0.       0.       0.       0.      ],[0. 0. 0. 0. 1. 0. 0. 0. 0. 0. 1. 0. 0. 0. 0. 0. 0. 0. 0. 0. 0. 0. 0. 1. 0. 0. 0. 0. 0. 0. 0.],3.0,1000,100,0.01,0.003,1,2,idID,,first,single_objective
639,0.0927601956046874,0.39886884110015586,0.004154007806000001,[0.       0.       0.       0.       0.59999  0.       0.       0.       0.       0.       0.200045 0.       0.       0.       0.       0.       0.       0.       0.       0.       0.       0.       0.       0.199965 0.       0.       0.       0.       0.       0.       0.      ],[0. 0. 0. 0. 1. 0. 0. 0. 0. 0. 1. 0. 0. 0. 0. 0. 0. 0. 0. 0. 0. 0. 0. 1. 0. 0. 0. 0. 0. 0. 0.],3.0,1000,100,0.01,0.003,1,2,idID,,first,single_objective
640,0.0927601956046874,0.39886884110015586,0.004154007806000001,[0.       0.       0.       0.       0.59999  0.       0.       0.       0.       0.       0.200045 0.       0.       0.       0.       0.       0.       0.       0.       0.       0.       0.       0.       0.199965 0.       0.       0.       0.       0.       0.       0.      ],[0. 0. 0. 0. 1. 0. 0. 0. 0. 0. 1. 0. 0. 0. 0. 0. 0. 0. 0. 0. 0. 0. 0. 1. 0. 0. 0. 0. 0. 0. 0.],3.0,1000,100,0.01,0.003,1,2,idID,,first,single_objective
641,0.0927601956046874,0.39886884110015586,0.004154007806000001,[0.       0.       0.       0.       0.59999  0.       0.       0.       0.       0.       0.200045 0.       0.       0.       0.       0.       0.       0.       0.       0.       0.       0.       0.       0.199965 0.       0.       0.       0.       0.       0.       0.      ],[0. 0. 0. 0. 1. 0. 0. 0. 0. 0. 1. 0. 0. 0. 0. 0. 0. 0. 0. 0. 0. 0. 0. 1. 0. 0. 0. 0. 0. 0. 0.],3.0,1000,100,0.01,0.003,1,2,idID,,first,single_objective
642,0.0927601956046874,0.39886884110015586,0.004154007806000001,[0.       0.       0.       0.       0.59999  0.       0.       0.       0.       0.       0.200045 0.       0.       0.       0.       0.       0.       0.       0.       0.       0.       0.       0.       0.199965 0.       0.       0.       0.       0.       0.       0.      ],[0. 0. 0. 0. 1. 0. 0. 0. 0. 0. 1. 0. 0. 0. 0. 0. 0. 0. 0. 0. 0. 0. 0. 1. 0. 0. 0. 0. 0. 0. 0.],3.0,1000,100,0.01,0.003,1,2,idID,,first,single_objective
643,0.0927601956046874,0.39886884110015586,0.004154007806000001,[0.       0.       0.       0.       0.59999  0.       0.       0.       0.       0.       0.200045 0.       0.       0.       0.       0.       0.       0.       0.       0.       0.       0.       0.       0.199965 0.       0.       0.       0.       0.       0.       0.      ],[0. 0. 0. 0. 1. 0. 0. 0. 0. 0. 1. 0. 0. 0. 0. 0. 0. 0. 0. 0. 0. 0. 0. 1. 0. 0. 0. 0. 0. 0. 0.],3.0,1000,100,0.01,0.003,1,2,idID,,first,single_objective
644,0.0927601956046874,0.39886884110015586,0.004154007806000001,[0.       0.       0.       0.       0.59999  0.       0.       0.       0.       0.       0.200045 0.       0.       0.       0.       0.       0.       0.       0.       0.       0.       0.       0.       0.199965 0.       0.       0.       0.       0.       0.       0.      ],[0. 0. 0. 0. 1. 0. 0. 0. 0. 0. 1. 0. 0. 0. 0. 0. 0. 0. 0. 0. 0. 0. 0. 1. 0. 0. 0. 0. 0. 0. 0.],3.0,1000,100,0.01,0.003,1,2,idID,,first,single_objective
645,0.0927601956046874,0.39886884110015586,0.004154007806000001,[0.       0.       0.       0.       0.59999  0.       0.       0.       0.       0.       0.200045 0.       0.       0.       0.       0.       0.       0.       0.       0.       0.       0.       0.       0.199965 0.       0.       0.       0.       0.       0.       0.      ],[0. 0. 0. 0. 1. 0. 0. 0. 0. 0. 1. 0. 0. 0. 0. 0. 0. 0. 0. 0. 0. 0. 0. 1. 0. 0. 0. 0. 0. 0. 0.],3.0,1000,100,0.01,0.003,1,2,idID,,first,single_objective
646,0.0927601956046874,0.39886884110015586,0.004154007806000001,[0.       0.       0.       0.       0.59999  0.       0.       0.       0.       0.       0.200045 0.       0.       0.       0.       0.       0.       0.       0.       0.       0.       0.       0.       0.199965 0.       0.       0.       0.       0.       0.       0.      ],[0. 0. 0. 0. 1. 0. 0. 0. 0. 0. 1. 0. 0. 0. 0. 0. 0. 0. 0. 0. 0. 0. 0. 1. 0. 0. 0. 0. 0. 0. 0.],3.0,1000,100,0.01,0.003,1,2,idID,,first,single_objective
647,0.0927601956046874,0.39886884110015586,0.004154007806000001,[0.       0.       0.       0.       0.59999  0.       0.       0.       0.       0.       0.200045 0.       0.       0.       0.       0.       0.       0.       0.       0.       0.       0.       0.       0.199965 0.       0.       0.       0.       0.       0.       0.      ],[0. 0. 0. 0. 1. 0. 0. 0. 0. 0. 1. 0. 0. 0. 0. 0. 0. 0. 0. 0. 0. 0. 0. 1. 0. 0. 0. 0. 0. 0. 0.],3.0,1000,100,0.01,0.003,1,2,idID,,first,single_objective
648,0.0927601956046874,0.39886884110015586,0.004154007806000001,[0.       0.       0.       0.       0.59999  0.       0.       0.       0.       0.       0.200045 0.       0.       0.       0.       0.       0.       0.       0.       0.       0.       0.       0.       0.199965 0.       0.       0.       0.       0.       0.       0.      ],[0. 0. 0. 0. 1. 0. 0. 0. 0. 0. 1. 0. 0. 0. 0. 0. 0. 0. 0. 0. 0. 0. 0. 1. 0. 0. 0. 0. 0. 0. 0.],3.0,1000,100,0.01,0.003,1,2,idID,,first,single_objective
649,0.0927601956046874,0.39886884110015586,0.004154007806000001,[0.       0.       0.       0.       0.59999  0.       0.       0.       0.       0.       0.200045 0.       0.       0.       0.       0.       0.       0.       0.       0.       0.       0.       0.       0.199965 0.       0.       0.       0.       0.       0.       0.      ],[0. 0. 0. 0. 1. 0. 0. 0. 0. 0. 1. 0. 0. 0. 0. 0. 0. 0. 0. 0. 0. 0. 0. 1. 0. 0. 0. 0. 0. 0. 0.],3.0,1000,100,0.01,0.003,1,2,idID,,first,single_objective
650,0.0927601956046874,0.39886884110015586,0.004154007806000001,[0.       0.       0.       0.       0.59999  0.       0.       0.       0.       0.       0.200045 0.       0.       0.       0.       0.       0.       0.       0.       0.       0.       0.       0.       0.199965 0.       0.       0.       0.       0.       0.       0.      ],[0. 0. 0. 0. 1. 0. 0. 0. 0. 0. 1. 0. 0. 0. 0. 0. 0. 0. 0. 0. 0. 0. 0. 1. 0. 0. 0. 0. 0. 0. 0.],3.0,1000,100,0.01,0.003,1,2,idID,,first,single_objective
651,0.0927601956046874,0.39886884110015586,0.004154007806000001,[0.       0.       0.       0.       0.59999  0.       0.       0.       0.       0.       0.200045 0.       0.       0.       0.       0.       0.       0.       0.       0.       0.       0.       0.       0.199965 0.       0.       0.       0.       0.       0.       0.      ],[0. 0. 0. 0. 1. 0. 0. 0. 0. 0. 1. 0. 0. 0. 0. 0. 0. 0. 0. 0. 0. 0. 0. 1. 0. 0. 0. 0. 0. 0. 0.],3.0,1000,100,0.01,0.003,1,2,idID,,first,single_objective
652,0.0927601956046874,0.39886884110015586,0.004154007806000001,[0.       0.       0.       0.       0.59999  0.       0.       0.       0.       0.       0.200045 0.       0.       0.       0.       0.       0.       0.       0.       0.       0.       0.       0.       0.199965 0.       0.       0.       0.       0.       0.       0.      ],[0. 0. 0. 0. 1. 0. 0. 0. 0. 0. 1. 0. 0. 0. 0. 0. 0. 0. 0. 0. 0. 0. 0. 1. 0. 0. 0. 0. 0. 0. 0.],3.0,1000,100,0.01,0.003,1,2,idID,,first,single_objective
653,0.0927601956046874,0.39886884110015586,0.004154007806000001,[0.       0.       0.       0.       0.59999  0.       0.       0.       0.       0.       0.200045 0.       0.       0.       0.       0.       0.       0.       0.       0.       0.       0.       0.       0.199965 0.       0.       0.       0.       0.       0.       0.      ],[0. 0. 0. 0. 1. 0. 0. 0. 0. 0. 1. 0. 0. 0. 0. 0. 0. 0. 0. 0. 0. 0. 0. 1. 0. 0. 0. 0. 0. 0. 0.],3.0,1000,100,0.01,0.003,1,2,idID,,first,single_objective
654,0.0927601956046874,0.39886884110015586,0.004154007806000001,[0.       0.       0.       0.       0.59999  0.       0.       0.       0.       0.       0.200045 0.       0.       0.       0.       0.       0.       0.       0.       0.       0.       0.       0.       0.199965 0.       0.       0.       0.       0.       0.       0.      ],[0. 0. 0. 0. 1. 0. 0. 0. 0. 0. 1. 0. 0. 0. 0. 0. 0. 0. 0. 0. 0. 0. 0. 1. 0. 0. 0. 0. 0. 0. 0.],3.0,1000,100,0.01,0.003,1,2,idID,,first,single_objective
655,0.0927601956046874,0.39886884110015586,0.004154007806000001,[0.       0.       0.       0.       0.59999  0.       0.       0.       0.       0.       0.200045 0.       0.       0.       0.       0.       0.       0.       0.       0.       0.       0.       0.       0.199965 0.       0.       0.       0.       0.       0.       0.      ],[0. 0. 0. 0. 1. 0. 0. 0. 0. 0. 1. 0. 0. 0. 0. 0. 0. 0. 0. 0. 0. 0. 0. 1. 0. 0. 0. 0. 0. 0. 0.],3.0,1000,100,0.01,0.003,1,2,idID,,first,single_objective
656,0.0927601956046874,0.39886884110015586,0.004154007806000001,[0.       0.       0.       0.       0.59999  0.       0.       0.       0.       0.       0.200045 0.       0.       0.       0.       0.       0.       0.       0.       0.       0.       0.       0.       0.199965 0.       0.       0.       0.       0.       0.       0.      ],[0. 0. 0. 0. 1. 0. 0. 0. 0. 0. 1. 0. 0. 0. 0. 0. 0. 0. 0. 0. 0. 0. 0. 1. 0. 0. 0. 0. 0. 0. 0.],3.0,1000,100,0.01,0.003,1,2,idID,,first,single_objective
657,0.0927601956046874,0.39886884110015586,0.004154007806000001,[0.       0.       0.       0.       0.59999  0.       0.       0.       0.       0.       0.200045 0.       0.       0.       0.       0.       0.       0.       0.       0.       0.       0.       0.       0.199965 0.       0.       0.       0.       0.       0.       0.      ],[0. 0. 0. 0. 1. 0. 0. 0. 0. 0. 1. 0. 0. 0. 0. 0. 0. 0. 0. 0. 0. 0. 0. 1. 0. 0. 0. 0. 0. 0. 0.],3.0,1000,100,0.01,0.003,1,2,idID,,first,single_objective
658,0.0927601956046874,0.39886884110015586,0.004154007806000001,[0.       0.       0.       0.       0.59999  0.       0.       0.       0.       0.       0.200045 0.       0.       0.       0.       0.       0.       0.       0.       0.       0.       0.       0.       0.199965 0.       0.       0.       0.       0.       0.       0.      ],[0. 0. 0. 0. 1. 0. 0. 0. 0. 0. 1. 0. 0. 0. 0. 0. 0. 0. 0. 0. 0. 0. 0. 1. 0. 0. 0. 0. 0. 0. 0.],3.0,1000,100,0.01,0.003,1,2,idID,,first,single_objective
659,0.0927601956046874,0.39886884110015586,0.004154007806000001,[0.       0.       0.       0.       0.59999  0.       0.       0.       0.       0.       0.200045 0.       0.       0.       0.       0.       0.       0.       0.       0.       0.       0.       0.       0.199965 0.       0.       0.       0.       0.       0.       0.      ],[0. 0. 0. 0. 1. 0. 0. 0. 0. 0. 1. 0. 0. 0. 0. 0. 0. 0. 0. 0. 0. 0. 0. 1. 0. 0. 0. 0. 0. 0. 0.],3.0,1000,100,0.01,0.003,1,2,idID,,first,single_objective
660,0.0927601956046874,0.39886884110015586,0.004154007806000001,[0.       0.       0.       0.       0.59999  0.       0.       0.       0.       0.       0.200045 0.       0.       0.       0.       0.       0.       0.       0.       0.       0.       0.       0.       0.199965 0.       0.       0.       0.       0.       0.       0.      ],[0. 0. 0. 0. 1. 0. 0. 0. 0. 0. 1. 0. 0. 0. 0. 0. 0. 0. 0. 0. 0. 0. 0. 1. 0. 0. 0. 0. 0. 0. 0.],3.0,1000,100,0.01,0.003,1,2,idID,,first,single_objective
661,0.0927601956046874,0.39886884110015586,0.004154007806000001,[0.       0.       0.       0.       0.59999  0.       0.       0.       0.       0.       0.200045 0.       0.       0.       0.       0.       0.       0.       0.       0.       0.       0.       0.       0.199965 0.       0.       0.       0.       0.       0.       0.      ],[0. 0. 0. 0. 1. 0. 0. 0. 0. 0. 1. 0. 0. 0. 0. 0. 0. 0. 0. 0. 0. 0. 0. 1. 0. 0. 0. 0. 0. 0. 0.],3.0,1000,100,0.01,0.003,1,2,idID,,first,single_objective
662,0.0927601956046874,0.39886884110015586,0.004154007806000001,[0.       0.       0.       0.       0.59999  0.       0.       0.       0.       0.       0.200045 0.       0.       0.       0.       0.       0.       0.       0.       0.       0.       0.       0.       0.199965 0.       0.       0.       0.       0.       0.       0.      ],[0. 0. 0. 0. 1. 0. 0. 0. 0. 0. 1. 0. 0. 0. 0. 0. 0. 0. 0. 0. 0. 0. 0. 1. 0. 0. 0. 0. 0. 0. 0.],3.0,1000,100,0.01,0.003,1,2,idID,,first,single_objective
663,0.0927601956046874,0.39886884110015586,0.004154007806000001,[0.       0.       0.       0.       0.59999  0.       0.       0.       0.       0.       0.200045 0.       0.       0.       0.       0.       0.       0.       0.       0.       0.       0.       0.       0.199965 0.       0.       0.       0.       0.       0.       0.      ],[0. 0. 0. 0. 1. 0. 0. 0. 0. 0. 1. 0. 0. 0. 0. 0. 0. 0. 0. 0. 0. 0. 0. 1. 0. 0. 0. 0. 0. 0. 0.],3.0,1000,100,0.01,0.003,1,2,idID,,first,single_objective
664,0.0927601956046874,0.39886884110015586,0.004154007806000001,[0.       0.       0.       0.       0.59999  0.       0.       0.       0.       0.       0.200045 0.       0.       0.       0.       0.       0.       0.       0.       0.       0.       0.       0.       0.199965 0.       0.       0.       0.       0.       0.       0.      ],[0. 0. 0. 0. 1. 0. 0. 0. 0. 0. 1. 0. 0. 0. 0. 0. 0. 0. 0. 0. 0. 0. 0. 1. 0. 0. 0. 0. 0. 0. 0.],3.0,1000,100,0.01,0.003,1,2,idID,,first,single_objective
665,0.0927601956046874,0.39886884110015586,0.004154007806000001,[0.       0.       0.       0.       0.59999  0.       0.       0.       0.       0.       0.200045 0.       0.       0.       0.       0.       0.       0.       0.       0.       0.       0.       0.       0.199965 0.       0.       0.       0.       0.       0.       0.      ],[0. 0. 0. 0. 1. 0. 0. 0. 0. 0. 1. 0. 0. 0. 0. 0. 0. 0. 0. 0. 0. 0. 0. 1. 0. 0. 0. 0. 0. 0. 0.],3.0,1000,100,0.01,0.003,1,2,idID,,first,single_objective
666,0.0927601956046874,0.39886884110015586,0.004154007806000001,[0.       0.       0.       0.       0.59999  0.       0.       0.       0.       0.       0.200045 0.       0.       0.       0.       0.       0.       0.       0.       0.       0.       0.       0.       0.199965 0.       0.       0.       0.       0.       0.       0.      ],[0. 0. 0. 0. 1. 0. 0. 0. 0. 0. 1. 0. 0. 0. 0. 0. 0. 0. 0. 0. 0. 0. 0. 1. 0. 0. 0. 0. 0. 0. 0.],3.0,1000,100,0.01,0.003,1,2,idID,,first,single_objective
667,0.0927601956046874,0.39886884110015586,0.004154007806000001,[0.       0.       0.       0.       0.59999  0.       0.       0.       0.       0.       0.200045 0.       0.       0.       0.       0.       0.       0.       0.       0.       0.       0.       0.       0.199965 0.       0.       0.       0.       0.       0.       0.      ],[0. 0. 0. 0. 1. 0. 0. 0. 0. 0. 1. 0. 0. 0. 0. 0. 0. 0. 0. 0. 0. 0. 0. 1. 0. 0. 0. 0. 0. 0. 0.],3.0,1000,100,0.01,0.003,1,2,idID,,first,single_objective
668,0.0927601956046874,0.39886884110015586,0.004154007806000001,[0.       0.       0.       0.       0.59999  0.       0.       0.       0.       0.       0.200045 0.       0.       0.       0.       0.       0.       0.       0.       0.       0.       0.       0.       0.199965 0.       0.       0.       0.       0.       0.       0.      ],[0. 0. 0. 0. 1. 0. 0. 0. 0. 0. 1. 0. 0. 0. 0. 0. 0. 0. 0. 0. 0. 0. 0. 1. 0. 0. 0. 0. 0. 0. 0.],3.0,1000,100,0.01,0.003,1,2,idID,,first,single_objective
669,0.0927601956046874,0.39886884110015586,0.004154007806000001,[0.       0.       0.       0.       0.59999  0.       0.       0.       0.       0.       0.200045 0.       0.       0.       0.       0.       0.       0.       0.       0.       0.       0.       0.       0.199965 0.       0.       0.       0.       0.       0.       0.      ],[0. 0. 0. 0. 1. 0. 0. 0. 0. 0. 1. 0. 0. 0. 0. 0. 0. 0. 0. 0. 0. 0. 0. 1. 0. 0. 0. 0. 0. 0. 0.],3.0,1000,100,0.01,0.003,1,2,idID,,first,single_objective
670,0.0927601956046874,0.39886884110015586,0.004154007806000001,[0.       0.       0.       0.       0.59999  0.       0.       0.       0.       0.       0.200045 0.       0.       0.       0.       0.       0.       0.       0.       0.       0.       0.       0.       0.199965 0.       0.       0.       0.       0.       0.       0.      ],[0. 0. 0. 0. 1. 0. 0. 0. 0. 0. 1. 0. 0. 0. 0. 0. 0. 0. 0. 0. 0. 0. 0. 1. 0. 0. 0. 0. 0. 0. 0.],3.0,1000,100,0.01,0.003,1,2,idID,,first,single_objective
671,0.0927601956046874,0.39886884110015586,0.004154007806000001,[0.       0.       0.       0.       0.59999  0.       0.       0.       0.       0.       0.200045 0.       0.       0.       0.       0.       0.       0.       0.       0.       0.       0.       0.       0.199965 0.       0.       0.       0.       0.       0.       0.      ],[0. 0. 0. 0. 1. 0. 0. 0. 0. 0. 1. 0. 0. 0. 0. 0. 0. 0. 0. 0. 0. 0. 0. 1. 0. 0. 0. 0. 0. 0. 0.],3.0,1000,100,0.01,0.003,1,2,idID,,first,single_objective
672,0.0927601956046874,0.39886884110015586,0.004154007806000001,[0.       0.       0.       0.       0.59999  0.       0.       0.       0.       0.       0.200045 0.       0.       0.       0.       0.       0.       0.       0.       0.       0.       0.       0.       0.199965 0.       0.       0.       0.       0.       0.       0.      ],[0. 0. 0. 0. 1. 0. 0. 0. 0. 0. 1. 0. 0. 0. 0. 0. 0. 0. 0. 0. 0. 0. 0. 1. 0. 0. 0. 0. 0. 0. 0.],3.0,1000,100,0.01,0.003,1,2,idID,,first,single_objective
673,0.0927601956046874,0.39886884110015586,0.004154007806000001,[0.       0.       0.       0.       0.59999  0.       0.       0.       0.       0.       0.200045 0.       0.       0.       0.       0.       0.       0.       0.       0.       0.       0.       0.       0.199965 0.       0.       0.       0.       0.       0.       0.      ],[0. 0. 0. 0. 1. 0. 0. 0. 0. 0. 1. 0. 0. 0. 0. 0. 0. 0. 0. 0. 0. 0. 0. 1. 0. 0. 0. 0. 0. 0. 0.],3.0,1000,100,0.01,0.003,1,2,idID,,first,single_objective
674,0.0927601956046874,0.39886884110015586,0.004154007806000001,[0.       0.       0.       0.       0.59999  0.       0.       0.       0.       0.       0.200045 0.       0.       0.       0.       0.       0.       0.       0.       0.       0.       0.       0.       0.199965 0.       0.       0.       0.       0.       0.       0.      ],[0. 0. 0. 0. 1. 0. 0. 0. 0. 0. 1. 0. 0. 0. 0. 0. 0. 0. 0. 0. 0. 0. 0. 1. 0. 0. 0. 0. 0. 0. 0.],3.0,1000,100,0.01,0.003,1,2,idID,,first,single_objective
675,0.0927601956046874,0.39886884110015586,0.004154007806000001,[0.       0.       0.       0.       0.59999  0.       0.       0.       0.       0.       0.200045 0.       0.       0.       0.       0.       0.       0.       0.       0.       0.       0.       0.       0.199965 0.       0.       0.       0.       0.       0.       0.      ],[0. 0. 0. 0. 1. 0. 0. 0. 0. 0. 1. 0. 0. 0. 0. 0. 0. 0. 0. 0. 0. 0. 0. 1. 0. 0. 0. 0. 0. 0. 0.],3.0,1000,100,0.01,0.003,1,2,idID,,first,single_objective
676,0.0927601956046874,0.39886884110015586,0.004154007806000001,[0.       0.       0.       0.       0.59999  0.       0.       0.       0.       0.       0.200045 0.       0.       0.       0.       0.       0.       0.       0.       0.       0.       0.       0.       0.199965 0.       0.       0.       0.       0.       0.       0.      ],[0. 0. 0. 0. 1. 0. 0. 0. 0. 0. 1. 0. 0. 0. 0. 0. 0. 0. 0. 0. 0. 0. 0. 1. 0. 0. 0. 0. 0. 0. 0.],3.0,1000,100,0.01,0.003,1,2,idID,,first,single_objective
677,0.0927601956046874,0.39886884110015586,0.004154007806000001,[0.       0.       0.       0.       0.59999  0.       0.       0.       0.       0.       0.200045 0.       0.       0.       0.       0.       0.       0.       0.       0.       0.       0.       0.       0.199965 0.       0.       0.       0.       0.       0.       0.      ],[0. 0. 0. 0. 1. 0. 0. 0. 0. 0. 1. 0. 0. 0. 0. 0. 0. 0. 0. 0. 0. 0. 0. 1. 0. 0. 0. 0. 0. 0. 0.],3.0,1000,100,0.01,0.003,1,2,idID,,first,single_objective
678,0.0927601956046874,0.39886884110015586,0.004154007806000001,[0.       0.       0.       0.       0.59999  0.       0.       0.       0.       0.       0.200045 0.       0.       0.       0.       0.       0.       0.       0.       0.       0.       0.       0.       0.199965 0.       0.       0.       0.       0.       0.       0.      ],[0. 0. 0. 0. 1. 0. 0. 0. 0. 0. 1. 0. 0. 0. 0. 0. 0. 0. 0. 0. 0. 0. 0. 1. 0. 0. 0. 0. 0. 0. 0.],3.0,1000,100,0.01,0.003,1,2,idID,,first,single_objective
679,0.0927601956046874,0.39886884110015586,0.004154007806000001,[0.       0.       0.       0.       0.59999  0.       0.       0.       0.       0.       0.200045 0.       0.       0.       0.       0.       0.       0.       0.       0.       0.       0.       0.       0.199965 0.       0.       0.       0.       0.       0.       0.      ],[0. 0. 0. 0. 1. 0. 0. 0. 0. 0. 1. 0. 0. 0. 0. 0. 0. 0. 0. 0. 0. 0. 0. 1. 0. 0. 0. 0. 0. 0. 0.],3.0,1000,100,0.01,0.003,1,2,idID,,first,single_objective
680,0.0927601956046874,0.39886884110015586,0.004154007806000001,[0.       0.       0.       0.       0.59999  0.       0.       0.       0.       0.       0.200045 0.       0.       0.       0.       0.       0.       0.       0.       0.       0.       0.       0.       0.199965 0.       0.       0.       0.       0.       0.       0.      ],[0. 0. 0. 0. 1. 0. 0. 0. 0. 0. 1. 0. 0. 0. 0. 0. 0. 0. 0. 0. 0. 0. 0. 1. 0. 0. 0. 0. 0. 0. 0.],3.0,1000,100,0.01,0.003,1,2,idID,,first,single_objective
681,0.0927601956046874,0.39886884110015586,0.004154007806000001,[0.       0.       0.       0.       0.59999  0.       0.       0.       0.       0.       0.200045 0.       0.       0.       0.       0.       0.       0.       0.       0.       0.       0.       0.       0.199965 0.       0.       0.       0.       0.       0.       0.      ],[0. 0. 0. 0. 1. 0. 0. 0. 0. 0. 1. 0. 0. 0. 0. 0. 0. 0. 0. 0. 0. 0. 0. 1. 0. 0. 0. 0. 0. 0. 0.],3.0,1000,100,0.01,0.003,1,2,idID,,first,single_objective
682,0.0927601956046874,0.39886884110015586,0.004154007806000001,[0.       0.       0.       0.       0.59999  0.       0.       0.       0.       0.       0.200045 0.       0.       0.       0.       0.       0.       0.       0.       0.       0.       0.       0.       0.199965 0.       0.       0.       0.       0.       0.       0.      ],[0. 0. 0. 0. 1. 0. 0. 0. 0. 0. 1. 0. 0. 0. 0. 0. 0. 0. 0. 0. 0. 0. 0. 1. 0. 0. 0. 0. 0. 0. 0.],3.0,1000,100,0.01,0.003,1,2,idID,,first,single_objective
683,0.0927601956046874,0.39886884110015586,0.004154007806000001,[0.       0.       0.       0.       0.59999  0.       0.       0.       0.       0.       0.200045 0.       0.       0.       0.       0.       0.       0.       0.       0.       0.       0.       0.       0.199965 0.       0.       0.       0.       0.       0.       0.      ],[0. 0. 0. 0. 1. 0. 0. 0. 0. 0. 1. 0. 0. 0. 0. 0. 0. 0. 0. 0. 0. 0. 0. 1. 0. 0. 0. 0. 0. 0. 0.],3.0,1000,100,0.01,0.003,1,2,idID,,first,single_objective
684,0.0927601956046874,0.39886884110015586,0.004154007806000001,[0.       0.       0.       0.       0.59999  0.       0.       0.       0.       0.       0.200045 0.       0.       0.       0.       0.       0.       0.       0.       0.       0.       0.       0.       0.199965 0.       0.       0.       0.       0.       0.       0.      ],[0. 0. 0. 0. 1. 0. 0. 0. 0. 0. 1. 0. 0. 0. 0. 0. 0. 0. 0. 0. 0. 0. 0. 1. 0. 0. 0. 0. 0. 0. 0.],3.0,1000,100,0.01,0.003,1,2,idID,,first,single_objective
685,0.0927601956046874,0.39886884110015586,0.004154007806000001,[0.       0.       0.       0.       0.59999  0.       0.       0.       0.       0.       0.200045 0.       0.       0.       0.       0.       0.       0.       0.       0.       0.       0.       0.       0.199965 0.       0.       0.       0.       0.       0.       0.      ],[0. 0. 0. 0. 1. 0. 0. 0. 0. 0. 1. 0. 0. 0. 0. 0. 0. 0. 0. 0. 0. 0. 0. 1. 0. 0. 0. 0. 0. 0. 0.],3.0,1000,100,0.01,0.003,1,2,idID,,first,single_objective
686,0.0927601956046874,0.39886884110015586,0.004154007806000001,[0.       0.       0.       0.       0.59999  0.       0.       0.       0.       0.       0.200045 0.       0.       0.       0.       0.       0.       0.       0.       0.       0.       0.       0.       0.199965 0.       0.       0.       0.       0.       0.       0.      ],[0. 0. 0. 0. 1. 0. 0. 0. 0. 0. 1. 0. 0. 0. 0. 0. 0. 0. 0. 0. 0. 0. 0. 1. 0. 0. 0. 0. 0. 0. 0.],3.0,1000,100,0.01,0.003,1,2,idID,,first,single_objective
687,0.0927601956046874,0.39886884110015586,0.004154007806000001,[0.       0.       0.       0.       0.59999  0.       0.       0.       0.       0.       0.200045 0.       0.       0.       0.       0.       0.       0.       0.       0.       0.       0.       0.       0.199965 0.       0.       0.       0.       0.       0.       0.      ],[0. 0. 0. 0. 1. 0. 0. 0. 0. 0. 1. 0. 0. 0. 0. 0. 0. 0. 0. 0. 0. 0. 0. 1. 0. 0. 0. 0. 0. 0. 0.],3.0,1000,100,0.01,0.003,1,2,idID,,first,single_objective
688,0.0927601956046874,0.39886884110015586,0.004154007806000001,[0.       0.       0.       0.       0.59999  0.       0.       0.       0.       0.       0.200045 0.       0.       0.       0.       0.       0.       0.       0.       0.       0.       0.       0.       0.199965 0.       0.       0.       0.       0.       0.       0.      ],[0. 0. 0. 0. 1. 0. 0. 0. 0. 0. 1. 0. 0. 0. 0. 0. 0. 0. 0. 0. 0. 0. 0. 1. 0. 0. 0. 0. 0. 0. 0.],3.0,1000,100,0.01,0.003,1,2,idID,,first,single_objective
689,0.0927601956046874,0.39886884110015586,0.004154007806000001,[0.       0.       0.       0.       0.59999  0.       0.       0.       0.       0.       0.200045 0.       0.       0.       0.       0.       0.       0.       0.       0.       0.       0.       0.       0.199965 0.       0.       0.       0.       0.       0.       0.      ],[0. 0. 0. 0. 1. 0. 0. 0. 0. 0. 1. 0. 0. 0. 0. 0. 0. 0. 0. 0. 0. 0. 0. 1. 0. 0. 0. 0. 0. 0. 0.],3.0,1000,100,0.01,0.003,1,2,idID,,first,single_objective
690,0.0927601956046874,0.39886884110015586,0.004154007806000001,[0.       0.       0.       0.       0.59999  0.       0.       0.       0.       0.       0.200045 0.       0.       0.       0.       0.       0.       0.       0.       0.       0.       0.       0.       0.199965 0.       0.       0.       0.       0.       0.       0.      ],[0. 0. 0. 0. 1. 0. 0. 0. 0. 0. 1. 0. 0. 0. 0. 0. 0. 0. 0. 0. 0. 0. 0. 1. 0. 0. 0. 0. 0. 0. 0.],3.0,1000,100,0.01,0.003,1,2,idID,,first,single_objective
691,0.0927601956046874,0.39886884110015586,0.004154007806000001,[0.       0.       0.       0.       0.59999  0.       0.       0.       0.       0.       0.200045 0.       0.       0.       0.       0.       0.       0.       0.       0.       0.       0.       0.       0.199965 0.       0.       0.       0.       0.       0.       0.      ],[0. 0. 0. 0. 1. 0. 0. 0. 0. 0. 1. 0. 0. 0. 0. 0. 0. 0. 0. 0. 0. 0. 0. 1. 0. 0. 0. 0. 0. 0. 0.],3.0,1000,100,0.01,0.003,1,2,idID,,first,single_objective
692,0.0927601956046874,0.39886884110015586,0.004154007806000001,[0.       0.       0.       0.       0.59999  0.       0.       0.       0.       0.       0.200045 0.       0.       0.       0.       0.       0.       0.       0.       0.       0.       0.       0.       0.199965 0.       0.       0.       0.       0.       0.       0.      ],[0. 0. 0. 0. 1. 0. 0. 0. 0. 0. 1. 0. 0. 0. 0. 0. 0. 0. 0. 0. 0. 0. 0. 1. 0. 0. 0. 0. 0. 0. 0.],3.0,1000,100,0.01,0.003,1,2,idID,,first,single_objective
693,0.0927601956046874,0.39886884110015586,0.004154007806000001,[0.       0.       0.       0.       0.59999  0.       0.       0.       0.       0.       0.200045 0.       0.       0.       0.       0.       0.       0.       0.       0.       0.       0.       0.       0.199965 0.       0.       0.       0.       0.       0.       0.      ],[0. 0. 0. 0. 1. 0. 0. 0. 0. 0. 1. 0. 0. 0. 0. 0. 0. 0. 0. 0. 0. 0. 0. 1. 0. 0. 0. 0. 0. 0. 0.],3.0,1000,100,0.01,0.003,1,2,idID,,first,single_objective
694,0.0927601956046874,0.39886884110015586,0.004154007806000001,[0.       0.       0.       0.       0.59999  0.       0.       0.       0.       0.       0.200045 0.       0.       0.       0.       0.       0.       0.       0.       0.       0.       0.       0.       0.199965 0.       0.       0.       0.       0.       0.       0.      ],[0. 0. 0. 0. 1. 0. 0. 0. 0. 0. 1. 0. 0. 0. 0. 0. 0. 0. 0. 0. 0. 0. 0. 1. 0. 0. 0. 0. 0. 0. 0.],3.0,1000,100,0.01,0.003,1,2,idID,,first,single_objective
695,0.0927601956046874,0.39886884110015586,0.004154007806000001,[0.       0.       0.       0.       0.59999  0.       0.       0.       0.       0.       0.200045 0.       0.       0.       0.       0.       0.       0.       0.       0.       0.       0.       0.       0.199965 0.       0.       0.       0.       0.       0.       0.      ],[0. 0. 0. 0. 1. 0. 0. 0. 0. 0. 1. 0. 0. 0. 0. 0. 0. 0. 0. 0. 0. 0. 0. 1. 0. 0. 0. 0. 0. 0. 0.],3.0,1000,100,0.01,0.003,1,2,idID,,first,single_objective
696,0.0927601956046874,0.39886884110015586,0.004154007806000001,[0.       0.       0.       0.       0.59999  0.       0.       0.       0.       0.       0.200045 0.       0.       0.       0.       0.       0.       0.       0.       0.       0.       0.       0.       0.199965 0.       0.       0.       0.       0.       0.       0.      ],[0. 0. 0. 0. 1. 0. 0. 0. 0. 0. 1. 0. 0. 0. 0. 0. 0. 0. 0. 0. 0. 0. 0. 1. 0. 0. 0. 0. 0. 0. 0.],3.0,1000,100,0.01,0.003,1,2,idID,,first,single_objective
697,0.0927601956046874,0.39886884110015586,0.004154007806000001,[0.       0.       0.       0.       0.59999  0.       0.       0.       0.       0.       0.200045 0.       0.       0.       0.       0.       0.       0.       0.       0.       0.       0.       0.       0.199965 0.       0.       0.       0.       0.       0.       0.      ],[0. 0. 0. 0. 1. 0. 0. 0. 0. 0. 1. 0. 0. 0. 0. 0. 0. 0. 0. 0. 0. 0. 0. 1. 0. 0. 0. 0. 0. 0. 0.],3.0,1000,100,0.01,0.003,1,2,idID,,first,single_objective
698,0.0927601956046874,0.39886884110015586,0.004154007806000001,[0.       0.       0.       0.       0.59999  0.       0.       0.       0.       0.       0.200045 0.       0.       0.       0.       0.       0.       0.       0.       0.       0.       0.       0.       0.199965 0.       0.       0.       0.       0.       0.       0.      ],[0. 0. 0. 0. 1. 0. 0. 0. 0. 0. 1. 0. 0. 0. 0. 0. 0. 0. 0. 0. 0. 0. 0. 1. 0. 0. 0. 0. 0. 0. 0.],3.0,1000,100,0.01,0.003,1,2,idID,,first,single_objective
699,0.0927601956046874,0.39886884110015586,0.004154007806000001,[0.       0.       0.       0.       0.59999  0.       0.       0.       0.       0.       0.200045 0.       0.       0.       0.       0.       0.       0.       0.       0.       0.       0.       0.       0.199965 0.       0.       0.       0.       0.       0.       0.      ],[0. 0. 0. 0. 1. 0. 0. 0. 0. 0. 1. 0. 0. 0. 0. 0. 0. 0. 0. 0. 0. 0. 0. 1. 0. 0. 0. 0. 0. 0. 0.],3.0,1000,100,0.01,0.003,1,2,idID,,first,single_objective
700,0.0927601956046874,0.39886884110015586,0.004154007806000001,[0.       0.       0.       0.       0.59999  0.       0.       0.       0.       0.       0.200045 0.       0.       0.       0.       0.       0.       0.       0.       0.       0.       0.       0.       0.199965 0.       0.       0.       0.       0.       0.       0.      ],[0. 0. 0. 0. 1. 0. 0. 0. 0. 0. 1. 0. 0. 0. 0. 0. 0. 0. 0. 0. 0. 0. 0. 1. 0. 0. 0. 0. 0. 0. 0.],3.0,1000,100,0.01,0.003,1,2,idID,,first,single_objective
701,0.0927601956046874,0.39886884110015586,0.004154007806000001,[0.       0.       0.       0.       0.59999  0.       0.       0.       0.       0.       0.200045 0.       0.       0.       0.       0.       0.       0.       0.       0.       0.       0.       0.       0.199965 0.       0.       0.       0.       0.       0.       0.      ],[0. 0. 0. 0. 1. 0. 0. 0. 0. 0. 1. 0. 0. 0. 0. 0. 0. 0. 0. 0. 0. 0. 0. 1. 0. 0. 0. 0. 0. 0. 0.],3.0,1000,100,0.01,0.003,1,2,idID,,first,single_objective
702,0.0927601956046874,0.39886884110015586,0.004154007806000001,[0.       0.       0.       0.       0.59999  0.       0.       0.       0.       0.       0.200045 0.       0.       0.       0.       0.       0.       0.       0.       0.       0.       0.       0.       0.199965 0.       0.       0.       0.       0.       0.       0.      ],[0. 0. 0. 0. 1. 0. 0. 0. 0. 0. 1. 0. 0. 0. 0. 0. 0. 0. 0. 0. 0. 0. 0. 1. 0. 0. 0. 0. 0. 0. 0.],3.0,1000,100,0.01,0.003,1,2,idID,,first,single_objective
703,0.0927601956046874,0.39886884110015586,0.004154007806000001,[0.       0.       0.       0.       0.59999  0.       0.       0.       0.       0.       0.200045 0.       0.       0.       0.       0.       0.       0.       0.       0.       0.       0.       0.       0.199965 0.       0.       0.       0.       0.       0.       0.      ],[0. 0. 0. 0. 1. 0. 0. 0. 0. 0. 1. 0. 0. 0. 0. 0. 0. 0. 0. 0. 0. 0. 0. 1. 0. 0. 0. 0. 0. 0. 0.],3.0,1000,100,0.01,0.003,1,2,idID,,first,single_objective
704,0.0927601956046874,0.39886884110015586,0.004154007806000001,[0.       0.       0.       0.       0.59999  0.       0.       0.       0.       0.       0.200045 0.       0.       0.       0.       0.       0.       0.       0.       0.       0.       0.       0.       0.199965 0.       0.       0.       0.       0.       0.       0.      ],[0. 0. 0. 0. 1. 0. 0. 0. 0. 0. 1. 0. 0. 0. 0. 0. 0. 0. 0. 0. 0. 0. 0. 1. 0. 0. 0. 0. 0. 0. 0.],3.0,1000,100,0.01,0.003,1,2,idID,,first,single_objective
705,0.0927601956046874,0.39886884110015586,0.004154007806000001,[0.       0.       0.       0.       0.59999  0.       0.       0.       0.       0.       0.200045 0.       0.       0.       0.       0.       0.       0.       0.       0.       0.       0.       0.       0.199965 0.       0.       0.       0.       0.       0.       0.      ],[0. 0. 0. 0. 1. 0. 0. 0. 0. 0. 1. 0. 0. 0. 0. 0. 0. 0. 0. 0. 0. 0. 0. 1. 0. 0. 0. 0. 0. 0. 0.],3.0,1000,100,0.01,0.003,1,2,idID,,first,single_objective
706,0.0927601956046874,0.39886884110015586,0.004154007806000001,[0.       0.       0.       0.       0.59999  0.       0.       0.       0.       0.       0.200045 0.       0.       0.       0.       0.       0.       0.       0.       0.       0.       0.       0.       0.199965 0.       0.       0.       0.       0.       0.       0.      ],[0. 0. 0. 0. 1. 0. 0. 0. 0. 0. 1. 0. 0. 0. 0. 0. 0. 0. 0. 0. 0. 0. 0. 1. 0. 0. 0. 0. 0. 0. 0.],3.0,1000,100,0.01,0.003,1,2,idID,,first,single_objective
707,0.0927601956046874,0.39886884110015586,0.004154007806000001,[0.       0.       0.       0.       0.59999  0.       0.       0.       0.       0.       0.200045 0.       0.       0.       0.       0.       0.       0.       0.       0.       0.       0.       0.       0.199965 0.       0.       0.       0.       0.       0.       0.      ],[0. 0. 0. 0. 1. 0. 0. 0. 0. 0. 1. 0. 0. 0. 0. 0. 0. 0. 0. 0. 0. 0. 0. 1. 0. 0. 0. 0. 0. 0. 0.],3.0,1000,100,0.01,0.003,1,2,idID,,first,single_objective
708,0.0927601956046874,0.39886884110015586,0.004154007806000001,[0.       0.       0.       0.       0.59999  0.       0.       0.       0.       0.       0.200045 0.       0.       0.       0.       0.       0.       0.       0.       0.       0.       0.       0.       0.199965 0.       0.       0.       0.       0.       0.       0.      ],[0. 0. 0. 0. 1. 0. 0. 0. 0. 0. 1. 0. 0. 0. 0. 0. 0. 0. 0. 0. 0. 0. 0. 1. 0. 0. 0. 0. 0. 0. 0.],3.0,1000,100,0.01,0.003,1,2,idID,,first,single_objective
709,0.0927601956046874,0.39886884110015586,0.004154007806000001,[0.       0.       0.       0.       0.59999  0.       0.       0.       0.       0.       0.200045 0.       0.       0.       0.       0.       0.       0.       0.       0.       0.       0.       0.       0.199965 0.       0.       0.       0.       0.       0.       0.      ],[0. 0. 0. 0. 1. 0. 0. 0. 0. 0. 1. 0. 0. 0. 0. 0. 0. 0. 0. 0. 0. 0. 0. 1. 0. 0. 0. 0. 0. 0. 0.],3.0,1000,100,0.01,0.003,1,2,idID,,first,single_objective
710,0.0927601956046874,0.39886884110015586,0.004154007806000001,[0.       0.       0.       0.       0.59999  0.       0.       0.       0.       0.       0.200045 0.       0.       0.       0.       0.       0.       0.       0.       0.       0.       0.       0.       0.199965 0.       0.       0.       0.       0.       0.       0.      ],[0. 0. 0. 0. 1. 0. 0. 0. 0. 0. 1. 0. 0. 0. 0. 0. 0. 0. 0. 0. 0. 0. 0. 1. 0. 0. 0. 0. 0. 0. 0.],3.0,1000,100,0.01,0.003,1,2,idID,,first,single_objective
711,0.0927601956046874,0.39886884110015586,0.004154007806000001,[0.       0.       0.       0.       0.59999  0.       0.       0.       0.       0.       0.200045 0.       0.       0.       0.       0.       0.       0.       0.       0.       0.       0.       0.       0.199965 0.       0.       0.       0.       0.       0.       0.      ],[0. 0. 0. 0. 1. 0. 0. 0. 0. 0. 1. 0. 0. 0. 0. 0. 0. 0. 0. 0. 0. 0. 0. 1. 0. 0. 0. 0. 0. 0. 0.],3.0,1000,100,0.01,0.003,1,2,idID,,first,single_objective
712,0.0927601956046874,0.39886884110015586,0.004154007806000001,[0.       0.       0.       0.       0.59999  0.       0.       0.       0.       0.       0.200045 0.       0.       0.       0.       0.       0.       0.       0.       0.       0.       0.       0.       0.199965 0.       0.       0.       0.       0.       0.       0.      ],[0. 0. 0. 0. 1. 0. 0. 0. 0. 0. 1. 0. 0. 0. 0. 0. 0. 0. 0. 0. 0. 0. 0. 1. 0. 0. 0. 0. 0. 0. 0.],3.0,1000,100,0.01,0.003,1,2,idID,,first,single_objective
713,0.0927601956046874,0.39886884110015586,0.004154007806000001,[0.       0.       0.       0.       0.59999  0.       0.       0.       0.       0.       0.200045 0.       0.       0.       0.       0.       0.       0.       0.       0.       0.       0.       0.       0.199965 0.       0.       0.       0.       0.       0.       0.      ],[0. 0. 0. 0. 1. 0. 0. 0. 0. 0. 1. 0. 0. 0. 0. 0. 0. 0. 0. 0. 0. 0. 0. 1. 0. 0. 0. 0. 0. 0. 0.],3.0,1000,100,0.01,0.003,1,2,idID,,first,single_objective
714,0.0927601956046874,0.39886884110015586,0.004154007806000001,[0.       0.       0.       0.       0.59999  0.       0.       0.       0.       0.       0.200045 0.       0.       0.       0.       0.       0.       0.       0.       0.       0.       0.       0.       0.199965 0.       0.       0.       0.       0.       0.       0.      ],[0. 0. 0. 0. 1. 0. 0. 0. 0. 0. 1. 0. 0. 0. 0. 0. 0. 0. 0. 0. 0. 0. 0. 1. 0. 0. 0. 0. 0. 0. 0.],3.0,1000,100,0.01,0.003,1,2,idID,,first,single_objective
715,0.0927601956046874,0.39886884110015586,0.004154007806000001,[0.       0.       0.       0.       0.59999  0.       0.       0.       0.       0.       0.200045 0.       0.       0.       0.       0.       0.       0.       0.       0.       0.       0.       0.       0.199965 0.       0.       0.       0.       0.       0.       0.      ],[0. 0. 0. 0. 1. 0. 0. 0. 0. 0. 1. 0. 0. 0. 0. 0. 0. 0. 0. 0. 0. 0. 0. 1. 0. 0. 0. 0. 0. 0. 0.],3.0,1000,100,0.01,0.003,1,2,idID,,first,single_objective
716,0.0927601956046874,0.39886884110015586,0.004154007806000001,[0.       0.       0.       0.       0.59999  0.       0.       0.       0.       0.       0.200045 0.       0.       0.       0.       0.       0.       0.       0.       0.       0.       0.       0.       0.199965 0.       0.       0.       0.       0.       0.       0.      ],[0. 0. 0. 0. 1. 0. 0. 0. 0. 0. 1. 0. 0. 0. 0. 0. 0. 0. 0. 0. 0. 0. 0. 1. 0. 0. 0. 0. 0. 0. 0.],3.0,1000,100,0.01,0.003,1,2,idID,,first,single_objective
717,0.0927601956046874,0.39886884110015586,0.004154007806000001,[0.       0.       0.       0.       0.59999  0.       0.       0.       0.       0.       0.200045 0.       0.       0.       0.       0.       0.       0.       0.       0.       0.       0.       0.       0.199965 0.       0.       0.       0.       0.       0.       0.      ],[0. 0. 0. 0. 1. 0. 0. 0. 0. 0. 1. 0. 0. 0. 0. 0. 0. 0. 0. 0. 0. 0. 0. 1. 0. 0. 0. 0. 0. 0. 0.],3.0,1000,100,0.01,0.003,1,2,idID,,first,single_objective
718,0.0927601956046874,0.39886884110015586,0.004154007806000001,[0.       0.       0.       0.       0.59999  0.       0.       0.       0.       0.       0.200045 0.       0.       0.       0.       0.       0.       0.       0.       0.       0.       0.       0.       0.199965 0.       0.       0.       0.       0.       0.       0.      ],[0. 0. 0. 0. 1. 0. 0. 0. 0. 0. 1. 0. 0. 0. 0. 0. 0. 0. 0. 0. 0. 0. 0. 1. 0. 0. 0. 0. 0. 0. 0.],3.0,1000,100,0.01,0.003,1,2,idID,,first,single_objective
719,0.0927601956046874,0.39886884110015586,0.004154007806000001,[0.       0.       0.       0.       0.59999  0.       0.       0.       0.       0.       0.200045 0.       0.       0.       0.       0.       0.       0.       0.       0.       0.       0.       0.       0.199965 0.       0.       0.       0.       0.       0.       0.      ],[0. 0. 0. 0. 1. 0. 0. 0. 0. 0. 1. 0. 0. 0. 0. 0. 0. 0. 0. 0. 0. 0. 0. 1. 0. 0. 0. 0. 0. 0. 0.],3.0,1000,100,0.01,0.003,1,2,idID,,first,single_objective
720,0.0927601956046874,0.39886884110015586,0.004154007806000001,[0.       0.       0.       0.       0.59999  0.       0.       0.       0.       0.       0.200045 0.       0.       0.       0.       0.       0.       0.       0.       0.       0.       0.       0.       0.199965 0.       0.       0.       0.       0.       0.       0.      ],[0. 0. 0. 0. 1. 0. 0. 0. 0. 0. 1. 0. 0. 0. 0. 0. 0. 0. 0. 0. 0. 0. 0. 1. 0. 0. 0. 0. 0. 0. 0.],3.0,1000,100,0.01,0.003,1,2,idID,,first,single_objective
721,0.0927601956046874,0.39886884110015586,0.004154007806000001,[0.       0.       0.       0.       0.59999  0.       0.       0.       0.       0.       0.200045 0.       0.       0.       0.       0.       0.       0.       0.       0.       0.       0.       0.       0.199965 0.       0.       0.       0.       0.       0.       0.      ],[0. 0. 0. 0. 1. 0. 0. 0. 0. 0. 1. 0. 0. 0. 0. 0. 0. 0. 0. 0. 0. 0. 0. 1. 0. 0. 0. 0. 0. 0. 0.],3.0,1000,100,0.01,0.003,1,2,idID,,first,single_objective
722,0.0927601956046874,0.39886884110015586,0.004154007806000001,[0.       0.       0.       0.       0.59999  0.       0.       0.       0.       0.       0.200045 0.       0.       0.       0.       0.       0.       0.       0.       0.       0.       0.       0.       0.199965 0.       0.       0.       0.       0.       0.       0.      ],[0. 0. 0. 0. 1. 0. 0. 0. 0. 0. 1. 0. 0. 0. 0. 0. 0. 0. 0. 0. 0. 0. 0. 1. 0. 0. 0. 0. 0. 0. 0.],3.0,1000,100,0.01,0.003,1,2,idID,,first,single_objective
723,0.0927601956046874,0.39886884110015586,0.004154007806000001,[0.       0.       0.       0.       0.59999  0.       0.       0.       0.       0.       0.200045 0.       0.       0.       0.       0.       0.       0.       0.       0.       0.       0.       0.       0.199965 0.       0.       0.       0.       0.       0.       0.      ],[0. 0. 0. 0. 1. 0. 0. 0. 0. 0. 1. 0. 0. 0. 0. 0. 0. 0. 0. 0. 0. 0. 0. 1. 0. 0. 0. 0. 0. 0. 0.],3.0,1000,100,0.01,0.003,1,2,idID,,first,single_objective
724,0.0927601956046874,0.39886884110015586,0.004154007806000001,[0.       0.       0.       0.       0.59999  0.       0.       0.       0.       0.       0.200045 0.       0.       0.       0.       0.       0.       0.       0.       0.       0.       0.       0.       0.199965 0.       0.       0.       0.       0.       0.       0.      ],[0. 0. 0. 0. 1. 0. 0. 0. 0. 0. 1. 0. 0. 0. 0. 0. 0. 0. 0. 0. 0. 0. 0. 1. 0. 0. 0. 0. 0. 0. 0.],3.0,1000,100,0.01,0.003,1,2,idID,,first,single_objective
725,0.0927601956046874,0.39886884110015586,0.004154007806000001,[0.       0.       0.       0.       0.59999  0.       0.       0.       0.       0.       0.200045 0.       0.       0.       0.       0.       0.       0.       0.       0.       0.       0.       0.       0.199965 0.       0.       0.       0.       0.       0.       0.      ],[0. 0. 0. 0. 1. 0. 0. 0. 0. 0. 1. 0. 0. 0. 0. 0. 0. 0. 0. 0. 0. 0. 0. 1. 0. 0. 0. 0. 0. 0. 0.],3.0,1000,100,0.01,0.003,1,2,idID,,first,single_objective
726,0.0927601956046874,0.39886884110015586,0.004154007806000001,[0.       0.       0.       0.       0.59999  0.       0.       0.       0.       0.       0.200045 0.       0.       0.       0.       0.       0.       0.       0.       0.       0.       0.       0.       0.199965 0.       0.       0.       0.       0.       0.       0.      ],[0. 0. 0. 0. 1. 0. 0. 0. 0. 0. 1. 0. 0. 0. 0. 0. 0. 0. 0. 0. 0. 0. 0. 1. 0. 0. 0. 0. 0. 0. 0.],3.0,1000,100,0.01,0.003,1,2,idID,,first,single_objective
727,0.0927601956046874,0.39886884110015586,0.004154007806000001,[0.       0.       0.       0.       0.59999  0.       0.       0.       0.       0.       0.200045 0.       0.       0.       0.       0.       0.       0.       0.       0.       0.       0.       0.       0.199965 0.       0.       0.       0.       0.       0.       0.      ],[0. 0. 0. 0. 1. 0. 0. 0. 0. 0. 1. 0. 0. 0. 0. 0. 0. 0. 0. 0. 0. 0. 0. 1. 0. 0. 0. 0. 0. 0. 0.],3.0,1000,100,0.01,0.003,1,2,idID,,first,single_objective
728,0.0927601956046874,0.39886884110015586,0.004154007806000001,[0.       0.       0.       0.       0.59999  0.       0.       0.       0.       0.       0.200045 0.       0.       0.       0.       0.       0.       0.       0.       0.       0.       0.       0.       0.199965 0.       0.       0.       0.       0.       0.       0.      ],[0. 0. 0. 0. 1. 0. 0. 0. 0. 0. 1. 0. 0. 0. 0. 0. 0. 0. 0. 0. 0. 0. 0. 1. 0. 0. 0. 0. 0. 0. 0.],3.0,1000,100,0.01,0.003,1,2,idID,,first,single_objective
729,0.0927601956046874,0.39886884110015586,0.004154007806000001,[0.       0.       0.       0.       0.59999  0.       0.       0.       0.       0.       0.200045 0.       0.       0.       0.       0.       0.       0.       0.       0.       0.       0.       0.       0.199965 0.       0.       0.       0.       0.       0.       0.      ],[0. 0. 0. 0. 1. 0. 0. 0. 0. 0. 1. 0. 0. 0. 0. 0. 0. 0. 0. 0. 0. 0. 0. 1. 0. 0. 0. 0. 0. 0. 0.],3.0,1000,100,0.01,0.003,1,2,idID,,first,single_objective
730,0.0927601956046874,0.39886884110015586,0.004154007806000001,[0.       0.       0.       0.       0.59999  0.       0.       0.       0.       0.       0.200045 0.       0.       0.       0.       0.       0.       0.       0.       0.       0.       0.       0.       0.199965 0.       0.       0.       0.       0.       0.       0.      ],[0. 0. 0. 0. 1. 0. 0. 0. 0. 0. 1. 0. 0. 0. 0. 0. 0. 0. 0. 0. 0. 0. 0. 1. 0. 0. 0. 0. 0. 0. 0.],3.0,1000,100,0.01,0.003,1,2,idID,,first,single_objective
731,0.0927601956046874,0.39886884110015586,0.004154007806000001,[0.       0.       0.       0.       0.59999  0.       0.       0.       0.       0.       0.200045 0.       0.       0.       0.       0.       0.       0.       0.       0.       0.       0.       0.       0.199965 0.       0.       0.       0.       0.       0.       0.      ],[0. 0. 0. 0. 1. 0. 0. 0. 0. 0. 1. 0. 0. 0. 0. 0. 0. 0. 0. 0. 0. 0. 0. 1. 0. 0. 0. 0. 0. 0. 0.],3.0,1000,100,0.01,0.003,1,2,idID,,first,single_objective
732,0.0927601956046874,0.39886884110015586,0.004154007806000001,[0.       0.       0.       0.       0.59999  0.       0.       0.       0.       0.       0.200045 0.       0.       0.       0.       0.       0.       0.       0.       0.       0.       0.       0.       0.199965 0.       0.       0.       0.       0.       0.       0.      ],[0. 0. 0. 0. 1. 0. 0. 0. 0. 0. 1. 0. 0. 0. 0. 0. 0. 0. 0. 0. 0. 0. 0. 1. 0. 0. 0. 0. 0. 0. 0.],3.0,1000,100,0.01,0.003,1,2,idID,,first,single_objective
733,0.0927601956046874,0.39886884110015586,0.004154007806000001,[0.       0.       0.       0.       0.59999  0.       0.       0.       0.       0.       0.200045 0.       0.       0.       0.       0.       0.       0.       0.       0.       0.       0.       0.       0.199965 0.       0.       0.       0.       0.       0.       0.      ],[0. 0. 0. 0. 1. 0. 0. 0. 0. 0. 1. 0. 0. 0. 0. 0. 0. 0. 0. 0. 0. 0. 0. 1. 0. 0. 0. 0. 0. 0. 0.],3.0,1000,100,0.01,0.003,1,2,idID,,first,single_objective
734,0.0927601956046874,0.39886884110015586,0.004154007806000001,[0.       0.       0.       0.       0.59999  0.       0.       0.       0.       0.       0.200045 0.       0.       0.       0.       0.       0.       0.       0.       0.       0.       0.       0.       0.199965 0.       0.       0.       0.       0.       0.       0.      ],[0. 0. 0. 0. 1. 0. 0. 0. 0. 0. 1. 0. 0. 0. 0. 0. 0. 0. 0. 0. 0. 0. 0. 1. 0. 0. 0. 0. 0. 0. 0.],3.0,1000,100,0.01,0.003,1,2,idID,,first,single_objective
735,0.0927601956046874,0.39886884110015586,0.004154007806000001,[0.       0.       0.       0.       0.59999  0.       0.       0.       0.       0.       0.200045 0.       0.       0.       0.       0.       0.       0.       0.       0.       0.       0.       0.       0.199965 0.       0.       0.       0.       0.       0.       0.      ],[0. 0. 0. 0. 1. 0. 0. 0. 0. 0. 1. 0. 0. 0. 0. 0. 0. 0. 0. 0. 0. 0. 0. 1. 0. 0. 0. 0. 0. 0. 0.],3.0,1000,100,0.01,0.003,1,2,idID,,first,single_objective
736,0.0927601956046874,0.39886884110015586,0.004154007806000001,[0.       0.       0.       0.       0.59999  0.       0.       0.       0.       0.       0.200045 0.       0.       0.       0.       0.       0.       0.       0.       0.       0.       0.       0.       0.199965 0.       0.       0.       0.       0.       0.       0.      ],[0. 0. 0. 0. 1. 0. 0. 0. 0. 0. 1. 0. 0. 0. 0. 0. 0. 0. 0. 0. 0. 0. 0. 1. 0. 0. 0. 0. 0. 0. 0.],3.0,1000,100,0.01,0.003,1,2,idID,,first,single_objective
737,0.0927601956046874,0.39886884110015586,0.004154007806000001,[0.       0.       0.       0.       0.59999  0.       0.       0.       0.       0.       0.200045 0.       0.       0.       0.       0.       0.       0.       0.       0.       0.       0.       0.       0.199965 0.       0.       0.       0.       0.       0.       0.      ],[0. 0. 0. 0. 1. 0. 0. 0. 0. 0. 1. 0. 0. 0. 0. 0. 0. 0. 0. 0. 0. 0. 0. 1. 0. 0. 0. 0. 0. 0. 0.],3.0,1000,100,0.01,0.003,1,2,idID,,first,single_objective
738,0.0927601956046874,0.39886884110015586,0.004154007806000001,[0.       0.       0.       0.       0.59999  0.       0.       0.       0.       0.       0.200045 0.       0.       0.       0.       0.       0.       0.       0.       0.       0.       0.       0.       0.199965 0.       0.       0.       0.       0.       0.       0.      ],[0. 0. 0. 0. 1. 0. 0. 0. 0. 0. 1. 0. 0. 0. 0. 0. 0. 0. 0. 0. 0. 0. 0. 1. 0. 0. 0. 0. 0. 0. 0.],3.0,1000,100,0.01,0.003,1,2,idID,,first,single_objective
739,0.0927601956046874,0.39886884110015586,0.004154007806000001,[0.       0.       0.       0.       0.59999  0.       0.       0.       0.       0.       0.200045 0.       0.       0.       0.       0.       0.       0.       0.       0.       0.       0.       0.       0.199965 0.       0.       0.       0.       0.       0.       0.      ],[0. 0. 0. 0. 1. 0. 0. 0. 0. 0. 1. 0. 0. 0. 0. 0. 0. 0. 0. 0. 0. 0. 0. 1. 0. 0. 0. 0. 0. 0. 0.],3.0,1000,100,0.01,0.003,1,2,idID,,first,single_objective
740,0.0927601956046874,0.39886884110015586,0.004154007806000001,[0.       0.       0.       0.       0.59999  0.       0.       0.       0.       0.       0.200045 0.       0.       0.       0.       0.       0.       0.       0.       0.       0.       0.       0.       0.199965 0.       0.       0.       0.       0.       0.       0.      ],[0. 0. 0. 0. 1. 0. 0. 0. 0. 0. 1. 0. 0. 0. 0. 0. 0. 0. 0. 0. 0. 0. 0. 1. 0. 0. 0. 0. 0. 0. 0.],3.0,1000,100,0.01,0.003,1,2,idID,,first,single_objective
741,0.0927601956046874,0.39886884110015586,0.004154007806000001,[0.       0.       0.       0.       0.59999  0.       0.       0.       0.       0.       0.200045 0.       0.       0.       0.       0.       0.       0.       0.       0.       0.       0.       0.       0.199965 0.       0.       0.       0.       0.       0.       0.      ],[0. 0. 0. 0. 1. 0. 0. 0. 0. 0. 1. 0. 0. 0. 0. 0. 0. 0. 0. 0. 0. 0. 0. 1. 0. 0. 0. 0. 0. 0. 0.],3.0,1000,100,0.01,0.003,1,2,idID,,first,single_objective
742,0.0927601956046874,0.39886884110015586,0.004154007806000001,[0.       0.       0.       0.       0.59999  0.       0.       0.       0.       0.       0.200045 0.       0.       0.       0.       0.       0.       0.       0.       0.       0.       0.       0.       0.199965 0.       0.       0.       0.       0.       0.       0.      ],[0. 0. 0. 0. 1. 0. 0. 0. 0. 0. 1. 0. 0. 0. 0. 0. 0. 0. 0. 0. 0. 0. 0. 1. 0. 0. 0. 0. 0. 0. 0.],3.0,1000,100,0.01,0.003,1,2,idID,,first,single_objective
743,0.0927601956046874,0.39886884110015586,0.004154007806000001,[0.       0.       0.       0.       0.59999  0.       0.       0.       0.       0.       0.200045 0.       0.       0.       0.       0.       0.       0.       0.       0.       0.       0.       0.       0.199965 0.       0.       0.       0.       0.       0.       0.      ],[0. 0. 0. 0. 1. 0. 0. 0. 0. 0. 1. 0. 0. 0. 0. 0. 0. 0. 0. 0. 0. 0. 0. 1. 0. 0. 0. 0. 0. 0. 0.],3.0,1000,100,0.01,0.003,1,2,idID,,first,single_objective
744,0.0927601956046874,0.39886884110015586,0.004154007806000001,[0.       0.       0.       0.       0.59999  0.       0.       0.       0.       0.       0.200045 0.       0.       0.       0.       0.       0.       0.       0.       0.       0.       0.       0.       0.199965 0.       0.       0.       0.       0.       0.       0.      ],[0. 0. 0. 0. 1. 0. 0. 0. 0. 0. 1. 0. 0. 0. 0. 0. 0. 0. 0. 0. 0. 0. 0. 1. 0. 0. 0. 0. 0. 0. 0.],3.0,1000,100,0.01,0.003,1,2,idID,,first,single_objective
745,0.0927601956046874,0.39886884110015586,0.004154007806000001,[0.       0.       0.       0.       0.59999  0.       0.       0.       0.       0.       0.200045 0.       0.       0.       0.       0.       0.       0.       0.       0.       0.       0.       0.       0.199965 0.       0.       0.       0.       0.       0.       0.      ],[0. 0. 0. 0. 1. 0. 0. 0. 0. 0. 1. 0. 0. 0. 0. 0. 0. 0. 0. 0. 0. 0. 0. 1. 0. 0. 0. 0. 0. 0. 0.],3.0,1000,100,0.01,0.003,1,2,idID,,first,single_objective
746,0.0927601956046874,0.39886884110015586,0.004154007806000001,[0.       0.       0.       0.       0.59999  0.       0.       0.       0.       0.       0.200045 0.       0.       0.       0.       0.       0.       0.       0.       0.       0.       0.       0.       0.199965 0.       0.       0.       0.       0.       0.       0.      ],[0. 0. 0. 0. 1. 0. 0. 0. 0. 0. 1. 0. 0. 0. 0. 0. 0. 0. 0. 0. 0. 0. 0. 1. 0. 0. 0. 0. 0. 0. 0.],3.0,1000,100,0.01,0.003,1,2,idID,,first,single_objective
747,0.0927601956046874,0.39886884110015586,0.004154007806000001,[0.       0.       0.       0.       0.59999  0.       0.       0.       0.       0.       0.200045 0.       0.       0.       0.       0.       0.       0.       0.       0.       0.       0.       0.       0.199965 0.       0.       0.       0.       0.       0.       0.      ],[0. 0. 0. 0. 1. 0. 0. 0. 0. 0. 1. 0. 0. 0. 0. 0. 0. 0. 0. 0. 0. 0. 0. 1. 0. 0. 0. 0. 0. 0. 0.],3.0,1000,100,0.01,0.003,1,2,idID,,first,single_objective
748,0.0927601956046874,0.39886884110015586,0.004154007806000001,[0.       0.       0.       0.       0.59999  0.       0.       0.       0.       0.       0.200045 0.       0.       0.       0.       0.       0.       0.       0.       0.       0.       0.       0.       0.199965 0.       0.       0.       0.       0.       0.       0.      ],[0. 0. 0. 0. 1. 0. 0. 0. 0. 0. 1. 0. 0. 0. 0. 0. 0. 0. 0. 0. 0. 0. 0. 1. 0. 0. 0. 0. 0. 0. 0.],3.0,1000,100,0.01,0.003,1,2,idID,,first,single_objective
749,0.0927601956046874,0.39886884110015586,0.004154007806000001,[0.       0.       0.       0.       0.59999  0.       0.       0.       0.       0.       0.200045 0.       0.       0.       0.       0.       0.       0.       0.       0.       0.       0.       0.       0.199965 0.       0.       0.       0.       0.       0.       0.      ],[0. 0. 0. 0. 1. 0. 0. 0. 0. 0. 1. 0. 0. 0. 0. 0. 0. 0. 0. 0. 0. 0. 0. 1. 0. 0. 0. 0. 0. 0. 0.],3.0,1000,100,0.01,0.003,1,2,idID,,first,single_objective
750,0.0927601956046874,0.39886884110015586,0.004154007806000001,[0.       0.       0.       0.       0.59999  0.       0.       0.       0.       0.       0.200045 0.       0.       0.       0.       0.       0.       0.       0.       0.       0.       0.       0.       0.199965 0.       0.       0.       0.       0.       0.       0.      ],[0. 0. 0. 0. 1. 0. 0. 0. 0. 0. 1. 0. 0. 0. 0. 0. 0. 0. 0. 0. 0. 0. 0. 1. 0. 0. 0. 0. 0. 0. 0.],3.0,1000,100,0.01,0.003,1,2,idID,,first,single_objective
751,0.0927601956046874,0.39886884110015586,0.004154007806000001,[0.       0.       0.       0.       0.59999  0.       0.       0.       0.       0.       0.200045 0.       0.       0.       0.       0.       0.       0.       0.       0.       0.       0.       0.       0.199965 0.       0.       0.       0.       0.       0.       0.      ],[0. 0. 0. 0. 1. 0. 0. 0. 0. 0. 1. 0. 0. 0. 0. 0. 0. 0. 0. 0. 0. 0. 0. 1. 0. 0. 0. 0. 0. 0. 0.],3.0,1000,100,0.01,0.003,1,2,idID,,first,single_objective
752,0.0927601956046874,0.39886884110015586,0.004154007806000001,[0.       0.       0.       0.       0.59999  0.       0.       0.       0.       0.       0.200045 0.       0.       0.       0.       0.       0.       0.       0.       0.       0.       0.       0.       0.199965 0.       0.       0.       0.       0.       0.       0.      ],[0. 0. 0. 0. 1. 0. 0. 0. 0. 0. 1. 0. 0. 0. 0. 0. 0. 0. 0. 0. 0. 0. 0. 1. 0. 0. 0. 0. 0. 0. 0.],3.0,1000,100,0.01,0.003,1,2,idID,,first,single_objective
753,0.0927601956046874,0.39886884110015586,0.004154007806000001,[0.       0.       0.       0.       0.59999  0.       0.       0.       0.       0.       0.200045 0.       0.       0.       0.       0.       0.       0.       0.       0.       0.       0.       0.       0.199965 0.       0.       0.       0.       0.       0.       0.      ],[0. 0. 0. 0. 1. 0. 0. 0. 0. 0. 1. 0. 0. 0. 0. 0. 0. 0. 0. 0. 0. 0. 0. 1. 0. 0. 0. 0. 0. 0. 0.],3.0,1000,100,0.01,0.003,1,2,idID,,first,single_objective
754,0.0927601956046874,0.39886884110015586,0.004154007806000001,[0.       0.       0.       0.       0.59999  0.       0.       0.       0.       0.       0.200045 0.       0.       0.       0.       0.       0.       0.       0.       0.       0.       0.       0.       0.199965 0.       0.       0.       0.       0.       0.       0.      ],[0. 0. 0. 0. 1. 0. 0. 0. 0. 0. 1. 0. 0. 0. 0. 0. 0. 0. 0. 0. 0. 0. 0. 1. 0. 0. 0. 0. 0. 0. 0.],3.0,1000,100,0.01,0.003,1,2,idID,,first,single_objective
755,0.0927601956046874,0.39886884110015586,0.004154007806000001,[0.       0.       0.       0.       0.59999  0.       0.       0.       0.       0.       0.200045 0.       0.       0.       0.       0.       0.       0.       0.       0.       0.       0.       0.       0.199965 0.       0.       0.       0.       0.       0.       0.      ],[0. 0. 0. 0. 1. 0. 0. 0. 0. 0. 1. 0. 0. 0. 0. 0. 0. 0. 0. 0. 0. 0. 0. 1. 0. 0. 0. 0. 0. 0. 0.],3.0,1000,100,0.01,0.003,1,2,idID,,first,single_objective
756,0.0927601956046874,0.39886884110015586,0.004154007806000001,[0.       0.       0.       0.       0.59999  0.       0.       0.       0.       0.       0.200045 0.       0.       0.       0.       0.       0.       0.       0.       0.       0.       0.       0.       0.199965 0.       0.       0.       0.       0.       0.       0.      ],[0. 0. 0. 0. 1. 0. 0. 0. 0. 0. 1. 0. 0. 0. 0. 0. 0. 0. 0. 0. 0. 0. 0. 1. 0. 0. 0. 0. 0. 0. 0.],3.0,1000,100,0.01,0.003,1,2,idID,,first,single_objective
757,0.0927601956046874,0.39886884110015586,0.004154007806000001,[0.       0.       0.       0.       0.59999  0.       0.       0.       0.       0.       0.200045 0.       0.       0.       0.       0.       0.       0.       0.       0.       0.       0.       0.       0.199965 0.       0.       0.       0.       0.       0.       0.      ],[0. 0. 0. 0. 1. 0. 0. 0. 0. 0. 1. 0. 0. 0. 0. 0. 0. 0. 0. 0. 0. 0. 0. 1. 0. 0. 0. 0. 0. 0. 0.],3.0,1000,100,0.01,0.003,1,2,idID,,first,single_objective
758,0.0927601956046874,0.39886884110015586,0.004154007806000001,[0.       0.       0.       0.       0.59999  0.       0.       0.       0.       0.       0.200045 0.       0.       0.       0.       0.       0.       0.       0.       0.       0.       0.       0.       0.199965 0.       0.       0.       0.       0.       0.       0.      ],[0. 0. 0. 0. 1. 0. 0. 0. 0. 0. 1. 0. 0. 0. 0. 0. 0. 0. 0. 0. 0. 0. 0. 1. 0. 0. 0. 0. 0. 0. 0.],3.0,1000,100,0.01,0.003,1,2,idID,,first,single_objective
759,0.0927601956046874,0.39886884110015586,0.004154007806000001,[0.       0.       0.       0.       0.59999  0.       0.       0.       0.       0.       0.200045 0.       0.       0.       0.       0.       0.       0.       0.       0.       0.       0.       0.       0.199965 0.       0.       0.       0.       0.       0.       0.      ],[0. 0. 0. 0. 1. 0. 0. 0. 0. 0. 1. 0. 0. 0. 0. 0. 0. 0. 0. 0. 0. 0. 0. 1. 0. 0. 0. 0. 0. 0. 0.],3.0,1000,100,0.01,0.003,1,2,idID,,first,single_objective
760,0.0927601956046874,0.39886884110015586,0.004154007806000001,[0.       0.       0.       0.       0.59999  0.       0.       0.       0.       0.       0.200045 0.       0.       0.       0.       0.       0.       0.       0.       0.       0.       0.       0.       0.199965 0.       0.       0.       0.       0.       0.       0.      ],[0. 0. 0. 0. 1. 0. 0. 0. 0. 0. 1. 0. 0. 0. 0. 0. 0. 0. 0. 0. 0. 0. 0. 1. 0. 0. 0. 0. 0. 0. 0.],3.0,1000,100,0.01,0.003,1,2,idID,,first,single_objective
761,0.0927601956046874,0.39886884110015586,0.004154007806000001,[0.       0.       0.       0.       0.59999  0.       0.       0.       0.       0.       0.200045 0.       0.       0.       0.       0.       0.       0.       0.       0.       0.       0.       0.       0.199965 0.       0.       0.       0.       0.       0.       0.      ],[0. 0. 0. 0. 1. 0. 0. 0. 0. 0. 1. 0. 0. 0. 0. 0. 0. 0. 0. 0. 0. 0. 0. 1. 0. 0. 0. 0. 0. 0. 0.],3.0,1000,100,0.01,0.003,1,2,idID,,first,single_objective
762,0.0927601956046874,0.39886884110015586,0.004154007806000001,[0.       0.       0.       0.       0.59999  0.       0.       0.       0.       0.       0.200045 0.       0.       0.       0.       0.       0.       0.       0.       0.       0.       0.       0.       0.199965 0.       0.       0.       0.       0.       0.       0.      ],[0. 0. 0. 0. 1. 0. 0. 0. 0. 0. 1. 0. 0. 0. 0. 0. 0. 0. 0. 0. 0. 0. 0. 1. 0. 0. 0. 0. 0. 0. 0.],3.0,1000,100,0.01,0.003,1,2,idID,,first,single_objective
763,0.0927601956046874,0.39886884110015586,0.004154007806000001,[0.       0.       0.       0.       0.59999  0.       0.       0.       0.       0.       0.200045 0.       0.       0.       0.       0.       0.       0.       0.       0.       0.       0.       0.       0.199965 0.       0.       0.       0.       0.       0.       0.      ],[0. 0. 0. 0. 1. 0. 0. 0. 0. 0. 1. 0. 0. 0. 0. 0. 0. 0. 0. 0. 0. 0. 0. 1. 0. 0. 0. 0. 0. 0. 0.],3.0,1000,100,0.01,0.003,1,2,idID,,first,single_objective
764,0.0927601956046874,0.39886884110015586,0.004154007806000001,[0.       0.       0.       0.       0.59999  0.       0.       0.       0.       0.       0.200045 0.       0.       0.       0.       0.       0.       0.       0.       0.       0.       0.       0.       0.199965 0.       0.       0.       0.       0.       0.       0.      ],[0. 0. 0. 0. 1. 0. 0. 0. 0. 0. 1. 0. 0. 0. 0. 0. 0. 0. 0. 0. 0. 0. 0. 1. 0. 0. 0. 0. 0. 0. 0.],3.0,1000,100,0.01,0.003,1,2,idID,,first,single_objective
765,0.0927601956046874,0.39886884110015586,0.004154007806000001,[0.       0.       0.       0.       0.59999  0.       0.       0.       0.       0.       0.200045 0.       0.       0.       0.       0.       0.       0.       0.       0.       0.       0.       0.       0.199965 0.       0.       0.       0.       0.       0.       0.      ],[0. 0. 0. 0. 1. 0. 0. 0. 0. 0. 1. 0. 0. 0. 0. 0. 0. 0. 0. 0. 0. 0. 0. 1. 0. 0. 0. 0. 0. 0. 0.],3.0,1000,100,0.01,0.003,1,2,idID,,first,single_objective
766,0.0927601956046874,0.39886884110015586,0.004154007806000001,[0.       0.       0.       0.       0.59999  0.       0.       0.       0.       0.       0.200045 0.       0.       0.       0.       0.       0.       0.       0.       0.       0.       0.       0.       0.199965 0.       0.       0.       0.       0.       0.       0.      ],[0. 0. 0. 0. 1. 0. 0. 0. 0. 0. 1. 0. 0. 0. 0. 0. 0. 0. 0. 0. 0. 0. 0. 1. 0. 0. 0. 0. 0. 0. 0.],3.0,1000,100,0.01,0.003,1,2,idID,,first,single_objective
767,0.0927601956046874,0.39886884110015586,0.004154007806000001,[0.       0.       0.       0.       0.59999  0.       0.       0.       0.       0.       0.200045 0.       0.       0.       0.       0.       0.       0.       0.       0.       0.       0.       0.       0.199965 0.       0.       0.       0.       0.       0.       0.      ],[0. 0. 0. 0. 1. 0. 0. 0. 0. 0. 1. 0. 0. 0. 0. 0. 0. 0. 0. 0. 0. 0. 0. 1. 0. 0. 0. 0. 0. 0. 0.],3.0,1000,100,0.01,0.003,1,2,idID,,first,single_objective
768,0.0927601956046874,0.39886884110015586,0.004154007806000001,[0.       0.       0.       0.       0.59999  0.       0.       0.       0.       0.       0.200045 0.       0.       0.       0.       0.       0.       0.       0.       0.       0.       0.       0.       0.199965 0.       0.       0.       0.       0.       0.       0.      ],[0. 0. 0. 0. 1. 0. 0. 0. 0. 0. 1. 0. 0. 0. 0. 0. 0. 0. 0. 0. 0. 0. 0. 1. 0. 0. 0. 0. 0. 0. 0.],3.0,1000,100,0.01,0.003,1,2,idID,,first,single_objective
769,0.0927601956046874,0.39886884110015586,0.004154007806000001,[0.       0.       0.       0.       0.59999  0.       0.       0.       0.       0.       0.200045 0.       0.       0.       0.       0.       0.       0.       0.       0.       0.       0.       0.       0.199965 0.       0.       0.       0.       0.       0.       0.      ],[0. 0. 0. 0. 1. 0. 0. 0. 0. 0. 1. 0. 0. 0. 0. 0. 0. 0. 0. 0. 0. 0. 0. 1. 0. 0. 0. 0. 0. 0. 0.],3.0,1000,100,0.01,0.003,1,2,idID,,first,single_objective
770,0.0927601956046874,0.39886884110015586,0.004154007806000001,[0.       0.       0.       0.       0.59999  0.       0.       0.       0.       0.       0.200045 0.       0.       0.       0.       0.       0.       0.       0.       0.       0.       0.       0.       0.199965 0.       0.       0.       0.       0.       0.       0.      ],[0. 0. 0. 0. 1. 0. 0. 0. 0. 0. 1. 0. 0. 0. 0. 0. 0. 0. 0. 0. 0. 0. 0. 1. 0. 0. 0. 0. 0. 0. 0.],3.0,1000,100,0.01,0.003,1,2,idID,,first,single_objective
771,0.0927601956046874,0.39886884110015586,0.004154007806000001,[0.       0.       0.       0.       0.59999  0.       0.       0.       0.       0.       0.200045 0.       0.       0.       0.       0.       0.       0.       0.       0.       0.       0.       0.       0.199965 0.       0.       0.       0.       0.       0.       0.      ],[0. 0. 0. 0. 1. 0. 0. 0. 0. 0. 1. 0. 0. 0. 0. 0. 0. 0. 0. 0. 0. 0. 0. 1. 0. 0. 0. 0. 0. 0. 0.],3.0,1000,100,0.01,0.003,1,2,idID,,first,single_objective
772,0.0927601956046874,0.39886884110015586,0.004154007806000001,[0.       0.       0.       0.       0.59999  0.       0.       0.       0.       0.       0.200045 0.       0.       0.       0.       0.       0.       0.       0.       0.       0.       0.       0.       0.199965 0.       0.       0.       0.       0.       0.       0.      ],[0. 0. 0. 0. 1. 0. 0. 0. 0. 0. 1. 0. 0. 0. 0. 0. 0. 0. 0. 0. 0. 0. 0. 1. 0. 0. 0. 0. 0. 0. 0.],3.0,1000,100,0.01,0.003,1,2,idID,,first,single_objective
773,0.0927601956046874,0.39886884110015586,0.004154007806000001,[0.       0.       0.       0.       0.59999  0.       0.       0.       0.       0.       0.200045 0.       0.       0.       0.       0.       0.       0.       0.       0.       0.       0.       0.       0.199965 0.       0.       0.       0.       0.       0.       0.      ],[0. 0. 0. 0. 1. 0. 0. 0. 0. 0. 1. 0. 0. 0. 0. 0. 0. 0. 0. 0. 0. 0. 0. 1. 0. 0. 0. 0. 0. 0. 0.],3.0,1000,100,0.01,0.003,1,2,idID,,first,single_objective
774,0.0927601956046874,0.39886884110015586,0.004154007806000001,[0.       0.       0.       0.       0.59999  0.       0.       0.       0.       0.       0.200045 0.       0.       0.       0.       0.       0.       0.       0.       0.       0.       0.       0.       0.199965 0.       0.       0.       0.       0.       0.       0.      ],[0. 0. 0. 0. 1. 0. 0. 0. 0. 0. 1. 0. 0. 0. 0. 0. 0. 0. 0. 0. 0. 0. 0. 1. 0. 0. 0. 0. 0. 0. 0.],3.0,1000,100,0.01,0.003,1,2,idID,,first,single_objective
775,0.0927601956046874,0.39886884110015586,0.004154007806000001,[0.       0.       0.       0.       0.59999  0.       0.       0.       0.       0.       0.200045 0.       0.       0.       0.       0.       0.       0.       0.       0.       0.       0.       0.       0.199965 0.       0.       0.       0.       0.       0.       0.      ],[0. 0. 0. 0. 1. 0. 0. 0. 0. 0. 1. 0. 0. 0. 0. 0. 0. 0. 0. 0. 0. 0. 0. 1. 0. 0. 0. 0. 0. 0. 0.],3.0,1000,100,0.01,0.003,1,2,idID,,first,single_objective
776,0.0927601956046874,0.39886884110015586,0.004154007806000001,[0.       0.       0.       0.       0.59999  0.       0.       0.       0.       0.       0.200045 0.       0.       0.       0.       0.       0.       0.       0.       0.       0.       0.       0.       0.199965 0.       0.       0.       0.       0.       0.       0.      ],[0. 0. 0. 0. 1. 0. 0. 0. 0. 0. 1. 0. 0. 0. 0. 0. 0. 0. 0. 0. 0. 0. 0. 1. 0. 0. 0. 0. 0. 0. 0.],3.0,1000,100,0.01,0.003,1,2,idID,,first,single_objective
777,0.0927601956046874,0.39886884110015586,0.004154007806000001,[0.       0.       0.       0.       0.59999  0.       0.       0.       0.       0.       0.200045 0.       0.       0.       0.       0.       0.       0.       0.       0.       0.       0.       0.       0.199965 0.       0.       0.       0.       0.       0.       0.      ],[0. 0. 0. 0. 1. 0. 0. 0. 0. 0. 1. 0. 0. 0. 0. 0. 0. 0. 0. 0. 0. 0. 0. 1. 0. 0. 0. 0. 0. 0. 0.],3.0,1000,100,0.01,0.003,1,2,idID,,first,single_objective
778,0.0927601956046874,0.39886884110015586,0.004154007806000001,[0.       0.       0.       0.       0.59999  0.       0.       0.       0.       0.       0.200045 0.       0.       0.       0.       0.       0.       0.       0.       0.       0.       0.       0.       0.199965 0.       0.       0.       0.       0.       0.       0.      ],[0. 0. 0. 0. 1. 0. 0. 0. 0. 0. 1. 0. 0. 0. 0. 0. 0. 0. 0. 0. 0. 0. 0. 1. 0. 0. 0. 0. 0. 0. 0.],3.0,1000,100,0.01,0.003,1,2,idID,,first,single_objective
779,0.0927601956046874,0.39886884110015586,0.004154007806000001,[0.       0.       0.       0.       0.59999  0.       0.       0.       0.       0.       0.200045 0.       0.       0.       0.       0.       0.       0.       0.       0.       0.       0.       0.       0.199965 0.       0.       0.       0.       0.       0.       0.      ],[0. 0. 0. 0. 1. 0. 0. 0. 0. 0. 1. 0. 0. 0. 0. 0. 0. 0. 0. 0. 0. 0. 0. 1. 0. 0. 0. 0. 0. 0. 0.],3.0,1000,100,0.01,0.003,1,2,idID,,first,single_objective
780,0.0927601956046874,0.39886884110015586,0.004154007806000001,[0.       0.       0.       0.       0.59999  0.       0.       0.       0.       0.       0.200045 0.       0.       0.       0.       0.       0.       0.       0.       0.       0.       0.       0.       0.199965 0.       0.       0.       0.       0.       0.       0.      ],[0. 0. 0. 0. 1. 0. 0. 0. 0. 0. 1. 0. 0. 0. 0. 0. 0. 0. 0. 0. 0. 0. 0. 1. 0. 0. 0. 0. 0. 0. 0.],3.0,1000,100,0.01,0.003,1,2,idID,,first,single_objective
781,0.0927601956046874,0.39886884110015586,0.004154007806000001,[0.       0.       0.       0.       0.59999  0.       0.       0.       0.       0.       0.200045 0.       0.       0.       0.       0.       0.       0.       0.       0.       0.       0.       0.       0.199965 0.       0.       0.       0.       0.       0.       0.      ],[0. 0. 0. 0. 1. 0. 0. 0. 0. 0. 1. 0. 0. 0. 0. 0. 0. 0. 0. 0. 0. 0. 0. 1. 0. 0. 0. 0. 0. 0. 0.],3.0,1000,100,0.01,0.003,1,2,idID,,first,single_objective
782,0.0927601956046874,0.39886884110015586,0.004154007806000001,[0.       0.       0.       0.       0.59999  0.       0.       0.       0.       0.       0.200045 0.       0.       0.       0.       0.       0.       0.       0.       0.       0.       0.       0.       0.199965 0.       0.       0.       0.       0.       0.       0.      ],[0. 0. 0. 0. 1. 0. 0. 0. 0. 0. 1. 0. 0. 0. 0. 0. 0. 0. 0. 0. 0. 0. 0. 1. 0. 0. 0. 0. 0. 0. 0.],3.0,1000,100,0.01,0.003,1,2,idID,,first,single_objective
783,0.0927601956046874,0.39886884110015586,0.004154007806000001,[0.       0.       0.       0.       0.59999  0.       0.       0.       0.       0.       0.200045 0.       0.       0.       0.       0.       0.       0.       0.       0.       0.       0.       0.       0.199965 0.       0.       0.       0.       0.       0.       0.      ],[0. 0. 0. 0. 1. 0. 0. 0. 0. 0. 1. 0. 0. 0. 0. 0. 0. 0. 0. 0. 0. 0. 0. 1. 0. 0. 0. 0. 0. 0. 0.],3.0,1000,100,0.01,0.003,1,2,idID,,first,single_objective
784,0.0927601956046874,0.39886884110015586,0.004154007806000001,[0.       0.       0.       0.       0.59999  0.       0.       0.       0.       0.       0.200045 0.       0.       0.       0.       0.       0.       0.       0.       0.       0.       0.       0.       0.199965 0.       0.       0.       0.       0.       0.       0.      ],[0. 0. 0. 0. 1. 0. 0. 0. 0. 0. 1. 0. 0. 0. 0. 0. 0. 0. 0. 0. 0. 0. 0. 1. 0. 0. 0. 0. 0. 0. 0.],3.0,1000,100,0.01,0.003,1,2,idID,,first,single_objective
785,0.0927601956046874,0.39886884110015586,0.004154007806000001,[0.       0.       0.       0.       0.59999  0.       0.       0.       0.       0.       0.200045 0.       0.       0.       0.       0.       0.       0.       0.       0.       0.       0.       0.       0.199965 0.       0.       0.       0.       0.       0.       0.      ],[0. 0. 0. 0. 1. 0. 0. 0. 0. 0. 1. 0. 0. 0. 0. 0. 0. 0. 0. 0. 0. 0. 0. 1. 0. 0. 0. 0. 0. 0. 0.],3.0,1000,100,0.01,0.003,1,2,idID,,first,single_objective
786,0.0927601956046874,0.39886884110015586,0.004154007806000001,[0.       0.       0.       0.       0.59999  0.       0.       0.       0.       0.       0.200045 0.       0.       0.       0.       0.       0.       0.       0.       0.       0.       0.       0.       0.199965 0.       0.       0.       0.       0.       0.       0.      ],[0. 0. 0. 0. 1. 0. 0. 0. 0. 0. 1. 0. 0. 0. 0. 0. 0. 0. 0. 0. 0. 0. 0. 1. 0. 0. 0. 0. 0. 0. 0.],3.0,1000,100,0.01,0.003,1,2,idID,,first,single_objective
787,0.0927601956046874,0.39886884110015586,0.004154007806000001,[0.       0.       0.       0.       0.59999  0.       0.       0.       0.       0.       0.200045 0.       0.       0.       0.       0.       0.       0.       0.       0.       0.       0.       0.       0.199965 0.       0.       0.       0.       0.       0.       0.      ],[0. 0. 0. 0. 1. 0. 0. 0. 0. 0. 1. 0. 0. 0. 0. 0. 0. 0. 0. 0. 0. 0. 0. 1. 0. 0. 0. 0. 0. 0. 0.],3.0,1000,100,0.01,0.003,1,2,idID,,first,single_objective
788,0.0927601956046874,0.39886884110015586,0.004154007806000001,[0.       0.       0.       0.       0.59999  0.       0.       0.       0.       0.       0.200045 0.       0.       0.       0.       0.       0.       0.       0.       0.       0.       0.       0.       0.199965 0.       0.       0.       0.       0.       0.       0.      ],[0. 0. 0. 0. 1. 0. 0. 0. 0. 0. 1. 0. 0. 0. 0. 0. 0. 0. 0. 0. 0. 0. 0. 1. 0. 0. 0. 0. 0. 0. 0.],3.0,1000,100,0.01,0.003,1,2,idID,,first,single_objective
789,0.0927601956046874,0.39886884110015586,0.004154007806000001,[0.       0.       0.       0.       0.59999  0.       0.       0.       0.       0.       0.200045 0.       0.       0.       0.       0.       0.       0.       0.       0.       0.       0.       0.       0.199965 0.       0.       0.       0.       0.       0.       0.      ],[0. 0. 0. 0. 1. 0. 0. 0. 0. 0. 1. 0. 0. 0. 0. 0. 0. 0. 0. 0. 0. 0. 0. 1. 0. 0. 0. 0. 0. 0. 0.],3.0,1000,100,0.01,0.003,1,2,idID,,first,single_objective
790,0.0927601956046874,0.39886884110015586,0.004154007806000001,[0.       0.       0.       0.       0.59999  0.       0.       0.       0.       0.       0.200045 0.       0.       0.       0.       0.       0.       0.       0.       0.       0.       0.       0.       0.199965 0.       0.       0.       0.       0.       0.       0.      ],[0. 0. 0. 0. 1. 0. 0. 0. 0. 0. 1. 0. 0. 0. 0. 0. 0. 0. 0. 0. 0. 0. 0. 1. 0. 0. 0. 0. 0. 0. 0.],3.0,1000,100,0.01,0.003,1,2,idID,,first,single_objective
791,0.0927601956046874,0.39886884110015586,0.004154007806000001,[0.       0.       0.       0.       0.59999  0.       0.       0.       0.       0.       0.200045 0.       0.       0.       0.       0.       0.       0.       0.       0.       0.       0.       0.       0.199965 0.       0.       0.       0.       0.       0.       0.      ],[0. 0. 0. 0. 1. 0. 0. 0. 0. 0. 1. 0. 0. 0. 0. 0. 0. 0. 0. 0. 0. 0. 0. 1. 0. 0. 0. 0. 0. 0. 0.],3.0,1000,100,0.01,0.003,1,2,idID,,first,single_objective
792,0.0927601956046874,0.39886884110015586,0.004154007806000001,[0.       0.       0.       0.       0.59999  0.       0.       0.       0.       0.       0.200045 0.       0.       0.       0.       0.       0.       0.       0.       0.       0.       0.       0.       0.199965 0.       0.       0.       0.       0.       0.       0.      ],[0. 0. 0. 0. 1. 0. 0. 0. 0. 0. 1. 0. 0. 0. 0. 0. 0. 0. 0. 0. 0. 0. 0. 1. 0. 0. 0. 0. 0. 0. 0.],3.0,1000,100,0.01,0.003,1,2,idID,,first,single_objective
793,0.0927601956046874,0.39886884110015586,0.004154007806000001,[0.       0.       0.       0.       0.59999  0.       0.       0.       0.       0.       0.200045 0.       0.       0.       0.       0.       0.       0.       0.       0.       0.       0.       0.       0.199965 0.       0.       0.       0.       0.       0.       0.      ],[0. 0. 0. 0. 1. 0. 0. 0. 0. 0. 1. 0. 0. 0. 0. 0. 0. 0. 0. 0. 0. 0. 0. 1. 0. 0. 0. 0. 0. 0. 0.],3.0,1000,100,0.01,0.003,1,2,idID,,first,single_objective
794,0.0927601956046874,0.39886884110015586,0.004154007806000001,[0.       0.       0.       0.       0.59999  0.       0.       0.       0.       0.       0.200045 0.       0.       0.       0.       0.       0.       0.       0.       0.       0.       0.       0.       0.199965 0.       0.       0.       0.       0.       0.       0.      ],[0. 0. 0. 0. 1. 0. 0. 0. 0. 0. 1. 0. 0. 0. 0. 0. 0. 0. 0. 0. 0. 0. 0. 1. 0. 0. 0. 0. 0. 0. 0.],3.0,1000,100,0.01,0.003,1,2,idID,,first,single_objective
795,0.0927601956046874,0.39886884110015586,0.004154007806000001,[0.       0.       0.       0.       0.59999  0.       0.       0.       0.       0.       0.200045 0.       0.       0.       0.       0.       0.       0.       0.       0.       0.       0.       0.       0.199965 0.       0.       0.       0.       0.       0.       0.      ],[0. 0. 0. 0. 1. 0. 0. 0. 0. 0. 1. 0. 0. 0. 0. 0. 0. 0. 0. 0. 0. 0. 0. 1. 0. 0. 0. 0. 0. 0. 0.],3.0,1000,100,0.01,0.003,1,2,idID,,first,single_objective
796,0.0927601956046874,0.39886884110015586,0.004154007806000001,[0.       0.       0.       0.       0.59999  0.       0.       0.       0.       0.       0.200045 0.       0.       0.       0.       0.       0.       0.       0.       0.       0.       0.       0.       0.199965 0.       0.       0.       0.       0.       0.       0.      ],[0. 0. 0. 0. 1. 0. 0. 0. 0. 0. 1. 0. 0. 0. 0. 0. 0. 0. 0. 0. 0. 0. 0. 1. 0. 0. 0. 0. 0. 0. 0.],3.0,1000,100,0.01,0.003,1,2,idID,,first,single_objective
797,0.0927601956046874,0.39886884110015586,0.004154007806000001,[0.       0.       0.       0.       0.59999  0.       0.       0.       0.       0.       0.200045 0.       0.       0.       0.       0.       0.       0.       0.       0.       0.       0.       0.       0.199965 0.       0.       0.       0.       0.       0.       0.      ],[0. 0. 0. 0. 1. 0. 0. 0. 0. 0. 1. 0. 0. 0. 0. 0. 0. 0. 0. 0. 0. 0. 0. 1. 0. 0. 0. 0. 0. 0. 0.],3.0,1000,100,0.01,0.003,1,2,idID,,first,single_objective
798,0.0927601956046874,0.39886884110015586,0.004154007806000001,[0.       0.       0.       0.       0.59999  0.       0.       0.       0.       0.       0.200045 0.       0.       0.       0.       0.       0.       0.       0.       0.       0.       0.       0.       0.199965 0.       0.       0.       0.       0.       0.       0.      ],[0. 0. 0. 0. 1. 0. 0. 0. 0. 0. 1. 0. 0. 0. 0. 0. 0. 0. 0. 0. 0. 0. 0. 1. 0. 0. 0. 0. 0. 0. 0.],3.0,1000,100,0.01,0.003,1,2,idID,,first,single_objective
799,0.0927601956046874,0.39886884110015586,0.004154007806000001,[0.       0.       0.       0.       0.59999  0.       0.       0.       0.       0.       0.200045 0.       0.       0.       0.       0.       0.       0.       0.       0.       0.       0.       0.       0.199965 0.       0.       0.       0.       0.       0.       0.      ],[0. 0. 0. 0. 1. 0. 0. 0. 0. 0. 1. 0. 0. 0. 0. 0. 0. 0. 0. 0. 0. 0. 0. 1. 0. 0. 0. 0. 0. 0. 0.],3.0,1000,100,0.01,0.003,1,2,idID,,first,single_objective
800,0.0927601956046874,0.39886884110015586,0.004154007806000001,[0.       0.       0.       0.       0.59999  0.       0.       0.       0.       0.       0.200045 0.       0.       0.       0.       0.       0.       0.       0.       0.       0.       0.       0.       0.199965 0.       0.       0.       0.       0.       0.       0.      ],[0. 0. 0. 0. 1. 0. 0. 0. 0. 0. 1. 0. 0. 0. 0. 0. 0. 0. 0. 0. 0. 0. 0. 1. 0. 0. 0. 0. 0. 0. 0.],3.0,1000,100,0.01,0.003,1,2,idID,,first,single_objective
801,0.0927601956046874,0.39886884110015586,0.004154007806000001,[0.       0.       0.       0.       0.59999  0.       0.       0.       0.       0.       0.200045 0.       0.       0.       0.       0.       0.       0.       0.       0.       0.       0.       0.       0.199965 0.       0.       0.       0.       0.       0.       0.      ],[0. 0. 0. 0. 1. 0. 0. 0. 0. 0. 1. 0. 0. 0. 0. 0. 0. 0. 0. 0. 0. 0. 0. 1. 0. 0. 0. 0. 0. 0. 0.],3.0,1000,100,0.01,0.003,1,2,idID,,first,single_objective
802,0.0927601956046874,0.39886884110015586,0.004154007806000001,[0.       0.       0.       0.       0.59999  0.       0.       0.       0.       0.       0.200045 0.       0.       0.       0.       0.       0.       0.       0.       0.       0.       0.       0.       0.199965 0.       0.       0.       0.       0.       0.       0.      ],[0. 0. 0. 0. 1. 0. 0. 0. 0. 0. 1. 0. 0. 0. 0. 0. 0. 0. 0. 0. 0. 0. 0. 1. 0. 0. 0. 0. 0. 0. 0.],3.0,1000,100,0.01,0.003,1,2,idID,,first,single_objective
803,0.0927601956046874,0.39886884110015586,0.004154007806000001,[0.       0.       0.       0.       0.59999  0.       0.       0.       0.       0.       0.200045 0.       0.       0.       0.       0.       0.       0.       0.       0.       0.       0.       0.       0.199965 0.       0.       0.       0.       0.       0.       0.      ],[0. 0. 0. 0. 1. 0. 0. 0. 0. 0. 1. 0. 0. 0. 0. 0. 0. 0. 0. 0. 0. 0. 0. 1. 0. 0. 0. 0. 0. 0. 0.],3.0,1000,100,0.01,0.003,1,2,idID,,first,single_objective
804,0.0927601956046874,0.39886884110015586,0.004154007806000001,[0.       0.       0.       0.       0.59999  0.       0.       0.       0.       0.       0.200045 0.       0.       0.       0.       0.       0.       0.       0.       0.       0.       0.       0.       0.199965 0.       0.       0.       0.       0.       0.       0.      ],[0. 0. 0. 0. 1. 0. 0. 0. 0. 0. 1. 0. 0. 0. 0. 0. 0. 0. 0. 0. 0. 0. 0. 1. 0. 0. 0. 0. 0. 0. 0.],3.0,1000,100,0.01,0.003,1,2,idID,,first,single_objective
805,0.0927601956046874,0.39886884110015586,0.004154007806000001,[0.       0.       0.       0.       0.59999  0.       0.       0.       0.       0.       0.200045 0.       0.       0.       0.       0.       0.       0.       0.       0.       0.       0.       0.       0.199965 0.       0.       0.       0.       0.       0.       0.      ],[0. 0. 0. 0. 1. 0. 0. 0. 0. 0. 1. 0. 0. 0. 0. 0. 0. 0. 0. 0. 0. 0. 0. 1. 0. 0. 0. 0. 0. 0. 0.],3.0,1000,100,0.01,0.003,1,2,idID,,first,single_objective
806,0.0927601956046874,0.39886884110015586,0.004154007806000001,[0.       0.       0.       0.       0.59999  0.       0.       0.       0.       0.       0.200045 0.       0.       0.       0.       0.       0.       0.       0.       0.       0.       0.       0.       0.199965 0.       0.       0.       0.       0.       0.       0.      ],[0. 0. 0. 0. 1. 0. 0. 0. 0. 0. 1. 0. 0. 0. 0. 0. 0. 0. 0. 0. 0. 0. 0. 1. 0. 0. 0. 0. 0. 0. 0.],3.0,1000,100,0.01,0.003,1,2,idID,,first,single_objective
807,0.0927601956046874,0.39886884110015586,0.004154007806000001,[0.       0.       0.       0.       0.59999  0.       0.       0.       0.       0.       0.200045 0.       0.       0.       0.       0.       0.       0.       0.       0.       0.       0.       0.       0.199965 0.       0.       0.       0.       0.       0.       0.      ],[0. 0. 0. 0. 1. 0. 0. 0. 0. 0. 1. 0. 0. 0. 0. 0. 0. 0. 0. 0. 0. 0. 0. 1. 0. 0. 0. 0. 0. 0. 0.],3.0,1000,100,0.01,0.003,1,2,idID,,first,single_objective
808,0.0927601956046874,0.39886884110015586,0.004154007806000001,[0.       0.       0.       0.       0.59999  0.       0.       0.       0.       0.       0.200045 0.       0.       0.       0.       0.       0.       0.       0.       0.       0.       0.       0.       0.199965 0.       0.       0.       0.       0.       0.       0.      ],[0. 0. 0. 0. 1. 0. 0. 0. 0. 0. 1. 0. 0. 0. 0. 0. 0. 0. 0. 0. 0. 0. 0. 1. 0. 0. 0. 0. 0. 0. 0.],3.0,1000,100,0.01,0.003,1,2,idID,,first,single_objective
809,0.0927601956046874,0.39886884110015586,0.004154007806000001,[0.       0.       0.       0.       0.59999  0.       0.       0.       0.       0.       0.200045 0.       0.       0.       0.       0.       0.       0.       0.       0.       0.       0.       0.       0.199965 0.       0.       0.       0.       0.       0.       0.      ],[0. 0. 0. 0. 1. 0. 0. 0. 0. 0. 1. 0. 0. 0. 0. 0. 0. 0. 0. 0. 0. 0. 0. 1. 0. 0. 0. 0. 0. 0. 0.],3.0,1000,100,0.01,0.003,1,2,idID,,first,single_objective
810,0.0927601956046874,0.39886884110015586,0.004154007806000001,[0.       0.       0.       0.       0.59999  0.       0.       0.       0.       0.       0.200045 0.       0.       0.       0.       0.       0.       0.       0.       0.       0.       0.       0.       0.199965 0.       0.       0.       0.       0.       0.       0.      ],[0. 0. 0. 0. 1. 0. 0. 0. 0. 0. 1. 0. 0. 0. 0. 0. 0. 0. 0. 0. 0. 0. 0. 1. 0. 0. 0. 0. 0. 0. 0.],3.0,1000,100,0.01,0.003,1,2,idID,,first,single_objective
811,0.0927601956046874,0.39886884110015586,0.004154007806000001,[0.       0.       0.       0.       0.59999  0.       0.       0.       0.       0.       0.200045 0.       0.       0.       0.       0.       0.       0.       0.       0.       0.       0.       0.       0.199965 0.       0.       0.       0.       0.       0.       0.      ],[0. 0. 0. 0. 1. 0. 0. 0. 0. 0. 1. 0. 0. 0. 0. 0. 0. 0. 0. 0. 0. 0. 0. 1. 0. 0. 0. 0. 0. 0. 0.],3.0,1000,100,0.01,0.003,1,2,idID,,first,single_objective
812,0.0927601956046874,0.39886884110015586,0.004154007806000001,[0.       0.       0.       0.       0.59999  0.       0.       0.       0.       0.       0.200045 0.       0.       0.       0.       0.       0.       0.       0.       0.       0.       0.       0.       0.199965 0.       0.       0.       0.       0.       0.       0.      ],[0. 0. 0. 0. 1. 0. 0. 0. 0. 0. 1. 0. 0. 0. 0. 0. 0. 0. 0. 0. 0. 0. 0. 1. 0. 0. 0. 0. 0. 0. 0.],3.0,1000,100,0.01,0.003,1,2,idID,,first,single_objective
813,0.0927601956046874,0.39886884110015586,0.004154007806000001,[0.       0.       0.       0.       0.59999  0.       0.       0.       0.       0.       0.200045 0.       0.       0.       0.       0.       0.       0.       0.       0.       0.       0.       0.       0.199965 0.       0.       0.       0.       0.       0.       0.      ],[0. 0. 0. 0. 1. 0. 0. 0. 0. 0. 1. 0. 0. 0. 0. 0. 0. 0. 0. 0. 0. 0. 0. 1. 0. 0. 0. 0. 0. 0. 0.],3.0,1000,100,0.01,0.003,1,2,idID,,first,single_objective
814,0.0927601956046874,0.39886884110015586,0.004154007806000001,[0.       0.       0.       0.       0.59999  0.       0.       0.       0.       0.       0.200045 0.       0.       0.       0.       0.       0.       0.       0.       0.       0.       0.       0.       0.199965 0.       0.       0.       0.       0.       0.       0.      ],[0. 0. 0. 0. 1. 0. 0. 0. 0. 0. 1. 0. 0. 0. 0. 0. 0. 0. 0. 0. 0. 0. 0. 1. 0. 0. 0. 0. 0. 0. 0.],3.0,1000,100,0.01,0.003,1,2,idID,,first,single_objective
815,0.0927601956046874,0.39886884110015586,0.004154007806000001,[0.       0.       0.       0.       0.59999  0.       0.       0.       0.       0.       0.200045 0.       0.       0.       0.       0.       0.       0.       0.       0.       0.       0.       0.       0.199965 0.       0.       0.       0.       0.       0.       0.      ],[0. 0. 0. 0. 1. 0. 0. 0. 0. 0. 1. 0. 0. 0. 0. 0. 0. 0. 0. 0. 0. 0. 0. 1. 0. 0. 0. 0. 0. 0. 0.],3.0,1000,100,0.01,0.003,1,2,idID,,first,single_objective
816,0.0927601956046874,0.39886884110015586,0.004154007806000001,[0.       0.       0.       0.       0.59999  0.       0.       0.       0.       0.       0.200045 0.       0.       0.       0.       0.       0.       0.       0.       0.       0.       0.       0.       0.199965 0.       0.       0.       0.       0.       0.       0.      ],[0. 0. 0. 0. 1. 0. 0. 0. 0. 0. 1. 0. 0. 0. 0. 0. 0. 0. 0. 0. 0. 0. 0. 1. 0. 0. 0. 0. 0. 0. 0.],3.0,1000,100,0.01,0.003,1,2,idID,,first,single_objective
817,0.0927601956046874,0.39886884110015586,0.004154007806000001,[0.       0.       0.       0.       0.59999  0.       0.       0.       0.       0.       0.200045 0.       0.       0.       0.       0.       0.       0.       0.       0.       0.       0.       0.       0.199965 0.       0.       0.       0.       0.       0.       0.      ],[0. 0. 0. 0. 1. 0. 0. 0. 0. 0. 1. 0. 0. 0. 0. 0. 0. 0. 0. 0. 0. 0. 0. 1. 0. 0. 0. 0. 0. 0. 0.],3.0,1000,100,0.01,0.003,1,2,idID,,first,single_objective
818,0.0927601956046874,0.39886884110015586,0.004154007806000001,[0.       0.       0.       0.       0.59999  0.       0.       0.       0.       0.       0.200045 0.       0.       0.       0.       0.       0.       0.       0.       0.       0.       0.       0.       0.199965 0.       0.       0.       0.       0.       0.       0.      ],[0. 0. 0. 0. 1. 0. 0. 0. 0. 0. 1. 0. 0. 0. 0. 0. 0. 0. 0. 0. 0. 0. 0. 1. 0. 0. 0. 0. 0. 0. 0.],3.0,1000,100,0.01,0.003,1,2,idID,,first,single_objective
819,0.0927601956046874,0.39886884110015586,0.004154007806000001,[0.       0.       0.       0.       0.59999  0.       0.       0.       0.       0.       0.200045 0.       0.       0.       0.       0.       0.       0.       0.       0.       0.       0.       0.       0.199965 0.       0.       0.       0.       0.       0.       0.      ],[0. 0. 0. 0. 1. 0. 0. 0. 0. 0. 1. 0. 0. 0. 0. 0. 0. 0. 0. 0. 0. 0. 0. 1. 0. 0. 0. 0. 0. 0. 0.],3.0,1000,100,0.01,0.003,1,2,idID,,first,single_objective
820,0.0927601956046874,0.39886884110015586,0.004154007806000001,[0.       0.       0.       0.       0.59999  0.       0.       0.       0.       0.       0.200045 0.       0.       0.       0.       0.       0.       0.       0.       0.       0.       0.       0.       0.199965 0.       0.       0.       0.       0.       0.       0.      ],[0. 0. 0. 0. 1. 0. 0. 0. 0. 0. 1. 0. 0. 0. 0. 0. 0. 0. 0. 0. 0. 0. 0. 1. 0. 0. 0. 0. 0. 0. 0.],3.0,1000,100,0.01,0.003,1,2,idID,,first,single_objective
821,0.0927601956046874,0.39886884110015586,0.004154007806000001,[0.       0.       0.       0.       0.59999  0.       0.       0.       0.       0.       0.200045 0.       0.       0.       0.       0.       0.       0.       0.       0.       0.       0.       0.       0.199965 0.       0.       0.       0.       0.       0.       0.      ],[0. 0. 0. 0. 1. 0. 0. 0. 0. 0. 1. 0. 0. 0. 0. 0. 0. 0. 0. 0. 0. 0. 0. 1. 0. 0. 0. 0. 0. 0. 0.],3.0,1000,100,0.01,0.003,1,2,idID,,first,single_objective
822,0.0927601956046874,0.39886884110015586,0.004154007806000001,[0.       0.       0.       0.       0.59999  0.       0.       0.       0.       0.       0.200045 0.       0.       0.       0.       0.       0.       0.       0.       0.       0.       0.       0.       0.199965 0.       0.       0.       0.       0.       0.       0.      ],[0. 0. 0. 0. 1. 0. 0. 0. 0. 0. 1. 0. 0. 0. 0. 0. 0. 0. 0. 0. 0. 0. 0. 1. 0. 0. 0. 0. 0. 0. 0.],3.0,1000,100,0.01,0.003,1,2,idID,,first,single_objective
823,0.0927601956046874,0.39886884110015586,0.004154007806000001,[0.       0.       0.       0.       0.59999  0.       0.       0.       0.       0.       0.200045 0.       0.       0.       0.       0.       0.       0.       0.       0.       0.       0.       0.       0.199965 0.       0.       0.       0.       0.       0.       0.      ],[0. 0. 0. 0. 1. 0. 0. 0. 0. 0. 1. 0. 0. 0. 0. 0. 0. 0. 0. 0. 0. 0. 0. 1. 0. 0. 0. 0. 0. 0. 0.],3.0,1000,100,0.01,0.003,1,2,idID,,first,single_objective
824,0.0927601956046874,0.39886884110015586,0.004154007806000001,[0.       0.       0.       0.       0.59999  0.       0.       0.       0.       0.       0.200045 0.       0.       0.       0.       0.       0.       0.       0.       0.       0.       0.       0.       0.199965 0.       0.       0.       0.       0.       0.       0.      ],[0. 0. 0. 0. 1. 0. 0. 0. 0. 0. 1. 0. 0. 0. 0. 0. 0. 0. 0. 0. 0. 0. 0. 1. 0. 0. 0. 0. 0. 0. 0.],3.0,1000,100,0.01,0.003,1,2,idID,,first,single_objective
825,0.0927601956046874,0.39886884110015586,0.004154007806000001,[0.       0.       0.       0.       0.59999  0.       0.       0.       0.       0.       0.200045 0.       0.       0.       0.       0.       0.       0.       0.       0.       0.       0.       0.       0.199965 0.       0.       0.       0.       0.       0.       0.      ],[0. 0. 0. 0. 1. 0. 0. 0. 0. 0. 1. 0. 0. 0. 0. 0. 0. 0. 0. 0. 0. 0. 0. 1. 0. 0. 0. 0. 0. 0. 0.],3.0,1000,100,0.01,0.003,1,2,idID,,first,single_objective
826,0.0927601956046874,0.39886884110015586,0.004154007806000001,[0.       0.       0.       0.       0.59999  0.       0.       0.       0.       0.       0.200045 0.       0.       0.       0.       0.       0.       0.       0.       0.       0.       0.       0.       0.199965 0.       0.       0.       0.       0.       0.       0.      ],[0. 0. 0. 0. 1. 0. 0. 0. 0. 0. 1. 0. 0. 0. 0. 0. 0. 0. 0. 0. 0. 0. 0. 1. 0. 0. 0. 0. 0. 0. 0.],3.0,1000,100,0.01,0.003,1,2,idID,,first,single_objective
827,0.0927601956046874,0.39886884110015586,0.004154007806000001,[0.       0.       0.       0.       0.59999  0.       0.       0.       0.       0.       0.200045 0.       0.       0.       0.       0.       0.       0.       0.       0.       0.       0.       0.       0.199965 0.       0.       0.       0.       0.       0.       0.      ],[0. 0. 0. 0. 1. 0. 0. 0. 0. 0. 1. 0. 0. 0. 0. 0. 0. 0. 0. 0. 0. 0. 0. 1. 0. 0. 0. 0. 0. 0. 0.],3.0,1000,100,0.01,0.003,1,2,idID,,first,single_objective
828,0.0927601956046874,0.39886884110015586,0.004154007806000001,[0.       0.       0.       0.       0.59999  0.       0.       0.       0.       0.       0.200045 0.       0.       0.       0.       0.       0.       0.       0.       0.       0.       0.       0.       0.199965 0.       0.       0.       0.       0.       0.       0.      ],[0. 0. 0. 0. 1. 0. 0. 0. 0. 0. 1. 0. 0. 0. 0. 0. 0. 0. 0. 0. 0. 0. 0. 1. 0. 0. 0. 0. 0. 0. 0.],3.0,1000,100,0.01,0.003,1,2,idID,,first,single_objective
829,0.0927601956046874,0.39886884110015586,0.004154007806000001,[0.       0.       0.       0.       0.59999  0.       0.       0.       0.       0.       0.200045 0.       0.       0.       0.       0.       0.       0.       0.       0.       0.       0.       0.       0.199965 0.       0.       0.       0.       0.       0.       0.      ],[0. 0. 0. 0. 1. 0. 0. 0. 0. 0. 1. 0. 0. 0. 0. 0. 0. 0. 0. 0. 0. 0. 0. 1. 0. 0. 0. 0. 0. 0. 0.],3.0,1000,100,0.01,0.003,1,2,idID,,first,single_objective
830,0.0927601956046874,0.39886884110015586,0.004154007806000001,[0.       0.       0.       0.       0.59999  0.       0.       0.       0.       0.       0.200045 0.       0.       0.       0.       0.       0.       0.       0.       0.       0.       0.       0.       0.199965 0.       0.       0.       0.       0.       0.       0.      ],[0. 0. 0. 0. 1. 0. 0. 0. 0. 0. 1. 0. 0. 0. 0. 0. 0. 0. 0. 0. 0. 0. 0. 1. 0. 0. 0. 0. 0. 0. 0.],3.0,1000,100,0.01,0.003,1,2,idID,,first,single_objective
831,0.0927601956046874,0.39886884110015586,0.004154007806000001,[0.       0.       0.       0.       0.59999  0.       0.       0.       0.       0.       0.200045 0.       0.       0.       0.       0.       0.       0.       0.       0.       0.       0.       0.       0.199965 0.       0.       0.       0.       0.       0.       0.      ],[0. 0. 0. 0. 1. 0. 0. 0. 0. 0. 1. 0. 0. 0. 0. 0. 0. 0. 0. 0. 0. 0. 0. 1. 0. 0. 0. 0. 0. 0. 0.],3.0,1000,100,0.01,0.003,1,2,idID,,first,single_objective
832,0.0927601956046874,0.39886884110015586,0.004154007806000001,[0.       0.       0.       0.       0.59999  0.       0.       0.       0.       0.       0.200045 0.       0.       0.       0.       0.       0.       0.       0.       0.       0.       0.       0.       0.199965 0.       0.       0.       0.       0.       0.       0.      ],[0. 0. 0. 0. 1. 0. 0. 0. 0. 0. 1. 0. 0. 0. 0. 0. 0. 0. 0. 0. 0. 0. 0. 1. 0. 0. 0. 0. 0. 0. 0.],3.0,1000,100,0.01,0.003,1,2,idID,,first,single_objective
833,0.0927601956046874,0.39886884110015586,0.004154007806000001,[0.       0.       0.       0.       0.59999  0.       0.       0.       0.       0.       0.200045 0.       0.       0.       0.       0.       0.       0.       0.       0.       0.       0.       0.       0.199965 0.       0.       0.       0.       0.       0.       0.      ],[0. 0. 0. 0. 1. 0. 0. 0. 0. 0. 1. 0. 0. 0. 0. 0. 0. 0. 0. 0. 0. 0. 0. 1. 0. 0. 0. 0. 0. 0. 0.],3.0,1000,100,0.01,0.003,1,2,idID,,first,single_objective
834,0.0927601956046874,0.39886884110015586,0.004154007806000001,[0.       0.       0.       0.       0.59999  0.       0.       0.       0.       0.       0.200045 0.       0.       0.       0.       0.       0.       0.       0.       0.       0.       0.       0.       0.199965 0.       0.       0.       0.       0.       0.       0.      ],[0. 0. 0. 0. 1. 0. 0. 0. 0. 0. 1. 0. 0. 0. 0. 0. 0. 0. 0. 0. 0. 0. 0. 1. 0. 0. 0. 0. 0. 0. 0.],3.0,1000,100,0.01,0.003,1,2,idID,,first,single_objective
835,0.0927601956046874,0.39886884110015586,0.004154007806000001,[0.       0.       0.       0.       0.59999  0.       0.       0.       0.       0.       0.200045 0.       0.       0.       0.       0.       0.       0.       0.       0.       0.       0.       0.       0.199965 0.       0.       0.       0.       0.       0.       0.      ],[0. 0. 0. 0. 1. 0. 0. 0. 0. 0. 1. 0. 0. 0. 0. 0. 0. 0. 0. 0. 0. 0. 0. 1. 0. 0. 0. 0. 0. 0. 0.],3.0,1000,100,0.01,0.003,1,2,idID,,first,single_objective
836,0.0927601956046874,0.39886884110015586,0.004154007806000001,[0.       0.       0.       0.       0.59999  0.       0.       0.       0.       0.       0.200045 0.       0.       0.       0.       0.       0.       0.       0.       0.       0.       0.       0.       0.199965 0.       0.       0.       0.       0.       0.       0.      ],[0. 0. 0. 0. 1. 0. 0. 0. 0. 0. 1. 0. 0. 0. 0. 0. 0. 0. 0. 0. 0. 0. 0. 1. 0. 0. 0. 0. 0. 0. 0.],3.0,1000,100,0.01,0.003,1,2,idID,,first,single_objective
837,0.0927601956046874,0.39886884110015586,0.004154007806000001,[0.       0.       0.       0.       0.59999  0.       0.       0.       0.       0.       0.200045 0.       0.       0.       0.       0.       0.       0.       0.       0.       0.       0.       0.       0.199965 0.       0.       0.       0.       0.       0.       0.      ],[0. 0. 0. 0. 1. 0. 0. 0. 0. 0. 1. 0. 0. 0. 0. 0. 0. 0. 0. 0. 0. 0. 0. 1. 0. 0. 0. 0. 0. 0. 0.],3.0,1000,100,0.01,0.003,1,2,idID,,first,single_objective
838,0.0927601956046874,0.39886884110015586,0.004154007806000001,[0.       0.       0.       0.       0.59999  0.       0.       0.       0.       0.       0.200045 0.       0.       0.       0.       0.       0.       0.       0.       0.       0.       0.       0.       0.199965 0.       0.       0.       0.       0.       0.       0.      ],[0. 0. 0. 0. 1. 0. 0. 0. 0. 0. 1. 0. 0. 0. 0. 0. 0. 0. 0. 0. 0. 0. 0. 1. 0. 0. 0. 0. 0. 0. 0.],3.0,1000,100,0.01,0.003,1,2,idID,,first,single_objective
839,0.0927601956046874,0.39886884110015586,0.004154007806000001,[0.       0.       0.       0.       0.59999  0.       0.       0.       0.       0.       0.200045 0.       0.       0.       0.       0.       0.       0.       0.       0.       0.       0.       0.       0.199965 0.       0.       0.       0.       0.       0.       0.      ],[0. 0. 0. 0. 1. 0. 0. 0. 0. 0. 1. 0. 0. 0. 0. 0. 0. 0. 0. 0. 0. 0. 0. 1. 0. 0. 0. 0. 0. 0. 0.],3.0,1000,100,0.01,0.003,1,2,idID,,first,single_objective
840,0.0927601956046874,0.39886884110015586,0.004154007806000001,[0.       0.       0.       0.       0.59999  0.       0.       0.       0.       0.       0.200045 0.       0.       0.       0.       0.       0.       0.       0.       0.       0.       0.       0.       0.199965 0.       0.       0.       0.       0.       0.       0.      ],[0. 0. 0. 0. 1. 0. 0. 0. 0. 0. 1. 0. 0. 0. 0. 0. 0. 0. 0. 0. 0. 0. 0. 1. 0. 0. 0. 0. 0. 0. 0.],3.0,1000,100,0.01,0.003,1,2,idID,,first,single_objective
841,0.0927601956046874,0.39886884110015586,0.004154007806000001,[0.       0.       0.       0.       0.59999  0.       0.       0.       0.       0.       0.200045 0.       0.       0.       0.       0.       0.       0.       0.       0.       0.       0.       0.       0.199965 0.       0.       0.       0.       0.       0.       0.      ],[0. 0. 0. 0. 1. 0. 0. 0. 0. 0. 1. 0. 0. 0. 0. 0. 0. 0. 0. 0. 0. 0. 0. 1. 0. 0. 0. 0. 0. 0. 0.],3.0,1000,100,0.01,0.003,1,2,idID,,first,single_objective
842,0.0927601956046874,0.39886884110015586,0.004154007806000001,[0.       0.       0.       0.       0.59999  0.       0.       0.       0.       0.       0.200045 0.       0.       0.       0.       0.       0.       0.       0.       0.       0.       0.       0.       0.199965 0.       0.       0.       0.       0.       0.       0.      ],[0. 0. 0. 0. 1. 0. 0. 0. 0. 0. 1. 0. 0. 0. 0. 0. 0. 0. 0. 0. 0. 0. 0. 1. 0. 0. 0. 0. 0. 0. 0.],3.0,1000,100,0.01,0.003,1,2,idID,,first,single_objective
843,0.0927601956046874,0.39886884110015586,0.004154007806000001,[0.       0.       0.       0.       0.59999  0.       0.       0.       0.       0.       0.200045 0.       0.       0.       0.       0.       0.       0.       0.       0.       0.       0.       0.       0.199965 0.       0.       0.       0.       0.       0.       0.      ],[0. 0. 0. 0. 1. 0. 0. 0. 0. 0. 1. 0. 0. 0. 0. 0. 0. 0. 0. 0. 0. 0. 0. 1. 0. 0. 0. 0. 0. 0. 0.],3.0,1000,100,0.01,0.003,1,2,idID,,first,single_objective
844,0.0927601956046874,0.39886884110015586,0.004154007806000001,[0.       0.       0.       0.       0.59999  0.       0.       0.       0.       0.       0.200045 0.       0.       0.       0.       0.       0.       0.       0.       0.       0.       0.       0.       0.199965 0.       0.       0.       0.       0.       0.       0.      ],[0. 0. 0. 0. 1. 0. 0. 0. 0. 0. 1. 0. 0. 0. 0. 0. 0. 0. 0. 0. 0. 0. 0. 1. 0. 0. 0. 0. 0. 0. 0.],3.0,1000,100,0.01,0.003,1,2,idID,,first,single_objective
845,0.0927601956046874,0.39886884110015586,0.004154007806000001,[0.       0.       0.       0.       0.59999  0.       0.       0.       0.       0.       0.200045 0.       0.       0.       0.       0.       0.       0.       0.       0.       0.       0.       0.       0.199965 0.       0.       0.       0.       0.       0.       0.      ],[0. 0. 0. 0. 1. 0. 0. 0. 0. 0. 1. 0. 0. 0. 0. 0. 0. 0. 0. 0. 0. 0. 0. 1. 0. 0. 0. 0. 0. 0. 0.],3.0,1000,100,0.01,0.003,1,2,idID,,first,single_objective
846,0.0927601956046874,0.39886884110015586,0.004154007806000001,[0.       0.       0.       0.       0.59999  0.       0.       0.       0.       0.       0.200045 0.       0.       0.       0.       0.       0.       0.       0.       0.       0.       0.       0.       0.199965 0.       0.       0.       0.       0.       0.       0.      ],[0. 0. 0. 0. 1. 0. 0. 0. 0. 0. 1. 0. 0. 0. 0. 0. 0. 0. 0. 0. 0. 0. 0. 1. 0. 0. 0. 0. 0. 0. 0.],3.0,1000,100,0.01,0.003,1,2,idID,,first,single_objective
847,0.0927601956046874,0.39886884110015586,0.004154007806000001,[0.       0.       0.       0.       0.59999  0.       0.       0.       0.       0.       0.200045 0.       0.       0.       0.       0.       0.       0.       0.       0.       0.       0.       0.       0.199965 0.       0.       0.       0.       0.       0.       0.      ],[0. 0. 0. 0. 1. 0. 0. 0. 0. 0. 1. 0. 0. 0. 0. 0. 0. 0. 0. 0. 0. 0. 0. 1. 0. 0. 0. 0. 0. 0. 0.],3.0,1000,100,0.01,0.003,1,2,idID,,first,single_objective
848,0.0927601956046874,0.39886884110015586,0.004154007806000001,[0.       0.       0.       0.       0.59999  0.       0.       0.       0.       0.       0.200045 0.       0.       0.       0.       0.       0.       0.       0.       0.       0.       0.       0.       0.199965 0.       0.       0.       0.       0.       0.       0.      ],[0. 0. 0. 0. 1. 0. 0. 0. 0. 0. 1. 0. 0. 0. 0. 0. 0. 0. 0. 0. 0. 0. 0. 1. 0. 0. 0. 0. 0. 0. 0.],3.0,1000,100,0.01,0.003,1,2,idID,,first,single_objective
849,0.0927601956046874,0.39886884110015586,0.004154007806000001,[0.       0.       0.       0.       0.59999  0.       0.       0.       0.       0.       0.200045 0.       0.       0.       0.       0.       0.       0.       0.       0.       0.       0.       0.       0.199965 0.       0.       0.       0.       0.       0.       0.      ],[0. 0. 0. 0. 1. 0. 0. 0. 0. 0. 1. 0. 0. 0. 0. 0. 0. 0. 0. 0. 0. 0. 0. 1. 0. 0. 0. 0. 0. 0. 0.],3.0,1000,100,0.01,0.003,1,2,idID,,first,single_objective
850,0.0927601956046874,0.39886884110015586,0.004154007806000001,[0.       0.       0.       0.       0.59999  0.       0.       0.       0.       0.       0.200045 0.       0.       0.       0.       0.       0.       0.       0.       0.       0.       0.       0.       0.199965 0.       0.       0.       0.       0.       0.       0.      ],[0. 0. 0. 0. 1. 0. 0. 0. 0. 0. 1. 0. 0. 0. 0. 0. 0. 0. 0. 0. 0. 0. 0. 1. 0. 0. 0. 0. 0. 0. 0.],3.0,1000,100,0.01,0.003,1,2,idID,,first,single_objective
851,0.0927601956046874,0.39886884110015586,0.004154007806000001,[0.       0.       0.       0.       0.59999  0.       0.       0.       0.       0.       0.200045 0.       0.       0.       0.       0.       0.       0.       0.       0.       0.       0.       0.       0.199965 0.       0.       0.       0.       0.       0.       0.      ],[0. 0. 0. 0. 1. 0. 0. 0. 0. 0. 1. 0. 0. 0. 0. 0. 0. 0. 0. 0. 0. 0. 0. 1. 0. 0. 0. 0. 0. 0. 0.],3.0,1000,100,0.01,0.003,1,2,idID,,first,single_objective
852,0.0927601956046874,0.39886884110015586,0.004154007806000001,[0.       0.       0.       0.       0.59999  0.       0.       0.       0.       0.       0.200045 0.       0.       0.       0.       0.       0.       0.       0.       0.       0.       0.       0.       0.199965 0.       0.       0.       0.       0.       0.       0.      ],[0. 0. 0. 0. 1. 0. 0. 0. 0. 0. 1. 0. 0. 0. 0. 0. 0. 0. 0. 0. 0. 0. 0. 1. 0. 0. 0. 0. 0. 0. 0.],3.0,1000,100,0.01,0.003,1,2,idID,,first,single_objective
853,0.0927601956046874,0.39886884110015586,0.004154007806000001,[0.       0.       0.       0.       0.59999  0.       0.       0.       0.       0.       0.200045 0.       0.       0.       0.       0.       0.       0.       0.       0.       0.       0.       0.       0.199965 0.       0.       0.       0.       0.       0.       0.      ],[0. 0. 0. 0. 1. 0. 0. 0. 0. 0. 1. 0. 0. 0. 0. 0. 0. 0. 0. 0. 0. 0. 0. 1. 0. 0. 0. 0. 0. 0. 0.],3.0,1000,100,0.01,0.003,1,2,idID,,first,single_objective
854,0.0927601956046874,0.39886884110015586,0.004154007806000001,[0.       0.       0.       0.       0.59999  0.       0.       0.       0.       0.       0.200045 0.       0.       0.       0.       0.       0.       0.       0.       0.       0.       0.       0.       0.199965 0.       0.       0.       0.       0.       0.       0.      ],[0. 0. 0. 0. 1. 0. 0. 0. 0. 0. 1. 0. 0. 0. 0. 0. 0. 0. 0. 0. 0. 0. 0. 1. 0. 0. 0. 0. 0. 0. 0.],3.0,1000,100,0.01,0.003,1,2,idID,,first,single_objective
855,0.0927601956046874,0.39886884110015586,0.004154007806000001,[0.       0.       0.       0.       0.59999  0.       0.       0.       0.       0.       0.200045 0.       0.       0.       0.       0.       0.       0.       0.       0.       0.       0.       0.       0.199965 0.       0.       0.       0.       0.       0.       0.      ],[0. 0. 0. 0. 1. 0. 0. 0. 0. 0. 1. 0. 0. 0. 0. 0. 0. 0. 0. 0. 0. 0. 0. 1. 0. 0. 0. 0. 0. 0. 0.],3.0,1000,100,0.01,0.003,1,2,idID,,first,single_objective
856,0.0927601956046874,0.39886884110015586,0.004154007806000001,[0.       0.       0.       0.       0.59999  0.       0.       0.       0.       0.       0.200045 0.       0.       0.       0.       0.       0.       0.       0.       0.       0.       0.       0.       0.199965 0.       0.       0.       0.       0.       0.       0.      ],[0. 0. 0. 0. 1. 0. 0. 0. 0. 0. 1. 0. 0. 0. 0. 0. 0. 0. 0. 0. 0. 0. 0. 1. 0. 0. 0. 0. 0. 0. 0.],3.0,1000,100,0.01,0.003,1,2,idID,,first,single_objective
857,0.0927601956046874,0.39886884110015586,0.004154007806000001,[0.       0.       0.       0.       0.59999  0.       0.       0.       0.       0.       0.200045 0.       0.       0.       0.       0.       0.       0.       0.       0.       0.       0.       0.       0.199965 0.       0.       0.       0.       0.       0.       0.      ],[0. 0. 0. 0. 1. 0. 0. 0. 0. 0. 1. 0. 0. 0. 0. 0. 0. 0. 0. 0. 0. 0. 0. 1. 0. 0. 0. 0. 0. 0. 0.],3.0,1000,100,0.01,0.003,1,2,idID,,first,single_objective
858,0.0927601956046874,0.39886884110015586,0.004154007806000001,[0.       0.       0.       0.       0.59999  0.       0.       0.       0.       0.       0.200045 0.       0.       0.       0.       0.       0.       0.       0.       0.       0.       0.       0.       0.199965 0.       0.       0.       0.       0.       0.       0.      ],[0. 0. 0. 0. 1. 0. 0. 0. 0. 0. 1. 0. 0. 0. 0. 0. 0. 0. 0. 0. 0. 0. 0. 1. 0. 0. 0. 0. 0. 0. 0.],3.0,1000,100,0.01,0.003,1,2,idID,,first,single_objective
859,0.0927601956046874,0.39886884110015586,0.004154007806000001,[0.       0.       0.       0.       0.59999  0.       0.       0.       0.       0.       0.200045 0.       0.       0.       0.       0.       0.       0.       0.       0.       0.       0.       0.       0.199965 0.       0.       0.       0.       0.       0.       0.      ],[0. 0. 0. 0. 1. 0. 0. 0. 0. 0. 1. 0. 0. 0. 0. 0. 0. 0. 0. 0. 0. 0. 0. 1. 0. 0. 0. 0. 0. 0. 0.],3.0,1000,100,0.01,0.003,1,2,idID,,first,single_objective
860,0.0927601956046874,0.39886884110015586,0.004154007806000001,[0.       0.       0.       0.       0.59999  0.       0.       0.       0.       0.       0.200045 0.       0.       0.       0.       0.       0.       0.       0.       0.       0.       0.       0.       0.199965 0.       0.       0.       0.       0.       0.       0.      ],[0. 0. 0. 0. 1. 0. 0. 0. 0. 0. 1. 0. 0. 0. 0. 0. 0. 0. 0. 0. 0. 0. 0. 1. 0. 0. 0. 0. 0. 0. 0.],3.0,1000,100,0.01,0.003,1,2,idID,,first,single_objective
861,0.0927601956046874,0.39886884110015586,0.004154007806000001,[0.       0.       0.       0.       0.59999  0.       0.       0.       0.       0.       0.200045 0.       0.       0.       0.       0.       0.       0.       0.       0.       0.       0.       0.       0.199965 0.       0.       0.       0.       0.       0.       0.      ],[0. 0. 0. 0. 1. 0. 0. 0. 0. 0. 1. 0. 0. 0. 0. 0. 0. 0. 0. 0. 0. 0. 0. 1. 0. 0. 0. 0. 0. 0. 0.],3.0,1000,100,0.01,0.003,1,2,idID,,first,single_objective
862,0.0927601956046874,0.39886884110015586,0.004154007806000001,[0.       0.       0.       0.       0.59999  0.       0.       0.       0.       0.       0.200045 0.       0.       0.       0.       0.       0.       0.       0.       0.       0.       0.       0.       0.199965 0.       0.       0.       0.       0.       0.       0.      ],[0. 0. 0. 0. 1. 0. 0. 0. 0. 0. 1. 0. 0. 0. 0. 0. 0. 0. 0. 0. 0. 0. 0. 1. 0. 0. 0. 0. 0. 0. 0.],3.0,1000,100,0.01,0.003,1,2,idID,,first,single_objective
863,0.0927601956046874,0.39886884110015586,0.004154007806000001,[0.       0.       0.       0.       0.59999  0.       0.       0.       0.       0.       0.200045 0.       0.       0.       0.       0.       0.       0.       0.       0.       0.       0.       0.       0.199965 0.       0.       0.       0.       0.       0.       0.      ],[0. 0. 0. 0. 1. 0. 0. 0. 0. 0. 1. 0. 0. 0. 0. 0. 0. 0. 0. 0. 0. 0. 0. 1. 0. 0. 0. 0. 0. 0. 0.],3.0,1000,100,0.01,0.003,1,2,idID,,first,single_objective
864,0.0927601956046874,0.39886884110015586,0.004154007806000001,[0.       0.       0.       0.       0.59999  0.       0.       0.       0.       0.       0.200045 0.       0.       0.       0.       0.       0.       0.       0.       0.       0.       0.       0.       0.199965 0.       0.       0.       0.       0.       0.       0.      ],[0. 0. 0. 0. 1. 0. 0. 0. 0. 0. 1. 0. 0. 0. 0. 0. 0. 0. 0. 0. 0. 0. 0. 1. 0. 0. 0. 0. 0. 0. 0.],3.0,1000,100,0.01,0.003,1,2,idID,,first,single_objective
865,0.0927601956046874,0.39886884110015586,0.004154007806000001,[0.       0.       0.       0.       0.59999  0.       0.       0.       0.       0.       0.200045 0.       0.       0.       0.       0.       0.       0.       0.       0.       0.       0.       0.       0.199965 0.       0.       0.       0.       0.       0.       0.      ],[0. 0. 0. 0. 1. 0. 0. 0. 0. 0. 1. 0. 0. 0. 0. 0. 0. 0. 0. 0. 0. 0. 0. 1. 0. 0. 0. 0. 0. 0. 0.],3.0,1000,100,0.01,0.003,1,2,idID,,first,single_objective
866,0.0927601956046874,0.39886884110015586,0.004154007806000001,[0.       0.       0.       0.       0.59999  0.       0.       0.       0.       0.       0.200045 0.       0.       0.       0.       0.       0.       0.       0.       0.       0.       0.       0.       0.199965 0.       0.       0.       0.       0.       0.       0.      ],[0. 0. 0. 0. 1. 0. 0. 0. 0. 0. 1. 0. 0. 0. 0. 0. 0. 0. 0. 0. 0. 0. 0. 1. 0. 0. 0. 0. 0. 0. 0.],3.0,1000,100,0.01,0.003,1,2,idID,,first,single_objective
867,0.0927601956046874,0.39886884110015586,0.004154007806000001,[0.       0.       0.       0.       0.59999  0.       0.       0.       0.       0.       0.200045 0.       0.       0.       0.       0.       0.       0.       0.       0.       0.       0.       0.       0.199965 0.       0.       0.       0.       0.       0.       0.      ],[0. 0. 0. 0. 1. 0. 0. 0. 0. 0. 1. 0. 0. 0. 0. 0. 0. 0. 0. 0. 0. 0. 0. 1. 0. 0. 0. 0. 0. 0. 0.],3.0,1000,100,0.01,0.003,1,2,idID,,first,single_objective
868,0.0927601956046874,0.39886884110015586,0.004154007806000001,[0.       0.       0.       0.       0.59999  0.       0.       0.       0.       0.       0.200045 0.       0.       0.       0.       0.       0.       0.       0.       0.       0.       0.       0.       0.199965 0.       0.       0.       0.       0.       0.       0.      ],[0. 0. 0. 0. 1. 0. 0. 0. 0. 0. 1. 0. 0. 0. 0. 0. 0. 0. 0. 0. 0. 0. 0. 1. 0. 0. 0. 0. 0. 0. 0.],3.0,1000,100,0.01,0.003,1,2,idID,,first,single_objective
869,0.0927601956046874,0.39886884110015586,0.004154007806000001,[0.       0.       0.       0.       0.59999  0.       0.       0.       0.       0.       0.200045 0.       0.       0.       0.       0.       0.       0.       0.       0.       0.       0.       0.       0.199965 0.       0.       0.       0.       0.       0.       0.      ],[0. 0. 0. 0. 1. 0. 0. 0. 0. 0. 1. 0. 0. 0. 0. 0. 0. 0. 0. 0. 0. 0. 0. 1. 0. 0. 0. 0. 0. 0. 0.],3.0,1000,100,0.01,0.003,1,2,idID,,first,single_objective
870,0.0927601956046874,0.39886884110015586,0.004154007806000001,[0.       0.       0.       0.       0.59999  0.       0.       0.       0.       0.       0.200045 0.       0.       0.       0.       0.       0.       0.       0.       0.       0.       0.       0.       0.199965 0.       0.       0.       0.       0.       0.       0.      ],[0. 0. 0. 0. 1. 0. 0. 0. 0. 0. 1. 0. 0. 0. 0. 0. 0. 0. 0. 0. 0. 0. 0. 1. 0. 0. 0. 0. 0. 0. 0.],3.0,1000,100,0.01,0.003,1,2,idID,,first,single_objective
871,0.0927601956046874,0.39886884110015586,0.004154007806000001,[0.       0.       0.       0.       0.59999  0.       0.       0.       0.       0.       0.200045 0.       0.       0.       0.       0.       0.       0.       0.       0.       0.       0.       0.       0.199965 0.       0.       0.       0.       0.       0.       0.      ],[0. 0. 0. 0. 1. 0. 0. 0. 0. 0. 1. 0. 0. 0. 0. 0. 0. 0. 0. 0. 0. 0. 0. 1. 0. 0. 0. 0. 0. 0. 0.],3.0,1000,100,0.01,0.003,1,2,idID,,first,single_objective
872,0.0927601956046874,0.39886884110015586,0.004154007806000001,[0.       0.       0.       0.       0.59999  0.       0.       0.       0.       0.       0.200045 0.       0.       0.       0.       0.       0.       0.       0.       0.       0.       0.       0.       0.199965 0.       0.       0.       0.       0.       0.       0.      ],[0. 0. 0. 0. 1. 0. 0. 0. 0. 0. 1. 0. 0. 0. 0. 0. 0. 0. 0. 0. 0. 0. 0. 1. 0. 0. 0. 0. 0. 0. 0.],3.0,1000,100,0.01,0.003,1,2,idID,,first,single_objective
873,0.0927601956046874,0.39886884110015586,0.004154007806000001,[0.       0.       0.       0.       0.59999  0.       0.       0.       0.       0.       0.200045 0.       0.       0.       0.       0.       0.       0.       0.       0.       0.       0.       0.       0.199965 0.       0.       0.       0.       0.       0.       0.      ],[0. 0. 0. 0. 1. 0. 0. 0. 0. 0. 1. 0. 0. 0. 0. 0. 0. 0. 0. 0. 0. 0. 0. 1. 0. 0. 0. 0. 0. 0. 0.],3.0,1000,100,0.01,0.003,1,2,idID,,first,single_objective
874,0.0927601956046874,0.39886884110015586,0.004154007806000001,[0.       0.       0.       0.       0.59999  0.       0.       0.       0.       0.       0.200045 0.       0.       0.       0.       0.       0.       0.       0.       0.       0.       0.       0.       0.199965 0.       0.       0.       0.       0.       0.       0.      ],[0. 0. 0. 0. 1. 0. 0. 0. 0. 0. 1. 0. 0. 0. 0. 0. 0. 0. 0. 0. 0. 0. 0. 1. 0. 0. 0. 0. 0. 0. 0.],3.0,1000,100,0.01,0.003,1,2,idID,,first,single_objective
875,0.0927601956046874,0.39886884110015586,0.004154007806000001,[0.       0.       0.       0.       0.59999  0.       0.       0.       0.       0.       0.200045 0.       0.       0.       0.       0.       0.       0.       0.       0.       0.       0.       0.       0.199965 0.       0.       0.       0.       0.       0.       0.      ],[0. 0. 0. 0. 1. 0. 0. 0. 0. 0. 1. 0. 0. 0. 0. 0. 0. 0. 0. 0. 0. 0. 0. 1. 0. 0. 0. 0. 0. 0. 0.],3.0,1000,100,0.01,0.003,1,2,idID,,first,single_objective
876,0.0927601956046874,0.39886884110015586,0.004154007806000001,[0.       0.       0.       0.       0.59999  0.       0.       0.       0.       0.       0.200045 0.       0.       0.       0.       0.       0.       0.       0.       0.       0.       0.       0.       0.199965 0.       0.       0.       0.       0.       0.       0.      ],[0. 0. 0. 0. 1. 0. 0. 0. 0. 0. 1. 0. 0. 0. 0. 0. 0. 0. 0. 0. 0. 0. 0. 1. 0. 0. 0. 0. 0. 0. 0.],3.0,1000,100,0.01,0.003,1,2,idID,,first,single_objective
877,0.0927601956046874,0.39886884110015586,0.004154007806000001,[0.       0.       0.       0.       0.59999  0.       0.       0.       0.       0.       0.200045 0.       0.       0.       0.       0.       0.       0.       0.       0.       0.       0.       0.       0.199965 0.       0.       0.       0.       0.       0.       0.      ],[0. 0. 0. 0. 1. 0. 0. 0. 0. 0. 1. 0. 0. 0. 0. 0. 0. 0. 0. 0. 0. 0. 0. 1. 0. 0. 0. 0. 0. 0. 0.],3.0,1000,100,0.01,0.003,1,2,idID,,first,single_objective
878,0.0927601956046874,0.39886884110015586,0.004154007806000001,[0.       0.       0.       0.       0.59999  0.       0.       0.       0.       0.       0.200045 0.       0.       0.       0.       0.       0.       0.       0.       0.       0.       0.       0.       0.199965 0.       0.       0.       0.       0.       0.       0.      ],[0. 0. 0. 0. 1. 0. 0. 0. 0. 0. 1. 0. 0. 0. 0. 0. 0. 0. 0. 0. 0. 0. 0. 1. 0. 0. 0. 0. 0. 0. 0.],3.0,1000,100,0.01,0.003,1,2,idID,,first,single_objective
879,0.0927601956046874,0.39886884110015586,0.004154007806000001,[0.       0.       0.       0.       0.59999  0.       0.       0.       0.       0.       0.200045 0.       0.       0.       0.       0.       0.       0.       0.       0.       0.       0.       0.       0.199965 0.       0.       0.       0.       0.       0.       0.      ],[0. 0. 0. 0. 1. 0. 0. 0. 0. 0. 1. 0. 0. 0. 0. 0. 0. 0. 0. 0. 0. 0. 0. 1. 0. 0. 0. 0. 0. 0. 0.],3.0,1000,100,0.01,0.003,1,2,idID,,first,single_objective
880,0.0927601956046874,0.39886884110015586,0.004154007806000001,[0.       0.       0.       0.       0.59999  0.       0.       0.       0.       0.       0.200045 0.       0.       0.       0.       0.       0.       0.       0.       0.       0.       0.       0.       0.199965 0.       0.       0.       0.       0.       0.       0.      ],[0. 0. 0. 0. 1. 0. 0. 0. 0. 0. 1. 0. 0. 0. 0. 0. 0. 0. 0. 0. 0. 0. 0. 1. 0. 0. 0. 0. 0. 0. 0.],3.0,1000,100,0.01,0.003,1,2,idID,,first,single_objective
881,0.0927601956046874,0.39886884110015586,0.004154007806000001,[0.       0.       0.       0.       0.59999  0.       0.       0.       0.       0.       0.200045 0.       0.       0.       0.       0.       0.       0.       0.       0.       0.       0.       0.       0.199965 0.       0.       0.       0.       0.       0.       0.      ],[0. 0. 0. 0. 1. 0. 0. 0. 0. 0. 1. 0. 0. 0. 0. 0. 0. 0. 0. 0. 0. 0. 0. 1. 0. 0. 0. 0. 0. 0. 0.],3.0,1000,100,0.01,0.003,1,2,idID,,first,single_objective
882,0.0927601956046874,0.39886884110015586,0.004154007806000001,[0.       0.       0.       0.       0.59999  0.       0.       0.       0.       0.       0.200045 0.       0.       0.       0.       0.       0.       0.       0.       0.       0.       0.       0.       0.199965 0.       0.       0.       0.       0.       0.       0.      ],[0. 0. 0. 0. 1. 0. 0. 0. 0. 0. 1. 0. 0. 0. 0. 0. 0. 0. 0. 0. 0. 0. 0. 1. 0. 0. 0. 0. 0. 0. 0.],3.0,1000,100,0.01,0.003,1,2,idID,,first,single_objective
883,0.0927601956046874,0.39886884110015586,0.004154007806000001,[0.       0.       0.       0.       0.59999  0.       0.       0.       0.       0.       0.200045 0.       0.       0.       0.       0.       0.       0.       0.       0.       0.       0.       0.       0.199965 0.       0.       0.       0.       0.       0.       0.      ],[0. 0. 0. 0. 1. 0. 0. 0. 0. 0. 1. 0. 0. 0. 0. 0. 0. 0. 0. 0. 0. 0. 0. 1. 0. 0. 0. 0. 0. 0. 0.],3.0,1000,100,0.01,0.003,1,2,idID,,first,single_objective
884,0.0927601956046874,0.39886884110015586,0.004154007806000001,[0.       0.       0.       0.       0.59999  0.       0.       0.       0.       0.       0.200045 0.       0.       0.       0.       0.       0.       0.       0.       0.       0.       0.       0.       0.199965 0.       0.       0.       0.       0.       0.       0.      ],[0. 0. 0. 0. 1. 0. 0. 0. 0. 0. 1. 0. 0. 0. 0. 0. 0. 0. 0. 0. 0. 0. 0. 1. 0. 0. 0. 0. 0. 0. 0.],3.0,1000,100,0.01,0.003,1,2,idID,,first,single_objective
885,0.0927601956046874,0.39886884110015586,0.004154007806000001,[0.       0.       0.       0.       0.59999  0.       0.       0.       0.       0.       0.200045 0.       0.       0.       0.       0.       0.       0.       0.       0.       0.       0.       0.       0.199965 0.       0.       0.       0.       0.       0.       0.      ],[0. 0. 0. 0. 1. 0. 0. 0. 0. 0. 1. 0. 0. 0. 0. 0. 0. 0. 0. 0. 0. 0. 0. 1. 0. 0. 0. 0. 0. 0. 0.],3.0,1000,100,0.01,0.003,1,2,idID,,first,single_objective
886,0.0927601956046874,0.39886884110015586,0.004154007806000001,[0.       0.       0.       0.       0.59999  0.       0.       0.       0.       0.       0.200045 0.       0.       0.       0.       0.       0.       0.       0.       0.       0.       0.       0.       0.199965 0.       0.       0.       0.       0.       0.       0.      ],[0. 0. 0. 0. 1. 0. 0. 0. 0. 0. 1. 0. 0. 0. 0. 0. 0. 0. 0. 0. 0. 0. 0. 1. 0. 0. 0. 0. 0. 0. 0.],3.0,1000,100,0.01,0.003,1,2,idID,,first,single_objective
887,0.0927601956046874,0.39886884110015586,0.004154007806000001,[0.       0.       0.       0.       0.59999  0.       0.       0.       0.       0.       0.200045 0.       0.       0.       0.       0.       0.       0.       0.       0.       0.       0.       0.       0.199965 0.       0.       0.       0.       0.       0.       0.      ],[0. 0. 0. 0. 1. 0. 0. 0. 0. 0. 1. 0. 0. 0. 0. 0. 0. 0. 0. 0. 0. 0. 0. 1. 0. 0. 0. 0. 0. 0. 0.],3.0,1000,100,0.01,0.003,1,2,idID,,first,single_objective
888,0.0927601956046874,0.39886884110015586,0.004154007806000001,[0.       0.       0.       0.       0.59999  0.       0.       0.       0.       0.       0.200045 0.       0.       0.       0.       0.       0.       0.       0.       0.       0.       0.       0.       0.199965 0.       0.       0.       0.       0.       0.       0.      ],[0. 0. 0. 0. 1. 0. 0. 0. 0. 0. 1. 0. 0. 0. 0. 0. 0. 0. 0. 0. 0. 0. 0. 1. 0. 0. 0. 0. 0. 0. 0.],3.0,1000,100,0.01,0.003,1,2,idID,,first,single_objective
889,0.0927601956046874,0.39886884110015586,0.004154007806000001,[0.       0.       0.       0.       0.59999  0.       0.       0.       0.       0.       0.200045 0.       0.       0.       0.       0.       0.       0.       0.       0.       0.       0.       0.       0.199965 0.       0.       0.       0.       0.       0.       0.      ],[0. 0. 0. 0. 1. 0. 0. 0. 0. 0. 1. 0. 0. 0. 0. 0. 0. 0. 0. 0. 0. 0. 0. 1. 0. 0. 0. 0. 0. 0. 0.],3.0,1000,100,0.01,0.003,1,2,idID,,first,single_objective
890,0.0927601956046874,0.39886884110015586,0.004154007806000001,[0.       0.       0.       0.       0.59999  0.       0.       0.       0.       0.       0.200045 0.       0.       0.       0.       0.       0.       0.       0.       0.       0.       0.       0.       0.199965 0.       0.       0.       0.       0.       0.       0.      ],[0. 0. 0. 0. 1. 0. 0. 0. 0. 0. 1. 0. 0. 0. 0. 0. 0. 0. 0. 0. 0. 0. 0. 1. 0. 0. 0. 0. 0. 0. 0.],3.0,1000,100,0.01,0.003,1,2,idID,,first,single_objective
891,0.0927601956046874,0.39886884110015586,0.004154007806000001,[0.       0.       0.       0.       0.59999  0.       0.       0.       0.       0.       0.200045 0.       0.       0.       0.       0.       0.       0.       0.       0.       0.       0.       0.       0.199965 0.       0.       0.       0.       0.       0.       0.      ],[0. 0. 0. 0. 1. 0. 0. 0. 0. 0. 1. 0. 0. 0. 0. 0. 0. 0. 0. 0. 0. 0. 0. 1. 0. 0. 0. 0. 0. 0. 0.],3.0,1000,100,0.01,0.003,1,2,idID,,first,single_objective
892,0.0927601956046874,0.39886884110015586,0.004154007806000001,[0.       0.       0.       0.       0.59999  0.       0.       0.       0.       0.       0.200045 0.       0.       0.       0.       0.       0.       0.       0.       0.       0.       0.       0.       0.199965 0.       0.       0.       0.       0.       0.       0.      ],[0. 0. 0. 0. 1. 0. 0. 0. 0. 0. 1. 0. 0. 0. 0. 0. 0. 0. 0. 0. 0. 0. 0. 1. 0. 0. 0. 0. 0. 0. 0.],3.0,1000,100,0.01,0.003,1,2,idID,,first,single_objective
893,0.0927601956046874,0.39886884110015586,0.004154007806000001,[0.       0.       0.       0.       0.59999  0.       0.       0.       0.       0.       0.200045 0.       0.       0.       0.       0.       0.       0.       0.       0.       0.       0.       0.       0.199965 0.       0.       0.       0.       0.       0.       0.      ],[0. 0. 0. 0. 1. 0. 0. 0. 0. 0. 1. 0. 0. 0. 0. 0. 0. 0. 0. 0. 0. 0. 0. 1. 0. 0. 0. 0. 0. 0. 0.],3.0,1000,100,0.01,0.003,1,2,idID,,first,single_objective
894,0.0927601956046874,0.39886884110015586,0.004154007806000001,[0.       0.       0.       0.       0.59999  0.       0.       0.       0.       0.       0.200045 0.       0.       0.       0.       0.       0.       0.       0.       0.       0.       0.       0.       0.199965 0.       0.       0.       0.       0.       0.       0.      ],[0. 0. 0. 0. 1. 0. 0. 0. 0. 0. 1. 0. 0. 0. 0. 0. 0. 0. 0. 0. 0. 0. 0. 1. 0. 0. 0. 0. 0. 0. 0.],3.0,1000,100,0.01,0.003,1,2,idID,,first,single_objective
895,0.0927601956046874,0.39886884110015586,0.004154007806000001,[0.       0.       0.       0.       0.59999  0.       0.       0.       0.       0.       0.200045 0.       0.       0.       0.       0.       0.       0.       0.       0.       0.       0.       0.       0.199965 0.       0.       0.       0.       0.       0.       0.      ],[0. 0. 0. 0. 1. 0. 0. 0. 0. 0. 1. 0. 0. 0. 0. 0. 0. 0. 0. 0. 0. 0. 0. 1. 0. 0. 0. 0. 0. 0. 0.],3.0,1000,100,0.01,0.003,1,2,idID,,first,single_objective
896,0.0927601956046874,0.39886884110015586,0.004154007806000001,[0.       0.       0.       0.       0.59999  0.       0.       0.       0.       0.       0.200045 0.       0.       0.       0.       0.       0.       0.       0.       0.       0.       0.       0.       0.199965 0.       0.       0.       0.       0.       0.       0.      ],[0. 0. 0. 0. 1. 0. 0. 0. 0. 0. 1. 0. 0. 0. 0. 0. 0. 0. 0. 0. 0. 0. 0. 1. 0. 0. 0. 0. 0. 0. 0.],3.0,1000,100,0.01,0.003,1,2,idID,,first,single_objective
897,0.0927601956046874,0.39886884110015586,0.004154007806000001,[0.       0.       0.       0.       0.59999  0.       0.       0.       0.       0.       0.200045 0.       0.       0.       0.       0.       0.       0.       0.       0.       0.       0.       0.       0.199965 0.       0.       0.       0.       0.       0.       0.      ],[0. 0. 0. 0. 1. 0. 0. 0. 0. 0. 1. 0. 0. 0. 0. 0. 0. 0. 0. 0. 0. 0. 0. 1. 0. 0. 0. 0. 0. 0. 0.],3.0,1000,100,0.01,0.003,1,2,idID,,first,single_objective
898,0.0927601956046874,0.39886884110015586,0.004154007806000001,[0.       0.       0.       0.       0.59999  0.       0.       0.       0.       0.       0.200045 0.       0.       0.       0.       0.       0.       0.       0.       0.       0.       0.       0.       0.199965 0.       0.       0.       0.       0.       0.       0.      ],[0. 0. 0. 0. 1. 0. 0. 0. 0. 0. 1. 0. 0. 0. 0. 0. 0. 0. 0. 0. 0. 0. 0. 1. 0. 0. 0. 0. 0. 0. 0.],3.0,1000,100,0.01,0.003,1,2,idID,,first,single_objective
899,0.0927601956046874,0.39886884110015586,0.004154007806000001,[0.       0.       0.       0.       0.59999  0.       0.       0.       0.       0.       0.200045 0.       0.       0.       0.       0.       0.       0.       0.       0.       0.       0.       0.       0.199965 0.       0.       0.       0.       0.       0.       0.      ],[0. 0. 0. 0. 1. 0. 0. 0. 0. 0. 1. 0. 0. 0. 0. 0. 0. 0. 0. 0. 0. 0. 0. 1. 0. 0. 0. 0. 0. 0. 0.],3.0,1000,100,0.01,0.003,1,2,idID,,first,single_objective
900,0.0927601956046874,0.39886884110015586,0.004154007806000001,[0.       0.       0.       0.       0.59999  0.       0.       0.       0.       0.       0.200045 0.       0.       0.       0.       0.       0.       0.       0.       0.       0.       0.       0.       0.199965 0.       0.       0.       0.       0.       0.       0.      ],[0. 0. 0. 0. 1. 0. 0. 0. 0. 0. 1. 0. 0. 0. 0. 0. 0. 0. 0. 0. 0. 0. 0. 1. 0. 0. 0. 0. 0. 0. 0.],3.0,1000,100,0.01,0.003,1,2,idID,,first,single_objective
901,0.0927601956046874,0.39886884110015586,0.004154007806000001,[0.       0.       0.       0.       0.59999  0.       0.       0.       0.       0.       0.200045 0.       0.       0.       0.       0.       0.       0.       0.       0.       0.       0.       0.       0.199965 0.       0.       0.       0.       0.       0.       0.      ],[0. 0. 0. 0. 1. 0. 0. 0. 0. 0. 1. 0. 0. 0. 0. 0. 0. 0. 0. 0. 0. 0. 0. 1. 0. 0. 0. 0. 0. 0. 0.],3.0,1000,100,0.01,0.003,1,2,idID,,first,single_objective
902,0.0927601956046874,0.39886884110015586,0.004154007806000001,[0.       0.       0.       0.       0.59999  0.       0.       0.       0.       0.       0.200045 0.       0.       0.       0.       0.       0.       0.       0.       0.       0.       0.       0.       0.199965 0.       0.       0.       0.       0.       0.       0.      ],[0. 0. 0. 0. 1. 0. 0. 0. 0. 0. 1. 0. 0. 0. 0. 0. 0. 0. 0. 0. 0. 0. 0. 1. 0. 0. 0. 0. 0. 0. 0.],3.0,1000,100,0.01,0.003,1,2,idID,,first,single_objective
903,0.0927601956046874,0.39886884110015586,0.004154007806000001,[0.       0.       0.       0.       0.59999  0.       0.       0.       0.       0.       0.200045 0.       0.       0.       0.       0.       0.       0.       0.       0.       0.       0.       0.       0.199965 0.       0.       0.       0.       0.       0.       0.      ],[0. 0. 0. 0. 1. 0. 0. 0. 0. 0. 1. 0. 0. 0. 0. 0. 0. 0. 0. 0. 0. 0. 0. 1. 0. 0. 0. 0. 0. 0. 0.],3.0,1000,100,0.01,0.003,1,2,idID,,first,single_objective
904,0.0927601956046874,0.39886884110015586,0.004154007806000001,[0.       0.       0.       0.       0.59999  0.       0.       0.       0.       0.       0.200045 0.       0.       0.       0.       0.       0.       0.       0.       0.       0.       0.       0.       0.199965 0.       0.       0.       0.       0.       0.       0.      ],[0. 0. 0. 0. 1. 0. 0. 0. 0. 0. 1. 0. 0. 0. 0. 0. 0. 0. 0. 0. 0. 0. 0. 1. 0. 0. 0. 0. 0. 0. 0.],3.0,1000,100,0.01,0.003,1,2,idID,,first,single_objective
905,0.0927601956046874,0.39886884110015586,0.004154007806000001,[0.       0.       0.       0.       0.59999  0.       0.       0.       0.       0.       0.200045 0.       0.       0.       0.       0.       0.       0.       0.       0.       0.       0.       0.       0.199965 0.       0.       0.       0.       0.       0.       0.      ],[0. 0. 0. 0. 1. 0. 0. 0. 0. 0. 1. 0. 0. 0. 0. 0. 0. 0. 0. 0. 0. 0. 0. 1. 0. 0. 0. 0. 0. 0. 0.],3.0,1000,100,0.01,0.003,1,2,idID,,first,single_objective
906,0.0927601956046874,0.39886884110015586,0.004154007806000001,[0.       0.       0.       0.       0.59999  0.       0.       0.       0.       0.       0.200045 0.       0.       0.       0.       0.       0.       0.       0.       0.       0.       0.       0.       0.199965 0.       0.       0.       0.       0.       0.       0.      ],[0. 0. 0. 0. 1. 0. 0. 0. 0. 0. 1. 0. 0. 0. 0. 0. 0. 0. 0. 0. 0. 0. 0. 1. 0. 0. 0. 0. 0. 0. 0.],3.0,1000,100,0.01,0.003,1,2,idID,,first,single_objective
907,0.0927601956046874,0.39886884110015586,0.004154007806000001,[0.       0.       0.       0.       0.59999  0.       0.       0.       0.       0.       0.200045 0.       0.       0.       0.       0.       0.       0.       0.       0.       0.       0.       0.       0.199965 0.       0.       0.       0.       0.       0.       0.      ],[0. 0. 0. 0. 1. 0. 0. 0. 0. 0. 1. 0. 0. 0. 0. 0. 0. 0. 0. 0. 0. 0. 0. 1. 0. 0. 0. 0. 0. 0. 0.],3.0,1000,100,0.01,0.003,1,2,idID,,first,single_objective
908,0.0927601956046874,0.39886884110015586,0.004154007806000001,[0.       0.       0.       0.       0.59999  0.       0.       0.       0.       0.       0.200045 0.       0.       0.       0.       0.       0.       0.       0.       0.       0.       0.       0.       0.199965 0.       0.       0.       0.       0.       0.       0.      ],[0. 0. 0. 0. 1. 0. 0. 0. 0. 0. 1. 0. 0. 0. 0. 0. 0. 0. 0. 0. 0. 0. 0. 1. 0. 0. 0. 0. 0. 0. 0.],3.0,1000,100,0.01,0.003,1,2,idID,,first,single_objective
909,0.0927601956046874,0.39886884110015586,0.004154007806000001,[0.       0.       0.       0.       0.59999  0.       0.       0.       0.       0.       0.200045 0.       0.       0.       0.       0.       0.       0.       0.       0.       0.       0.       0.       0.199965 0.       0.       0.       0.       0.       0.       0.      ],[0. 0. 0. 0. 1. 0. 0. 0. 0. 0. 1. 0. 0. 0. 0. 0. 0. 0. 0. 0. 0. 0. 0. 1. 0. 0. 0. 0. 0. 0. 0.],3.0,1000,100,0.01,0.003,1,2,idID,,first,single_objective
910,0.0927601956046874,0.39886884110015586,0.004154007806000001,[0.       0.       0.       0.       0.59999  0.       0.       0.       0.       0.       0.200045 0.       0.       0.       0.       0.       0.       0.       0.       0.       0.       0.       0.       0.199965 0.       0.       0.       0.       0.       0.       0.      ],[0. 0. 0. 0. 1. 0. 0. 0. 0. 0. 1. 0. 0. 0. 0. 0. 0. 0. 0. 0. 0. 0. 0. 1. 0. 0. 0. 0. 0. 0. 0.],3.0,1000,100,0.01,0.003,1,2,idID,,first,single_objective
911,0.0927601956046874,0.39886884110015586,0.004154007806000001,[0.       0.       0.       0.       0.59999  0.       0.       0.       0.       0.       0.200045 0.       0.       0.       0.       0.       0.       0.       0.       0.       0.       0.       0.       0.199965 0.       0.       0.       0.       0.       0.       0.      ],[0. 0. 0. 0. 1. 0. 0. 0. 0. 0. 1. 0. 0. 0. 0. 0. 0. 0. 0. 0. 0. 0. 0. 1. 0. 0. 0. 0. 0. 0. 0.],3.0,1000,100,0.01,0.003,1,2,idID,,first,single_objective
912,0.0927601956046874,0.39886884110015586,0.004154007806000001,[0.       0.       0.       0.       0.59999  0.       0.       0.       0.       0.       0.200045 0.       0.       0.       0.       0.       0.       0.       0.       0.       0.       0.       0.       0.199965 0.       0.       0.       0.       0.       0.       0.      ],[0. 0. 0. 0. 1. 0. 0. 0. 0. 0. 1. 0. 0. 0. 0. 0. 0. 0. 0. 0. 0. 0. 0. 1. 0. 0. 0. 0. 0. 0. 0.],3.0,1000,100,0.01,0.003,1,2,idID,,first,single_objective
913,0.0927601956046874,0.39886884110015586,0.004154007806000001,[0.       0.       0.       0.       0.59999  0.       0.       0.       0.       0.       0.200045 0.       0.       0.       0.       0.       0.       0.       0.       0.       0.       0.       0.       0.199965 0.       0.       0.       0.       0.       0.       0.      ],[0. 0. 0. 0. 1. 0. 0. 0. 0. 0. 1. 0. 0. 0. 0. 0. 0. 0. 0. 0. 0. 0. 0. 1. 0. 0. 0. 0. 0. 0. 0.],3.0,1000,100,0.01,0.003,1,2,idID,,first,single_objective
914,0.0927601956046874,0.39886884110015586,0.004154007806000001,[0.       0.       0.       0.       0.59999  0.       0.       0.       0.       0.       0.200045 0.       0.       0.       0.       0.       0.       0.       0.       0.       0.       0.       0.       0.199965 0.       0.       0.       0.       0.       0.       0.      ],[0. 0. 0. 0. 1. 0. 0. 0. 0. 0. 1. 0. 0. 0. 0. 0. 0. 0. 0. 0. 0. 0. 0. 1. 0. 0. 0. 0. 0. 0. 0.],3.0,1000,100,0.01,0.003,1,2,idID,,first,single_objective
915,0.0927601956046874,0.39886884110015586,0.004154007806000001,[0.       0.       0.       0.       0.59999  0.       0.       0.       0.       0.       0.200045 0.       0.       0.       0.       0.       0.       0.       0.       0.       0.       0.       0.       0.199965 0.       0.       0.       0.       0.       0.       0.      ],[0. 0. 0. 0. 1. 0. 0. 0. 0. 0. 1. 0. 0. 0. 0. 0. 0. 0. 0. 0. 0. 0. 0. 1. 0. 0. 0. 0. 0. 0. 0.],3.0,1000,100,0.01,0.003,1,2,idID,,first,single_objective
916,0.0927601956046874,0.39886884110015586,0.004154007806000001,[0.       0.       0.       0.       0.59999  0.       0.       0.       0.       0.       0.200045 0.       0.       0.       0.       0.       0.       0.       0.       0.       0.       0.       0.       0.199965 0.       0.       0.       0.       0.       0.       0.      ],[0. 0. 0. 0. 1. 0. 0. 0. 0. 0. 1. 0. 0. 0. 0. 0. 0. 0. 0. 0. 0. 0. 0. 1. 0. 0. 0. 0. 0. 0. 0.],3.0,1000,100,0.01,0.003,1,2,idID,,first,single_objective
917,0.0927601956046874,0.39886884110015586,0.004154007806000001,[0.       0.       0.       0.       0.59999  0.       0.       0.       0.       0.       0.200045 0.       0.       0.       0.       0.       0.       0.       0.       0.       0.       0.       0.       0.199965 0.       0.       0.       0.       0.       0.       0.      ],[0. 0. 0. 0. 1. 0. 0. 0. 0. 0. 1. 0. 0. 0. 0. 0. 0. 0. 0. 0. 0. 0. 0. 1. 0. 0. 0. 0. 0. 0. 0.],3.0,1000,100,0.01,0.003,1,2,idID,,first,single_objective
918,0.0927601956046874,0.39886884110015586,0.004154007806000001,[0.       0.       0.       0.       0.59999  0.       0.       0.       0.       0.       0.200045 0.       0.       0.       0.       0.       0.       0.       0.       0.       0.       0.       0.       0.199965 0.       0.       0.       0.       0.       0.       0.      ],[0. 0. 0. 0. 1. 0. 0. 0. 0. 0. 1. 0. 0. 0. 0. 0. 0. 0. 0. 0. 0. 0. 0. 1. 0. 0. 0. 0. 0. 0. 0.],3.0,1000,100,0.01,0.003,1,2,idID,,first,single_objective
919,0.0927601956046874,0.39886884110015586,0.004154007806000001,[0.       0.       0.       0.       0.59999  0.       0.       0.       0.       0.       0.200045 0.       0.       0.       0.       0.       0.       0.       0.       0.       0.       0.       0.       0.199965 0.       0.       0.       0.       0.       0.       0.      ],[0. 0. 0. 0. 1. 0. 0. 0. 0. 0. 1. 0. 0. 0. 0. 0. 0. 0. 0. 0. 0. 0. 0. 1. 0. 0. 0. 0. 0. 0. 0.],3.0,1000,100,0.01,0.003,1,2,idID,,first,single_objective
920,0.0927601956046874,0.39886884110015586,0.004154007806000001,[0.       0.       0.       0.       0.59999  0.       0.       0.       0.       0.       0.200045 0.       0.       0.       0.       0.       0.       0.       0.       0.       0.       0.       0.       0.199965 0.       0.       0.       0.       0.       0.       0.      ],[0. 0. 0. 0. 1. 0. 0. 0. 0. 0. 1. 0. 0. 0. 0. 0. 0. 0. 0. 0. 0. 0. 0. 1. 0. 0. 0. 0. 0. 0. 0.],3.0,1000,100,0.01,0.003,1,2,idID,,first,single_objective
921,0.0927601956046874,0.39886884110015586,0.004154007806000001,[0.       0.       0.       0.       0.59999  0.       0.       0.       0.       0.       0.200045 0.       0.       0.       0.       0.       0.       0.       0.       0.       0.       0.       0.       0.199965 0.       0.       0.       0.       0.       0.       0.      ],[0. 0. 0. 0. 1. 0. 0. 0. 0. 0. 1. 0. 0. 0. 0. 0. 0. 0. 0. 0. 0. 0. 0. 1. 0. 0. 0. 0. 0. 0. 0.],3.0,1000,100,0.01,0.003,1,2,idID,,first,single_objective
922,0.0927601956046874,0.39886884110015586,0.004154007806000001,[0.       0.       0.       0.       0.59999  0.       0.       0.       0.       0.       0.200045 0.       0.       0.       0.       0.       0.       0.       0.       0.       0.       0.       0.       0.199965 0.       0.       0.       0.       0.       0.       0.      ],[0. 0. 0. 0. 1. 0. 0. 0. 0. 0. 1. 0. 0. 0. 0. 0. 0. 0. 0. 0. 0. 0. 0. 1. 0. 0. 0. 0. 0. 0. 0.],3.0,1000,100,0.01,0.003,1,2,idID,,first,single_objective
923,0.0927601956046874,0.39886884110015586,0.004154007806000001,[0.       0.       0.       0.       0.59999  0.       0.       0.       0.       0.       0.200045 0.       0.       0.       0.       0.       0.       0.       0.       0.       0.       0.       0.       0.199965 0.       0.       0.       0.       0.       0.       0.      ],[0. 0. 0. 0. 1. 0. 0. 0. 0. 0. 1. 0. 0. 0. 0. 0. 0. 0. 0. 0. 0. 0. 0. 1. 0. 0. 0. 0. 0. 0. 0.],3.0,1000,100,0.01,0.003,1,2,idID,,first,single_objective
924,0.0927601956046874,0.39886884110015586,0.004154007806000001,[0.       0.       0.       0.       0.59999  0.       0.       0.       0.       0.       0.200045 0.       0.       0.       0.       0.       0.       0.       0.       0.       0.       0.       0.       0.199965 0.       0.       0.       0.       0.       0.       0.      ],[0. 0. 0. 0. 1. 0. 0. 0. 0. 0. 1. 0. 0. 0. 0. 0. 0. 0. 0. 0. 0. 0. 0. 1. 0. 0. 0. 0. 0. 0. 0.],3.0,1000,100,0.01,0.003,1,2,idID,,first,single_objective
925,0.0927601956046874,0.39886884110015586,0.004154007806000001,[0.       0.       0.       0.       0.59999  0.       0.       0.       0.       0.       0.200045 0.       0.       0.       0.       0.       0.       0.       0.       0.       0.       0.       0.       0.199965 0.       0.       0.       0.       0.       0.       0.      ],[0. 0. 0. 0. 1. 0. 0. 0. 0. 0. 1. 0. 0. 0. 0. 0. 0. 0. 0. 0. 0. 0. 0. 1. 0. 0. 0. 0. 0. 0. 0.],3.0,1000,100,0.01,0.003,1,2,idID,,first,single_objective
926,0.0927601956046874,0.39886884110015586,0.004154007806000001,[0.       0.       0.       0.       0.59999  0.       0.       0.       0.       0.       0.200045 0.       0.       0.       0.       0.       0.       0.       0.       0.       0.       0.       0.       0.199965 0.       0.       0.       0.       0.       0.       0.      ],[0. 0. 0. 0. 1. 0. 0. 0. 0. 0. 1. 0. 0. 0. 0. 0. 0. 0. 0. 0. 0. 0. 0. 1. 0. 0. 0. 0. 0. 0. 0.],3.0,1000,100,0.01,0.003,1,2,idID,,first,single_objective
927,0.0927601956046874,0.39886884110015586,0.004154007806000001,[0.       0.       0.       0.       0.59999  0.       0.       0.       0.       0.       0.200045 0.       0.       0.       0.       0.       0.       0.       0.       0.       0.       0.       0.       0.199965 0.       0.       0.       0.       0.       0.       0.      ],[0. 0. 0. 0. 1. 0. 0. 0. 0. 0. 1. 0. 0. 0. 0. 0. 0. 0. 0. 0. 0. 0. 0. 1. 0. 0. 0. 0. 0. 0. 0.],3.0,1000,100,0.01,0.003,1,2,idID,,first,single_objective
928,0.0927601956046874,0.39886884110015586,0.004154007806000001,[0.       0.       0.       0.       0.59999  0.       0.       0.       0.       0.       0.200045 0.       0.       0.       0.       0.       0.       0.       0.       0.       0.       0.       0.       0.199965 0.       0.       0.       0.       0.       0.       0.      ],[0. 0. 0. 0. 1. 0. 0. 0. 0. 0. 1. 0. 0. 0. 0. 0. 0. 0. 0. 0. 0. 0. 0. 1. 0. 0. 0. 0. 0. 0. 0.],3.0,1000,100,0.01,0.003,1,2,idID,,first,single_objective
929,0.0927601956046874,0.39886884110015586,0.004154007806000001,[0.       0.       0.       0.       0.59999  0.       0.       0.       0.       0.       0.200045 0.       0.       0.       0.       0.       0.       0.       0.       0.       0.       0.       0.       0.199965 0.       0.       0.       0.       0.       0.       0.      ],[0. 0. 0. 0. 1. 0. 0. 0. 0. 0. 1. 0. 0. 0. 0. 0. 0. 0. 0. 0. 0. 0. 0. 1. 0. 0. 0. 0. 0. 0. 0.],3.0,1000,100,0.01,0.003,1,2,idID,,first,single_objective
930,0.0927601956046874,0.39886884110015586,0.004154007806000001,[0.       0.       0.       0.       0.59999  0.       0.       0.       0.       0.       0.200045 0.       0.       0.       0.       0.       0.       0.       0.       0.       0.       0.       0.       0.199965 0.       0.       0.       0.       0.       0.       0.      ],[0. 0. 0. 0. 1. 0. 0. 0. 0. 0. 1. 0. 0. 0. 0. 0. 0. 0. 0. 0. 0. 0. 0. 1. 0. 0. 0. 0. 0. 0. 0.],3.0,1000,100,0.01,0.003,1,2,idID,,first,single_objective
931,0.0927601956046874,0.39886884110015586,0.004154007806000001,[0.       0.       0.       0.       0.59999  0.       0.       0.       0.       0.       0.200045 0.       0.       0.       0.       0.       0.       0.       0.       0.       0.       0.       0.       0.199965 0.       0.       0.       0.       0.       0.       0.      ],[0. 0. 0. 0. 1. 0. 0. 0. 0. 0. 1. 0. 0. 0. 0. 0. 0. 0. 0. 0. 0. 0. 0. 1. 0. 0. 0. 0. 0. 0. 0.],3.0,1000,100,0.01,0.003,1,2,idID,,first,single_objective
932,0.0927601956046874,0.39886884110015586,0.004154007806000001,[0.       0.       0.       0.       0.59999  0.       0.       0.       0.       0.       0.200045 0.       0.       0.       0.       0.       0.       0.       0.       0.       0.       0.       0.       0.199965 0.       0.       0.       0.       0.       0.       0.      ],[0. 0. 0. 0. 1. 0. 0. 0. 0. 0. 1. 0. 0. 0. 0. 0. 0. 0. 0. 0. 0. 0. 0. 1. 0. 0. 0. 0. 0. 0. 0.],3.0,1000,100,0.01,0.003,1,2,idID,,first,single_objective
933,0.0927601956046874,0.39886884110015586,0.004154007806000001,[0.       0.       0.       0.       0.59999  0.       0.       0.       0.       0.       0.200045 0.       0.       0.       0.       0.       0.       0.       0.       0.       0.       0.       0.       0.199965 0.       0.       0.       0.       0.       0.       0.      ],[0. 0. 0. 0. 1. 0. 0. 0. 0. 0. 1. 0. 0. 0. 0. 0. 0. 0. 0. 0. 0. 0. 0. 1. 0. 0. 0. 0. 0. 0. 0.],3.0,1000,100,0.01,0.003,1,2,idID,,first,single_objective
934,0.0927601956046874,0.39886884110015586,0.004154007806000001,[0.       0.       0.       0.       0.59999  0.       0.       0.       0.       0.       0.200045 0.       0.       0.       0.       0.       0.       0.       0.       0.       0.       0.       0.       0.199965 0.       0.       0.       0.       0.       0.       0.      ],[0. 0. 0. 0. 1. 0. 0. 0. 0. 0. 1. 0. 0. 0. 0. 0. 0. 0. 0. 0. 0. 0. 0. 1. 0. 0. 0. 0. 0. 0. 0.],3.0,1000,100,0.01,0.003,1,2,idID,,first,single_objective
935,0.0927601956046874,0.39886884110015586,0.004154007806000001,[0.       0.       0.       0.       0.59999  0.       0.       0.       0.       0.       0.200045 0.       0.       0.       0.       0.       0.       0.       0.       0.       0.       0.       0.       0.199965 0.       0.       0.       0.       0.       0.       0.      ],[0. 0. 0. 0. 1. 0. 0. 0. 0. 0. 1. 0. 0. 0. 0. 0. 0. 0. 0. 0. 0. 0. 0. 1. 0. 0. 0. 0. 0. 0. 0.],3.0,1000,100,0.01,0.003,1,2,idID,,first,single_objective
936,0.0927601956046874,0.39886884110015586,0.004154007806000001,[0.       0.       0.       0.       0.59999  0.       0.       0.       0.       0.       0.200045 0.       0.       0.       0.       0.       0.       0.       0.       0.       0.       0.       0.       0.199965 0.       0.       0.       0.       0.       0.       0.      ],[0. 0. 0. 0. 1. 0. 0. 0. 0. 0. 1. 0. 0. 0. 0. 0. 0. 0. 0. 0. 0. 0. 0. 1. 0. 0. 0. 0. 0. 0. 0.],3.0,1000,100,0.01,0.003,1,2,idID,,first,single_objective
937,0.0927601956046874,0.39886884110015586,0.004154007806000001,[0.       0.       0.       0.       0.59999  0.       0.       0.       0.       0.       0.200045 0.       0.       0.       0.       0.       0.       0.       0.       0.       0.       0.       0.       0.199965 0.       0.       0.       0.       0.       0.       0.      ],[0. 0. 0. 0. 1. 0. 0. 0. 0. 0. 1. 0. 0. 0. 0. 0. 0. 0. 0. 0. 0. 0. 0. 1. 0. 0. 0. 0. 0. 0. 0.],3.0,1000,100,0.01,0.003,1,2,idID,,first,single_objective
938,0.0927601956046874,0.39886884110015586,0.004154007806000001,[0.       0.       0.       0.       0.59999  0.       0.       0.       0.       0.       0.200045 0.       0.       0.       0.       0.       0.       0.       0.       0.       0.       0.       0.       0.199965 0.       0.       0.       0.       0.       0.       0.      ],[0. 0. 0. 0. 1. 0. 0. 0. 0. 0. 1. 0. 0. 0. 0. 0. 0. 0. 0. 0. 0. 0. 0. 1. 0. 0. 0. 0. 0. 0. 0.],3.0,1000,100,0.01,0.003,1,2,idID,,first,single_objective
939,0.0927601956046874,0.39886884110015586,0.004154007806000001,[0.       0.       0.       0.       0.59999  0.       0.       0.       0.       0.       0.200045 0.       0.       0.       0.       0.       0.       0.       0.       0.       0.       0.       0.       0.199965 0.       0.       0.       0.       0.       0.       0.      ],[0. 0. 0. 0. 1. 0. 0. 0. 0. 0. 1. 0. 0. 0. 0. 0. 0. 0. 0. 0. 0. 0. 0. 1. 0. 0. 0. 0. 0. 0. 0.],3.0,1000,100,0.01,0.003,1,2,idID,,first,single_objective
940,0.0927601956046874,0.39886884110015586,0.004154007806000001,[0.       0.       0.       0.       0.59999  0.       0.       0.       0.       0.       0.200045 0.       0.       0.       0.       0.       0.       0.       0.       0.       0.       0.       0.       0.199965 0.       0.       0.       0.       0.       0.       0.      ],[0. 0. 0. 0. 1. 0. 0. 0. 0. 0. 1. 0. 0. 0. 0. 0. 0. 0. 0. 0. 0. 0. 0. 1. 0. 0. 0. 0. 0. 0. 0.],3.0,1000,100,0.01,0.003,1,2,idID,,first,single_objective
941,0.0927601956046874,0.39886884110015586,0.004154007806000001,[0.       0.       0.       0.       0.59999  0.       0.       0.       0.       0.       0.200045 0.       0.       0.       0.       0.       0.       0.       0.       0.       0.       0.       0.       0.199965 0.       0.       0.       0.       0.       0.       0.      ],[0. 0. 0. 0. 1. 0. 0. 0. 0. 0. 1. 0. 0. 0. 0. 0. 0. 0. 0. 0. 0. 0. 0. 1. 0. 0. 0. 0. 0. 0. 0.],3.0,1000,100,0.01,0.003,1,2,idID,,first,single_objective
942,0.0927601956046874,0.39886884110015586,0.004154007806000001,[0.       0.       0.       0.       0.59999  0.       0.       0.       0.       0.       0.200045 0.       0.       0.       0.       0.       0.       0.       0.       0.       0.       0.       0.       0.199965 0.       0.       0.       0.       0.       0.       0.      ],[0. 0. 0. 0. 1. 0. 0. 0. 0. 0. 1. 0. 0. 0. 0. 0. 0. 0. 0. 0. 0. 0. 0. 1. 0. 0. 0. 0. 0. 0. 0.],3.0,1000,100,0.01,0.003,1,2,idID,,first,single_objective
943,0.0927601956046874,0.39886884110015586,0.004154007806000001,[0.       0.       0.       0.       0.59999  0.       0.       0.       0.       0.       0.200045 0.       0.       0.       0.       0.       0.       0.       0.       0.       0.       0.       0.       0.199965 0.       0.       0.       0.       0.       0.       0.      ],[0. 0. 0. 0. 1. 0. 0. 0. 0. 0. 1. 0. 0. 0. 0. 0. 0. 0. 0. 0. 0. 0. 0. 1. 0. 0. 0. 0. 0. 0. 0.],3.0,1000,100,0.01,0.003,1,2,idID,,first,single_objective
944,0.0927601956046874,0.39886884110015586,0.004154007806000001,[0.       0.       0.       0.       0.59999  0.       0.       0.       0.       0.       0.200045 0.       0.       0.       0.       0.       0.       0.       0.       0.       0.       0.       0.       0.199965 0.       0.       0.       0.       0.       0.       0.      ],[0. 0. 0. 0. 1. 0. 0. 0. 0. 0. 1. 0. 0. 0. 0. 0. 0. 0. 0. 0. 0. 0. 0. 1. 0. 0. 0. 0. 0. 0. 0.],3.0,1000,100,0.01,0.003,1,2,idID,,first,single_objective
945,0.0927601956046874,0.39886884110015586,0.004154007806000001,[0.       0.       0.       0.       0.59999  0.       0.       0.       0.       0.       0.200045 0.       0.       0.       0.       0.       0.       0.       0.       0.       0.       0.       0.       0.199965 0.       0.       0.       0.       0.       0.       0.      ],[0. 0. 0. 0. 1. 0. 0. 0. 0. 0. 1. 0. 0. 0. 0. 0. 0. 0. 0. 0. 0. 0. 0. 1. 0. 0. 0. 0. 0. 0. 0.],3.0,1000,100,0.01,0.003,1,2,idID,,first,single_objective
946,0.0927601956046874,0.39886884110015586,0.004154007806000001,[0.       0.       0.       0.       0.59999  0.       0.       0.       0.       0.       0.200045 0.       0.       0.       0.       0.       0.       0.       0.       0.       0.       0.       0.       0.199965 0.       0.       0.       0.       0.       0.       0.      ],[0. 0. 0. 0. 1. 0. 0. 0. 0. 0. 1. 0. 0. 0. 0. 0. 0. 0. 0. 0. 0. 0. 0. 1. 0. 0. 0. 0. 0. 0. 0.],3.0,1000,100,0.01,0.003,1,2,idID,,first,single_objective
947,0.0927601956046874,0.39886884110015586,0.004154007806000001,[0.       0.       0.       0.       0.59999  0.       0.       0.       0.       0.       0.200045 0.       0.       0.       0.       0.       0.       0.       0.       0.       0.       0.       0.       0.199965 0.       0.       0.       0.       0.       0.       0.      ],[0. 0. 0. 0. 1. 0. 0. 0. 0. 0. 1. 0. 0. 0. 0. 0. 0. 0. 0. 0. 0. 0. 0. 1. 0. 0. 0. 0. 0. 0. 0.],3.0,1000,100,0.01,0.003,1,2,idID,,first,single_objective
948,0.0927601956046874,0.39886884110015586,0.004154007806000001,[0.       0.       0.       0.       0.59999  0.       0.       0.       0.       0.       0.200045 0.       0.       0.       0.       0.       0.       0.       0.       0.       0.       0.       0.       0.199965 0.       0.       0.       0.       0.       0.       0.      ],[0. 0. 0. 0. 1. 0. 0. 0. 0. 0. 1. 0. 0. 0. 0. 0. 0. 0. 0. 0. 0. 0. 0. 1. 0. 0. 0. 0. 0. 0. 0.],3.0,1000,100,0.01,0.003,1,2,idID,,first,single_objective
949,0.0927601956046874,0.39886884110015586,0.004154007806000001,[0.       0.       0.       0.       0.59999  0.       0.       0.       0.       0.       0.200045 0.       0.       0.       0.       0.       0.       0.       0.       0.       0.       0.       0.       0.199965 0.       0.       0.       0.       0.       0.       0.      ],[0. 0. 0. 0. 1. 0. 0. 0. 0. 0. 1. 0. 0. 0. 0. 0. 0. 0. 0. 0. 0. 0. 0. 1. 0. 0. 0. 0. 0. 0. 0.],3.0,1000,100,0.01,0.003,1,2,idID,,first,single_objective
950,0.0927601956046874,0.39886884110015586,0.004154007806000001,[0.       0.       0.       0.       0.59999  0.       0.       0.       0.       0.       0.200045 0.       0.       0.       0.       0.       0.       0.       0.       0.       0.       0.       0.       0.199965 0.       0.       0.       0.       0.       0.       0.      ],[0. 0. 0. 0. 1. 0. 0. 0. 0. 0. 1. 0. 0. 0. 0. 0. 0. 0. 0. 0. 0. 0. 0. 1. 0. 0. 0. 0. 0. 0. 0.],3.0,1000,100,0.01,0.003,1,2,idID,,first,single_objective
951,0.0927601956046874,0.39886884110015586,0.004154007806000001,[0.       0.       0.       0.       0.59999  0.       0.       0.       0.       0.       0.200045 0.       0.       0.       0.       0.       0.       0.       0.       0.       0.       0.       0.       0.199965 0.       0.       0.       0.       0.       0.       0.      ],[0. 0. 0. 0. 1. 0. 0. 0. 0. 0. 1. 0. 0. 0. 0. 0. 0. 0. 0. 0. 0. 0. 0. 1. 0. 0. 0. 0. 0. 0. 0.],3.0,1000,100,0.01,0.003,1,2,idID,,first,single_objective
952,0.0927601956046874,0.39886884110015586,0.004154007806000001,[0.       0.       0.       0.       0.59999  0.       0.       0.       0.       0.       0.200045 0.       0.       0.       0.       0.       0.       0.       0.       0.       0.       0.       0.       0.199965 0.       0.       0.       0.       0.       0.       0.      ],[0. 0. 0. 0. 1. 0. 0. 0. 0. 0. 1. 0. 0. 0. 0. 0. 0. 0. 0. 0. 0. 0. 0. 1. 0. 0. 0. 0. 0. 0. 0.],3.0,1000,100,0.01,0.003,1,2,idID,,first,single_objective
953,0.0927601956046874,0.39886884110015586,0.004154007806000001,[0.       0.       0.       0.       0.59999  0.       0.       0.       0.       0.       0.200045 0.       0.       0.       0.       0.       0.       0.       0.       0.       0.       0.       0.       0.199965 0.       0.       0.       0.       0.       0.       0.      ],[0. 0. 0. 0. 1. 0. 0. 0. 0. 0. 1. 0. 0. 0. 0. 0. 0. 0. 0. 0. 0. 0. 0. 1. 0. 0. 0. 0. 0. 0. 0.],3.0,1000,100,0.01,0.003,1,2,idID,,first,single_objective
954,0.0927601956046874,0.39886884110015586,0.004154007806000001,[0.       0.       0.       0.       0.59999  0.       0.       0.       0.       0.       0.200045 0.       0.       0.       0.       0.       0.       0.       0.       0.       0.       0.       0.       0.199965 0.       0.       0.       0.       0.       0.       0.      ],[0. 0. 0. 0. 1. 0. 0. 0. 0. 0. 1. 0. 0. 0. 0. 0. 0. 0. 0. 0. 0. 0. 0. 1. 0. 0. 0. 0. 0. 0. 0.],3.0,1000,100,0.01,0.003,1,2,idID,,first,single_objective
955,0.0927601956046874,0.39886884110015586,0.004154007806000001,[0.       0.       0.       0.       0.59999  0.       0.       0.       0.       0.       0.200045 0.       0.       0.       0.       0.       0.       0.       0.       0.       0.       0.       0.       0.199965 0.       0.       0.       0.       0.       0.       0.      ],[0. 0. 0. 0. 1. 0. 0. 0. 0. 0. 1. 0. 0. 0. 0. 0. 0. 0. 0. 0. 0. 0. 0. 1. 0. 0. 0. 0. 0. 0. 0.],3.0,1000,100,0.01,0.003,1,2,idID,,first,single_objective
956,0.0927601956046874,0.39886884110015586,0.004154007806000001,[0.       0.       0.       0.       0.59999  0.       0.       0.       0.       0.       0.200045 0.       0.       0.       0.       0.       0.       0.       0.       0.       0.       0.       0.       0.199965 0.       0.       0.       0.       0.       0.       0.      ],[0. 0. 0. 0. 1. 0. 0. 0. 0. 0. 1. 0. 0. 0. 0. 0. 0. 0. 0. 0. 0. 0. 0. 1. 0. 0. 0. 0. 0. 0. 0.],3.0,1000,100,0.01,0.003,1,2,idID,,first,single_objective
957,0.0927601956046874,0.39886884110015586,0.004154007806000001,[0.       0.       0.       0.       0.59999  0.       0.       0.       0.       0.       0.200045 0.       0.       0.       0.       0.       0.       0.       0.       0.       0.       0.       0.       0.199965 0.       0.       0.       0.       0.       0.       0.      ],[0. 0. 0. 0. 1. 0. 0. 0. 0. 0. 1. 0. 0. 0. 0. 0. 0. 0. 0. 0. 0. 0. 0. 1. 0. 0. 0. 0. 0. 0. 0.],3.0,1000,100,0.01,0.003,1,2,idID,,first,single_objective
958,0.0927601956046874,0.39886884110015586,0.004154007806000001,[0.       0.       0.       0.       0.59999  0.       0.       0.       0.       0.       0.200045 0.       0.       0.       0.       0.       0.       0.       0.       0.       0.       0.       0.       0.199965 0.       0.       0.       0.       0.       0.       0.      ],[0. 0. 0. 0. 1. 0. 0. 0. 0. 0. 1. 0. 0. 0. 0. 0. 0. 0. 0. 0. 0. 0. 0. 1. 0. 0. 0. 0. 0. 0. 0.],3.0,1000,100,0.01,0.003,1,2,idID,,first,single_objective
959,0.0927601956046874,0.39886884110015586,0.004154007806000001,[0.       0.       0.       0.       0.59999  0.       0.       0.       0.       0.       0.200045 0.       0.       0.       0.       0.       0.       0.       0.       0.       0.       0.       0.       0.199965 0.       0.       0.       0.       0.       0.       0.      ],[0. 0. 0. 0. 1. 0. 0. 0. 0. 0. 1. 0. 0. 0. 0. 0. 0. 0. 0. 0. 0. 0. 0. 1. 0. 0. 0. 0. 0. 0. 0.],3.0,1000,100,0.01,0.003,1,2,idID,,first,single_objective
960,0.0927601956046874,0.39886884110015586,0.004154007806000001,[0.       0.       0.       0.       0.59999  0.       0.       0.       0.       0.       0.200045 0.       0.       0.       0.       0.       0.       0.       0.       0.       0.       0.       0.       0.199965 0.       0.       0.       0.       0.       0.       0.      ],[0. 0. 0. 0. 1. 0. 0. 0. 0. 0. 1. 0. 0. 0. 0. 0. 0. 0. 0. 0. 0. 0. 0. 1. 0. 0. 0. 0. 0. 0. 0.],3.0,1000,100,0.01,0.003,1,2,idID,,first,single_objective
961,0.0927601956046874,0.39886884110015586,0.004154007806000001,[0.       0.       0.       0.       0.59999  0.       0.       0.       0.       0.       0.200045 0.       0.       0.       0.       0.       0.       0.       0.       0.       0.       0.       0.       0.199965 0.       0.       0.       0.       0.       0.       0.      ],[0. 0. 0. 0. 1. 0. 0. 0. 0. 0. 1. 0. 0. 0. 0. 0. 0. 0. 0. 0. 0. 0. 0. 1. 0. 0. 0. 0. 0. 0. 0.],3.0,1000,100,0.01,0.003,1,2,idID,,first,single_objective
962,0.0927601956046874,0.39886884110015586,0.004154007806000001,[0.       0.       0.       0.       0.59999  0.       0.       0.       0.       0.       0.200045 0.       0.       0.       0.       0.       0.       0.       0.       0.       0.       0.       0.       0.199965 0.       0.       0.       0.       0.       0.       0.      ],[0. 0. 0. 0. 1. 0. 0. 0. 0. 0. 1. 0. 0. 0. 0. 0. 0. 0. 0. 0. 0. 0. 0. 1. 0. 0. 0. 0. 0. 0. 0.],3.0,1000,100,0.01,0.003,1,2,idID,,first,single_objective
963,0.0927601956046874,0.39886884110015586,0.004154007806000001,[0.       0.       0.       0.       0.59999  0.       0.       0.       0.       0.       0.200045 0.       0.       0.       0.       0.       0.       0.       0.       0.       0.       0.       0.       0.199965 0.       0.       0.       0.       0.       0.       0.      ],[0. 0. 0. 0. 1. 0. 0. 0. 0. 0. 1. 0. 0. 0. 0. 0. 0. 0. 0. 0. 0. 0. 0. 1. 0. 0. 0. 0. 0. 0. 0.],3.0,1000,100,0.01,0.003,1,2,idID,,first,single_objective
964,0.0927601956046874,0.39886884110015586,0.004154007806000001,[0.       0.       0.       0.       0.59999  0.       0.       0.       0.       0.       0.200045 0.       0.       0.       0.       0.       0.       0.       0.       0.       0.       0.       0.       0.199965 0.       0.       0.       0.       0.       0.       0.      ],[0. 0. 0. 0. 1. 0. 0. 0. 0. 0. 1. 0. 0. 0. 0. 0. 0. 0. 0. 0. 0. 0. 0. 1. 0. 0. 0. 0. 0. 0. 0.],3.0,1000,100,0.01,0.003,1,2,idID,,first,single_objective
965,0.0927601956046874,0.39886884110015586,0.004154007806000001,[0.       0.       0.       0.       0.59999  0.       0.       0.       0.       0.       0.200045 0.       0.       0.       0.       0.       0.       0.       0.       0.       0.       0.       0.       0.199965 0.       0.       0.       0.       0.       0.       0.      ],[0. 0. 0. 0. 1. 0. 0. 0. 0. 0. 1. 0. 0. 0. 0. 0. 0. 0. 0. 0. 0. 0. 0. 1. 0. 0. 0. 0. 0. 0. 0.],3.0,1000,100,0.01,0.003,1,2,idID,,first,single_objective
966,0.0927601956046874,0.39886884110015586,0.004154007806000001,[0.       0.       0.       0.       0.59999  0.       0.       0.       0.       0.       0.200045 0.       0.       0.       0.       0.       0.       0.       0.       0.       0.       0.       0.       0.199965 0.       0.       0.       0.       0.       0.       0.      ],[0. 0. 0. 0. 1. 0. 0. 0. 0. 0. 1. 0. 0. 0. 0. 0. 0. 0. 0. 0. 0. 0. 0. 1. 0. 0. 0. 0. 0. 0. 0.],3.0,1000,100,0.01,0.003,1,2,idID,,first,single_objective
967,0.0927601956046874,0.39886884110015586,0.004154007806000001,[0.       0.       0.       0.       0.59999  0.       0.       0.       0.       0.       0.200045 0.       0.       0.       0.       0.       0.       0.       0.       0.       0.       0.       0.       0.199965 0.       0.       0.       0.       0.       0.       0.      ],[0. 0. 0. 0. 1. 0. 0. 0. 0. 0. 1. 0. 0. 0. 0. 0. 0. 0. 0. 0. 0. 0. 0. 1. 0. 0. 0. 0. 0. 0. 0.],3.0,1000,100,0.01,0.003,1,2,idID,,first,single_objective
968,0.0927601956046874,0.39886884110015586,0.004154007806000001,[0.       0.       0.       0.       0.59999  0.       0.       0.       0.       0.       0.200045 0.       0.       0.       0.       0.       0.       0.       0.       0.       0.       0.       0.       0.199965 0.       0.       0.       0.       0.       0.       0.      ],[0. 0. 0. 0. 1. 0. 0. 0. 0. 0. 1. 0. 0. 0. 0. 0. 0. 0. 0. 0. 0. 0. 0. 1. 0. 0. 0. 0. 0. 0. 0.],3.0,1000,100,0.01,0.003,1,2,idID,,first,single_objective
969,0.0927601956046874,0.39886884110015586,0.004154007806000001,[0.       0.       0.       0.       0.59999  0.       0.       0.       0.       0.       0.200045 0.       0.       0.       0.       0.       0.       0.       0.       0.       0.       0.       0.       0.199965 0.       0.       0.       0.       0.       0.       0.      ],[0. 0. 0. 0. 1. 0. 0. 0. 0. 0. 1. 0. 0. 0. 0. 0. 0. 0. 0. 0. 0. 0. 0. 1. 0. 0. 0. 0. 0. 0. 0.],3.0,1000,100,0.01,0.003,1,2,idID,,first,single_objective
970,0.0927601956046874,0.39886884110015586,0.004154007806000001,[0.       0.       0.       0.       0.59999  0.       0.       0.       0.       0.       0.200045 0.       0.       0.       0.       0.       0.       0.       0.       0.       0.       0.       0.       0.199965 0.       0.       0.       0.       0.       0.       0.      ],[0. 0. 0. 0. 1. 0. 0. 0. 0. 0. 1. 0. 0. 0. 0. 0. 0. 0. 0. 0. 0. 0. 0. 1. 0. 0. 0. 0. 0. 0. 0.],3.0,1000,100,0.01,0.003,1,2,idID,,first,single_objective
971,0.0927601956046874,0.39886884110015586,0.004154007806000001,[0.       0.       0.       0.       0.59999  0.       0.       0.       0.       0.       0.200045 0.       0.       0.       0.       0.       0.       0.       0.       0.       0.       0.       0.       0.199965 0.       0.       0.       0.       0.       0.       0.      ],[0. 0. 0. 0. 1. 0. 0. 0. 0. 0. 1. 0. 0. 0. 0. 0. 0. 0. 0. 0. 0. 0. 0. 1. 0. 0. 0. 0. 0. 0. 0.],3.0,1000,100,0.01,0.003,1,2,idID,,first,single_objective
972,0.0927601956046874,0.39886884110015586,0.004154007806000001,[0.       0.       0.       0.       0.59999  0.       0.       0.       0.       0.       0.200045 0.       0.       0.       0.       0.       0.       0.       0.       0.       0.       0.       0.       0.199965 0.       0.       0.       0.       0.       0.       0.      ],[0. 0. 0. 0. 1. 0. 0. 0. 0. 0. 1. 0. 0. 0. 0. 0. 0. 0. 0. 0. 0. 0. 0. 1. 0. 0. 0. 0. 0. 0. 0.],3.0,1000,100,0.01,0.003,1,2,idID,,first,single_objective
973,0.0927601956046874,0.39886884110015586,0.004154007806000001,[0.       0.       0.       0.       0.59999  0.       0.       0.       0.       0.       0.200045 0.       0.       0.       0.       0.       0.       0.       0.       0.       0.       0.       0.       0.199965 0.       0.       0.       0.       0.       0.       0.      ],[0. 0. 0. 0. 1. 0. 0. 0. 0. 0. 1. 0. 0. 0. 0. 0. 0. 0. 0. 0. 0. 0. 0. 1. 0. 0. 0. 0. 0. 0. 0.],3.0,1000,100,0.01,0.003,1,2,idID,,first,single_objective
974,0.0927601956046874,0.39886884110015586,0.004154007806000001,[0.       0.       0.       0.       0.59999  0.       0.       0.       0.       0.       0.200045 0.       0.       0.       0.       0.       0.       0.       0.       0.       0.       0.       0.       0.199965 0.       0.       0.       0.       0.       0.       0.      ],[0. 0. 0. 0. 1. 0. 0. 0. 0. 0. 1. 0. 0. 0. 0. 0. 0. 0. 0. 0. 0. 0. 0. 1. 0. 0. 0. 0. 0. 0. 0.],3.0,1000,100,0.01,0.003,1,2,idID,,first,single_objective
975,0.0927601956046874,0.39886884110015586,0.004154007806000001,[0.       0.       0.       0.       0.59999  0.       0.       0.       0.       0.       0.200045 0.       0.       0.       0.       0.       0.       0.       0.       0.       0.       0.       0.       0.199965 0.       0.       0.       0.       0.       0.       0.      ],[0. 0. 0. 0. 1. 0. 0. 0. 0. 0. 1. 0. 0. 0. 0. 0. 0. 0. 0. 0. 0. 0. 0. 1. 0. 0. 0. 0. 0. 0. 0.],3.0,1000,100,0.01,0.003,1,2,idID,,first,single_objective
976,0.0927601956046874,0.39886884110015586,0.004154007806000001,[0.       0.       0.       0.       0.59999  0.       0.       0.       0.       0.       0.200045 0.       0.       0.       0.       0.       0.       0.       0.       0.       0.       0.       0.       0.199965 0.       0.       0.       0.       0.       0.       0.      ],[0. 0. 0. 0. 1. 0. 0. 0. 0. 0. 1. 0. 0. 0. 0. 0. 0. 0. 0. 0. 0. 0. 0. 1. 0. 0. 0. 0. 0. 0. 0.],3.0,1000,100,0.01,0.003,1,2,idID,,first,single_objective
977,0.0927601956046874,0.39886884110015586,0.004154007806000001,[0.       0.       0.       0.       0.59999  0.       0.       0.       0.       0.       0.200045 0.       0.       0.       0.       0.       0.       0.       0.       0.       0.       0.       0.       0.199965 0.       0.       0.       0.       0.       0.       0.      ],[0. 0. 0. 0. 1. 0. 0. 0. 0. 0. 1. 0. 0. 0. 0. 0. 0. 0. 0. 0. 0. 0. 0. 1. 0. 0. 0. 0. 0. 0. 0.],3.0,1000,100,0.01,0.003,1,2,idID,,first,single_objective
978,0.0927601956046874,0.39886884110015586,0.004154007806000001,[0.       0.       0.       0.       0.59999  0.       0.       0.       0.       0.       0.200045 0.       0.       0.       0.       0.       0.       0.       0.       0.       0.       0.       0.       0.199965 0.       0.       0.       0.       0.       0.       0.      ],[0. 0. 0. 0. 1. 0. 0. 0. 0. 0. 1. 0. 0. 0. 0. 0. 0. 0. 0. 0. 0. 0. 0. 1. 0. 0. 0. 0. 0. 0. 0.],3.0,1000,100,0.01,0.003,1,2,idID,,first,single_objective
979,0.0927601956046874,0.39886884110015586,0.004154007806000001,[0.       0.       0.       0.       0.59999  0.       0.       0.       0.       0.       0.200045 0.       0.       0.       0.       0.       0.       0.       0.       0.       0.       0.       0.       0.199965 0.       0.       0.       0.       0.       0.       0.      ],[0. 0. 0. 0. 1. 0. 0. 0. 0. 0. 1. 0. 0. 0. 0. 0. 0. 0. 0. 0. 0. 0. 0. 1. 0. 0. 0. 0. 0. 0. 0.],3.0,1000,100,0.01,0.003,1,2,idID,,first,single_objective
980,0.0927601956046874,0.39886884110015586,0.004154007806000001,[0.       0.       0.       0.       0.59999  0.       0.       0.       0.       0.       0.200045 0.       0.       0.       0.       0.       0.       0.       0.       0.       0.       0.       0.       0.199965 0.       0.       0.       0.       0.       0.       0.      ],[0. 0. 0. 0. 1. 0. 0. 0. 0. 0. 1. 0. 0. 0. 0. 0. 0. 0. 0. 0. 0. 0. 0. 1. 0. 0. 0. 0. 0. 0. 0.],3.0,1000,100,0.01,0.003,1,2,idID,,first,single_objective
981,0.0927601956046874,0.39886884110015586,0.004154007806000001,[0.       0.       0.       0.       0.59999  0.       0.       0.       0.       0.       0.200045 0.       0.       0.       0.       0.       0.       0.       0.       0.       0.       0.       0.       0.199965 0.       0.       0.       0.       0.       0.       0.      ],[0. 0. 0. 0. 1. 0. 0. 0. 0. 0. 1. 0. 0. 0. 0. 0. 0. 0. 0. 0. 0. 0. 0. 1. 0. 0. 0. 0. 0. 0. 0.],3.0,1000,100,0.01,0.003,1,2,idID,,first,single_objective
982,0.0927601956046874,0.39886884110015586,0.004154007806000001,[0.       0.       0.       0.       0.59999  0.       0.       0.       0.       0.       0.200045 0.       0.       0.       0.       0.       0.       0.       0.       0.       0.       0.       0.       0.199965 0.       0.       0.       0.       0.       0.       0.      ],[0. 0. 0. 0. 1. 0. 0. 0. 0. 0. 1. 0. 0. 0. 0. 0. 0. 0. 0. 0. 0. 0. 0. 1. 0. 0. 0. 0. 0. 0. 0.],3.0,1000,100,0.01,0.003,1,2,idID,,first,single_objective
983,0.0927601956046874,0.39886884110015586,0.004154007806000001,[0.       0.       0.       0.       0.59999  0.       0.       0.       0.       0.       0.200045 0.       0.       0.       0.       0.       0.       0.       0.       0.       0.       0.       0.       0.199965 0.       0.       0.       0.       0.       0.       0.      ],[0. 0. 0. 0. 1. 0. 0. 0. 0. 0. 1. 0. 0. 0. 0. 0. 0. 0. 0. 0. 0. 0. 0. 1. 0. 0. 0. 0. 0. 0. 0.],3.0,1000,100,0.01,0.003,1,2,idID,,first,single_objective
984,0.0927601956046874,0.39886884110015586,0.004154007806000001,[0.       0.       0.       0.       0.59999  0.       0.       0.       0.       0.       0.200045 0.       0.       0.       0.       0.       0.       0.       0.       0.       0.       0.       0.       0.199965 0.       0.       0.       0.       0.       0.       0.      ],[0. 0. 0. 0. 1. 0. 0. 0. 0. 0. 1. 0. 0. 0. 0. 0. 0. 0. 0. 0. 0. 0. 0. 1. 0. 0. 0. 0. 0. 0. 0.],3.0,1000,100,0.01,0.003,1,2,idID,,first,single_objective
985,0.0927601956046874,0.39886884110015586,0.004154007806000001,[0.       0.       0.       0.       0.59999  0.       0.       0.       0.       0.       0.200045 0.       0.       0.       0.       0.       0.       0.       0.       0.       0.       0.       0.       0.199965 0.       0.       0.       0.       0.       0.       0.      ],[0. 0. 0. 0. 1. 0. 0. 0. 0. 0. 1. 0. 0. 0. 0. 0. 0. 0. 0. 0. 0. 0. 0. 1. 0. 0. 0. 0. 0. 0. 0.],3.0,1000,100,0.01,0.003,1,2,idID,,first,single_objective
986,0.0927601956046874,0.39886884110015586,0.004154007806000001,[0.       0.       0.       0.       0.59999  0.       0.       0.       0.       0.       0.200045 0.       0.       0.       0.       0.       0.       0.       0.       0.       0.       0.       0.       0.199965 0.       0.       0.       0.       0.       0.       0.      ],[0. 0. 0. 0. 1. 0. 0. 0. 0. 0. 1. 0. 0. 0. 0. 0. 0. 0. 0. 0. 0. 0. 0. 1. 0. 0. 0. 0. 0. 0. 0.],3.0,1000,100,0.01,0.003,1,2,idID,,first,single_objective
987,0.0927601956046874,0.39886884110015586,0.004154007806000001,[0.       0.       0.       0.       0.59999  0.       0.       0.       0.       0.       0.200045 0.       0.       0.       0.       0.       0.       0.       0.       0.       0.       0.       0.       0.199965 0.       0.       0.       0.       0.       0.       0.      ],[0. 0. 0. 0. 1. 0. 0. 0. 0. 0. 1. 0. 0. 0. 0. 0. 0. 0. 0. 0. 0. 0. 0. 1. 0. 0. 0. 0. 0. 0. 0.],3.0,1000,100,0.01,0.003,1,2,idID,,first,single_objective
988,0.0927601956046874,0.39886884110015586,0.004154007806000001,[0.       0.       0.       0.       0.59999  0.       0.       0.       0.       0.       0.200045 0.       0.       0.       0.       0.       0.       0.       0.       0.       0.       0.       0.       0.199965 0.       0.       0.       0.       0.       0.       0.      ],[0. 0. 0. 0. 1. 0. 0. 0. 0. 0. 1. 0. 0. 0. 0. 0. 0. 0. 0. 0. 0. 0. 0. 1. 0. 0. 0. 0. 0. 0. 0.],3.0,1000,100,0.01,0.003,1,2,idID,,first,single_objective
989,0.0927601956046874,0.39886884110015586,0.004154007806000001,[0.       0.       0.       0.       0.59999  0.       0.       0.       0.       0.       0.200045 0.       0.       0.       0.       0.       0.       0.       0.       0.       0.       0.       0.       0.199965 0.       0.       0.       0.       0.       0.       0.      ],[0. 0. 0. 0. 1. 0. 0. 0. 0. 0. 1. 0. 0. 0. 0. 0. 0. 0. 0. 0. 0. 0. 0. 1. 0. 0. 0. 0. 0. 0. 0.],3.0,1000,100,0.01,0.003,1,2,idID,,first,single_objective
990,0.0927601956046874,0.39886884110015586,0.004154007806000001,[0.       0.       0.       0.       0.59999  0.       0.       0.       0.       0.       0.200045 0.       0.       0.       0.       0.       0.       0.       0.       0.       0.       0.       0.       0.199965 0.       0.       0.       0.       0.       0.       0.      ],[0. 0. 0. 0. 1. 0. 0. 0. 0. 0. 1. 0. 0. 0. 0. 0. 0. 0. 0. 0. 0. 0. 0. 1. 0. 0. 0. 0. 0. 0. 0.],3.0,1000,100,0.01,0.003,1,2,idID,,first,single_objective
991,0.0927601956046874,0.39886884110015586,0.004154007806000001,[0.       0.       0.       0.       0.59999  0.       0.       0.       0.       0.       0.200045 0.       0.       0.       0.       0.       0.       0.       0.       0.       0.       0.       0.       0.199965 0.       0.       0.       0.       0.       0.       0.      ],[0. 0. 0. 0. 1. 0. 0. 0. 0. 0. 1. 0. 0. 0. 0. 0. 0. 0. 0. 0. 0. 0. 0. 1. 0. 0. 0. 0. 0. 0. 0.],3.0,1000,100,0.01,0.003,1,2,idID,,first,single_objective
992,0.0927601956046874,0.39886884110015586,0.004154007806000001,[0.       0.       0.       0.       0.59999  0.       0.       0.       0.       0.       0.200045 0.       0.       0.       0.       0.       0.       0.       0.       0.       0.       0.       0.       0.199965 0.       0.       0.       0.       0.       0.       0.      ],[0. 0. 0. 0. 1. 0. 0. 0. 0. 0. 1. 0. 0. 0. 0. 0. 0. 0. 0. 0. 0. 0. 0. 1. 0. 0. 0. 0. 0. 0. 0.],3.0,1000,100,0.01,0.003,1,2,idID,,first,single_objective
993,0.0927601956046874,0.39886884110015586,0.004154007806000001,[0.       0.       0.       0.       0.59999  0.       0.       0.       0.       0.       0.200045 0.       0.       0.       0.       0.       0.       0.       0.       0.       0.       0.       0.       0.199965 0.       0.       0.       0.       0.       0.       0.      ],[0. 0. 0. 0. 1. 0. 0. 0. 0. 0. 1. 0. 0. 0. 0. 0. 0. 0. 0. 0. 0. 0. 0. 1. 0. 0. 0. 0. 0. 0. 0.],3.0,1000,100,0.01,0.003,1,2,idID,,first,single_objective
994,0.0927601956046874,0.39886884110015586,0.004154007806000001,[0.       0.       0.       0.       0.59999  0.       0.       0.       0.       0.       0.200045 0.       0.       0.       0.       0.       0.       0.       0.       0.       0.       0.       0.       0.199965 0.       0.       0.       0.       0.       0.       0.      ],[0. 0. 0. 0. 1. 0. 0. 0. 0. 0. 1. 0. 0. 0. 0. 0. 0. 0. 0. 0. 0. 0. 0. 1. 0. 0. 0. 0. 0. 0. 0.],3.0,1000,100,0.01,0.003,1,2,idID,,first,single_objective
995,0.0927601956046874,0.39886884110015586,0.004154007806000001,[0.       0.       0.       0.       0.59999  0.       0.       0.       0.       0.       0.200045 0.       0.       0.       0.       0.       0.       0.       0.       0.       0.       0.       0.       0.199965 0.       0.       0.       0.       0.       0.       0.      ],[0. 0. 0. 0. 1. 0. 0. 0. 0. 0. 1. 0. 0. 0. 0. 0. 0. 0. 0. 0. 0. 0. 0. 1. 0. 0. 0. 0. 0. 0. 0.],3.0,1000,100,0.01,0.003,1,2,idID,,first,single_objective
996,0.0927601956046874,0.39886884110015586,0.004154007806000001,[0.       0.       0.       0.       0.59999  0.       0.       0.       0.       0.       0.200045 0.       0.       0.       0.       0.       0.       0.       0.       0.       0.       0.       0.       0.199965 0.       0.       0.       0.       0.       0.       0.      ],[0. 0. 0. 0. 1. 0. 0. 0. 0. 0. 1. 0. 0. 0. 0. 0. 0. 0. 0. 0. 0. 0. 0. 1. 0. 0. 0. 0. 0. 0. 0.],3.0,1000,100,0.01,0.003,1,2,idID,,first,single_objective
997,0.0927601956046874,0.39886884110015586,0.004154007806000001,[0.       0.       0.       0.       0.59999  0.       0.       0.       0.       0.       0.200045 0.       0.       0.       0.       0.       0.       0.       0.       0.       0.       0.       0.       0.199965 0.       0.       0.       0.       0.       0.       0.      ],[0. 0. 0. 0. 1. 0. 0. 0. 0. 0. 1. 0. 0. 0. 0. 0. 0. 0. 0. 0. 0. 0. 0. 1. 0. 0. 0. 0. 0. 0. 0.],3.0,1000,100,0.01,0.003,1,2,idID,,first,single_objective
998,0.0927601956046874,0.39886884110015586,0.004154007806000001,[0.       0.       0.       0.       0.59999  0.       0.       0.       0.       0.       0.200045 0.       0.       0.       0.       0.       0.       0.       0.       0.       0.       0.       0.       0.199965 0.       0.       0.       0.       0.       0.       0.      ],[0. 0. 0. 0. 1. 0. 0. 0. 0. 0. 1. 0. 0. 0. 0. 0. 0. 0. 0. 0. 0. 0. 0. 1. 0. 0. 0. 0. 0. 0. 0.],3.0,1000,100,0.01,0.003,1,2,idID,,first,single_objective
999,0.0927601956046874,0.39886884110015586,0.004154007806000001,[0.       0.       0.       0.       0.59999  0.       0.       0.       0.       0.       0.200045 0.       0.       0.       0.       0.       0.       0.       0.       0.       0.       0.       0.       0.199965 0.       0.       0.       0.       0.       0.       0.      ],[0. 0. 0. 0. 1. 0. 0. 0. 0. 0. 1. 0. 0. 0. 0. 0. 0. 0. 0. 0. 0. 0. 0. 1. 0. 0. 0. 0. 0. 0. 0.],3.0,1000,100,0.01,0.003,1,2,idID,,first,single_objective
